979.000000 4.000000 42.000000 41.000000
979.338119 4.450287 41.733441 44.585324
979.677245 6.008133 41.688942 44.401794
979.951268 6.077973 41.736069 44.535098
980.483758 7.101529 42.024306 43.556684
979.877849 8.101139 42.809489 43.872415
980.591399 8.245574 41.831395 43.889685
980.077682 8.594184 41.709330 43.763157
980.247106 9.534938 42.183553 43.749987
980.166109 10.350971 42.465288 42.795238
979.617610 11.546237 42.741951 43.856233
979.718315 10.355073 42.517560 44.845889
979.502190 11.252387 42.689094 45.198919
980.173199 11.663400 41.951297 45.164123
979.852365 12.814109 42.494727 44.979018
979.363477 14.226510 41.848506 44.081405
979.172076 13.746838 41.962960 44.964780
979.734896 14.276383 41.399241 44.970484
979.256578 15.030218 41.406763 45.199793
979.180405 16.230151 41.304159 44.411263
978.767221 17.285130 41.406721 43.428315
978.804967 17.599458 41.586448 44.035771
978.535343 18.085463 41.838213 43.740396
978.368620 19.005516 41.809653 43.737926
978.156547 19.450177 41.769964 44.295070
978.380566 19.710505 41.877372 44.858334
977.839623 21.235643 42.731250 43.448700
978.256577 21.301617 42.445136 44.280781
977.785210 22.230799 42.921836 43.609249
977.997364 22.549127 41.800388 44.301301
977.284646 22.946423 41.871999 43.977169
977.210232 23.760894 42.645965 44.077190
976.897118 24.437945 42.532373 44.009521
977.049501 25.123490 41.953058 44.035363
976.944740 25.739602 42.039436 44.258061
976.434791 26.011549 42.691002 44.252418
976.292936 26.478003 42.476387 45.176947
976.191493 27.108119 41.807654 45.537886
975.950878 28.003288 41.998057 45.291992
975.839775 28.895257 41.478956 45.107247
976.324181 29.471855 41.868241 44.753977
975.605456 30.980679 42.105397 44.945109
975.582723 31.333921 42.040617 45.345679
975.236974 31.975350 41.853822 45.092438
975.011019 32.645226 42.515940 45.047443
974.756001 32.690468 42.127167 45.825159
974.163454 33.679746 42.781957 46.209575
974.438604 34.568773 42.639077 46.057972
973.792308 34.476045 43.217585 47.141642
973.615591 36.380705 43.221032 45.733598
972.808528 37.337050 43.620232 46.004783
972.994683 37.486030 43.964621 46.957611
972.486540 38.670792 44.656306 46.452398
972.327689 39.417549 45.064532 46.536734
972.285920 39.831675 44.684169 46.635252
971.668530 40.342647 44.865601 47.498543
971.767888 40.957269 44.921419 48.013509
971.808846 41.904117 44.165705 47.701370
970.955624 42.243166 45.939826 48.114105
970.838285 44.680304 44.970622 46.371107
970.706491 44.795868 45.464192 47.899642
970.582523 45.759838 45.459489 46.795156
970.571545 46.121521 45.156950 47.704220
970.487330 46.853944 45.465782 47.768659
970.340256 47.465202 45.352216 48.322980
970.809774 48.546142 45.676701 48.531661
970.265269 49.518837 45.602244 48.516389
969.822757 50.184425 45.627112 48.596890
970.168252 51.121532 45.265541 48.230321
969.975636 51.527394 46.376370 48.772060
969.946372 53.015528 45.488187 47.700619
969.688672 53.272145 46.159157 48.053079
969.529060 53.793293 45.995743 48.863765
969.323511 54.407172 47.171523 49.118392
969.051429 55.786663 47.307119 48.713393
969.261856 55.935781 47.769625 49.689487
969.310680 56.960194 46.702475 49.607925
969.204029 57.694359 45.790339 49.554110
968.809773 58.670315 46.829186 49.661882
968.521446 60.093493 46.545791 49.316418
968.503506 60.904191 46.078740 48.492323
968.213465 61.546741 46.616520 49.291401
968.080795 62.397979 46.754480 49.034697
968.080795 62.762013 46.681606 49.401622
968.265314 63.728370 46.158996 49.764148
967.925672 64.069121 46.570802 50.320108
967.651631 65.322112 46.536392 49.495817
967.629035 66.035438 46.671193 49.941500
967.366107 66.844038 46.436277 50.437545
967.178539 67.274477 46.726988 50.886132
967.001233 68.701000 46.971860 49.516408
967.018878 69.192210 46.189760 50.726951
966.962605 69.705606 47.089928 50.551507
967.032091 70.866469 46.501230 50.484655
966.649882 70.933988 47.280112 51.104477
967.202192 72.633268 46.414763 50.372255
966.618335 73.148956 47.189533 50.278762
967.015861 74.252571 46.682114 50.349982
966.491645 74.084733 47.511820 51.042599
966.319733 74.272247 47.124565 51.924325
966.676462 75.807171 46.959560 51.666229
965.985252 76.765863 48.231769 52.075245
966.082038 76.805797 48.140228 52.493908
966.589389 74.730160 48.012589 55.797763
966.183056 78.673523 48.114816 52.470160
965.681810 79.960783 48.665343 51.872788
966.093913 82.031826 48.456973 51.274599
966.270338 83.424663 48.029209 50.491215
966.068950 83.289930 48.096049 51.385573
965.731385 84.387546 48.274272 51.395253
966.361655 86.080553 47.794778 50.198623
966.051872 86.700289 47.530054 50.551588
966.368319 87.176711 47.099782 50.984753
966.307636 88.130989 47.360363 51.360654
965.654508 89.405880 47.520145 50.580891
966.001207 89.802076 46.922745 51.689567
966.041467 91.304197 47.070745 50.647804
965.658384 91.316168 47.118556 51.635889
965.474865 92.431258 47.564884 51.515244
965.416362 92.352221 47.869622 52.582838
965.093935 94.064114 46.955836 51.877721
965.194637 95.048780 48.049243 52.189864
964.904808 95.805287 48.290303 52.427769
964.936450 97.269911 48.359964 51.635790
964.850946 97.962066 48.249301 51.222795
964.763385 98.951758 48.042222 51.651805
964.922601 99.900157 48.133250 51.349102
964.795326 100.874333 48.310784 51.410116
964.827227 102.096026 48.354401 51.758756
964.553284 102.361281 47.990022 51.833145
963.980906 103.274663 49.177834 52.543303
964.397461 105.124801 48.299352 52.161861
964.261039 105.596970 48.481583 52.599496
963.572729 106.647487 48.712189 52.591360
963.570047 107.529597 48.534012 52.460801
963.942767 108.904452 47.948446 52.522032
963.391473 108.618914 49.518652 53.504515
963.115139 110.472009 49.383818 52.897649
963.811566 111.279892 48.503261 53.567261
963.360435 113.062660 49.158847 52.889705
963.238895 114.036384 49.047278 52.842330
963.175119 114.586995 49.474340 53.476292
962.645471 115.575072 49.726396 53.275550
962.840844 116.468190 49.297994 53.976526
962.678164 117.575074 49.693704 53.533650
962.348855 118.468188 49.609705 54.014147
962.319119 119.753341 49.751213 54.075504
962.504166 120.512732 49.226661 54.164051
962.286686 121.946898 49.523023 54.068308
961.893415 123.083655 49.631656 53.920624
962.058199 124.217041 49.621865 54.982992
961.685407 125.672261 50.023496 53.126905
962.066388 126.548380 49.723273 54.351663
962.404244 128.045444 49.603251 54.051786
961.593446 128.707778 50.529226 53.997100
961.752012 129.454966 49.620507 54.742653
961.894909 130.618047 50.112587 54.617512
961.315255 132.103354 50.523824 53.943133
961.041942 133.662161 50.666961 53.840572
961.406393 134.236508 50.570731 55.227875
960.891361 136.233691 50.882042 54.232482
960.727041 136.883255 51.125420 55.101445
960.310198 137.988032 51.330893 55.499871
960.304963 139.801585 51.060447 55.156304
960.169224 140.298600 51.089872 55.344794
959.929568 141.827981 50.880961 55.139564
959.450258 143.124538 52.032636 54.899150
959.752744 144.774687 51.526415 54.362572
959.517067 145.694066 51.602409 54.964161
959.506920 146.308575 50.382363 55.542292
959.555031 147.991772 50.430964 54.976876
959.511586 149.506957 50.828280 55.295634
959.237176 150.326403 50.757401 55.054314
958.789910 151.257107 51.383098 56.065350
958.820376 152.774835 51.512685 55.542276
958.718830 154.178377 51.803512 55.978858
958.859905 155.938228 51.187011 56.018268
958.479973 156.189276 52.069478 56.504053
958.751385 157.465552 51.597844 57.040388
957.960892 159.200194 52.469909 56.308799
957.859132 161.323471 52.361783 55.464319
957.996395 161.724546 52.283353 56.870361
957.619260 163.353523 53.063755 56.950931
957.505579 164.751438 52.779399 57.028527
957.198594 165.650398 53.207623 57.365189
957.449423 167.297995 52.974822 56.874081
956.949446 168.471884 53.484375 56.983492
957.132833 169.367803 52.442266 57.281346
956.862710 170.361768 53.277851 57.944242
956.873206 172.198962 53.402434 57.609019
956.481218 173.690186 53.100679 57.346878
956.686339 174.339289 53.574007 58.449329
956.269749 175.407645 53.371283 58.631003
956.303690 177.210526 53.319088 58.284247
956.033325 178.090096 53.101669 58.068367
956.067827 179.803528 53.243130 57.804855
955.113914 180.108782 54.021211 59.193505
955.087596 182.168071 53.542134 57.976605
954.783279 183.118866 53.906937 58.448303
955.042043 184.331686 53.493574 58.675118
954.634444 185.696146 54.131759 58.548882
954.532167 187.014763 54.284532 58.209172
954.648754 188.130279 53.858937 58.751392
954.338830 188.835509 54.274024 59.185785
954.168047 190.776218 54.695789 58.716702
954.875014 191.562403 53.773513 59.930517
954.518996 193.055287 53.904804 59.401016
954.082404 194.238782 54.781432 60.296697
954.004546 194.969722 54.905446 61.137737
954.200035 196.408803 54.338514 60.503583
953.686481 197.925171 55.696302 60.654921
954.084845 198.086209 54.489050 61.673986
953.882495 199.814048 55.012092 60.903415
953.298998 200.683589 55.667489 61.611725
953.319449 201.733848 55.067290 60.774775
953.182521 203.419981 55.931978 61.017434
952.640242 204.819306 55.988424 60.965800
952.352240 206.279861 56.364294 61.245197
952.053250 207.015157 56.903370 61.973395
952.378884 209.193856 56.443136 60.677673
952.175335 209.916590 56.765169 61.955733
951.813199 211.008128 57.232939 61.777900
951.633022 211.782499 57.715349 62.375552
952.411221 213.679198 56.461153 61.511112
951.755064 214.264579 57.126760 62.839242
951.784197 215.471931 56.646269 62.959407
951.313415 215.941436 57.239415 63.897481
951.320801 218.097017 57.292090 62.931399
951.074319 219.192426 57.603208 63.238912
951.255497 220.191515 57.763269 63.737729
951.260400 221.157209 56.980842 63.915706
951.058388 222.629186 57.580321 63.887894
950.987580 223.935173 57.926986 63.695982
951.017972 224.966950 57.594920 64.195149
950.590541 226.220453 57.798629 63.986346
950.551465 227.409682 57.454027 64.430065
950.551465 229.162019 58.096181 64.042353
950.062293 230.403536 58.356692 64.304918
950.146549 231.819453 57.738678 64.614263
949.902813 233.538187 58.248774 64.258135
950.085745 234.712572 58.219390 65.358503
949.727793 236.795549 58.430448 64.552541
949.376400 237.209220 59.493940 65.905858
949.255642 239.212582 59.256691 65.361373
948.709910 240.431182 60.268170 65.363899
948.942042 242.276463 59.803218 64.788986
948.646789 243.106102 60.095717 65.148352
948.183646 245.088755 59.558140 64.662847
948.118121 245.831032 59.741878 65.283621
948.004900 247.579372 59.546078 64.850891
947.804439 249.170662 58.943168 64.173194
947.009089 250.692602 60.541859 63.751129
947.646469 251.539086 59.252822 64.350324
947.295115 252.908207 59.482323 64.888463
947.055549 254.074855 59.883116 65.040280
947.024240 254.869907 59.875052 66.113332
946.574789 256.750586 60.223113 65.273939
946.276467 258.308373 59.663400 64.665535
946.490821 260.015888 60.562370 64.189340
946.234435 261.042876 60.274752 64.435616
945.802909 262.329911 60.558571 64.556256
945.879045 263.386916 60.299105 64.500553
945.867356 265.246813 59.487528 63.461960
945.542205 266.758012 59.189439 64.313066
945.295108 267.780067 59.600224 64.789804
945.367528 268.946810 58.987360 65.584896
944.488641 270.592920 60.767197 66.313980
944.748101 272.184074 60.899310 65.008718
944.622467 273.365238 61.375559 65.106181
944.830189 274.644972 60.748109 64.602438
944.180627 275.568968 61.277060 65.819091
943.892760 277.571933 60.706602 65.306431
943.526153 278.322284 61.431717 66.057951
942.950649 279.496059 62.154175 65.970755
943.032712 280.643173 61.945442 66.551462
942.610300 281.654491 61.963316 67.316037
942.054100 283.195886 62.017437 67.315816
942.052688 284.704689 61.757886 67.489524
941.955322 285.559172 61.895705 68.094198
941.822670 286.270809 61.484939 68.701753
940.975855 288.147352 62.862499 68.064973
941.261189 289.899432 61.560274 67.867292
941.279139 291.303028 61.531468 67.142670
940.870671 292.754242 61.463294 67.216300
940.671747 293.895309 60.844805 67.569328
940.226376 294.883128 61.387353 67.713132
939.596594 295.895299 61.145534 68.139037
939.632733 298.136163 61.056828 67.343585
939.290753 299.354066 61.605940 67.616470
938.103123 301.103108 61.561745 67.568427
938.343578 301.999670 61.265571 68.147217
937.727347 303.537728 61.444426 67.703899
937.509976 305.029120 60.772549 67.861813
936.610245 306.018126 61.486387 69.152187
936.075278 307.425753 62.341728 68.915051
935.279377 309.072255 62.197048 68.953332
935.424647 310.118902 61.835643 69.270234
934.667997 311.832040 62.431789 68.848567
934.345625 312.526279 62.410720 69.742946
934.188364 313.865051 62.305876 69.992485
933.725717 314.646773 62.167455 70.700688
933.708167 316.238128 62.682316 70.158344
933.238931 318.232401 62.912983 69.800909
932.819295 319.376289 63.404004 70.464796
932.715737 320.740713 64.468654 71.015880
931.994679 321.864206 65.042883 70.560392
932.402466 323.318650 64.388368 70.848668
931.494357 324.384671 64.951708 71.446828
931.522807 326.106049 64.482130 70.438823
930.597117 326.607849 65.917326 71.575359
929.883666 328.816944 65.946069 71.049217
929.870064 329.416719 66.487873 71.663189
929.399879 330.629343 65.355860 72.215000
928.975869 332.575548 65.347153 71.088154
928.350692 333.860206 65.570603 71.732114
928.525434 335.504538 65.526853 71.257720
927.867697 336.329517 66.049832 72.010350
927.839181 338.021984 65.920306 72.175884
927.252172 338.835328 66.332738 72.215274
927.290090 340.504485 65.914215 72.380480
926.736554 341.269861 66.730997 72.877278
926.145692 342.497582 66.991404 72.797459
925.630882 344.256310 66.691674 72.391099
925.356927 344.797080 67.130279 73.266351
924.903865 345.761128 67.338847 74.343636
924.077047 347.394862 68.019322 73.432947
923.697849 348.723582 67.912654 73.616018
923.086497 349.916551 68.834469 73.507506
923.112943 351.365029 68.427464 73.678063
922.644744 352.437630 68.584107 73.168394
921.987647 353.905360 68.498527 73.177348
921.697863 354.585361 68.991830 74.028894
921.472948 355.481737 68.859204 73.939180
921.239809 357.217698 68.920050 73.356120
920.753103 358.328290 69.238507 73.460495
920.258052 359.033331 69.117503 74.060878
920.087827 360.041781 68.963231 74.164678
920.338951 361.296189 69.170895 73.670333
919.548471 361.773961 69.882228 74.218129
919.228834 363.811804 69.608347 74.338487
919.287170 364.370816 68.752009 74.733270
918.631404 365.520633 69.052857 74.532396
918.395688 366.558017 69.275743 74.751103
918.338618 367.454094 68.742326 74.747042
918.033100 368.930525 69.638331 74.533230
918.009669 369.818854 69.086648 73.957601
917.472952 370.444665 69.898479 74.643939
917.590278 371.567776 69.785549 74.955665
917.717524 372.717410 69.768995 74.242235
918.100873 373.193416 68.736311 75.059763
917.666637 374.118704 69.306168 75.030489
917.554166 375.342529 69.496360 74.962777
917.300773 376.078688 69.703587 75.084851
917.554166 376.791587 69.681797 74.646306
917.192191 377.492818 70.283527 75.551625
917.588247 378.501344 70.465262 75.044355
917.288637 379.127629 70.132913 76.080508
916.889032 379.760651 70.930857 75.517144
917.480281 380.387304 69.960178 75.722713
917.588247 381.804699 70.231642 75.298188
917.694799 381.862084 69.998838 76.504512
917.785355 382.645994 70.701824 76.304142
918.202451 383.819404 70.532322 76.185225
918.570315 384.569432 70.537507 76.695663
918.471624 384.772329 71.162927 76.869078
919.148703 385.996254 71.059197 77.116261
919.591328 386.726157 70.616572 76.442218
919.899276 387.210563 70.825070 77.060495
920.074588 388.494452 71.369377 76.618050
920.443125 388.799726 71.116523 77.121147
920.500344 389.415988 71.342917 77.168742
921.146167 390.771452 72.137333 76.265722
921.732634 390.767321 71.750351 77.626924
921.551680 391.747356 72.250755 77.358999
921.883879 392.087843 72.502041 77.563282
922.119971 392.646105 72.169941 77.805680
922.263509 393.494817 73.547369 77.916699
922.014262 393.819592 74.126143 78.043926
922.156048 394.912385 74.220819 77.556819
921.301438 396.043698 81.423512 78.245251
921.591878 397.269065 81.793476 77.391043
921.511382 398.030620 81.915554 76.594850
922.377877 398.583648 83.605790 77.782289
922.580873 399.973084 85.632318 76.720705
923.141213 400.324279 85.185597 77.129332
923.424553 400.196844 87.544054 78.887115
923.688808 401.277018 88.827672 78.668428
923.984958 401.797496 90.740110 79.228979
924.421342 402.464999 91.486494 79.497331
924.927579 403.236048 92.315374 79.963596
925.766760 404.632506 94.268752 79.984141
926.778337 405.140334 95.422866 79.965481
927.250760 406.601635 96.391188 79.193038
927.139012 406.934379 98.702769 80.181439
928.076816 408.325530 99.232230 79.046055
927.438940 408.658532 102.117541 79.329454
928.747401 409.062393 102.755934 79.682919
929.485239 409.445578 103.594439 80.086658
930.461422 410.478148 105.379729 79.623431
930.751921 411.216648 106.919571 79.102136
932.195352 411.404748 107.214284 79.521326
932.352795 412.440130 109.610694 79.889109
933.184832 412.420654 111.496242 79.879333
933.430421 412.962305 114.256862 79.669772
934.591547 413.646614 114.514451 80.143129
935.892866 413.432836 115.589500 80.764859
936.516638 414.136143 117.333777 81.132892
938.245822 414.535805 118.291241 81.199733
939.703192 414.314296 119.657240 82.082912
940.616183 415.086136 121.805838 81.462885
941.675224 414.513361 123.098208 82.267151
942.615777 415.654617 124.387821 81.794591
943.615921 415.949912 125.752072 81.910358
944.604740 415.951720 127.255943 82.662661
945.722187 416.471421 128.561833 82.636695
946.572051 417.132006 130.622684 82.119700
947.909008 417.644018 131.690949 82.262858
948.734268 418.947331 133.043760 81.080704
950.047243 419.107844 134.565252 81.469554
950.934285 419.424670 136.280636 81.381149
952.547098 419.298041 137.040145 82.449618
952.544509 419.642593 140.357049 82.292374
953.922533 420.534145 142.408329 81.508007
955.430420 421.619720 144.461182 81.218353
956.659665 421.619257 144.850245 81.482733
959.731345 421.373271 143.691175 81.858163
961.481965 422.140624 145.391228 82.237801
963.473641 422.976973 145.523584 80.869017
965.203310 423.251315 146.652911 80.980124
966.937468 422.976973 148.028909 80.634978
966.582417 423.801515 152.063771 79.612479
968.453963 423.983549 152.622582 79.202758
969.963563 425.159810 153.762983 78.778206
972.406079 425.410248 152.934937 79.135403
974.457137 425.903467 153.830299 78.868563
974.614997 424.381646 156.270080 80.322922
976.281919 425.286525 158.331387 79.281656
978.507398 425.929354 158.534245 79.413606
980.454598 425.892487 159.490453 79.560437
980.928384 426.851812 161.995965 77.825669
983.222985 426.062617 161.929459 79.061936
984.262397 426.034205 163.739751 78.501399
984.961301 426.315526 165.061627 77.681249
986.293877 426.271726 166.216156 78.480686
989.660574 426.897714 165.550549 77.717985
991.369241 427.461478 166.726725 77.885283
992.911643 428.027505 167.624248 77.211633
994.624102 427.723597 169.011774 78.556593
997.205361 427.291904 168.859301 78.938232
998.542528 427.380120 169.958974 79.099053
1001.131853 427.961677 170.625944 79.260965
1003.877505 428.503526 170.387357 78.527809
1006.106185 428.961682 170.431130 77.341497
1008.746925 428.816119 169.737375 77.613975
1010.339728 428.799660 170.647614 77.567419
1013.616207 429.455806 169.726058 76.503231
1014.985005 429.763242 171.308353 76.446160
1017.671040 429.394272 171.658700 76.613581
1019.847632 429.581714 172.954925 76.283550
1022.509633 429.927510 172.795536 76.186925
1025.023350 430.255449 172.238532 75.906288
1028.234086 430.413685 171.592214 76.077863
1029.897099 431.059596 172.069361 74.392274
1032.005455 430.426925 173.736838 75.114412
1034.634525 431.546226 173.174812 74.335718
1035.727687 430.734929 173.602034 74.865586
1037.368550 431.150762 175.173193 74.452741
1040.372509 431.050613 176.153174 74.025323
1042.206350 431.359838 174.602733 73.289673
1045.304633 430.448930 175.419983 74.269515
1048.528733 430.815081 175.245601 73.718102
1050.382508 430.303832 176.400707 74.386399
1052.771195 429.940949 175.019327 73.917365
1054.067606 429.489068 177.090492 74.360197
1056.890080 429.721485 174.822827 73.878628
1059.166332 429.857823 175.991779 73.478686
1062.808253 429.775482 173.557944 73.118505
1067.476423 430.491224 174.046469 70.999679
1069.001312 429.940513 171.859920 71.616316
1069.948137 430.347188 174.004741 71.112929
1075.028888 429.979390 172.054092 70.520514
1077.781034 430.142670 170.972418 70.299358
1079.997889 429.880910 171.105310 70.055823
1082.398357 429.608065 171.416189 69.757069
1083.924142 429.674225 172.682058 69.610326
1085.607581 429.153788 173.097542 69.148221
1087.374028 429.332378 173.489781 69.272211
1090.780993 428.844795 171.845362 69.372327
1092.133142 429.580925 170.714204 69.346580
1094.459192 429.057172 173.054608 69.684019
1095.931862 429.522639 171.326465 69.820915
1097.883115 428.924992 173.045094 70.326826
1100.013836 427.754250 172.420908 70.429786
1101.165270 427.844785 174.179316 69.806722
1103.106717 427.319569 172.375241 70.475140
1104.745964 427.380800 171.376019 70.439579
1108.702676 426.361106 169.319869 71.234167
1110.573197 426.608062 170.637627 69.843652
1112.614218 425.630850 168.157195 70.735545
1114.422647 425.178822 168.104471 70.543379
1113.450764 424.488606 171.637538 70.623600
1115.535403 424.131202 170.592517 71.252240
1118.124897 423.637637 170.344722 70.819560
1119.940539 422.877795 170.298065 72.015708
1121.014830 422.777048 170.097477 70.070277
1122.961652 422.424125 170.644666 70.129326
1125.808079 421.630842 167.815017 70.847594
1127.931423 420.823830 167.673089 71.047489
1129.138554 420.794777 166.087170 72.033223
1132.821975 419.504719 165.179961 72.983366
1133.716236 419.287278 165.443232 73.015115
1136.493243 418.473169 164.048023 73.669920
1138.493217 417.902306 163.285567 72.931410
1141.003481 417.485196 162.981833 72.110638
1140.797586 416.309543 165.045177 73.010284
1141.657875 416.825317 165.673208 72.399973
1144.078827 413.567195 163.449988 74.403032
1145.524319 414.113768 163.634244 73.471759
1146.451046 412.566055 163.105896 75.496399
1147.930177 411.738755 162.647193 76.061939
1149.891431 411.608115 161.346370 75.646122
1152.036337 410.601357 159.512577 77.284995
1153.182471 407.524422 158.867215 78.725319
1154.655329 408.374996 157.796574 78.493814
1156.284450 409.317071 155.972349 76.529998
1158.242345 408.636412 155.537862 77.146840
1159.315799 409.909867 154.677443 74.965911
1159.789818 406.620722 154.447649 78.758896
1163.506587 407.852581 151.012134 76.421445
1164.190689 406.328205 151.107610 78.130460
1166.269688 404.883750 148.438216 79.097442
1167.503058 404.928522 148.263893 78.848041
1169.063668 403.997352 146.299638 79.377130
1169.397556 403.429014 147.221641 78.637805
1170.682690 403.690288 144.740762 78.107621
1169.659959 403.150180 147.946883 77.763172
1171.981901 403.553038 145.637295 76.255257
1172.487622 402.512943 145.617665 77.950168
1174.080487 403.482813 142.704379 75.437061
1175.242545 403.348396 142.218186 75.642493
1174.575305 402.674559 142.482533 76.138842
1176.768564 403.549607 140.080794 74.673150
1177.862612 403.380862 137.960925 74.476833
1179.197014 402.330404 137.345240 75.115453
1180.335100 401.100587 135.777437 76.745934
1181.012579 401.376127 134.880222 74.810760
1181.743532 401.449261 133.977859 74.594488
1183.227296 401.494039 132.214281 74.025383
1183.783390 400.272073 131.641699 74.892258
1184.751728 399.977361 129.660672 74.793031
1184.644325 398.822772 130.338032 74.459126
1186.816234 400.607916 128.826183 72.570142
1188.138992 397.781085 126.270031 74.739691
1188.752267 398.896007 125.734419 73.586276
1190.422431 397.939608 123.107311 73.138446
1192.910294 398.422957 121.593058 71.842632
1193.345723 398.069248 120.938585 71.820774
1194.058342 397.414809 118.573450 72.054961
1194.785387 396.646160 118.884848 72.162617
1194.452855 396.505566 117.413325 71.982067
1195.872658 396.700433 116.066781 69.837865
1196.946196 396.097752 114.335623 70.251663
1197.957178 395.691987 112.513274 71.011766
1198.420994 395.523840 111.021210 70.812170
1199.183900 395.272396 110.030815 70.252472
1199.872991 394.907772 108.498264 69.292715
1200.440389 394.506501 107.524015 69.012382
1200.844049 393.807325 106.634577 70.133837
1201.712153 394.487120 106.059028 68.379242
1202.347455 393.354229 103.599014 69.284688
1202.893763 393.001299 102.668856 69.267639
1203.189190 392.153809 101.866437 69.666324
1204.704494 391.190857 100.420682 69.375556
1206.944454 392.101727 98.039137 67.741367
1207.625613 391.059244 96.654066 67.864091
1208.942454 390.499398 94.528019 68.664124
1209.640596 390.010125 93.834628 68.850956
1209.961959 389.021088 93.006574 69.235670
1211.016358 389.565214 91.418463 67.543719
1211.011094 387.982637 90.332282 68.910308
1211.323585 388.113203 90.141328 67.703013
1212.004036 387.155143 88.164158 68.219410
1211.968700 386.672871 88.291398 68.131638
1212.963315 386.301109 86.408497 68.074154
1212.615619 385.853509 85.744219 68.081825
1212.724888 386.256069 84.658455 66.607037
1212.370969 386.073652 84.113028 66.586717
1213.219048 386.116718 83.360058 65.586894
1213.665521 385.427877 82.496259 66.362238
1214.318997 384.956185 81.676509 65.600152
1214.954185 384.230362 80.711284 65.479997
1215.740782 383.166169 79.313763 66.393070
1216.413541 383.314636 77.904076 65.177354
1216.163939 382.751067 77.924670 65.837359
1217.463634 382.569220 76.573264 65.802866
1217.539274 382.297152 74.813067 65.896751
1217.720908 381.844275 74.092900 65.539818
1217.947865 381.505102 73.801078 64.889032
1218.360945 380.177498 73.223443 65.679582
1218.471974 379.576486 72.674339 65.961691
1218.766988 379.437857 71.804750 65.442773
1218.164656 378.108742 72.213796 65.856050
1218.798928 377.795675 71.192086 64.993798
1219.098960 376.439886 70.286472 66.147918
1218.469228 375.799185 69.943357 66.127433
1218.003812 374.754527 70.681678 66.376489
1217.503778 374.524109 70.864653 65.708622
1217.252033 374.657928 71.184200 64.955767
1216.882509 373.888305 71.688594 65.564643
1216.455589 373.306246 71.523854 65.076443
1216.086642 372.354332 71.552605 65.681854
1215.991084 371.376448 72.087672 65.487033
1215.624483 370.350402 72.022752 66.485329
1214.877239 369.545303 72.505333 66.345596
1215.388734 369.088447 71.278010 65.894987
1213.921290 368.420817 72.964936 66.224841
1213.393538 367.555816 72.997169 66.222240
1212.610160 367.350938 73.602036 65.086784
1211.412732 365.270021 75.099742 66.384559
1212.284733 364.433569 73.297912 65.561326
1211.427128 363.466032 74.010551 65.499124
1211.691218 362.775778 73.304795 65.242385
1209.286253 361.795670 75.200208 64.690783
1208.585092 361.200873 75.709971 64.652748
1208.597692 359.848939 76.041659 64.903982
1207.982388 358.831482 75.910021 65.313000
1206.450687 358.702003 76.973336 64.138487
1206.346277 357.530151 76.634259 64.784015
1204.819890 356.652835 78.262832 64.327672
1204.369382 356.537875 78.344235 64.032862
1203.337265 355.122947 78.897140 64.668519
1202.694458 353.622529 79.080677 64.557370
1201.012344 352.709565 79.762801 64.673354
1200.534993 352.381446 80.252469 64.048997
1199.974371 351.526366 80.229425 63.689277
1199.414510 350.137528 80.419773 64.313036
1198.935735 349.423696 79.743353 64.040798
1196.954739 348.137531 82.041228 64.044629
1196.859091 346.675766 81.057525 64.123976
1195.429835 345.895908 82.048725 64.245441
1193.974660 344.499481 82.454448 63.903664
1194.260843 343.415567 81.513266 63.584632
1192.120824 341.862781 83.760840 64.397165
1191.380132 340.568355 83.504948 64.725560
1190.672577 339.219718 83.157388 64.191872
1189.039237 338.276024 83.516719 63.864990
1188.915222 336.921427 82.915154 63.755962
1187.162486 336.774704 84.334642 63.985876
1187.148209 335.043687 83.209712 63.501857
1186.371233 333.888650 83.074033 63.514497
1184.953080 332.759559 83.601478 63.343445
1183.934997 332.123462 83.643910 63.695697
1183.207004 331.049502 83.348969 63.057926
1182.120679 329.629299 83.488645 62.838204
1181.287839 328.898813 83.212040 62.404061
1178.941756 327.787142 84.500345 63.044823
1178.499536 326.680427 84.449871 62.194277
1177.742962 325.857519 83.811543 62.679624
1176.278496 324.691638 84.166725 62.278580
1176.306329 322.888653 83.215277 62.652668
1175.329157 321.028495 82.517309 63.769817
1173.766491 320.314381 82.824349 62.722182
1172.245925 318.985677 83.360386 63.343734
1171.329524 318.356586 83.225007 61.338866
1170.040341 315.912277 83.179026 63.608260
1168.390755 315.017097 83.528181 63.019465
1167.329539 314.218465 83.279762 62.983087
1166.078803 312.967612 83.695325 63.469928
1164.702417 311.830013 83.908231 63.344703
1163.809845 309.841786 83.547784 63.300011
1162.558713 309.454700 83.578891 62.284064
1161.264188 308.631071 83.706958 62.235401
1159.995464 306.714295 84.387096 62.952260
1157.981089 305.680428 85.015000 62.727861
1156.844114 303.446444 85.181385 62.933588
1153.905313 302.525667 86.397592 62.924872
1153.671175 300.989800 85.960507 62.754055
1153.706702 299.835719 84.399614 62.307660
1152.869109 298.398710 83.904990 62.538383
1152.496133 297.272132 83.168020 62.170774
1152.115019 295.768970 81.785184 62.297127
1151.432053 294.576970 81.398905 62.039888
1150.688821 293.177033 80.877638 61.676815
1150.176670 291.156553 79.851028 62.442451
1149.337036 290.526784 79.428742 61.738478
1147.700292 288.616224 79.950264 61.892503
1146.054825 287.109313 80.441376 62.025583
1146.369380 286.285836 78.975303 60.419721
1146.111643 284.542800 78.303832 61.127786
1145.150892 282.928262 77.955245 61.733636
1144.190113 281.886469 78.277253 60.814733
1142.728935 280.249878 77.733981 60.911989
1142.172032 278.496125 77.551674 62.547949
1140.153327 277.522401 78.537466 61.421760
1139.783492 275.976296 77.245370 61.232143
1138.591084 274.949206 78.120559 62.376784
1138.142709 273.547133 77.249471 61.127066
1138.132500 272.609311 75.846460 60.456727
1137.325787 271.400889 75.817944 59.956194
1136.815361 269.513376 75.539258 60.311806
1135.862479 267.782204 75.055917 60.222997
1134.622237 266.664771 75.284766 60.618131
1134.407077 265.270203 74.799125 60.012934
1132.307089 264.081054 75.493917 59.148660
1131.735291 262.231400 75.344627 60.140125
1131.276979 261.094484 74.706474 58.702522
1129.987646 259.117421 75.253406 60.200900
1130.121837 257.498448 73.769023 59.474346
1128.708383 256.446523 74.471251 59.834923
1128.474908 254.915594 73.730520 59.600829
1127.050504 253.533014 74.786440 59.952889
1127.615588 252.051697 72.883879 58.860576
1126.205713 250.383812 73.578114 58.671447
1125.292195 248.868174 73.328904 59.352754
1125.723691 247.677230 72.428412 58.585994
1124.766093 245.582966 72.671456 59.141817
1123.906765 244.917902 72.351688 58.787650
1123.345147 243.537635 72.055651 58.732248
1123.345424 242.033792 71.326695 58.842571
1122.658983 240.407994 70.635616 58.650710
1122.328462 238.993611 70.600770 58.822374
1121.792923 237.607093 69.832719 58.039475
1120.032140 236.419766 70.837566 57.571881
1120.476881 235.119859 69.031694 58.014395
1117.699297 233.604115 71.216474 57.387004
1119.475955 232.653984 68.825884 57.264415
1117.987452 231.291159 69.030869 58.047443
1117.654299 230.274868 68.268708 56.482774
1116.839068 228.748983 68.060515 57.333996
1116.906999 227.623950 67.478868 56.251050
1115.824742 226.495434 66.835276 55.547832
1115.551732 224.565452 66.702658 55.218547
1114.410899 223.093055 66.061267 55.749340
1113.920457 221.926720 65.864399 55.140960
1112.794388 220.908263 66.422164 54.289060
1113.029697 219.285653 64.435746 55.514805
1111.738696 217.916074 64.763633 54.870717
1111.334867 216.163076 64.164243 55.347404
1110.204043 214.860926 64.634661 55.243312
1109.237511 213.601119 64.514228 54.457160
1107.852962 212.022483 65.353124 54.406329
1108.479743 211.526682 63.481692 53.311165
1107.121889 210.525096 63.589733 53.057690
1106.960050 209.409249 62.833954 52.210695
1105.527300 207.617239 63.699780 53.740372
1105.358645 206.469757 62.865521 52.351095
1105.028339 204.686455 61.870860 52.874448
1103.811558 203.201324 62.741511 52.726277
1103.486822 201.538165 62.331950 52.902408
1102.235564 199.656034 62.460773 53.610495
1103.592128 198.033860 60.611408 53.358640
1102.175978 196.754284 60.861454 53.204916
1100.419752 195.435317 62.297144 52.623831
1100.715456 193.831320 60.819767 53.786163
1100.255990 192.266563 60.370798 53.045432
1099.013700 191.028888 61.199558 52.517070
1099.196690 190.257753 60.078513 52.057547
1099.120764 188.465695 59.323350 52.209419
1098.184578 187.176346 59.217354 52.218918
1095.646133 186.001144 60.989288 51.300339
1093.741033 183.650931 63.517824 51.632538
1093.299499 183.040819 62.763172 50.664159
1093.312132 181.872616 62.509002 50.423595
1093.973480 180.436475 61.503077 50.894170
1093.057209 179.184128 61.525145 50.503621
1094.055497 177.746730 60.314128 50.699213
1092.887849 175.971497 60.529775 51.229500
1093.328362 174.089492 59.427681 51.168010
1093.622980 172.739648 58.788369 51.451353
1092.845152 171.753840 59.019880 50.750198
1091.906828 170.479957 59.521089 50.700908
1092.695988 169.061852 57.809393 50.946646
1092.432120 167.285571 57.391048 51.104328
1093.245313 165.302140 56.213528 51.685274
1091.190995 164.126382 57.708062 51.220263
1090.654339 162.716479 58.460604 50.974331
1090.355406 162.114479 58.059104 50.823990
1089.782440 160.855226 57.739924 51.245492
1089.019770 159.521443 57.690150 50.435247
1088.522875 158.589654 57.649015 50.097884
1087.758086 157.235575 58.606768 49.477220
1088.318241 156.214661 57.246215 48.897707
1087.610756 154.260589 57.513634 49.767475
1087.090941 152.638180 57.854805 50.190509
1087.093975 151.290259 56.837595 49.304286
1086.625474 149.664672 56.755231 48.937082
1085.535879 148.420854 57.102788 48.786547
1085.145818 147.438111 56.753062 48.348790
1085.324042 145.881891 56.055030 49.167283
1083.853451 144.480041 56.753418 49.058556
1083.625495 143.580553 55.912085 48.867266
1083.634921 142.343816 55.781615 47.779109
1083.703389 140.403043 54.361782 49.236472
1082.263533 139.083659 56.145583 49.070745
1082.578546 137.694876 55.577328 48.579151
1081.711484 136.210406 55.818348 48.368780
1081.252739 135.309106 56.235278 47.691358
1080.510386 134.071890 56.273583 47.389776
1079.630304 132.614537 56.705509 47.806953
1079.589115 131.688570 55.862100 48.508098
1079.309318 130.714953 56.028742 48.722610
1078.609276 129.210406 56.288803 49.016201
1078.804396 127.775480 55.286102 49.491732
1078.324047 125.910563 54.746634 49.956776
1077.617599 125.049731 55.505316 48.674538
1077.082510 123.189650 54.982622 49.879242
1076.663069 122.237128 55.198435 48.899801
1077.010413 121.282825 54.339537 48.970353
1075.034289 120.349987 55.794408 48.419530
1075.323044 119.518751 55.201847 48.097262
1074.576833 118.498082 55.395625 47.985552
1074.807757 117.757810 54.418468 47.113145
1075.117957 116.360420 53.201347 47.436961
1074.583034 115.038313 53.160849 47.245914
1074.735408 114.192869 52.061199 47.498207
1074.036560 113.003284 52.556916 46.946920
1073.253150 111.514765 52.550057 47.543362
1073.154776 110.610481 52.145569 46.667809
1072.562940 109.532611 51.680977 46.912013
1072.402739 108.329641 51.549253 46.123597
1072.168110 107.457036 51.316299 46.143739
1072.344502 105.264917 50.253331 47.863934
1072.032026 105.181341 50.408066 46.942277
1072.020763 103.775093 50.317945 47.561825
1071.295487 102.776653 51.388345 47.614174
1071.008456 101.883591 51.609552 46.541411
1070.154334 100.827479 52.388149 46.888169
1070.241618 99.832657 51.802017 46.256611
1069.797669 98.431257 51.527512 46.984233
1069.485070 97.456614 51.800784 46.842868
1069.246222 95.610660 51.246887 46.760236
1069.367639 94.256730 50.884273 46.985153
1068.954203 92.903581 50.652524 47.308671
1068.850154 92.281826 50.689770 46.405025
1069.520856 92.240862 49.864090 46.427834
1070.028702 91.195956 49.498664 47.108380
1069.945378 90.374236 49.647617 46.133153
1070.028702 88.804535 49.532136 47.332544
1069.597308 87.714316 49.589583 46.730548
1069.935844 86.376680 49.135936 47.106756
1069.751818 85.374235 48.604892 46.715653
1069.203648 84.595640 48.782496 46.593752
1068.958177 83.757499 48.981338 46.667563
1068.827512 82.725227 48.466072 46.581797
1069.058185 81.757499 47.926555 46.573093
1068.686228 81.168942 48.113241 45.999137
1068.215192 80.348570 49.024023 44.902612
1067.991560 79.106781 48.789049 46.126008
1068.108134 78.383757 48.798867 45.610957
1068.462101 76.946107 47.965190 45.757445
1068.682920 76.104063 47.055941 46.202951
1067.966670 75.104063 48.379720 44.693412
1067.953827 73.667757 48.157347 46.254121
1067.586737 73.295166 47.868073 44.746159
1067.716454 71.976853 47.584038 45.382869
1068.103968 71.107428 47.101636 45.026977
1067.922647 70.265218 47.091981 44.887882
1067.946755 69.752965 46.880870 44.445793
1068.177509 68.612489 46.582877 44.271926
1068.344141 67.145133 46.571745 45.111948
1068.709902 66.525153 46.367459 44.233236
1068.327176 65.479319 46.319360 44.258534
1068.391604 64.695085 46.368781 43.898827
1068.924521 63.953552 45.766352 43.721067
1068.658607 63.099951 46.281493 44.274292
1069.182591 62.283061 45.705764 43.408459
1068.965838 61.606016 46.004855 43.055594
1068.918753 60.767625 46.021347 43.668056
1069.479749 59.527777 45.368868 43.530230
1069.288333 58.756348 45.544138 44.082868
1069.572373 58.826170 44.647915 42.604408
1069.431661 57.877095 44.998653 42.579208
1069.889379 57.141293 44.630805 42.573442
1069.598746 55.616602 44.792737 43.680740
1069.615124 54.381832 45.160972 44.087299
1069.502929 53.464370 45.284944 43.986756
1069.340342 52.725124 46.379101 43.853734
1069.219353 52.059052 46.134213 44.075117
1069.503114 51.717566 45.340609 43.126988
1069.476805 50.384234 45.791359 43.892468
1069.385156 49.838576 45.968410 43.688668
1068.981157 48.695175 45.656600 43.270771
1069.449005 48.421624 45.670303 42.944080
1069.291512 47.178041 45.606455 43.681529
1069.153592 46.054202 46.001661 43.945990
1068.933324 45.154041 45.880833 43.979608
1068.847986 44.609130 45.520016 43.644122
1068.640576 43.613882 45.490566 43.673695
1068.476605 43.100315 46.328552 44.111576
1068.590728 42.254743 45.669333 43.581646
1067.980108 41.454489 45.941430 43.486175
1067.777132 41.091754 46.409081 43.396801
1067.563585 40.461406 46.315525 43.187846
1067.420518 40.012903 46.186326 43.141052
1067.241084 39.271298 46.626547 43.226755
1067.076664 38.416380 46.337831 43.068691
1066.658605 38.042097 46.373406 42.431259
1066.421621 37.043062 46.476353 43.017514
1066.300807 36.501896 46.547808 42.993140
1066.300807 35.531372 46.245990 43.164929
1066.241029 34.714599 46.010914 42.413292
1066.476815 33.936074 45.390618 42.380143
1066.200546 33.613695 45.259732 42.203541
1066.154131 33.143348 45.486607 42.759952
1065.870987 32.177126 45.454931 42.991380
1065.988305 31.372840 45.248856 43.237417
1065.847476 31.063354 45.537856 42.489025
1065.780254 30.108601 45.157660 42.780511
1065.710624 29.336811 45.528333 43.172311
1065.827063 28.437169 44.946222 43.192330
1065.219348 28.029261 45.540216 42.983159
1065.499911 27.304432 45.306584 43.232506
1065.337935 26.651414 45.590613 43.205051
1065.245049 25.826007 45.021652 43.395880
1065.128580 25.421706 45.079083 42.883011
1064.664152 24.141318 45.788388 43.184569
1064.757305 23.924612 45.830933 43.262873
1064.617276 23.388581 45.423820 42.795849
1064.872898 22.769756 45.335762 42.179301
1064.331891 22.282416 45.655473 42.287460
1064.594305 22.070946 45.827586 42.226299
1064.485995 22.065788 45.849844 41.399507
1064.459169 21.016635 45.433117 41.544371
1064.225346 20.217353 45.050235 41.567309
1064.376024 19.783127 45.049860 41.409303
1064.526691 20.121200 44.648731 40.115622
1064.069762 19.701987 45.093240 40.516309
1064.008835 19.578972 45.087804 40.082228
1064.167492 18.753537 44.745589 40.577014
1063.940207 17.553527 44.883041 41.171491
1064.202916 16.757005 44.790955 41.336619
1064.043493 15.722750 44.681582 41.954673
1063.830072 15.541266 44.736595 41.679199
1063.892489 15.330197 44.610772 40.783652
1063.899508 14.476622 44.705082 40.804897
1063.627882 13.768689 44.855957 40.764374
1063.650601 13.674480 44.893520 40.444373
1063.216385 13.005959 45.267454 40.553828
1063.559639 12.771495 44.894123 39.993117
1063.594783 12.503767 44.687210 40.215199
1063.843083 12.198847 44.528624 40.396620
1063.665496 11.318159 44.598603 40.485537
1063.491261 10.845067 45.083065 40.462462
1063.876953 10.567599 44.427177 40.498059
1063.619496 10.313342 44.819376 40.440404
1063.741328 9.896578 44.208434 39.694509
1063.361449 9.694879 45.076457 39.618249
1063.549446 9.425190 44.643240 39.165938
1063.566075 8.354695 44.901242 39.897587
1063.798076 7.125823 44.543684 41.241910
1063.944575 6.784203 44.300035 40.361692
1063.662679 6.400378 44.411599 40.495760
1064.039632 5.668326 44.175916 40.753672
1063.940207 4.669964 44.440225 41.223753
1063.944575 3.765413 44.300035 41.516617
1063.491261 2.081898 45.418510 42.892880
1063.314746 1.909658 45.370478 42.958450
1063.314746 1.531497 45.189981 42.722255
1063.011415 1.662881 45.318858 42.066778
1063.107612 1.312792 45.623947 42.096800
1062.592298 0.887440 46.383657 42.278852
1062.847486 1.751070 46.019957 41.170248
1062.874299 0.734674 46.040273 41.681932
1062.874299 1.361207 45.887641 41.390806
1062.850884 0.705587 46.094356 41.333639
1062.521443 1.214391 46.301401 41.453024
1062.664205 0.792724 46.128762 41.835595
1062.780334 1.143599 45.950310 41.024906
1062.412476 1.133203 46.396900 40.950414
1061.942673 1.051629 46.463991 40.691114
1062.178349 1.024346 46.075584 40.381276
1062.113928 1.068966 45.784153 40.165138
1062.422804 0.851854 45.641394 39.782055
1062.078196 0.871005 46.110374 39.919210
1062.745456 0.816882 44.773160 39.624043
1062.344698 0.889610 45.390113 38.991816
1062.299031 0.641252 45.283673 39.630940
1062.023761 0.294128 45.772218 39.498983
1061.985723 0.320763 45.528300 39.906494
1062.216446 0.400413 45.177389 39.619325
1062.253300 0.238459 45.178465 40.066563
1061.916215 0.267452 45.269112 40.210740
1061.683512 0.240730 45.383688 40.617745
1061.351852 0.269975 45.853716 39.815803
1061.124309 0.267452 46.095441 40.147800
1060.881597 0.243001 46.388119 40.787084
1060.967848 0.190694 46.100602 40.374158
1060.671186 0.215991 45.982978 40.181291
1060.514455 0.296903 46.656890 39.892346
1060.904900 0.243001 45.035630 39.493652
1060.685329 0.317737 45.481760 39.468203
1060.596484 0.185397 45.316608 39.273009
1060.640108 0.158800 45.094734 38.875203
1060.590161 0.183631 45.179779 39.121628
1060.435883 0.105478 45.483051 39.291918
1060.344729 0.158800 45.329120 38.397756
1060.225699 0.333539 45.151290 38.708282
1059.681801 0.078004 45.973465 38.743657
1059.711447 0.260684 45.718642 38.376247
1059.727533 0.258201 45.834300 38.111286
1059.932566 0.233006 45.443667 37.816028
1059.725016 0.280632 45.904520 38.385789
1059.864350 0.157173 45.635432 37.891861
1060.019883 0.130544 45.905461 38.271747
1060.046813 0.080967 45.505639 38.308667
1060.294043 0.131812 44.963149 38.521021
1060.042811 0.155775 45.484953 38.371872
1060.000637 0.029956 45.654629 37.682503
1059.996943 0.029668 45.350016 38.030789
1059.789782 0.004351 45.318717 38.036119
1060.199622 0.054951 44.754353 37.470869
1060.132437 0.078632 44.822998 37.223189
1060.154832 0.029092 44.649946 37.174967
1060.244238 0.078632 44.590572 36.795568
1059.778383 0.028804 44.964648 36.671945
1060.122256 0.053350 44.317651 36.095340
1059.973057 0.077074 44.433713 36.659434
1060.002940 0.053350 44.383746 36.265465
1059.752030 0.028516 44.324805 35.628436
1060.022479 0.000000 44.202132 35.462677
1060.136007 0.000000 43.551113 35.551931
1060.139487 0.075517 43.772526 34.897494
1060.062681 0.000000 44.058243 34.852590
1060.062681 0.000000 44.058243 34.796908
1060.127963 0.000000 43.873675 34.337449
1060.279790 0.000000 43.901051 34.474894
1060.019091 0.000000 44.342588 34.291788
1060.193117 0.000000 44.504429 34.073762
1060.040892 0.000000 44.564502 34.182534
1060.049097 0.000000 44.561820 33.839643
1060.149694 0.000000 44.889359 34.164379
1060.445669 0.000000 44.135398 34.029642
1060.331534 0.000000 44.268598 34.328313
1060.467564 0.000000 44.113503 34.182534
1060.309647 0.000000 44.230765 34.128089
1060.418942 0.000000 43.972973 34.091853
1060.243901 0.000000 44.356231 34.273547
1060.620454 0.000000 43.547528 33.732314
1060.375521 0.000000 43.884161 34.371627
1060.484357 0.000000 43.760195 34.770578
1060.171413 0.000000 44.464655 34.511675
1060.203866 0.000000 44.258265 34.722838
1060.445669 0.000000 44.046139 34.908391
1060.664006 0.000000 44.006752 34.192140
1060.549643 0.000000 44.080413 34.622319
1060.902559 0.000000 43.798190 34.182534
1060.766352 0.000000 43.744265 34.530087
1060.809526 0.000000 44.001047 34.677823
1060.887991 0.000000 44.024673 34.474894
1060.624257 0.000000 44.436946 34.863655
1060.895044 0.000000 44.175438 34.722838
1060.756377 0.000000 45.064697 34.741344
1061.012674 0.000000 44.906663 34.617930
1061.070471 0.000000 44.759026 35.039050
1061.146096 0.000000 44.472628 35.305916
1061.168283 0.000000 44.720784 35.287077
1061.168283 0.000000 44.510191 35.992702
1060.973039 0.101294 44.800044 35.407584
1061.301107 0.000000 44.347470 36.128267
1061.301107 0.077074 44.557734 35.934927
1060.808071 0.028516 44.973685 36.650097
1061.363684 0.000000 44.784339 36.148691
1061.602054 0.077074 44.534532 36.447728
1061.226073 0.102317 44.819009 36.368622
1060.958168 0.175471 44.875004 36.854161
1060.840045 0.128009 45.358819 36.420262
1061.177181 0.152640 44.808499 36.953993
1060.975293 0.152640 44.980118 36.721560
1060.997789 0.128009 44.987891 37.056540
1061.042720 0.201772 44.973273 36.904861
1060.613469 0.250753 45.402524 36.817005
1060.658906 0.128009 45.205970 37.017554
1060.952791 0.201772 44.792033 37.474680
1060.862626 0.129277 45.183726 37.820159
1060.793203 0.230766 45.742851 37.610650
1060.679466 0.155662 45.950064 37.765213
1060.636014 0.205767 46.081783 38.035156
1060.475292 0.258201 46.117632 38.050926
1060.336944 0.233006 46.412190 38.196968
1060.179534 0.258201 46.374200 38.232386
1060.230442 0.233006 46.124770 38.096222
1060.360043 0.358574 45.680399 38.273928
1059.613562 0.262406 46.336301 38.961681
1060.078131 0.365469 45.678442 38.844719
1059.908463 0.422847 45.643989 38.751928
1059.606842 0.344075 45.794904 38.790415
1058.922317 0.370379 46.323738 38.344435
1059.390353 0.412438 45.714426 38.612057
1059.321913 0.422847 45.504776 38.611156
1058.443389 0.314711 46.506411 39.214908
1058.514546 0.267452 46.214976 39.158560
1058.226106 0.187162 46.640128 39.626487
1058.860480 0.291530 45.467196 39.392704
1058.481161 0.317737 46.072580 39.385974
1058.550411 0.240730 45.848895 39.246152
1058.411783 0.264929 45.351844 39.397759
1058.230380 0.344075 45.504400 39.380176
1058.344667 0.344075 45.177487 39.689902
1057.908401 0.320763 46.134161 40.325863
1057.974725 0.323790 46.232568 39.761989
1058.024492 0.430901 46.456786 40.112865
1058.044396 0.299678 46.038645 39.870223
1058.354120 0.457570 45.648155 39.793932
1057.730142 0.347352 46.334019 40.299274
1058.113937 0.272498 45.845610 40.083834
1057.962528 0.430901 45.521335 40.070932
1057.916178 0.457570 45.870969 40.149189
1058.293772 0.537320 44.911884 39.797403
1058.658187 0.629805 44.837703 39.870566
1058.662663 0.538570 44.799158 39.403244
1057.931498 0.396636 45.681492 39.595858
1057.519689 0.400413 45.874109 39.743657
1057.537713 0.320763 45.728857 39.927335
1057.768558 0.453294 45.467538 39.257852
1057.871760 0.370379 45.404868 39.415562
1057.665519 0.396636 45.733791 39.266053
1057.619519 0.347352 45.323614 39.425256
1057.780244 0.344075 45.313760 39.586303
1057.573461 0.373906 45.611645 39.728670
1057.642525 0.347352 45.756785 39.713776
1057.688489 0.267452 46.083501 39.835124
1057.398477 0.188928 46.051982 39.958893
1057.235336 0.323790 46.650909 40.178043
1057.225281 0.272498 46.304400 39.835527
1057.211967 0.350629 46.300162 40.025792
1057.584004 0.510785 45.591271 40.180169
1057.883423 0.537320 45.231219 39.943582
1057.573461 0.479679 45.856636 40.570712
1057.560865 0.434928 45.705706 40.593803
1057.305343 0.407968 45.991750 40.094178
1057.071452 0.484204 46.317515 40.248930
1057.367749 0.407968 46.248777 40.303717
1057.295584 0.407968 45.958329 40.409032
1057.436649 0.457570 45.927068 40.466131
1057.141777 0.380961 46.124794 40.562895
1057.183343 0.272498 46.243289 40.607858
1056.871652 0.245272 46.534992 40.529557
1057.365757 0.272498 46.010239 40.418155
1057.044398 0.296903 46.731726 39.954600
1057.459104 0.296903 46.225465 39.706348
1058.180268 0.404191 44.964673 39.516768
1058.207480 0.475154 44.985190 39.351982
1058.000696 0.449018 45.370994 39.481361
1057.596496 0.453294 45.833601 39.319314
1057.711454 0.400413 45.595763 39.249398
1057.573461 0.422847 45.550864 38.954240
1057.798075 0.370379 45.557090 39.498022
1057.780244 0.400413 45.742527 39.025599
1057.917422 0.422847 45.760740 39.239842
1057.917422 0.373906 45.543519 39.072377
1057.931498 0.396636 45.500237 38.717729
1057.841591 0.366851 45.565467 39.019786
1057.208515 0.396636 46.404475 39.061770
1057.967069 0.426874 45.504106 38.656650
1057.290715 0.418820 46.427092 38.764772
1057.871760 0.475154 45.806402 38.659336
1057.676609 0.238459 46.150003 39.383265
1057.962528 0.160312 45.581616 39.144358
1057.792690 0.238459 46.095390 39.017071
1058.144858 0.336747 45.254451 38.935179
1058.181530 0.262406 44.980364 38.840368
1058.294096 0.314711 45.082144 38.788062
1058.181530 0.209935 45.256392 39.176702
1058.184569 0.211954 45.037828 38.982993
1058.136402 0.183631 45.270656 38.858668
1058.113809 0.183631 45.448030 38.959523
1057.954572 0.344075 45.238098 38.291505
1057.996974 0.209935 44.964018 38.832364
1057.818814 0.392858 45.070896 38.249527
1057.725030 0.259883 45.410928 38.307485
1058.068589 0.408510 45.123789 38.509912
1057.835950 0.392858 45.302220 38.289269
1057.841591 0.366851 45.442505 38.414875
1057.613108 0.392858 45.548785 38.190024
1057.727540 0.418820 45.525945 38.283195
1057.475301 0.366851 45.595450 37.900772
1057.566075 0.404582 45.083169 38.323134
1057.678788 0.440465 45.184872 38.146780
1057.611205 0.517233 45.038039 38.109813
1057.359048 0.517233 45.354919 38.369871
1057.248502 0.548016 45.553658 38.253666
1057.611205 0.444741 44.735755 38.779346
1057.202897 0.392858 45.144063 38.790734
1057.473442 0.336163 44.627647 38.164816
1057.134497 0.414793 44.681613 38.452230
1056.702267 0.311685 45.071430 39.082158
1056.590174 0.340798 45.090455 38.721652
1056.202958 0.340798 45.355172 38.601012
1056.718500 0.340798 44.781295 38.222276
1056.382045 0.466103 44.773743 38.421000
1056.042165 0.363324 45.339083 38.543883
1056.023318 0.366851 45.291453 38.355074
1055.974042 0.418820 45.045861 38.203724
1055.679499 0.311685 45.456472 38.535245
1055.567239 0.288579 45.686253 38.393548
1055.105190 0.182489 46.209581 38.429704
1055.640092 0.235247 45.746625 38.320740
1055.267587 0.258201 46.325353 38.557796
1055.132918 0.209763 46.235659 38.427168
1055.299045 0.235247 45.993246 38.139462
1054.965398 0.182489 46.135695 38.613062
1055.344713 0.189579 44.997077 38.274353
1054.835950 0.155662 46.338070 37.984858
1054.862206 0.182489 45.750829 38.106549
1054.221260 0.233006 46.185808 37.935771
1054.544281 0.182489 45.739825 38.126638
1054.360062 0.106409 46.016187 37.982482
1054.773213 0.043370 45.358264 37.771307
1054.336071 0.165576 45.527578 37.285499
1054.270817 0.103320 45.320688 37.784830
1054.294044 0.165576 45.477435 37.378284
1054.157241 0.042536 45.373495 37.773140
1054.019620 0.080189 45.330813 37.347734
1053.676216 0.062814 45.733549 37.680771
1053.656720 0.230766 45.941652 37.236266
1053.793249 0.129277 45.680772 37.443139
1053.793249 0.203770 45.526412 37.645966
1053.588254 0.130544 46.292697 37.258314
1053.581414 0.155662 45.855748 37.038698
1053.313064 0.029380 46.567887 37.054530
1053.325101 0.000000 46.324143 37.566313
1053.221263 0.105386 46.278539 37.755868
1053.105197 0.080189 46.550089 37.269652
1053.452296 0.029668 45.862482 37.437363
1053.427989 0.054951 46.077043 36.811924
1053.747802 0.000000 45.418681 36.261095
1053.431139 0.000000 45.737114 35.988032
1053.432476 0.000000 45.404643 36.026446
1053.364982 0.000000 45.379780 36.103442
1053.634185 0.000000 45.388941 35.930505
1053.416103 0.000000 45.507608 35.815819
1054.100264 0.000000 44.644498 35.361898
1053.833970 0.000000 44.874452 35.400277
1054.168279 0.000000 44.751054 35.324756
1053.923435 0.000000 44.875104 35.343617
1054.057203 0.000000 45.014180 35.249464
1054.477402 0.000000 44.747193 34.709846
1054.363274 0.000000 44.529305 34.392148
1054.620505 0.000000 44.050304 34.410417
1054.580094 0.000000 44.451293 35.013261
1054.718679 0.000000 44.292309 34.648995
1054.751002 0.000000 44.559215 34.834007
1054.430195 0.000000 45.214468 34.483590
1054.674461 0.000000 45.000884 34.520258
1054.873032 0.000000 45.018431 34.465278
1055.201434 0.000000 44.535425 34.264686
1055.248016 0.000000 44.452790 34.146234
1055.049153 0.000000 44.893184 34.128089
1055.445725 0.000000 44.802718 34.065661
1055.313995 0.000000 45.077973 34.146234
1055.139309 0.000000 45.110692 34.065661
1055.511378 0.000000 44.829801 33.707779
1055.513759 0.000000 44.908560 34.273547
1055.519231 0.000000 45.125450 34.210247
1055.674478 0.000000 44.817473 34.483590
1055.251477 0.000000 45.270937 34.722838
1055.389401 0.000000 44.958647 34.489798
1055.608032 0.000000 44.944878 34.889776
1055.938984 0.000000 44.492205 34.636289
1055.893696 0.000000 44.420849 34.722838
1055.541454 0.000000 45.226245 34.778368
1055.676842 0.000000 44.675232 35.324756
1055.652342 0.000000 44.992339 35.268270
1055.551867 0.000000 45.006703 34.820590
1055.652342 0.000000 44.809211 35.343617
1055.884804 0.000000 44.582536 35.230668
1055.696598 0.000000 45.476113 35.249464
1055.665638 0.000000 46.060463 35.799722
1056.042748 0.000000 45.558200 35.720613
1055.797389 0.000000 45.642537 36.219353
1055.681626 0.000000 45.794752 36.219353
1055.794878 0.000000 45.681500 36.001134
1055.726973 0.000000 45.718383 36.491695
1055.840073 0.000000 45.823447 36.309159
1056.221909 0.000000 45.504373 36.251147
1055.843131 0.000000 45.657378 35.968842
