1124.000000 651.000000 82.000000 97.000000
1124.322856 650.638398 82.713307 94.250369
1124.080665 648.357034 82.885537 93.669413
1123.706660 646.092813 83.212605 93.249275
1123.866225 643.897986 82.654640 93.209305
1123.059307 641.682478 83.496379 92.741957
1123.160157 639.625975 83.098923 92.189883
1122.905705 636.814091 83.329406 92.419394
1123.357516 634.369127 82.537379 92.547184
1123.070361 632.583830 82.643895 91.824167
1123.077823 630.379445 82.235004 91.662588
1123.133094 627.995308 82.346361 91.701708
1122.595510 625.570767 82.366557 91.645031
1122.392958 623.427326 82.518661 91.269692
1122.479351 620.969545 82.215499 91.217996
1122.273712 618.464477 82.321752 91.385526
1122.263153 616.303307 82.216283 91.056395
1122.413262 613.586264 81.991818 91.202753
1121.937108 611.702782 82.521653 90.519755
1122.197274 609.507390 81.887612 90.113202
1122.176654 607.355822 81.992653 89.789548
1122.268512 604.836205 81.711031 89.693240
1121.882580 602.663217 82.043160 89.746090
1121.839545 600.308746 81.978801 90.006500
1121.607148 598.120085 81.829789 89.743979
1121.521275 596.226789 82.023369 89.577747
1121.864052 593.851548 81.198768 89.670226
1121.330267 591.675914 81.709465 89.617544
1121.054359 589.675915 82.413357 89.391137
1120.699659 587.120085 81.993229 89.632090
1120.277445 584.851535 82.327205 89.501648
1120.564303 582.590805 81.765396 89.667741
1120.673348 580.535472 80.891187 89.588034
1119.606335 578.405626 81.815245 89.376487
1120.142156 576.320302 81.111040 89.314323
1119.907424 574.078903 81.250085 88.972379
1119.613087 571.855910 81.084716 88.850910
1119.356211 569.388863 81.288932 88.928692
1119.078846 567.312411 81.289760 88.627748
1118.570312 565.181015 81.338943 88.358402
1118.105009 562.948915 81.557999 88.534894
1118.292995 560.622727 81.097143 88.639551
1117.719616 558.492700 81.677068 88.147149
1117.527572 556.366158 81.328723 88.006718
1117.232952 554.221966 81.270031 87.740531
1117.064909 551.618559 81.138927 87.531728
1116.767870 549.314362 81.435966 87.703005
1116.212482 547.221970 81.144943 87.196886
1115.318766 544.950621 81.998963 87.226094
1115.640145 542.636761 81.778729 86.998521
1115.083615 540.455068 81.483375 86.721618
1115.047838 538.317837 81.164075 86.426594
1114.779409 536.226396 81.142042 86.328501
1114.290094 533.542610 81.373704 86.390416
1114.332471 531.362655 81.064268 86.029942
1113.911293 529.041556 80.971510 85.734993
1113.869019 526.767934 80.854523 85.653867
1113.279082 524.541008 81.036212 85.721224
1112.811973 522.132485 80.819716 86.017414
1112.359494 519.994089 80.838800 85.910941
1112.067199 517.767902 80.460610 86.029092
1111.490278 515.404533 81.038259 86.338620
1111.332471 512.859312 80.746625 86.613942
1110.950078 510.951344 80.814420 86.471704
1110.657186 508.451462 80.385114 86.427564
1110.490285 506.041533 80.297934 86.540199
1110.206444 503.950496 80.411380 85.773046
1109.689757 501.450072 80.323286 85.918426
1109.363677 499.403343 80.581764 85.825304
1109.067219 497.174447 80.564496 85.300677
1109.069513 494.853535 79.943536 85.375098
1108.858471 492.359194 80.057383 85.893434
1108.027441 490.312937 80.350846 85.701087
1107.816617 488.086452 80.248384 85.820767
1108.202975 485.813196 79.533025 84.870619
1107.641248 483.755776 80.086412 85.035469
1106.892790 481.584334 80.350437 85.133220
1106.858519 479.353278 80.374297 84.932606
1106.732912 477.263576 79.765188 85.396510
1106.812126 475.308437 79.588521 84.871317
1106.347375 472.950583 79.401059 84.881923
1105.766809 470.587103 80.065720 84.520205
1105.599382 468.399075 79.971711 84.591331
1105.641295 466.666774 79.670452 84.060917
1105.638229 464.566955 79.312917 83.854890
1105.673990 462.171519 79.089008 84.060044
1105.175250 460.082715 79.433047 84.096463
1104.885888 457.935458 79.549070 83.447584
1104.963068 455.746074 79.059438 83.695924
1104.383582 454.272086 79.122053 83.381689
1104.171822 451.807072 79.281766 83.594519
1103.963005 449.790067 78.955413 83.651930
1104.127563 448.292072 78.738955 83.161538
1103.587574 446.188404 78.476269 83.378523
1103.531485 444.166107 78.823927 82.993760
1103.169098 442.275614 78.529466 82.869694
1102.668499 439.902060 78.870505 82.796492
1102.907361 438.211927 78.407790 82.520873
1102.462048 436.281284 78.515800 82.672119
1101.915337 434.454945 79.405048 82.971036
1101.628904 432.423736 79.100098 83.081948
1101.624992 430.642602 78.517913 82.915218
1101.333960 428.865130 78.568840 83.131427
1101.327594 426.838490 78.608925 82.787271
1101.127863 424.516542 78.015924 83.111331
1100.791993 422.385324 78.490662 83.033731
1100.744020 420.952017 78.209981 82.259544
1100.127266 418.393025 78.383055 82.782712
1099.997357 417.059138 78.081754 82.155970
1099.332897 414.698058 78.688044 82.633195
1099.202017 412.778159 78.699313 82.330126
1099.120233 410.714559 78.316027 81.875976
1098.504138 408.807595 78.487757 81.438583
1098.364095 406.936542 78.448846 81.514558
1098.282730 404.592083 78.219839 81.552135
1097.462894 402.202381 78.783314 81.992776
1097.537876 400.088206 78.483077 81.574417
1097.282736 398.321928 78.582209 81.387186
1096.668892 396.397679 79.040255 81.024814
1096.421616 394.022405 78.722635 81.531679
1096.332871 392.044964 78.329721 81.516038
1095.956135 389.850615 78.597986 81.040090
1095.660855 387.635244 78.633381 81.508971
1095.660545 385.764530 78.618807 81.126156
1095.333935 384.193725 78.804726 80.646528
1095.415842 382.159054 78.209644 81.254327
1095.283762 380.010197 78.335870 81.412279
1094.792089 378.364605 78.301226 80.881569
1094.292937 376.627134 78.485643 81.044294
1094.579279 375.165782 77.691815 80.358038
1094.448805 373.169369 77.976983 81.051135
1094.121025 371.796521 77.985384 80.411903
1093.825619 369.663938 78.068368 80.568730
1093.622505 368.004290 77.964531 80.633727
1093.377865 366.511495 78.209171 80.177589
1093.043204 364.169373 78.434136 80.847137
1093.026480 362.754214 78.423997 80.301340
1092.866240 360.919377 77.874006 80.718642
1092.622585 359.553575 78.117660 79.982642
1092.650648 357.847507 78.085611 80.067521
1092.367962 356.173810 77.903768 79.658675
1091.708216 354.772431 78.300757 79.420528
1091.342224 353.435040 78.307161 79.530686
1091.448807 352.015942 78.183593 79.197568
1091.332586 350.611058 78.104508 79.162457
1090.886373 349.064576 78.293872 79.330432
1090.951003 347.604880 78.161442 79.287434
1090.545823 346.272455 78.308549 79.479294
1090.811570 344.646806 77.872727 79.445627
1090.667659 343.194032 78.135352 79.884047
1090.408390 342.057975 78.068951 79.554450
1089.920983 340.939537 78.815247 79.404847
1089.675806 339.518531 78.544697 79.650867
1089.541129 338.476819 78.455902 79.236156
1089.423748 337.147822 78.430622 79.809564
1089.327475 336.098166 78.669748 79.488921
1089.286943 335.223182 78.397384 79.160882
1089.124578 334.189393 78.301269 79.154997
1089.031688 333.147814 78.550488 79.655224
1088.921013 331.972902 78.815247 79.716188
1088.744519 330.972896 78.667724 79.411165
1088.825675 329.892883 78.430232 79.532953
1088.716767 328.975757 78.401627 79.501588
1088.627068 328.141185 78.278747 79.595057
1088.246333 327.313947 78.908404 79.695058
1088.050207 325.972888 79.153755 79.972602
1087.712325 325.550434 79.481418 79.433421
1087.424575 324.803396 79.980408 79.354014
1087.259534 323.844998 79.934209 79.414544
1087.251889 323.176850 79.831326 79.391129
1087.497577 322.342578 79.745725 79.538445
1087.052609 321.716205 80.036004 78.858404
1087.132300 320.844999 80.233651 79.363434
1087.169775 320.462862 80.288153 79.454153
1087.297580 320.005259 80.198026 79.602314
1087.338941 319.300924 79.892411 79.786040
1087.046397 318.922822 80.519345 79.632330
1087.338941 318.380264 80.369579 79.798483
1087.462869 317.840699 80.245651 79.610400
1087.256187 317.586535 80.505774 79.487259
1087.090331 317.173304 80.671630 79.484045
1087.380279 316.755277 80.975158 79.575963
1086.878648 316.254916 81.508745 79.646405
1087.462063 315.796598 80.658570 79.622465
1087.255866 315.421588 80.970965 80.021018
1087.296416 315.130307 81.095224 79.927544
1087.296416 314.671222 81.149680 80.282182
1087.296434 314.505316 81.287868 80.122555
1087.421862 314.005444 81.433005 80.367685
1087.128807 313.921015 81.671767 79.969781
1087.421862 313.463588 81.433005 79.955468
1087.296434 313.462056 81.504139 80.229409
1087.338269 313.214132 81.789305 80.246880
1087.376221 313.172511 81.779288 80.235678
1087.376221 313.172511 81.725358 80.130275
1087.249564 312.796604 82.285892 80.558828
1087.419550 312.923238 82.258812 80.480500
1087.546139 312.881711 82.077537 80.361759
1087.495318 312.881711 82.285273 80.629286
1087.672461 312.714497 82.446635 80.886197
1087.666689 312.802537 82.692572 80.795208
1087.454082 312.844207 82.631274 80.699802
1087.666689 312.760845 82.857957 80.729497
1087.624237 312.635566 83.401277 81.232197
1087.840289 313.058706 83.272663 81.058256
1087.955418 313.388714 83.306810 81.049337
1087.870087 313.136598 83.115226 82.034944
1087.874218 313.681953 83.530165 81.302069
1087.916991 313.892806 83.376030 81.252138
1087.959730 314.228675 83.780838 81.403635
1088.334254 314.983842 83.696759 80.946067
1088.414662 315.270520 83.867110 81.198542
1088.617037 315.604360 83.620480 80.864703
1088.755451 315.933762 84.324545 81.183197
1088.990472 316.480900 83.984634 81.449007
1089.291362 317.150585 84.360270 80.996772
1089.874279 317.522953 84.262579 80.869423
1090.248527 318.108926 83.894567 80.604932
1090.414615 318.390633 84.093388 80.945207
1090.745743 318.977749 84.107587 80.763802
1090.788584 319.270529 84.462260 81.090156
1091.334273 319.816638 84.033959 81.330715
1091.462708 320.395913 84.018626 81.018917
1091.444989 321.225405 84.977563 80.680669
1091.861106 321.780550 84.620204 80.936066
1092.162585 322.565418 84.660199 80.745918
1092.574093 323.108942 84.562766 81.038430
1092.861082 323.900310 84.904528 81.029610
1092.886827 324.363307 85.222425 81.572461
1093.197806 325.286255 85.339282 81.439683
1093.520327 326.202976 85.733407 81.028055
1093.936765 327.166265 85.485604 80.852903
1094.520320 327.697342 85.445572 81.019282
1094.563811 328.410995 85.980027 81.537209
1094.871050 329.215704 85.893503 81.537939
1095.353418 330.257459 86.159326 81.774099
1095.682643 331.134881 86.169172 81.911444
1096.076114 331.923533 86.007858 82.122791
1096.231289 332.726370 86.191181 82.220182
1096.537617 333.768525 86.764271 82.345227
1096.889901 334.826535 86.847836 82.480245
1096.978213 335.615190 87.347852 82.747739
1097.748730 336.547777 86.793665 82.447919
1097.978198 337.784325 87.052530 82.242999
1098.516736 338.742088 87.297443 82.677076
1098.907637 339.570323 87.167114 83.192461
1099.263072 340.547762 87.338182 83.234352
1099.591886 341.420231 87.520761 83.361903
1099.875698 342.717437 88.222079 83.349824
1100.248473 343.821749 87.944797 83.210553
1100.652060 345.184555 87.854045 83.279676
1100.831047 346.269334 88.147662 83.481328
1101.472105 347.481865 88.136245 83.722285
1101.800768 348.735772 88.198830 83.978991
1102.039184 350.417064 88.708783 83.527967
1102.576404 351.502892 88.363833 84.242291
1102.723285 353.031649 89.084502 83.567782
1103.084191 354.246286 89.327043 83.466092
1103.682458 355.715884 89.359981 83.280436
1104.174110 356.502877 89.788366 83.952458
1104.739758 357.995190 89.629293 83.989126
1105.339460 359.354561 89.356868 83.661641
1105.685772 360.757306 90.052855 83.635310
1105.735559 362.208872 90.331216 83.660264
1106.021600 363.694778 91.214358 84.002226
1106.583391 365.149361 90.860834 84.433952
1106.771134 366.719984 91.365723 84.746335
1107.050069 368.304472 91.286572 84.744365
1107.695710 369.444271 91.010353 84.980138
1107.585241 370.833325 92.120855 85.001179
1108.025099 372.168032 92.380500 85.329887
1108.257153 373.944208 92.906921 85.119189
1108.722196 375.720178 92.821367 85.025621
1108.788956 376.935176 93.692652 85.344475
1109.136002 378.360827 93.355379 85.515091
1109.183188 379.975420 94.198549 85.453154
1109.601566 381.614728 93.901050 85.474513
1109.709813 383.139192 93.844527 85.954465
1109.639969 384.702426 94.943990 86.211970
1109.798526 386.254769 95.490157 86.413958
1109.976125 388.467601 95.172942 86.209794
1109.948032 389.725558 96.032365 86.466900
1110.732010 391.236534 95.562270 86.884979
1110.831236 393.103188 95.960448 86.780153
1111.249032 394.711390 95.787067 86.675719
1111.490896 396.236551 95.868120 86.825292
1111.277716 397.711402 96.908999 87.213517
1111.698865 399.394208 96.950696 87.177931
1111.621320 401.182859 97.568868 86.773345
1111.867592 402.929153 97.584491 87.002029
1111.840278 404.405500 98.112926 86.848554
1111.900029 406.546340 98.819411 86.450153
1112.257064 407.956796 98.592528 87.361915
1112.041544 409.388740 99.341337 87.491867
1112.026833 411.537312 99.758484 86.964939
1112.358886 412.820867 99.994974 87.382185
1112.323447 414.702839 99.658386 87.481374
1111.867893 416.613159 101.392971 87.631425
1111.992053 418.437859 100.989476 87.628726
1112.195274 420.318509 100.718510 87.731177
1112.106536 422.183807 101.287893 87.865871
1112.042900 423.872143 100.870884 87.874905
1111.583997 425.778036 102.011726 88.029146
1111.417980 427.442479 101.966329 88.595428
1110.938199 429.695873 103.330377 88.170950
1110.474059 430.831671 103.948887 89.093657
1110.457034 432.688173 104.569505 89.340251
1110.345475 434.374380 105.023648 89.771536
1109.759746 436.338609 105.607231 89.801092
1109.229848 438.053184 106.411062 89.338756
1109.277806 439.261156 105.992029 90.069948
1109.010832 441.211075 106.472287 89.860319
1108.642383 443.344164 106.834174 89.901307
1108.855874 445.344162 107.200219 89.901307
1108.199332 446.756226 107.985171 90.736957
1107.395902 448.911119 109.208991 90.314728
1106.957267 450.647652 109.627015 90.815489
1106.516539 452.760215 109.899111 90.690563
1105.957068 455.087903 110.420298 90.300682
1106.340610 457.227887 110.111543 90.535309
1105.957068 459.152654 110.644984 90.729456
1105.793487 461.481163 110.709412 90.712614
1105.517431 463.071797 111.436692 91.303627
1105.242735 465.092588 111.384674 91.145123
1105.187159 467.377351 111.215790 91.170291
1104.405115 469.660925 111.923244 91.011404
1104.270558 471.101890 111.694121 91.690324
1104.191254 473.257583 111.785657 91.649556
1104.191254 474.924053 111.634936 92.045895
1104.191254 476.876288 111.409731 91.843105
1103.744485 478.245596 111.856501 92.044146
1103.442677 480.220199 112.020304 91.928782
1103.106563 482.268129 112.205802 91.756476
1102.599940 483.883714 112.412530 91.955055
1102.693457 485.563830 111.879879 92.389464
1102.833178 487.076198 111.856663 92.385548
1102.330790 488.787276 112.283297 92.989740
1101.999857 490.810663 112.736792 93.012028
1102.119988 492.738698 111.612257 92.750702
1102.029556 494.371181 111.693676 93.278543
1102.007178 495.935667 111.578060 93.522908
1102.173929 497.665542 111.034887 93.474989
1102.252877 499.659990 110.873736 92.608330
1102.135463 500.573382 111.092324 93.083567
1102.443237 501.887107 110.122906 93.381210
1102.326587 503.622085 109.896591 93.222392
1102.492159 504.794925 109.073473 93.935510
1102.767382 505.746062 108.653361 94.302182
1102.986906 507.813602 108.073611 93.813175
1103.214517 508.824750 107.524638 94.175901
1103.485042 510.486135 106.966498 94.150191
1103.646930 511.661075 106.234747 94.100064
1104.178828 512.835433 105.511565 94.623930
1104.658597 514.352491 104.750452 94.295686
1104.754054 515.094234 103.936695 94.821623
1105.441035 517.067713 102.938017 93.976130
1106.012162 517.933351 101.875553 94.704435
1106.322839 519.224125 101.293855 94.542676
1106.939198 520.647087 100.622646 94.047330
1107.245558 522.112007 99.857333 93.588191
1107.702895 523.587063 99.010195 93.310082
1108.107495 524.487059 98.481462 93.416391
1108.684173 525.530016 97.816891 93.622835
1109.061086 526.436742 97.295174 93.218500
1109.564566 527.721573 96.539810 92.937615
1110.359389 528.721934 95.429624 93.003575
1110.707530 529.581841 95.210793 92.892476
1111.526605 530.058176 94.259211 93.353078
1111.909315 530.967760 93.629587 93.255382
1112.255958 531.875399 93.092006 92.847478
1112.645252 532.787647 92.888236 92.933946
1113.315616 533.502633 91.973023 92.968388
1113.891188 534.278113 91.286274 92.688555
1114.137057 535.042982 91.522636 93.052233
1115.263986 535.701919 90.532281 93.396466
1115.838421 536.476005 89.853094 92.739200
1116.331337 537.067288 89.551993 92.889609
1117.252915 537.172621 89.228727 93.658907
1117.449589 537.640793 88.996934 93.883863
1117.839821 537.918749 88.571763 94.619822
1118.927923 538.918769 87.667449 93.855300
1119.400856 539.657370 87.767973 93.167734
1120.247531 540.095260 86.952917 93.351271
1120.139935 540.105638 87.154212 94.151780
1120.582983 540.419845 86.722148 94.226044
1121.047114 540.762517 86.647920 93.935666
1121.496061 540.914562 86.604397 94.027916
1121.731002 541.153325 86.110508 93.726469
1122.779328 541.079498 85.583335 93.979757
1122.291339 541.222246 86.035060 93.963180
1123.202653 541.305769 85.699812 93.695423
1123.463357 541.127109 85.990245 93.681005
1123.710744 540.936491 85.568630 93.684291
1124.348304 540.409626 85.886683 94.335930
1124.710719 540.449173 85.011615 93.738716
1124.965729 540.089769 85.189606 93.530562
1124.903089 540.670968 85.307150 92.752810
1125.229142 540.197961 84.966988 93.225817
1125.759363 539.639120 84.549291 93.653091
1125.788552 539.401478 84.468646 93.454529
1126.068449 538.779953 84.340575 94.324713
1126.142539 538.626231 84.337018 94.109010
1126.274776 538.242541 84.428627 94.617999
1126.437013 537.993883 84.493791 94.121834
1126.029847 537.194445 85.061453 94.728862
1126.469468 536.439238 84.418980 94.873574
1126.658183 536.936512 84.608216 93.559910
1126.788509 536.876006 84.082920 93.416227
1126.626018 536.125805 84.505455 93.003620
1126.803350 535.365732 84.272880 93.369161
1126.803350 534.604894 84.162661 93.313506
1126.891840 533.518323 84.129244 93.131190
1126.537176 533.694988 83.828997 92.223419
1126.350874 531.909559 84.145530 93.272429
1126.466047 532.231176 83.992029 92.365144
1126.394974 531.267164 84.101430 92.582350
1126.067774 530.759975 84.445390 92.103816
1125.598671 529.776137 84.076928 92.580644
1125.421921 528.918655 84.091250 91.659742
1125.571103 527.948324 83.760238 91.972201
1125.218465 526.900961 83.893935 91.840370
1124.926318 525.806145 83.731768 91.875641
1124.794127 525.278962 83.537546 91.462379
1124.105460 524.027121 83.934305 91.757395
1123.351581 522.758709 84.361241 91.804295
1122.641240 521.504304 84.635159 92.043835
1122.509962 520.523203 84.165621 91.919594
1121.952724 518.981555 84.214278 92.686843
1121.376672 517.616351 84.244366 92.351009
1121.067713 516.871181 83.736167 92.064501
1120.230843 514.965887 83.406613 93.262966
1119.606837 513.446341 83.608700 93.574944
1119.774097 513.405230 83.029797 92.199107
1119.061196 512.179169 83.761173 92.145673
1118.794135 511.164791 82.894165 91.590877
1118.033899 509.431433 82.794871 92.083182
1117.326049 507.727239 82.641014 92.446448
1116.721186 506.711235 82.351548 91.970571
1115.864588 505.790769 82.670500 91.342570
1115.522525 504.331138 81.952620 91.528873
1114.226910 502.540783 82.545787 92.345743
1113.466117 500.440123 82.128336 92.260500
1112.959253 498.809236 82.146602 92.466604
1111.809040 497.363340 82.512071 92.720916
1111.452282 495.727251 81.971608 92.625414
1110.132660 493.789565 82.419153 92.579248
1109.852291 491.668903 81.747379 92.275647
1109.089613 489.809235 81.963152 92.646215
1108.252860 488.268041 82.151534 92.100777
1106.927106 486.666264 82.100897 91.433623
1106.491401 484.919153 81.682091 90.613538
1105.568949 483.001885 81.810165 90.453459
1104.699719 480.860677 81.368753 90.021809
1103.812039 478.616024 81.543550 90.018571
1102.841713 476.332418 81.560731 90.076873
1101.873516 474.273535 81.662108 90.218760
1101.176681 472.308757 81.568878 89.611397
1100.450924 470.600062 81.002834 89.091087
1099.390379 468.341972 81.557395 89.253175
1098.649421 466.219108 81.350682 89.848145
1097.768723 464.366964 81.224454 89.837175
1096.603673 461.781875 81.620702 90.341661
1095.966498 459.568853 81.447235 90.923453
1094.991161 457.719199 81.332274 90.106494
1094.364236 455.521622 81.140973 90.169516
1093.450882 452.687111 81.260810 90.606340
1092.667114 450.095221 81.044639 90.314063
1092.011443 447.992496 81.012618 90.269095
1091.043674 445.851538 81.096706 90.352599
1090.147653 443.945534 81.022003 90.143950
1089.673385 441.190207 81.207199 89.995232
1088.681856 438.898563 81.054918 89.286871
1088.121563 436.855882 80.410780 89.699783
1087.698427 433.540496 80.580454 89.998935
1087.462739 431.440993 80.328600 90.504912
1086.152872 429.065390 80.694559 90.058138
1085.972086 426.326520 80.540151 90.285614
1085.416220 424.112543 80.218590 89.673479
1084.313273 421.369959 80.913647 90.161964
1083.801533 419.253787 80.658343 90.153444
1082.735518 416.544776 81.212228 90.018043
1082.587814 413.497265 81.081787 91.024083
1081.911758 411.435407 81.375463 90.847103
1080.856904 409.387993 81.556822 90.098881
1080.347291 406.883623 81.362784 90.488440
1080.311194 404.237656 81.081101 90.396958
1080.225687 401.930886 80.746101 90.107757
1080.099615 399.632873 80.675248 89.979574
1079.261593 397.582320 80.794935 89.203691
1079.335241 395.295076 80.100117 88.912037
1079.444744 392.758251 79.964960 88.701007
1079.318393 390.812397 79.572468 87.857217
1078.838724 388.302051 79.511018 88.230832
1078.407094 386.014025 79.953719 88.302490
1078.134867 383.627695 79.472428 87.986798
1077.922751 380.790424 79.427053 88.687497
1077.092685 378.103088 80.133581 88.560370
1076.810625 376.129473 79.669882 87.833028
1076.496657 373.810089 79.871496 87.943551
1076.597346 371.770167 79.214996 87.331209
1076.327900 369.404537 79.512696 87.879678
1075.496626 367.039834 79.871496 88.047578
1075.471500 364.856083 79.443756 87.457441
1074.850063 362.722344 79.859568 87.963429
1074.973072 360.080255 79.672538 87.911120
1074.796751 358.039834 79.863622 87.824716
1074.670500 355.625771 80.198568 87.633142
1074.806352 353.540956 79.367851 87.395555
1074.958881 351.222128 78.928224 87.559228
1074.618285 348.810024 79.013393 87.695091
1074.576877 346.722330 79.002836 87.241836
1074.286221 344.219003 78.983270 87.497612
1074.410958 342.267794 79.116835 86.854202
1074.813002 340.086453 78.529771 86.959382
1074.524087 337.995255 78.818687 86.826467
1074.648077 335.722516 78.540141 87.378511
1074.648077 333.722506 78.386331 87.600109
1074.729481 331.264940 78.335559 87.615920
1074.524476 328.711933 78.540564 87.195282
1074.501968 326.859197 78.438517 87.574703
1074.194982 324.631226 78.714537 87.085402
1074.296730 322.948653 78.798139 87.194414
1074.606557 320.751305 78.510496 87.539929
1074.647558 319.222427 78.521578 86.603597
1074.605582 316.724907 78.499138 87.623792
1074.852166 314.448321 78.578673 87.763308
1074.263969 311.804397 79.241959 88.629501
1074.906718 310.724570 78.213121 87.869485
1074.824907 308.585539 79.015612 87.240480
1075.348057 306.176465 78.168617 87.939333
1075.606551 304.722507 78.824282 87.048779
1075.708844 302.035041 78.932795 87.681578
1076.240874 299.533933 78.472909 88.026257
1076.562962 297.626080 78.068801 87.934112
1076.770390 296.628816 78.398733 87.367010
1077.141459 294.402524 78.046711 86.988020
1076.704393 292.719069 78.700631 87.304112
1077.090515 290.676876 78.879959 86.551765
1077.938118 288.086621 78.415934 87.224730
1078.016732 286.359980 78.707972 87.061094
1078.450467 284.450864 78.810581 86.805729
1078.605577 282.450866 78.994603 87.412757
1079.291432 280.404531 78.547308 87.321413
1079.852135 278.586984 78.212873 87.221010
1080.118647 276.813234 78.109526 86.552931
1080.654975 274.725249 78.829552 87.953427
1081.139424 273.495059 78.366555 87.134685
1081.630812 271.632293 78.127698 87.287036
1081.965638 269.541640 78.139096 87.266343
1082.422588 267.813235 78.012019 87.050386
1082.275743 265.588225 78.663810 87.262929
1082.957641 263.402514 78.846727 87.478331
1083.501520 261.858455 78.056208 87.313382
1084.088997 260.898316 77.726823 86.729859
1084.375596 259.309618 77.884538 86.468198
1085.224207 257.317429 77.451212 86.723106
1085.954093 255.631961 77.987190 87.303885
1085.965632 254.404285 77.974861 86.173531
1086.861960 252.676778 77.501443 86.419073
1087.195169 250.945053 77.394595 86.708572
1087.114231 249.452413 78.202446 86.422771
1087.740806 248.175201 77.830306 86.105795
1088.221161 246.945043 77.521175 86.708572
1088.804905 245.046723 77.639197 86.663873
1089.154705 243.721551 77.332538 86.263785
1089.932471 242.134117 77.038507 86.280146
1090.307328 241.200495 77.352463 86.561135
1090.690543 239.497337 77.382962 86.876299
1091.033169 238.085439 77.402921 86.250406
1091.435925 237.420557 77.035402 85.886302
1091.237485 235.547330 77.802526 85.804129
1091.771285 234.963768 77.559987 85.465695
1092.307276 232.860139 77.663089 86.258953
1092.830054 231.802565 77.657167 85.722057
1093.690524 230.846878 77.076345 85.677739
1093.843797 229.171514 77.299149 86.845880
1093.951989 227.900395 77.689125 86.361857
1094.517774 226.587101 77.956750 86.233149
1095.195213 225.787689 77.240943 86.148154
1095.932432 223.954763 77.502509 86.294658
1096.397067 222.891181 77.244126 85.744121
1096.399799 221.481501 77.846373 85.804318
1097.133246 220.345508 77.562389 85.861188
1097.569174 219.023915 77.504285 86.001571
1097.892156 217.979704 78.331152 85.711075
1098.048861 216.699484 78.570396 85.618417
1098.512776 215.345503 78.352961 85.092546
1099.131222 214.200493 78.238048 84.994159
1099.237040 212.790066 78.430333 85.831527
1099.307415 211.743607 78.352849 85.966286
1099.911424 210.354360 78.039762 86.312426
1099.688271 209.389844 78.714569 86.320049
1100.717695 208.388802 78.006560 86.183295
1101.114241 207.301118 78.097583 85.519135
1101.650064 206.244556 78.202947 85.893229
1101.952033 205.212268 78.051091 85.828266
1102.131292 204.023912 78.279204 85.889676
1102.100721 202.354362 79.178079 87.153653
1102.001899 201.712788 79.628594 86.459046
1102.856912 200.444145 78.362564 86.671652
1102.861215 199.388798 79.078348 86.071413
1103.378569 197.763918 78.850820 86.197184
1104.487741 197.227731 78.116321 86.425005
1104.584760 195.800221 78.448064 85.922048
1104.791402 194.800222 78.652661 85.700715
1105.754962 193.611157 78.352942 86.155101
1106.302303 192.488428 78.141826 85.411045
1106.986788 192.076425 77.753803 85.628048
1106.977840 191.068098 78.104268 85.071836
1107.887354 189.702044 77.481953 85.975837
1108.325784 188.491432 77.542961 84.625675
1108.682672 188.355870 77.511792 84.571376
1109.098901 186.486752 78.046387 85.488169
1109.787590 186.206820 77.870290 84.987244
1110.146018 184.082708 77.876474 85.650442
1110.650094 183.683678 77.732935 85.007107
1110.596811 182.598877 78.029604 85.731841
1111.171142 181.787693 78.066264 85.142512
1111.494409 180.481497 77.886999 85.416531
1111.133452 179.858512 78.738943 84.943496
1111.339810 178.522723 78.715408 84.591081
1111.577807 177.596093 78.706232 84.708177
1112.488137 176.420554 78.259877 85.048856
1112.332699 175.420549 79.109334 84.555830
1113.040507 174.420550 78.498436 84.719382
1113.291720 173.533551 78.162653 84.585536
1113.862609 171.762828 78.055844 85.071983
1114.081343 171.009609 78.249868 84.559463
1114.577818 170.053422 77.927762 84.789565
1114.700031 169.053420 78.114684 85.010266
1115.024690 168.097216 78.154467 84.417303
1115.722965 166.991284 77.887056 84.500519
1115.952430 166.424587 78.087586 84.624301
1116.440273 164.983842 78.065401 84.527146
1117.053507 164.338157 77.901154 84.431078
1117.561626 162.750724 78.048446 84.458833
1118.156151 161.860751 77.883825 84.191665
1118.572245 160.817170 77.745797 84.454251
1119.300271 159.991284 77.740495 84.722301
1119.722976 158.773566 77.368434 84.663008
1120.620921 157.794625 77.211663 83.931817
1121.134458 156.498273 77.046322 83.730489
1121.455378 155.541599 77.186775 83.363750
1121.913410 154.390063 76.902300 84.198398
1122.295119 153.324741 76.885636 84.394947
1122.717083 152.281285 77.185700 84.383505
1123.277327 151.057402 76.779487 83.615796
1123.793307 149.349315 76.414521 84.038057
1124.351628 148.476048 76.412963 83.780677
1124.571500 147.548892 76.879572 84.244697
1124.957805 146.800876 76.842687 83.427887
1125.292041 145.678364 76.750560 83.840737
1125.672952 144.393021 76.938810 83.620895
1126.152835 143.476046 76.868093 83.835755
1126.495333 142.368174 76.736349 84.296617
1126.933416 141.498275 76.554156 84.056986
1127.628819 140.454940 76.392148 83.991144
1128.033215 139.375864 76.375927 83.979567
1128.311904 138.115469 76.709013 84.022961
1128.535340 137.733340 76.594575 83.744178
1129.232451 136.289175 76.634436 84.449333
1129.495348 135.584877 76.482504 84.134810
1129.713069 133.910866 76.898670 83.997105
1130.214811 132.393020 76.461074 84.918782
1130.295099 131.429098 76.733334 84.534586
1130.655007 130.454941 76.576665 84.319731
1131.192651 129.150754 76.674225 84.568933
1131.734753 128.454940 76.446046 84.100321
1132.033280 127.150754 76.527758 83.540706
1132.651153 126.236493 75.938027 83.227964
1133.044876 125.569146 75.959873 82.567380
1133.426021 124.791783 76.314199 82.574157
1134.163066 123.535847 76.147687 82.244028
1134.740885 122.450303 75.846212 82.594693
1135.267955 121.791783 75.664110 82.093888
1135.662301 120.248422 75.682069 81.967869
1136.122786 119.939542 75.893732 81.548428
1136.150194 118.632797 75.742093 81.739814
1136.387117 118.152179 76.058619 81.707659
1136.768077 117.394800 75.894552 81.082449
1137.475603 116.694124 75.602469 81.762988
1137.779836 116.527870 76.074549 80.797929
1138.514551 115.069984 76.025861 82.215439
1138.688995 114.328559 75.823217 81.732648
1139.071028 113.772025 75.622432 81.935608
1139.387124 113.134632 76.262275 81.733517
1139.570092 112.725340 76.548254 81.990374
1139.870801 111.798163 76.563854 81.896529
1140.544251 111.168753 76.401215 81.892503
1141.307459 110.558256 76.026039 81.411993
1141.662314 109.847274 76.398383 81.993676
1142.504860 109.247920 75.980538 81.511179
1142.809411 108.627560 76.370814 82.166621
1142.671257 107.892358 76.864945 81.394747
1144.170974 107.109231 75.620407 81.995603
1144.465887 106.421159 75.727068 82.226491
1144.490728 105.544125 76.071536 82.509485
1144.886950 104.701783 76.067101 81.701551
1145.387137 103.676264 76.160286 82.131136
1145.728535 102.958982 76.034783 82.246125
1146.109422 101.769639 75.922484 83.017464
1146.250952 101.339166 76.400572 82.092115
1146.544287 100.500415 76.504348 82.408482
1147.005488 100.107638 76.151935 81.763895
1147.268803 98.893169 75.974572 82.515093
1147.975888 98.595452 75.611201 81.649210
1148.229316 97.808800 75.613165 82.119778
1148.110645 96.949959 76.335118 81.790371
1148.807589 96.563239 76.158106 81.862433
1148.728533 95.844411 76.440835 81.472112
1149.465898 95.032855 76.132485 81.801879
1149.728591 94.203162 76.186459 81.507136
1149.952047 93.937966 76.291335 80.922363
1150.308288 93.198847 75.985572 81.434052
1150.387148 92.353542 76.364609 81.286215
1150.649387 91.331199 76.265633 81.299128
1151.583842 90.390480 75.710020 81.491621
1151.691085 89.613720 76.285155 82.203453
1151.990295 88.819344 76.292797 81.652491
1152.689019 88.246175 75.524508 81.511944
1152.691098 87.089425 75.531648 81.618902
1153.163102 86.876080 75.258813 81.440915
1153.389722 85.894046 75.511472 81.011993
1153.585982 84.994174 75.717421 81.560048
1153.888157 83.927743 75.834845 81.074672
1153.888157 83.404657 75.784462 81.088798
1154.436594 82.857851 75.539587 80.531368
1154.813203 81.637283 75.467285 81.067642
1154.836661 80.948901 75.766264 80.848601
1155.429045 79.793309 75.422256 81.307790
1155.546794 79.456181 75.706074 81.019263
1155.769973 78.466746 75.502401 80.995542
1156.192812 77.762424 75.360665 81.124183
1156.468331 76.773479 75.333137 81.362573
1156.429049 76.310008 75.472158 80.602430
1157.009535 75.838281 75.520961 80.035938
1156.921800 74.557747 75.688435 80.438681
1157.322213 73.527365 75.510919 80.454687
1157.537283 73.077737 75.298302 79.992604
1157.315932 72.183543 75.593060 80.114503
1157.979843 71.233010 74.929150 80.517351
1157.897545 69.753411 75.240700 81.274977
1157.598042 69.040079 75.416898 81.622041
1158.475625 68.704712 75.197048 80.796759
1158.734588 68.069410 74.905348 80.106584
1158.975892 67.180264 75.311628 80.032145
1159.015000 66.146006 75.073655 80.200064
1159.093153 65.567096 75.344359 80.380648
1159.237337 64.772824 75.372919 80.249524
1159.707429 64.234356 74.952411 79.971908
1159.779849 63.404939 75.308747 79.691298
1159.897512 63.194431 75.340122 79.803107
1160.054018 62.697976 75.233444 79.988915
1160.171140 61.957449 75.517887 79.367646
1160.635468 61.208007 75.229975 79.705195
1160.975860 60.556011 75.063253 79.962618
1160.936709 59.749525 75.300950 79.734343
1161.014967 59.116505 75.073655 80.229509
1161.171166 58.161552 75.166255 79.892336
1161.210136 57.321277 75.227343 80.533504
1161.315975 57.112961 75.294303 79.510310
1161.518436 56.164450 75.247143 79.483094
1161.518436 55.493652 74.899958 79.535653
1161.868853 54.609572 74.797117 79.327176
1161.631097 53.979936 75.562465 79.593526
1162.014993 52.979454 75.422511 80.004438
1162.197935 52.480018 75.214677 79.385889
1162.283656 51.467627 75.036289 79.856803
1162.443496 50.886013 75.296131 79.571881
1162.362021 50.578022 75.503462 79.775123
1162.590207 49.916208 75.419006 79.160608
1162.557502 49.396345 75.307982 79.003125
1162.830049 48.701242 75.286601 79.377659
1163.210188 48.287027 75.127285 78.737720
1163.566032 47.365996 74.627523 79.368209
1163.681823 46.622320 74.611462 79.098469
1163.799097 46.482996 74.182565 78.963980
1164.108459 45.912492 74.314556 78.359994
1164.232890 45.448646 74.143975 78.441326
1164.501015 44.917925 74.074042 78.318962
1164.353402 43.788222 74.303091 78.373832
1164.342518 43.468017 74.165023 78.689563
1164.497125 42.859404 74.157055 78.076204
1164.814817 42.147705 74.486226 78.225753
1165.194535 41.585774 73.789784 78.520047
1165.040639 41.015731 74.286928 77.934227
1164.924941 40.732560 74.304177 77.789327
1164.924941 40.074299 74.402626 78.242711
1165.156087 39.301007 74.618451 78.113189
1165.148640 38.945322 74.456525 78.498906
1165.574235 38.167482 74.030931 78.522989
1165.576418 37.477099 74.068466 78.948780
1165.920079 36.865518 73.930685 78.391151
1165.770284 36.294958 73.971174 78.693406
1165.963492 35.601638 74.167426 78.027166
1166.117596 34.955347 74.160672 78.045704
1165.537554 34.142746 75.087235 77.515429
1165.808971 33.365912 74.666841 77.649587
1166.232888 32.690376 74.441720 77.198387
1166.623035 32.492437 73.740454 77.362654
1166.979198 31.811317 73.629218 77.339845
1167.169347 31.185441 73.439070 77.082737
1167.218789 30.330505 73.234011 77.054738
1167.333345 29.630435 73.457681 76.975111
1167.561798 28.936914 73.180678 77.332585
1167.409596 27.968023 73.284392 77.024341
1167.142282 28.106176 73.892627 76.603471
1167.447685 27.109497 73.538303 76.515868
1167.573196 27.124783 73.067924 76.307775
1167.462388 26.090478 73.375971 75.978838
1167.614074 25.291724 73.567302 76.351085
1167.649697 24.674197 73.567914 76.608385
1167.687927 24.083549 73.578217 76.440726
1167.764283 23.213466 73.794739 76.694021
1168.485713 22.894117 73.402589 76.003765
1168.462357 22.283657 73.327272 75.541131
1168.781346 20.961707 73.152143 75.888260
1169.008433 20.069105 73.110163 76.524633
1168.992750 19.423096 73.370747 76.015340
1168.928162 18.813603 73.378801 75.924789
1168.932584 17.799811 73.089326 75.639552
1169.273092 17.163894 72.700608 75.799306
1169.022780 16.410372 73.328882 75.518188
1169.723902 15.621399 72.588941 75.286377
1169.761858 14.559692 73.118817 75.694531
1169.475293 13.486577 72.973037 75.603165
1169.403327 12.750820 73.530122 75.481441
1169.780544 11.660970 72.857735 75.680298
1170.119305 10.770189 73.357281 75.324820
1170.060984 9.976682 73.099252 75.453932
1170.403368 8.900061 72.996384 74.866445
1170.648987 8.021539 72.746298 74.988152
1170.874565 6.794375 72.713966 75.220118
1170.912607 6.076997 72.673814 75.276940
1171.063908 5.138160 72.761609 74.253821
1171.234177 4.478918 72.682417 74.144690
1171.008306 3.447766 72.524950 74.133087
1170.707200 2.606351 72.827266 73.977599
1171.081368 2.205214 72.696269 73.319981
1171.068069 1.471971 72.890415 72.837873
1171.330610 1.081526 73.164433 71.739563
1171.492824 0.394988 73.026206 71.345749
1171.567793 1.111966 72.854320 69.677861
1171.699626 0.499968 73.042456 69.015329
1171.842650 0.479220 72.882541 68.041305
1172.211191 0.473836 71.926332 66.440975
1171.913860 0.182408 72.523769 65.430690
1171.696614 0.000000 72.916092 64.821070
1172.064107 0.000000 72.111380 64.372335
1172.143093 0.000000 71.818373 64.555894
1171.815004 0.000000 72.339717 64.680656
1172.164999 0.000000 72.210892 64.565076
1172.292935 0.000000 72.445137 64.157203
1171.962347 0.000000 72.582084 63.539668
1171.861193 0.000000 72.952701 63.322574
1171.971518 0.000000 73.087034 62.770984
1172.410678 0.000000 72.746269 62.443909
1172.093003 0.000000 72.648961 62.351751
1172.421137 0.000000 72.418335 62.072222
1172.690950 0.000000 72.079628 62.421471
1172.471788 0.000000 72.588027 61.779586
1172.544934 0.000000 72.177695 61.978387
1172.506689 0.000000 72.503950 61.464875
1172.361690 0.000000 72.747423 60.901163
1171.974256 0.101611 73.449715 60.341713
1172.143476 0.003156 73.113897 60.477988
1172.158085 0.000000 73.265886 60.493803
1171.937415 0.000000 73.242235 60.002019
1172.305162 0.000000 73.024966 60.114592
1172.087316 0.000000 73.143560 59.927308
1172.305162 0.000000 73.124526 59.524842
1172.177407 0.000000 73.366611 59.377269
1172.030818 0.000000 73.121323 58.653913
1172.215458 0.978692 72.838794 57.245797
1172.153672 0.193800 73.185626 58.126759
1172.235907 0.488616 73.131330 57.762245
1172.453365 0.258813 73.017806 57.605279
1172.405705 0.632939 73.325361 56.886522
1172.695010 0.257206 72.250898 57.282316
1172.179118 0.846849 73.618546 56.160993
1172.757031 1.444443 72.301743 55.558016
1172.674029 0.441324 72.264483 56.447909
1172.462351 1.345619 72.319045 55.875626
1171.924215 0.472464 73.096907 56.590177
1171.900772 1.564564 72.601748 55.762787
1171.713952 0.316525 72.603485 56.400731
1171.318053 0.552393 72.657220 56.036602
1171.173403 0.588750 72.996933 56.272341
1171.145247 0.588750 72.862291 55.940008
1170.856846 0.588750 73.150692 56.576693
1170.610285 0.372086 73.480592 56.757418
1170.024940 0.186769 73.526143 57.340482
1170.309360 0.448595 73.262003 57.162962
1170.187763 0.997199 73.099325 56.654134
1170.070089 0.000000 73.086212 58.104725
1169.547255 0.113616 73.674793 57.981920
1169.526861 0.189118 73.534737 57.906417
1169.308775 0.000000 73.602769 58.469254
1169.596627 0.792378 72.678008 57.802666
1169.078453 0.000000 73.652619 58.576204
1169.214002 0.761244 72.647381 57.908643
1168.968942 0.000000 72.639515 59.312260
1168.815837 0.000000 72.797546 59.455892
1168.303079 0.000000 73.164682 59.530569
1168.323622 0.000000 72.974924 59.822907
1168.214006 0.000000 73.035671 59.487859
1168.067517 0.000000 72.745690 59.973436
1167.868634 0.000000 72.870586 60.277431
1167.685727 0.000000 72.425537 59.927308
1167.651132 0.000000 72.696287 60.315730
1167.578508 0.000000 72.524928 60.303418
1167.213938 0.000000 72.599201 60.354065
1167.305154 0.000000 72.094325 60.801676
1166.978053 0.000000 72.133166 60.647232
1166.832298 0.000000 72.174056 61.074424
1166.633238 0.000000 72.159423 61.509341
1166.487454 0.000000 72.065779 61.486272
1166.542886 0.000000 71.690925 61.884397
1166.032203 0.000000 72.147420 62.085886
1165.981801 0.000000 71.692921 62.666526
1165.654446 0.000000 71.640015 62.806156
1165.542899 0.000000 71.357076 63.166638
1165.666548 0.000000 71.296502 63.710081
1165.602636 0.102772 71.133509 63.894946
1165.384813 0.171283 70.883841 63.879226
1164.981776 0.405744 71.836767 64.431914
1165.252061 0.816485 70.854618 63.780947
1164.544876 0.725986 71.561204 64.230534
1164.882485 1.004123 71.113660 64.051883
1165.250947 1.072349 70.250510 64.353448
1165.023563 1.167572 69.942066 64.495735
1165.094677 1.235147 69.545685 64.470329
1164.829988 1.471005 69.880817 64.875432
1164.773934 0.120341 69.362498 66.204915
1164.636228 1.715872 69.563722 65.375714
1164.429727 0.368945 69.700122 66.307192
1164.457728 2.197650 69.742222 65.468780
1164.643415 0.442148 69.256510 67.132468
1164.542408 1.599798 69.377544 66.735159
1164.778594 0.516080 69.191203 66.902510
1164.636228 1.668030 68.788614 66.576498
1164.547298 0.264395 69.071661 67.826354
1164.613194 1.985490 68.799393 66.252267
1164.758810 0.754892 68.402643 67.632783
1164.414630 0.866327 68.693064 68.377230
1164.235611 0.840832 68.802593 67.827499
1164.365036 1.294647 68.819803 67.902170
1164.613194 1.679641 68.481084 67.606949
1164.379501 1.617402 68.774294 67.600493
1164.789734 1.688300 68.485984 68.188032
1164.754477 1.733734 68.475774 68.863359
1165.175324 1.779552 67.626437 69.362276
1165.455208 1.886810 67.548770 69.118359
1165.176058 2.100670 67.737900 69.968978
1165.350417 2.245208 67.540855 69.531651
1165.727882 2.389992 67.318096 70.113036
1165.975889 2.714348 67.005177 70.019408
1165.972290 3.001040 66.941059 68.955644
1166.354298 2.948345 66.846510 69.880908
1166.698300 3.660427 66.028300 69.056654
1166.733900 3.568166 66.531873 69.456090
1166.630933 4.017717 66.680916 68.969768
1167.044369 3.946454 66.399903 69.961223
1167.180915 4.183746 66.331584 69.357773
1167.457637 4.449031 66.168978 69.467746
1167.595122 4.806454 66.250915 69.521216
1167.457637 4.941304 66.609589 69.261431
1168.039349 5.155426 66.430494 69.596976
1168.181614 5.368686 66.270767 69.755988
1168.492094 5.500967 66.486497 69.285893
1168.937242 5.613455 65.820886 70.062958
1169.344648 5.753382 65.811597 70.075009
1169.800666 5.717402 65.478522 69.789963
1169.528603 6.112939 65.768701 71.131134
1169.835817 8.878250 65.945593 67.367661
1170.087566 8.443723 66.127761 68.315724
1170.150313 7.104537 66.224368 69.626562
1170.595133 7.279847 65.900666 70.274012
1170.629435 7.892400 66.128651 69.535189
1170.872530 8.658820 65.915882 69.271329
1171.352280 8.942537 65.306822 69.263643
1171.490642 8.947595 65.707720 69.120278
1171.870241 9.198217 65.383829 69.138664
1171.889332 9.447675 65.687893 70.273199
1172.412165 9.840087 65.083613 69.970386
1172.352302 10.352243 65.696588 69.826311
1172.590458 10.588971 65.502103 69.942331
1172.996094 10.767589 65.581285 69.902818
1173.556452 10.898755 65.102619 69.845804
1173.767999 11.539492 65.228236 69.703165
1174.074128 11.889380 65.093733 69.206584
1174.515000 11.432393 64.929471 70.274162
1174.894963 11.996289 64.936668 70.067797
1175.108068 12.794191 65.059831 68.787774
1175.749077 13.326515 64.651841 69.769858
1176.131054 14.119742 64.416287 70.605702
1176.479381 14.950634 64.516855 69.235148
1176.447888 15.015502 64.564453 69.595180
1176.615435 15.617252 64.568915 69.316834
1176.832428 15.693151 64.816575 68.764805
1177.698376 16.142587 64.210556 68.791500
1178.183447 16.387907 64.059352 68.366103
1178.371710 16.403710 64.162299 68.750396
1178.452428 16.878154 64.790343 68.926775
1178.966642 17.687475 64.510430 68.051015
1179.636165 17.977314 63.854878 68.741509
1179.385397 18.203055 64.727758 68.506308
1179.951996 18.548602 64.464497 69.176206
1180.233987 19.141845 64.414997 68.369100
1180.385442 19.665543 64.598806 68.117656
1180.552771 19.959605 64.776757 68.451547
1180.821165 20.136723 65.091265 68.975854
1180.987628 20.701489 65.274441 68.838965
1181.447894 21.063554 64.996555 68.055797
1181.852499 21.655370 64.564012 68.373587
1182.418962 22.108333 64.737380 67.912125
1182.737778 22.527573 64.582072 67.759935
1183.305354 23.150209 64.185674 67.816081
1183.492711 23.546977 64.163187 68.149068
1183.825214 24.205107 64.344742 68.038161
1184.139092 24.284243 64.351932 68.549594
1184.318309 25.112458 64.494898 67.356925
1184.891429 25.361314 63.722076 67.836414
1185.246248 25.620090 64.000477 67.996258
1185.825198 26.170908 64.043676 67.173287
1185.980373 26.178482 63.801794 67.365596
1185.813450 26.315542 64.518673 68.028789
1186.669098 26.515392 63.779029 68.448969
1186.292096 26.942156 64.877836 68.299940
1186.519322 27.641687 64.940812 67.638326
1187.105767 28.437996 64.471260 66.753243
1187.067556 28.681229 64.557054 67.243873
1187.191485 29.001594 64.892079 67.689404
1187.704165 29.532251 64.915947 67.006095
1188.526101 29.658052 64.257435 68.172420
1189.005675 30.136052 64.271534 67.557643
1188.323723 31.045787 65.299430 67.963357
1189.067076 31.381582 64.841850 66.675010
1189.425960 31.674795 64.485753 67.245324
1189.957591 31.661455 63.740787 67.319534
1190.293941 32.498362 63.415723 67.642328
1190.740913 33.437174 63.335930 66.392076
1190.778287 33.824478 63.308811 66.469047
1190.450679 34.197627 64.068899 67.173985
1190.899537 34.992190 63.682646 66.384670
1190.942976 35.777363 63.733859 66.596815
1191.255979 35.508745 63.577853 66.668824
1191.355040 35.854250 63.774557 67.064009
1192.064229 36.857568 63.730668 66.310252
1191.877141 37.364214 64.185797 66.325450
1192.585409 37.721465 63.332630 65.620742
1192.857362 38.147858 63.446377 66.908658
1192.844179 38.597520 63.705127 66.831925
1193.156764 39.129778 63.719177 66.553637
1193.090488 39.862911 64.252446 65.807947
1193.447232 40.234952 63.432412 66.270984
1193.596639 40.786829 63.203528 66.133895
1193.727400 41.429806 63.030774 67.011446
1193.844224 41.469103 63.451987 66.614044
1194.074314 43.090600 63.687855 65.969435
1194.301098 43.613327 63.710030 66.475225
1194.453882 44.749797 63.760823 65.752312
1194.465492 45.420274 63.972685 66.189963
1194.365724 46.281021 64.220262 66.673407
1194.535209 46.746878 64.217046 65.754533
1194.844198 47.102723 64.132468 67.476113
1194.846877 48.014844 64.061162 66.958478
1194.932556 48.512830 64.076839 66.598776
1195.156737 49.445643 63.803470 66.200874
1195.247555 50.199213 63.756367 66.063907
1195.792655 51.479119 63.818297 65.595272
1195.604572 52.258043 63.986261 64.901651
1195.758714 52.696173 64.097632 65.641144
1195.804593 52.817189 64.206542 65.145320
1196.070029 52.640102 63.772195 65.158740
1196.052245 52.321695 64.136412 64.467412
1196.019213 51.754049 64.084170 65.116216
1195.904306 51.515773 64.319521 64.650188
1196.362095 51.112897 63.815741 64.646686
1196.118238 50.671450 64.113178 64.712243
1196.560808 50.130239 63.617028 64.507703
1196.643209 49.656309 63.793399 64.603993
1197.134343 49.794930 63.217707 64.270744
1197.135847 49.425334 63.550206 63.770180
1197.234349 49.123369 63.577959 64.277043
1197.528669 48.650231 63.837699 64.018673
1197.676098 48.182651 64.058564 64.611189
1197.986191 48.074914 63.778719 64.305135
1197.807460 47.473062 63.927203 64.129995
1197.840250 47.106297 63.554029 65.432853
1198.021355 45.862138 63.663756 65.859501
1198.235210 45.481426 63.481025 65.744391
1198.169201 45.216699 63.630950 65.484236
1198.202223 44.807117 63.766590 64.727719
1198.282810 44.477994 63.440096 65.200723
1198.282810 43.830393 63.820591 64.975932
1198.577637 43.302429 63.483216 65.333277
1198.659872 42.921571 63.267971 64.653247
1198.840235 42.553297 63.511785 64.778150
1198.905736 42.384428 63.404093 64.325020
1199.069118 41.225327 63.114575 64.961036
1199.264432 41.132094 63.045397 64.439668
1199.299909 40.727218 63.052438 64.487708
1199.626378 40.390010 63.185931 64.453355
1199.950649 40.287597 63.073399 64.133389
1200.086641 39.819874 62.975666 64.538956
1200.037144 39.450056 63.356672 64.369115
1200.166851 39.507368 63.397037 63.638559
1200.086641 38.676513 63.482294 64.827416
1200.348506 38.192139 62.999354 64.224208
1200.626378 37.732938 62.767439 64.789603
1200.463423 37.329863 63.055237 64.563166
1200.463423 36.753353 63.348886 64.403865
1200.430760 36.183538 63.550807 65.144918
1200.348506 35.970808 63.754914 64.347280
1200.445313 35.587088 63.822381 64.931094
1200.725811 35.316436 63.493960 64.331462
1200.511349 34.866471 63.588561 64.438302
1200.708930 34.534784 63.099948 64.204519
1200.463423 33.611769 63.055237 65.113855
1200.544975 33.379874 63.346387 64.909989
1200.642920 33.142948 63.588533 64.688203
1200.774615 33.074137 63.325295 64.255318
1200.708930 32.702181 63.432821 64.248584
1200.807414 32.258829 63.586819 63.999861
1201.496059 31.319088 63.106166 64.770469
1201.788783 31.139849 62.688198 64.799290
1201.561262 30.971889 62.832554 64.463484
1201.229841 30.777104 63.274100 64.202601
1201.528669 30.306034 62.989990 64.303452
1202.079747 29.928990 62.606306 64.483797
1202.054075 29.795455 63.050064 63.826414
1201.727788 29.738304 63.381111 63.554475
1201.937719 29.238023 63.367484 64.013724
1201.547381 28.645169 63.826242 64.153777
1202.069142 28.275602 63.452280 63.508154
1201.497698 27.844806 64.156582 63.810932
1200.241482 28.126285 65.837932 62.665555
1200.654467 27.747258 65.846498 62.694195
1200.950647 27.284469 65.581900 62.634819
1202.296931 27.238347 64.307825 62.965462
1201.834946 26.829641 65.033948 63.259351
1202.511388 26.841125 64.654879 62.838251
1202.507368 26.232620 64.474200 63.046724
1202.340646 26.018714 64.768572 62.667252
1202.072728 25.747122 65.640320 63.520423
1203.136153 25.199181 64.302023 63.933698
1203.379215 25.031175 63.972799 63.832103
1203.807438 24.896599 63.376248 63.905765
1203.760284 24.680733 63.554060 63.930277
1203.905239 24.830383 63.530134 63.308221
1203.727532 24.066105 63.883987 63.800560
1203.840228 23.865491 64.023175 63.919199
1204.199414 23.971235 63.966838 63.798924
1204.234349 23.673532 63.917576 63.226842
1204.662021 23.180564 63.736954 63.369348
1204.891112 23.119967 63.171188 63.365023
1205.443024 23.086944 62.452536 63.854457
1205.300689 22.987727 62.764140 63.497263
1205.590388 22.531115 62.726974 63.849471
1205.709814 22.855142 62.979813 63.425015
1205.968251 22.531115 62.805621 62.912384
1206.171372 22.340672 62.726457 63.357155
1206.397451 22.236124 62.835464 63.097802
1206.590389 21.752209 62.474441 63.397464
1206.654517 21.554154 63.175151 63.513121
1206.936033 21.818058 63.049611 63.249218
1207.171373 21.653289 62.977371 63.537669
1207.417411 21.322085 63.062821 63.622109
1207.612565 20.756940 62.909418 64.004621
1207.774567 20.790089 63.424545 64.350811
1208.134316 20.905590 63.175516 64.453411
1207.938250 21.071865 63.580409 63.909285
1208.201538 21.038653 63.317121 63.900843
1208.430760 20.938888 63.381548 64.000608
1208.626378 20.938888 63.017735 64.000608
1209.021564 20.922417 62.957245 64.603298
1208.872986 21.138236 63.143452 63.676717
1208.891120 20.823203 63.592701 64.148428
1209.394197 20.772161 62.915620 64.629153
1209.267133 20.705304 63.335092 64.485103
1209.756356 21.038653 63.182783 64.025994
1210.054092 20.938888 62.966425 64.209535
1210.184084 20.872256 63.046025 64.150616
1210.086627 20.604862 63.017529 64.459786
1210.267133 21.005424 63.251526 64.438273
1210.299909 21.435759 63.639230 63.838806
1210.561262 21.138236 63.124791 64.347914
1210.950649 21.402790 63.158569 64.253846
1211.216517 21.673900 63.055683 63.783394
1211.571935 21.407115 63.039616 65.058700
1211.315638 21.542138 63.365315 63.958394
1211.430760 21.773585 63.721165 64.394106
1211.971171 21.576004 63.592745 64.045542
1212.168701 21.793645 63.643607 64.469542
1212.118246 21.846086 64.113178 64.764722
1212.262428 22.201909 64.083412 64.380094
1212.610272 22.381983 63.792841 64.355179
1212.643175 22.315298 63.963319 64.506420
1212.953122 22.437240 64.022843 64.604651
1212.886918 22.838142 64.131456 64.077512
1213.052262 22.838142 64.437082 64.288241
1213.052262 23.235814 64.437082 63.848279
1213.184135 23.139849 64.348443 63.557713
1213.346106 23.147316 64.560351 64.525523
1213.560801 23.130559 64.641309 64.119560
1213.953131 23.573896 64.493076 64.365243
1214.029125 23.802193 64.784296 63.941666
1214.162577 23.802193 64.822917 63.941666
1214.229170 24.001942 65.147486 63.992364
1214.494671 24.298417 64.925793 63.629006
1214.554578 24.068350 64.805522 64.221201
1214.626869 24.431404 64.925440 64.207757
1214.970698 24.730893 64.683635 63.679072
1215.217071 24.597931 64.489113 63.828989
1215.213541 24.863491 64.350384 63.316097
1215.246725 25.521238 64.832686 63.071866
1215.577348 25.911632 64.632470 63.186472
1215.706700 25.420041 64.616629 63.507566
1215.654465 25.428741 64.619738 63.685186
1215.587856 25.757615 64.901445 63.694261
1215.754202 26.058784 64.778333 63.715772
1215.820583 26.456841 64.929108 63.817812
1215.761136 26.265047 64.838760 64.156091
1215.828268 26.697861 64.942324 64.059542
1215.962266 27.356376 64.722846 63.401028
1216.180315 27.944268 64.855751 62.782931
1216.379227 28.173820 65.005416 62.495371
1216.872201 27.546808 64.279724 63.284196
1217.004203 28.055688 64.491647 63.103104
1216.971235 28.258504 64.698233 62.573324
1217.134324 27.745664 64.864221 64.247381
1217.162588 27.629530 65.214079 64.206718
1217.235778 27.372929 65.461940 64.154045
1217.269429 27.742282 65.211859 64.707654
1217.347500 27.787300 65.194981 65.321409
1217.757690 27.652330 64.714023 65.327131
1218.195080 27.719859 64.390925 66.133095
1217.891063 28.044105 64.409048 65.635547
1217.778388 28.406690 64.983773 65.467574
1217.757690 28.859748 64.930029 65.376030
1217.556943 28.859748 65.087443 65.724006
1217.857760 28.806313 64.700155 65.660834
1217.690861 29.061621 64.867055 65.918936
1217.791065 28.667030 65.070720 65.717915
1217.764547 29.381461 64.945076 64.999747
1217.812044 29.235705 65.164641 65.417717
1217.990866 29.319735 65.046090 65.400934
1218.314174 29.387975 65.009295 65.374971
1218.051547 29.659965 65.035650 65.145309
1218.280864 30.031623 65.129989 65.200740
1218.389058 30.300198 64.571173 64.505076
1218.328912 30.311371 65.533452 64.840228
1218.523421 30.992795 65.077725 64.218654
1218.571142 30.940505 65.126545 65.135281
1219.189867 30.762902 64.759391 65.551356
1219.480410 31.100818 65.106023 65.429358
1219.690833 30.955541 64.694917 65.511491
1219.724261 31.235365 64.920097 65.165058
1220.214176 31.268947 64.420101 65.002344
1220.295698 31.260515 64.603650 65.979439
1220.321710 31.455824 64.596320 65.725322
1220.447244 31.762457 64.658982 65.504110
1220.712269 31.524127 64.480648 65.487010
1220.613053 31.999670 64.885489 65.224160
1220.990860 32.269419 64.138750 64.911727
1221.395288 32.155796 64.119677 65.102825
1221.295702 32.291055 64.689818 65.521440
1221.314167 32.129778 64.533594 66.112647
1221.734235 32.468691 64.318196 65.469179
1221.604601 32.559242 64.833613 65.974652
1222.024104 33.064035 64.318820 65.105752
1222.103141 32.964028 64.594592 65.597148
1222.280832 32.997908 64.395956 65.606376
1222.380715 33.099425 64.595937 65.634629
1222.778241 33.064035 64.676370 65.784375
1223.156705 33.234300 64.314974 65.485546
1223.513625 33.268162 64.463073 65.293014
1223.811266 33.200729 64.731201 65.533325
1224.123602 33.471746 64.391164 65.120142
1224.366973 33.652781 64.287358 64.680068
1224.494638 33.379874 64.361677 65.078803
1225.202220 33.176333 64.107157 65.365076
1225.922849 33.268162 63.731451 65.552712
1225.970633 33.312912 63.787489 65.396558
1226.629318 33.381065 63.381790 65.118508
1227.032673 33.615714 63.370429 65.183828
1227.446815 33.615714 63.025444 65.442308
1227.675490 33.582100 63.215841 65.046458
1228.458944 33.582100 63.062431 64.918950
1228.756356 33.716451 62.971723 65.298322
1229.000318 33.682898 63.018053 65.116643
1229.620499 33.481083 62.816111 65.062394
1230.176331 33.510166 62.805237 64.868141
1230.620483 33.576910 62.563227 65.016221
1231.368931 33.307084 62.359148 64.875472
1231.378374 33.270937 62.935975 65.421435
1232.097289 33.379874 62.709650 65.248684
1233.133584 33.141464 62.430307 65.755280
1233.491291 33.109010 62.902945 65.519548
1234.097307 33.075046 62.625572 65.510927
1234.394235 32.972985 62.873516 65.319895
1234.935514 32.871624 62.661767 65.463935
1235.523647 32.837799 62.492814 65.412436
1236.005853 32.770080 62.430736 65.310326
1237.131435 33.409885 62.321184 64.209043
1237.956522 32.803020 62.114270 65.110795
1238.368931 33.304189 62.655116 64.780727
1238.691415 33.175097 62.910810 64.236721
