339.000000 978.000000 203.000000 101.000000
339.243786 973.131611 205.194755 104.233011
343.817219 969.769600 204.514740 104.608543
347.165350 965.561768 204.584097 106.153910
351.492854 962.171110 203.687937 104.784542
355.134956 958.668685 204.509948 108.664560
358.205120 954.520252 205.948892 107.045202
361.734503 951.063944 205.254583 105.015880
364.755846 947.399295 205.519420 102.801893
367.464417 943.940996 206.434255 101.902056
374.357812 939.624231 202.613961 103.133168
375.179631 935.732110 205.954448 103.404189
382.397143 932.471708 201.715987 102.884150
389.123755 927.937594 198.703352 103.896846
391.286890 925.453032 201.022822 102.013106
394.286903 922.008271 202.241760 101.540719
399.247222 918.421628 200.907485 101.549853
403.221784 915.179915 200.915667 100.935820
408.333644 911.997876 199.775919 99.762287
411.094334 909.340409 200.505454 99.189480
415.183161 904.563492 199.772989 99.987631
417.820888 901.238460 201.636272 99.432981
422.202473 897.587952 200.703470 99.629477
426.703954 893.594076 201.293890 100.738729
431.609609 890.297770 199.926812 100.574999
435.408475 886.971484 200.823742 100.732087
439.177755 883.582450 201.761656 102.258360
442.965524 880.107835 201.973782 101.598162
446.442560 876.483076 207.487929 100.478627
450.688434 873.190051 202.023632 99.057794
456.018034 869.301841 198.817984 99.288145
459.532842 865.728014 198.201292 99.624319
463.523236 862.791957 198.269405 98.764807
468.021263 859.546799 198.133691 97.050655
471.839282 855.489118 198.433012 97.685455
476.804774 851.584590 198.712561 97.690226
481.055030 848.455787 198.283036 97.602915
485.446944 845.169444 197.862902 97.252831
489.679324 841.443787 197.635087 97.016124
493.857835 837.195356 197.456582 98.022397
498.464985 834.113268 197.241422 97.093195
502.696543 830.450333 197.296408 97.294157
506.874309 826.579711 196.624657 96.670358
510.484430 824.056796 197.158194 96.682382
514.662277 819.992838 196.347817 96.780830
519.119475 816.297882 195.566856 96.327609
522.775734 813.491635 196.096248 96.020764
526.468305 809.336033 196.782093 96.776337
530.928595 805.940016 195.661985 96.306113
534.645241 802.392267 195.621817 96.138173
537.313150 800.099907 196.605030 94.983134
541.420982 795.818165 196.101759 95.783578
545.379781 793.031509 196.027175 94.669282
549.011247 788.715177 196.140270 95.402864
553.394429 785.635871 195.128301 95.106716
556.302937 782.115551 196.428373 96.007468
559.402320 778.696122 196.376636 95.773156
562.134624 775.346053 197.132428 94.719852
570.999303 772.387414 190.710143 95.163357
574.577047 768.577346 191.117258 93.909691
579.587640 763.580012 189.352757 95.020584
580.652579 760.620160 191.278018 94.002111
583.511843 757.298668 190.419840 93.867654
585.751836 753.438414 190.775181 93.956147
588.435905 748.808580 190.494681 95.119947
591.458042 745.364520 189.477115 94.560021
594.098885 742.302382 190.159305 93.715228
597.185526 738.699128 189.804526 93.049971
599.223257 735.120030 190.486250 91.960239
602.147160 730.528415 190.426455 94.184746
604.262200 727.048579 190.870321 93.485233
607.262179 723.809426 191.954624 94.878471
610.121059 720.038334 192.239411 95.452015
611.666517 717.723291 193.298572 94.115886
613.666515 713.878642 204.414690 95.500988
617.169962 709.893846 195.032067 98.944740
616.943866 706.654409 191.536945 94.030292
620.718504 702.807854 190.422018 93.244974
621.583172 699.242532 192.002588 92.821531
624.511834 696.072320 191.835047 92.141859
625.715332 692.836406 193.740118 92.861873
635.818681 690.123357 185.555409 93.535445
632.352894 686.034151 191.523981 93.269784
635.001254 683.362900 190.526679 91.956935
635.215290 680.352036 192.494204 92.041555
640.478703 678.111414 189.927485 91.591650
643.842524 675.373000 188.922527 91.488228
644.410219 673.869390 188.432862 89.481658
646.262078 671.517416 187.664677 88.748875
648.004181 668.126149 189.015692 89.558622
650.433727 662.949520 188.216555 91.090395
652.617608 658.994528 187.850510 93.278865
654.475246 657.186894 187.888916 92.798932
656.628075 653.892676 187.469677 93.835363
657.805558 651.540149 188.733832 92.699566
658.244344 649.180429 186.117076 91.953445
660.374271 646.247484 192.777479 92.795480
664.164643 642.955066 188.096347 92.307332
664.844408 640.980082 188.128984 92.491320
667.654047 638.810549 186.711328 91.804942
668.689589 636.415179 187.056147 91.994422
670.907163 634.568704 185.461795 90.472098
671.071695 631.352087 188.148229 91.272040
673.682013 628.982646 186.229154 90.634519
674.687668 627.080321 187.356671 90.805724
676.605209 624.345364 186.343798 91.170240
678.775463 621.589930 183.639594 90.721746
680.304529 619.452721 184.183556 91.171144
681.351777 617.391642 184.098160 90.759046
682.414282 615.423316 184.293750 90.991848
682.282456 614.872088 186.375827 89.594066
683.136891 612.801559 186.603709 90.243612
684.687657 610.887532 185.526091 89.686920
685.472139 608.862289 186.968169 88.980771
685.190237 606.527918 188.702042 89.677675
688.203713 604.898653 186.526667 90.038526
689.089724 603.542673 186.560882 89.449745
691.831656 602.395324 183.612183 88.914649
690.785115 600.841000 187.200958 89.359799
692.601959 599.820029 185.983673 88.594503
694.013602 598.463703 184.338635 87.905706
694.156504 596.959172 186.850585 88.245972
696.351791 595.722061 184.098160 88.432521
696.747688 594.109307 185.673633 88.674484
697.681465 592.676873 184.515518 88.322283
696.956616 591.375275 187.352725 88.512508
698.414370 589.872683 186.305672 89.066980
700.351770 588.615871 185.219865 88.642883
700.844786 587.207545 185.626710 88.837921
700.997977 585.932942 185.439838 88.852065
700.459825 584.994203 187.934738 89.366683
700.004428 583.865105 189.122477 88.810262
702.862019 582.857840 187.261491 89.291056
701.108196 582.030163 191.203488 89.120691
708.037363 580.948561 182.930660 89.408215
707.914003 579.533257 185.316487 89.506906
708.833839 578.615887 185.415362 89.799293
710.259269 578.763439 184.861297 90.260088
711.768059 578.351261 183.648248 89.489266
711.312616 579.458693 185.253533 87.745703
714.930753 579.164221 183.249156 87.022480
712.284165 576.172131 184.045099 88.924681
715.267042 576.164209 184.759694 90.044395
716.174251 574.688165 183.669901 90.864986
714.678189 575.242602 184.566121 88.804526
714.899556 573.844442 186.756512 90.739861
714.895879 574.061787 186.161529 90.985895
717.293465 573.644745 185.569717 91.490115
716.391332 573.281549 186.099769 89.815772
716.814143 573.238805 186.712032 89.763253
718.004171 572.552332 188.683103 89.923343
718.038939 572.275593 189.494148 89.133988
718.951961 572.510490 186.930139 89.072064
719.814152 572.437112 186.518583 89.844150
720.747238 572.549082 185.933681 88.919753
720.550058 572.344934 187.409872 88.914835
722.328792 572.478331 186.715279 88.570309
722.119675 572.570630 188.165155 88.805226
722.959383 572.980224 188.558198 88.281620
724.489842 572.780520 187.747489 88.909649
724.887502 573.570933 189.072039 89.529236
725.386364 573.560807 188.688671 90.214415
727.360044 573.829388 187.976366 89.765587
728.314271 574.418432 187.764524 89.433626
729.218804 574.488952 187.648652 90.105643
729.376934 574.583216 188.421126 89.526571
731.004176 575.290951 188.514129 89.575341
732.227798 575.837952 187.915900 89.703107
733.928262 575.752574 187.654114 90.858000
734.559775 576.661213 187.994526 90.662773
734.457021 577.711283 190.077021 89.302700
735.457036 578.331374 190.208985 89.155299
736.804872 578.702183 190.059491 90.899055
738.351680 579.149306 189.078322 90.878700
738.788182 580.122802 190.154389 90.951151
740.091193 580.711902 189.867235 90.864771
740.538014 581.392680 190.880734 90.382327
742.250443 582.560117 190.048705 89.796601
744.004224 583.222687 189.533122 90.519756
745.164150 584.172774 189.648550 90.569658
746.497162 584.770441 189.261834 90.971980
747.757691 585.821055 189.594895 90.811230
748.555586 586.392680 190.058945 91.375598
749.830195 587.734513 190.592939 91.200778
750.288444 588.501335 191.541157 91.461039
752.266332 589.443516 189.978229 91.461690
752.726491 590.684828 191.636539 92.035218
756.445108 591.965578 189.077452 91.632915
754.977673 592.781630 191.185796 91.764754
754.042867 595.551898 194.407109 91.036229
762.738317 596.603804 186.537105 91.324028
762.494517 596.647280 189.310465 92.203413
761.584882 598.334312 192.377779 92.611457
763.638060 599.277938 191.763011 92.968107
768.243762 601.808842 188.888838 92.079710
766.106385 604.996179 192.653535 90.364267
768.249977 606.048112 191.596477 91.079297
768.151065 607.726153 191.603622 90.486240
770.193639 607.774684 190.508258 91.494544
772.019584 608.552216 190.749066 93.433141
773.234086 609.612042 190.352173 92.792177
773.811181 611.816881 192.102185 92.242770
776.040415 612.704276 191.957429 93.071016
776.543062 615.671500 193.522092 92.371435
778.249094 617.504658 193.698727 91.535409
779.163902 618.833680 195.523007 92.186220
782.401688 620.835286 194.108581 91.761284
781.838657 622.468646 195.167315 92.401165
785.418851 624.192409 191.593364 91.726974
786.583167 625.569155 192.203810 92.037885
787.916367 627.238829 193.015459 92.178676
791.075620 628.833657 191.729658 92.412385
790.679998 630.009802 193.779766 92.652350
792.426149 631.726799 193.860283 92.346924
796.010033 633.468672 192.616166 93.090212
806.078766 634.647352 184.264123 93.409858
816.646988 636.939253 175.696616 93.488508
822.149006 637.209989 171.514358 94.940769
802.991966 637.592352 194.332047 96.456949
804.858563 642.722817 194.252355 92.758546
805.335034 643.436787 194.947214 93.674938
808.337814 643.383671 193.903882 95.988508
806.899025 644.587401 194.827558 96.658794
812.930024 648.466447 191.828617 94.185522
811.394799 649.340924 192.090599 94.643302
814.121088 652.167131 192.920685 94.261250
815.713302 655.068497 194.876917 94.593846
817.653447 656.627192 196.240810 95.266995
820.262280 658.870623 195.122096 96.317960
821.993604 660.058643 196.695868 97.180807
824.480310 662.523698 195.845878 97.966554
826.570189 665.213489 199.741094 97.975071
827.798332 667.940103 199.472451 96.497066
830.100002 671.177872 196.740570 95.504582
832.238853 673.001714 194.458979 95.003040
834.229522 675.002020 195.232144 95.892656
836.283669 676.430057 195.044973 95.871590
838.817380 678.738027 195.614176 96.506038
840.776946 680.898311 196.447088 96.395583
843.202403 683.309806 196.348598 96.696254
844.818413 685.058740 197.059555 98.495756
846.760496 686.789910 197.544901 99.102284
848.589684 689.055957 197.756907 99.133654
851.314261 691.582445 196.893930 97.746901
852.822634 693.369930 197.655315 98.693104
855.097382 695.576196 197.601422 98.048097
856.218902 697.575328 198.600787 98.594155
859.223869 700.108867 198.026806 98.166449
860.644484 702.898090 198.776794 98.098730
863.705594 704.576169 197.943222 98.167424
866.006961 706.845695 198.109647 98.513354
867.799248 709.423874 198.989300 98.644228
869.562027 711.844241 199.640530 98.672156
871.532303 714.526936 199.921374 98.770855
874.027324 716.738764 199.558595 99.072366
876.599392 719.423046 199.036027 98.874749
878.196961 722.786053 199.515539 98.336273
881.742534 724.942653 198.530224 99.271374
883.288324 727.705220 200.477244 98.972730
885.111142 729.951845 200.685244 99.705354
886.873685 732.044033 201.618422 100.236981
888.955395 736.005584 202.224466 99.252503
890.972358 738.052087 202.677836 100.239886
894.704088 739.928262 204.643224 101.677232
897.528836 742.929249 204.627849 101.782716
901.208012 745.415826 202.312494 102.509185
903.176689 748.208348 203.004806 102.103790
906.192263 751.758328 202.180710 100.934303
908.422424 754.275742 202.649432 101.883846
910.907729 757.602571 202.412592 101.614971
913.638452 761.026206 202.584501 102.150840
916.178958 763.413897 202.714892 102.996641
919.542679 766.378888 201.883387 102.289343
922.044125 768.383745 201.892326 103.661000
924.260652 771.144029 203.455978 103.878874
926.817271 774.444400 203.715492 103.787067
929.885145 777.052538 203.069770 104.009769
931.976825 780.683624 203.485171 103.528643
935.650028 784.252997 203.466610 102.495227
938.191416 786.423084 204.004022 103.430030
941.696355 789.887755 202.547203 104.094578
944.478327 793.237239 202.810158 103.462641
946.639120 797.293922 203.510036 103.971911
949.154686 800.061288 204.852391 104.545651
951.609341 802.898664 205.832088 105.029592
960.167083 806.806125 200.595726 104.551747
962.089757 810.153839 202.548183 104.429252
965.094256 814.420423 203.515904 103.301659
968.569406 817.369000 203.657929 103.407101
972.650012 821.628893 202.671926 102.339331
973.798284 827.047950 205.389356 100.577629
975.991841 828.807878 205.924834 102.543713
979.739252 832.219503 205.759252 103.016966
983.825280 835.099583 205.126597 104.137172
988.383284 837.746326 203.261062 105.135371
992.505019 840.239286 203.701389 103.844538
995.247797 843.796452 204.686532 103.544332
997.558237 847.232131 206.853148 103.884473
1001.000635 850.612016 206.968859 105.762540
1005.205101 854.029674 207.795572 104.826648
1011.821852 857.804931 207.684653 105.131657
1021.651172 860.051559 202.349538 106.695901
1027.234150 865.078791 206.044359 106.491814
1033.561122 866.319296 209.168920 107.070610
1048.054900 870.077257 206.018403 103.606157
1062.265969 874.019431 204.201742 102.048213
1073.460443 877.387571 207.096093 101.611546
1089.590599 881.191365 202.899208 104.953098
1103.616633 885.293762 203.530330 103.587660
1116.791238 890.158956 205.145170 101.228961
1129.514497 892.253011 206.520931 103.876814
1144.675839 895.476917 208.869860 105.793653
1159.448184 899.673821 210.071755 105.677074
1177.150174 903.410634 205.084774 106.102552
1191.814577 906.787898 210.765720 107.047270
1207.390540 911.124348 211.782775 106.815304
1223.991995 915.906519 209.481871 105.406655
1239.597231 919.474895 212.462699 105.209855
1257.096095 923.370161 213.104971 106.586921
1273.647169 926.873479 208.985753 109.402679
1287.574736 931.941109 213.912363 108.696054
1302.070899 936.121315 210.646153 108.904619
1314.221012 939.902453 212.475659 110.147949
1327.434183 944.131696 210.634993 108.950216
1340.039691 948.117023 213.068675 110.182744
1354.070853 952.949567 210.890004 111.554725
1364.043365 956.926273 213.101826 110.549088
1375.119827 961.173864 214.371768 110.657009
1386.638831 965.667721 217.204228 109.762264
1398.484779 970.386056 216.863051 105.578961
1411.877396 974.166599 217.952072 103.537239
1424.784565 979.471565 215.674156 100.528435
1436.371161 983.257730 215.327820 96.742270
1445.368638 988.806206 217.917940 91.193794
1455.578154 993.739567 219.013936 86.260433
1466.381238 997.083884 219.784791 82.916116
1477.307861 1000.933267 221.102329 79.066733
1485.485787 1006.133485 224.290635 73.866515
1495.888935 1010.030515 220.926363 69.629540
1504.319125 1015.296690 221.334597 64.574379
1517.941297 1020.538813 215.481329 59.461187
1526.838694 1024.271457 214.611457 55.728543
1534.333442 1030.807648 217.209069 48.694539
