1299.000000 762.000000 129.000000 298.000000
1296.734106 756.850151 130.126259 298.782811
1298.263722 748.429910 127.873046 301.254721
1296.232727 740.622705 129.241303 300.426588
1294.655233 734.593400 129.189313 300.353946
1295.058304 729.789783 128.725017 299.018339
1293.871068 727.650543 129.069441 297.745320
1291.408944 725.073447 130.245850 297.497178
1291.031689 725.196938 130.308523 295.690966
1290.214472 724.850448 129.979830 296.130937
1288.728931 725.297646 130.534772 295.047158
1286.983088 725.858854 132.553691 293.634470
1286.636398 724.388958 132.347546 293.930526
1286.150285 726.477959 131.890094 291.073206
1285.716583 727.344208 129.958674 289.658960
1284.191938 725.034269 130.424439 293.975748
1282.141097 725.503538 132.459302 291.265210
1282.043533 724.808954 130.688547 292.902680
1280.881979 723.610289 130.219972 291.684356
1279.776182 724.554538 130.005734 291.677877
1278.936787 722.968245 130.055831 294.169277
1277.141132 724.081722 131.308563 289.272283
1276.129034 724.162285 130.922455 288.180185
1274.868498 722.652292 130.453769 289.531978
1273.290492 720.582524 130.409468 292.426064
1272.039657 722.202719 130.681480 286.652398
1268.828466 720.055941 132.543136 288.031401
1268.129080 720.865877 132.068421 287.314095
1268.888281 722.210538 129.435246 285.155919
1266.384755 719.723044 130.186865 285.078995
1264.223495 720.083123 130.907585 285.158246
1262.705967 721.440044 130.862409 281.968542
1259.767296 721.655203 132.549648 280.326796
1258.484011 720.030752 131.767412 281.827183
1257.547032 719.844523 130.925014 281.109282
1255.001314 720.894332 131.596640 278.120827
1254.196324 719.330163 131.089644 280.891479
1250.252381 719.231345 132.682090 278.016351
1249.714289 716.837600 131.730213 280.538881
1247.742719 717.992120 132.074098 277.958495
1245.847118 716.914958 131.865284 277.687773
1244.557547 716.908012 131.220652 277.045001
1242.180355 716.630722 132.077828 275.796833
1239.011730 715.472358 132.077801 275.241150
1238.785123 713.950385 130.604321 281.654967
1236.808877 713.180668 130.227971 275.639190
1234.513648 711.474506 131.213832 274.975281
1233.631121 707.042134 129.953675 277.972929
1230.279343 710.199671 131.614317 271.875867
1228.790376 710.200933 131.905179 271.373870
1226.629745 708.069304 131.489438 269.373688
1225.505142 705.073100 129.294613 270.338325
1222.985541 704.419015 131.288072 269.604001
1220.266010 704.678610 131.323296 266.355402
1219.215537 701.917408 129.888662 268.251739
1216.261713 701.103994 129.997296 267.237020
1214.165514 700.715709 130.146533 265.522631
1212.029427 698.330788 130.390114 265.693284
1210.236577 696.177179 129.762747 266.074099
1207.761703 695.298255 130.451788 264.453788
1204.658325 691.625787 130.827957 265.685052
1202.272927 692.877774 130.743421 262.833691
1199.737122 689.114720 130.151816 264.229087
1197.674936 688.708514 129.869894 262.755054
1195.542560 687.134214 128.907647 261.530111
1192.984343 684.584787 128.867547 260.949097
1190.270126 685.395507 129.332777 257.700142
1186.862629 682.241498 130.191342 257.725712
1185.186675 681.762495 129.597067 256.034270
1181.959965 680.405553 129.933240 254.568222
1178.661818 679.862707 130.422577 252.817338
1176.216013 677.929817 129.693167 253.053784
1174.116831 677.139308 129.282153 250.809980
1171.197589 675.396099 129.151356 251.205185
1168.275762 674.507772 129.714813 249.869935
1165.551591 673.640022 129.357346 249.099589
1163.041440 671.825938 128.987971 248.931917
1160.258497 671.120407 128.808304 247.659034
1157.207993 670.352200 128.699558 246.248869
1154.697613 669.339748 128.116635 245.424079
1152.241471 667.828578 127.445673 244.899329
1149.260769 666.752453 126.973736 243.733814
1145.247365 666.186196 128.968032 242.647412
1142.797673 664.474761 127.419393 242.785867
1138.971457 663.988376 128.302495 240.840265
1135.940348 663.575830 127.658612 240.014621
1132.388724 662.356245 128.041137 239.279326
1129.225733 661.497216 128.636142 238.044045
1125.816923 659.969075 127.886643 237.073638
1123.076132 659.095310 128.032105 236.142711
1120.323523 657.999527 126.614686 235.615132
1116.496657 657.209872 127.671881 234.806485
1112.903999 656.253057 127.417178 233.831881
1110.166638 655.087470 127.121518 233.400029
1106.374455 654.558614 126.902826 232.524355
1102.717255 653.605849 126.261951 231.296675
1099.015779 653.324910 126.936191 229.865818
1095.913944 652.181182 126.384623 229.207603
1092.618468 650.999412 126.066987 229.528051
1088.340399 649.543469 126.859693 229.115495
1084.638130 649.121790 128.092943 228.289849
1080.632512 648.620419 127.547884 227.864618
1077.800015 647.506665 127.488698 226.972998
1073.073405 646.052701 127.546034 226.364388
1070.700037 645.717911 126.070893 224.901056
1066.436984 645.433128 127.859335 224.073652
1062.805383 644.525948 126.245992 222.461800
1060.331917 642.900578 125.985331 222.137758
1057.253214 641.395391 126.053346 221.219305
1056.437574 639.592445 124.349956 220.092390
1055.549067 637.663578 123.962529 219.872174
1056.085053 635.604271 124.087522 218.300802
1057.559256 634.355941 123.829762 215.766173
1059.919106 631.313212 122.736512 215.117057
1060.585991 628.186011 123.163379 215.134238
1060.995782 625.446838 122.421505 213.537460
1062.236936 622.538650 121.860263 213.169111
1064.035407 620.176438 120.823683 211.778891
1063.687709 617.185807 121.578792 211.533134
1065.669768 614.380424 120.085651 210.080409
1064.760801 612.316330 120.789138 208.254806
1064.389416 608.537245 120.875915 208.244925
1064.609227 605.758722 119.760278 207.579724
1064.602217 603.112806 119.201655 207.037578
1063.429462 599.785422 119.195052 207.307959
1062.723102 597.582885 118.630594 205.780314
1061.654396 595.447815 118.072964 204.398913
1058.718380 592.880495 119.441968 204.113447
1055.053684 591.431341 120.418233 202.361352
1052.249757 589.303836 119.847662 201.646728
1048.496704 587.002113 120.031105 201.650628
1044.820231 585.395501 118.946595 201.100261
1041.240100 583.813879 119.378468 200.061213
1036.964556 582.758805 119.001610 199.091559
1033.997832 581.283147 118.809194 198.073627
1030.176402 580.258189 119.192757 197.139319
1026.697268 579.121810 118.759430 196.437144
1022.818584 578.924353 118.915283 196.281755
1019.758076 578.790222 118.300607 194.463153
1015.256400 578.813054 118.186981 193.657667
1011.863903 578.447773 118.329675 192.785298
1008.153030 577.372149 117.587297 192.294554
1004.076696 576.276588 117.878608 192.432982
1000.909536 577.397170 117.111319 190.163436
997.429205 577.151214 116.647916 189.490933
991.942680 576.856624 117.917501 188.556916
988.699747 576.331313 117.520105 188.107373
986.446909 576.416164 115.339962 186.719311
983.309628 576.930518 115.724659 185.882922
979.073863 577.279742 115.747355 184.614027
975.768589 576.512526 114.796257 184.282301
973.245928 574.495006 113.525428 185.518999
970.112735 573.074925 113.852636 186.345605
972.738541 571.373297 106.075552 187.533718
963.722181 573.680116 112.112972 184.989404
958.098859 576.142293 115.184880 184.049089
953.193020 574.714917 116.603146 185.088527
950.339909 575.781757 115.253394 182.877062
944.448295 577.146534 115.447272 181.788947
941.219743 579.116752 108.065975 179.723569
939.314877 578.592234 113.419799 194.653385
936.411101 579.907009 113.389786 190.931866
931.907742 580.758290 114.855629 180.393685
929.481675 582.232782 112.484727 173.065956
925.010913 582.825219 112.391231 173.922474
922.440273 584.572455 111.649323 174.845404
918.459092 585.581164 111.999543 174.369146
914.972882 587.572456 111.466456 172.724611
911.852550 589.007288 111.314923 171.191761
908.750124 590.186172 110.605273 171.051177
905.924311 606.717009 109.613037 170.353349
900.896116 607.746363 111.624926 168.911912
897.909398 610.585710 110.391727 167.872691
894.867931 612.837451 109.471532 167.499932
891.488854 613.225904 109.718863 165.889510
888.129639 616.054068 109.870706 166.157295
884.523686 618.509310 110.007238 166.374052
880.721248 619.536764 108.963068 164.280945
877.580853 621.629889 108.421967 163.844132
873.866126 624.674939 108.125248 163.781128
869.057767 624.312237 109.977791 163.430634
867.017795 627.277011 108.578710 163.416063
863.909208 628.917355 108.184488 162.877965
861.906816 627.682240 106.594397 161.858861
857.241509 629.232475 107.498021 160.762023
851.178420 631.302824 110.221254 160.320482
849.507138 630.049485 108.152729 159.893295
846.798752 631.202263 107.948561 160.218717
843.488480 632.232492 107.758289 158.894164
840.913138 629.941137 107.079179 158.957834
837.913174 631.143316 106.404762 157.466902
834.392166 631.954887 106.199882 157.099128
830.691691 631.427142 106.024061 154.740871
827.730691 632.260415 105.464358 153.842043
824.981868 632.261304 104.042112 153.600509
821.943593 628.890644 104.464149 153.545536
818.798872 627.183791 104.143004 154.309815
815.871106 627.454123 103.504150 152.302329
812.596052 624.239589 102.513079 151.698818
809.284245 623.919476 103.211505 151.180021
805.929211 622.553208 103.145990 149.173068
803.944285 618.722461 101.630910 148.824176
801.044116 617.780767 101.753628 147.864870
797.546294 614.955730 101.094720 147.505194
794.724452 610.834943 100.976690 145.945197
792.553679 606.727386 100.292618 145.589512
789.623473 602.436527 100.114305 144.701217
786.908660 598.353077 99.639162 144.208740
784.864632 592.262906 98.440692 141.776841
782.316880 586.173090 96.745211 142.989835
779.456386 582.608640 96.729011 141.245531
776.689297 575.101485 96.221602 140.759995
773.839344 569.242200 96.444290 140.778350
770.967815 564.279054 96.196058 140.389130
768.746466 557.726431 95.691076 138.923812
765.814160 552.213462 95.339907 138.755733
763.762070 546.872603 94.883272 138.332947
761.030294 540.492252 93.982737 137.121484
757.684794 535.637207 94.602488 137.572453
755.743989 530.204576 93.333985 135.766330
753.148351 523.712051 93.800429 135.693610
750.950055 518.163205 94.046797 135.310450
748.793187 513.407010 92.805758 134.191001
746.805514 506.343798 91.961287 132.858522
744.429790 500.953361 92.245657 133.969762
741.354582 495.910084 92.668168 132.386235
739.379029 488.959611 92.288713 132.708771
736.946405 484.857015 92.031202 131.536494
734.892654 479.809942 91.539780 129.960686
733.172161 472.933493 90.663397 130.642802
730.868616 468.106106 90.241418 129.728718
728.932576 463.273988 89.628270 129.372926
726.719123 457.247495 89.628831 129.653905
724.599552 452.693990 89.796595 127.957147
722.393311 448.190861 89.855336 127.736411
721.010141 441.811344 88.449566 127.014564
718.312800 437.572965 89.231920 126.646833
716.729297 433.471746 88.340880 126.032010
714.949025 427.343586 88.322714 126.558370
713.236648 423.632656 86.843467 124.769246
711.177374 419.267519 87.253042 124.037899
709.881367 414.238157 86.230375 122.954868
707.476681 409.689639 86.230065 123.066611
705.736202 406.003854 86.028215 122.638136
704.379978 400.076700 86.071707 122.404548
702.318188 396.583246 85.472465 122.184623
700.613469 392.212351 84.852985 121.059136
698.701761 387.711085 84.646576 119.863555
696.175437 384.045817 85.383717 120.016135
694.927795 380.861320 84.647278 119.438380
693.524325 375.642102 83.940390 119.528736
691.795362 372.399247 84.147341 118.939604
690.073771 368.442340 83.598697 119.175347
688.066388 364.013050 84.186941 117.875419
686.279009 360.748223 84.240808 118.289071
684.562015 357.525431 84.136993 118.510068
682.840350 353.405655 83.343306 117.809597
680.610296 350.824816 83.756406 116.196983
679.218532 347.490718 83.350700 115.733732
677.709181 343.385416 83.105860 115.234352
675.703760 341.445241 83.201221 114.540799
674.258209 338.396103 82.355492 114.663207
672.426251 334.718099 82.367810 113.581392
670.478758 331.478227 82.422451 114.209120
669.035324 329.681139 81.680230 112.462968
667.728226 325.518622 80.771935 111.874258
665.636126 323.554649 81.408662 112.164156
664.759209 321.703777 80.575002 111.104867
663.233247 317.708664 79.966582 111.869689
661.500258 315.536150 79.998599 110.364178
659.684884 313.060120 80.226065 110.549835
658.075130 309.378814 79.714163 111.082405
656.236633 307.917202 79.849047 109.858332
654.827145 306.061146 79.482998 109.021464
653.547236 303.740591 78.707822 109.155616
652.155812 300.249709 78.289891 109.459230
650.155849 298.120359 78.624909 109.866262
648.494623 296.745235 79.013081 109.155739
646.673963 293.646112 79.054956 107.943699
645.712160 291.386857 78.342602 108.906669
644.076664 290.445926 78.313417 107.847592
642.668095 287.181738 78.020287 106.378556
641.467648 285.584635 77.523408 106.505693
639.582062 284.031260 78.160408 106.777653
638.421134 281.575840 77.566511 105.606255
636.540040 280.030782 77.590922 105.323862
635.013272 279.057986 77.363123 104.752702
633.543879 276.209065 76.958675 104.276942
632.459381 274.989762 76.646620 104.311956
631.118557 273.418930 76.344585 104.293049
629.167678 271.238222 76.571431 103.198843
628.332164 269.714959 76.153309 103.120149
625.857785 269.717482 77.076879 101.281896
625.318902 266.788308 75.734749 101.720368
624.079171 266.015636 75.131092 101.957623
622.488214 265.240481 75.400825 101.350812
620.897056 263.316965 75.549918 100.336105
619.807730 262.995646 74.756588 100.495840
617.917832 262.248813 75.323413 99.985444
616.878047 260.049585 74.760034 99.321248
615.749811 259.770574 74.405837 98.378705
613.981667 259.362702 74.838273 98.107874
612.267245 256.858715 74.762502 98.633882
611.219643 256.681051 74.006610 97.876916
609.945613 256.273860 73.801406 97.700260
608.575796 254.221554 73.490802 97.458171
606.769788 254.268004 73.928049 97.117908
605.952199 253.823759 73.292053 97.012444
604.686934 252.844068 72.805630 95.466931
602.685457 252.480466 73.229375 95.839286
601.860172 252.456542 72.312149 95.815970
600.471186 250.889984 72.022515 95.294119
598.525549 251.151820 72.427244 94.557013
596.228230 251.407451 73.721416 93.929302
595.256395 250.381706 73.144006 93.440984
594.170931 250.490276 72.925678 93.114206
592.582811 250.688594 73.087191 92.954728
590.399266 249.792435 73.499061 92.939859
589.138861 249.927848 73.166349 92.815337
587.407179 250.192136 73.177178 92.405337
586.218618 249.455252 73.028693 91.415986
584.554600 249.540986 72.986093 91.871419
583.703629 250.087369 72.642079 91.233243
581.787605 249.438170 72.431010 90.885072
580.373357 249.694384 72.401238 90.891699
578.988067 249.998967 72.626030 91.223406
577.437313 249.871830 72.371585 89.871474
576.019333 250.743314 72.335378 89.737459
574.037295 251.388629 72.219780 89.910984
572.087702 250.751328 72.058189 88.929545
570.820873 251.005271 71.561297 90.192541
569.019332 251.246888 71.762159 90.592399
567.610705 251.487390 71.586168 89.379463
566.502967 252.065270 70.657055 89.236846
564.376492 253.048682 70.934319 89.270490
562.988115 253.161272 71.158657 88.203301
560.807843 253.916500 71.555682 88.490984
559.054165 255.165447 71.155060 87.374543
557.365730 254.478221 70.700602 88.324398
556.099604 255.723994 70.919652 87.774502
554.913539 257.010311 70.306155 87.133637
553.568166 258.089666 69.907409 87.328850
551.754081 258.165809 69.788877 86.121491
549.987383 259.584922 69.023244 85.373254
548.406851 260.764466 69.293654 85.050861
546.167699 260.122823 69.386374 85.833417
543.636534 262.160666 70.343195 85.373846
542.460917 263.106385 69.663078 85.557910
540.451673 263.309397 69.886481 84.858740
538.694128 264.930115 69.751764 84.368431
536.882791 266.890540 69.315514 84.068358
535.072037 266.913485 69.449415 83.298161
533.499376 268.795895 68.952222 83.095422
532.139190 269.875061 69.666530 83.521261
529.527578 270.663526 69.569279 82.287281
527.926728 271.949000 68.813084 82.659640
526.583622 273.525948 69.046331 82.909334
524.636534 273.738903 68.438848 82.348013
523.259264 275.890326 67.943099 82.089762
521.595799 277.467696 67.547786 81.954449
520.292379 278.308223 67.760375 80.768609
518.380796 280.149485 67.742299 80.267136
516.886013 282.242780 66.802880 79.822277
515.160346 282.417016 66.980357 80.281646
513.643603 284.500402 66.778574 79.407533
512.068713 286.958916 65.872775 79.035415
510.362386 287.791799 66.272643 78.116971
508.936397 289.594556 65.716442 78.111555
507.237093 291.668350 65.505902 77.197074
505.432968 292.160500 65.563978 77.785905
503.916123 294.099555 65.432902 77.365790
502.489843 295.312390 65.182834 78.190628
500.555993 297.283159 65.388152 79.526134
498.788628 299.242990 65.471333 78.503379
497.252855 301.173721 65.130471 77.412376
495.250078 302.312385 65.982290 77.004025
494.338951 304.117571 65.497917 76.787066
492.974585 306.515030 64.754687 75.870621
491.854348 307.057419 64.700497 75.998728
490.050891 308.626426 63.953440 76.113542
488.713644 310.592321 64.382086 75.663364
487.375156 311.322047 63.943925 75.691684
486.122525 312.739368 63.819160 75.640849
484.688380 314.320560 63.200616 75.032434
483.020709 314.419865 63.728808 74.071235
481.991165 315.579902 63.639834 73.847699
480.860614 317.076644 62.955468 73.416222
479.742631 316.710418 62.666402 73.657665
477.883331 318.287281 63.362775 73.230163
477.251869 318.699532 61.891824 72.925941
476.171845 317.351478 61.345123 73.305253
474.666261 317.891770 61.438492 72.966853
473.328360 317.293680 60.917714 73.018895
471.872743 316.343865 61.513451 72.609057
470.706428 315.989348 61.169452 72.757923
469.454978 314.889375 61.389232 72.635068
467.901776 313.329356 61.313031 72.728769
466.706444 312.631004 60.916450 72.363971
465.407592 311.070117 60.922349 72.717931
464.074106 310.193074 60.752413 73.011355
463.324499 309.543857 60.329930 72.949429
461.567538 308.680819 60.248071 72.107229
460.970125 306.694513 59.393545 72.025790
459.509270 306.235868 60.258410 71.413143
457.931499 305.816303 60.289439 70.879166
457.001219 304.180736 59.580348 71.151697
455.952393 303.622853 59.535690 70.443062
454.973643 303.027434 59.337423 69.836351
453.727214 300.997267 59.393838 70.404628
452.692401 300.805783 59.125629 69.634523
450.940172 300.299259 59.234486 69.163415
449.723044 300.304646 59.915981 68.241177
448.763517 298.461651 59.258830 68.444816
447.723039 298.052577 58.540459 67.704102
446.461953 297.256298 59.092099 67.725301
445.900439 295.064260 58.684178 68.873297
444.623570 294.660790 58.212123 68.032488
443.479558 293.695086 58.371016 68.657343
442.400642 293.094773 58.308709 67.559514
441.162188 291.813859 58.175769 67.631999
439.719095 291.647570 59.374808 66.968954
438.596886 289.803585 59.375187 68.133957
437.663417 289.849409 58.808995 66.820060
436.861498 288.750630 58.437480 66.827696
435.622498 288.117328 58.015949 66.229396
434.404910 287.609919 58.447566 65.666236
433.047510 287.511609 59.010578 65.277269
431.843181 286.566436 58.888801 64.776095
430.889620 286.055823 58.442940 65.761772
429.422919 285.745535 58.352341 65.442807
428.612946 284.337628 58.557012 65.798937
428.336420 284.276179 56.995611 65.076494
426.722898 283.910627 57.694194 65.569600
425.920605 282.839622 57.021368 65.430057
425.358686 282.954330 56.527041 64.999026
424.077749 282.500055 56.625631 65.213878
423.044026 281.703635 56.326689 64.744230
421.818358 281.160827 56.246923 65.236071
421.411229 281.060345 56.068937 65.195362
420.130103 280.473826 55.877880 64.440994
419.645546 281.164559 55.538799 63.323426
418.991352 280.537524 54.976426 63.270821
418.043351 279.999699 54.900802 62.988484
417.112654 280.101406 54.941187 62.256560
416.528412 280.030213 55.349373 62.160653
415.821013 278.968351 55.175724 62.479434
414.874612 279.559707 55.421255 61.669940
414.703864 279.324584 54.125881 61.959759
413.597164 279.381758 54.124140 61.486218
413.253437 279.263841 53.799587 61.405519
412.558720 280.115576 54.084323 60.646805
411.836668 279.772872 53.715132 60.106762
411.291619 279.753217 53.089800 60.509266
411.201399 279.915022 53.360876 60.592296
410.003913 279.874862 53.515827 59.750411
409.747735 280.075841 53.266073 60.247743
409.088448 280.075841 53.163567 61.080296
408.540387 279.792458 52.511141 59.982148
407.845244 279.978288 53.210452 60.566589
407.696990 280.484814 52.829212 60.013557
406.971037 280.627165 52.653183 59.398774
406.690614 280.409803 52.547776 60.105360
405.901922 280.945374 52.816747 59.806112
405.464418 280.816639 52.523434 59.638993
405.276032 281.824844 52.164374 59.206958
405.178596 282.504969 51.831013 58.148258
404.639833 282.142476 52.042515 58.278579
404.139635 282.857497 52.652731 58.297370
404.178594 283.669442 51.997700 58.394986
403.761453 283.191086 51.275350 58.159679
403.816122 283.471414 51.050036 58.591538
403.842857 284.962065 50.854525 57.150312
403.410418 285.019559 50.798371 57.022224
403.209056 285.844407 50.988153 57.665253
402.859116 286.426594 50.386932 57.159753
401.996415 286.421916 50.966642 56.930872
402.315061 287.027515 50.866206 56.758036
402.132989 287.473001 50.305240 56.395831
402.084401 287.545137 50.814596 56.578292
402.221713 287.113414 49.707300 56.274171
401.653953 286.976320 50.332351 56.426098
401.793957 287.025871 50.268111 56.521877
401.581335 286.630996 50.349928 56.381996
401.066841 286.308281 50.404193 55.533013
401.059290 284.216060 50.608212 55.994028
401.005411 281.589405 50.320824 56.773195
401.088793 280.124292 49.814185 56.319762
401.295622 278.799506 49.725358 56.376882
401.025809 277.493415 49.986489 55.337367
400.444326 275.885397 50.264504 55.529142
400.814580 274.158273 49.852900 56.128088
401.102571 272.313408 49.354028 55.966888
400.778362 270.623474 49.515524 55.581810
400.982393 268.758329 49.448754 56.303794
401.417637 267.157787 49.355733 56.012545
401.602819 266.187039 49.127774 54.606073
401.680560 264.357259 49.162964 54.650259
401.667912 262.423939 49.242706 54.706175
401.405318 261.171161 49.815496 54.531209
401.566701 259.199238 49.220257 54.781795
402.309773 256.872457 49.041054 54.888074
402.055521 255.396615 48.958216 54.478668
402.257723 253.368670 49.140101 53.895297
402.424831 250.110156 49.193176 55.969400
402.398386 248.874716 49.258317 55.052715
402.534729 245.649149 48.992662 56.147009
403.185606 243.233809 48.549311 55.835816
402.797959 242.560667 49.241610 54.124064
403.034330 240.730742 48.898534 53.689365
403.424829 237.803693 48.605146 54.001034
403.200281 236.681192 49.784736 52.891133
403.659605 233.567132 49.009846 54.107096
403.743372 231.444279 48.780976 53.521396
403.888989 230.102369 48.845475 52.502275
404.423784 226.289109 48.362878 54.474986
404.509945 224.518848 48.551500 52.752468
404.793776 222.322736 48.209156 53.316833
404.857240 220.128002 48.246816 52.799268
405.046398 218.062072 48.082991 52.336636
405.654911 216.036966 47.856370 51.282126
405.664215 213.028705 48.336619 52.960686
405.845260 211.155608 48.520505 52.456500
405.802271 208.769538 48.482660 51.869738
405.968057 206.138651 48.328364 52.479274
406.901175 203.691615 47.772467 52.844728
406.456357 201.411067 47.987697 52.381556
407.686043 199.014062 46.948078 53.144691
407.142223 196.703551 47.685778 52.746164
407.982648 194.411055 47.491739 52.784054
408.083263 191.704666 47.744626 52.665111
408.343267 189.294677 47.399347 53.461075
408.281229 187.138646 47.989830 53.335733
409.066820 185.283906 47.044277 52.921570
409.417018 183.129517 46.857533 52.420663
410.516478 179.293336 46.688175 54.117280
410.619961 174.941008 46.454334 55.671097
410.709023 173.721111 46.633539 54.374140
410.632585 172.873044 47.055942 52.972502
410.867724 171.320804 47.059032 51.829160
411.255541 169.638889 46.072835 51.226526
411.543124 167.372662 46.264755 52.149349
411.131952 165.123051 46.389406 52.047252
411.550488 162.977183 46.666564 52.212934
412.172453 161.391086 46.075541 51.374533
412.810932 158.843595 46.035531 51.731142
412.985762 156.084521 46.490688 52.284053
413.584505 153.824949 45.736973 52.189789
413.876388 151.995909 45.778553 51.949852
414.255097 150.260235 46.442903 51.735287
414.728416 148.015104 45.707919 51.750516
414.925379 146.147304 46.087782 51.972896
415.379661 143.499484 46.163224 52.399945
415.164085 140.128992 46.529570 51.939917
416.185179 136.412583 45.481280 52.494436
415.277229 133.062012 46.548675 52.374320
415.961125 129.641370 46.120822 51.920332
416.409075 126.341242 46.530757 52.143551
416.226094 123.085274 47.489926 52.194681
416.941866 119.517779 46.466875 52.110215
417.023020 116.733087 46.866951 51.100086
417.246758 112.981694 46.923543 51.949779
416.762653 109.210326 47.798068 52.359019
417.386935 106.310085 47.138110 51.785852
417.689946 103.165192 46.852950 51.705907
417.068980 100.049757 47.523281 51.567630
417.194608 96.718010 47.215995 50.914844
417.846887 93.373661 47.249525 51.544810
418.281858 90.786745 46.986706 50.448172
418.435219 87.264166 46.967682 51.315638
419.613572 84.594841 45.512261 50.806877
419.623727 82.117646 45.867683 49.562227
420.002997 78.336385 45.430406 49.654621
419.908246 76.129518 45.615960 48.414072
420.168294 72.449097 45.447974 49.663164
420.332594 70.156385 44.890671 48.550725
420.505305 67.217840 45.008567 48.148653
420.528824 63.010061 45.103918 48.985988
420.855317 60.017319 45.444794 49.123820
420.859485 57.931839 45.391871 47.825539
421.101556 54.004235 45.119553 48.896503
421.050803 51.209780 45.172386 48.618922
421.587900 48.039295 44.876213 48.466461
421.505312 44.216076 45.157276 49.455648
421.146923 42.423117 45.636418 48.140242
421.150637 39.258313 45.392890 48.098583
421.669581 35.134086 44.550453 49.621748
421.644312 32.536350 44.665390 49.175675
421.397046 29.752707 44.630379 48.841095
421.633640 27.877778 44.579915 48.440959
421.865596 22.619339 43.707283 50.503331
422.019868 15.775497 43.276607 54.198263
421.637255 15.415235 43.490620 51.237173
421.933019 13.987022 42.832863 50.044634
422.052761 14.823230 42.785407 46.278066
421.562974 11.724884 43.373108 46.520746
421.536905 8.564423 43.103370 46.932721
421.096959 5.438433 43.409824 47.291654
421.290464 3.417385 43.486297 46.386572
421.529044 1.699487 42.873574 44.675757
