1165.000000 1027.000000 48.000000 53.000000
1164.830205 1023.595022 45.916683 55.759525
1164.647729 1019.424674 45.314488 59.477541
1163.881167 1014.993781 45.875431 62.994045
1163.142038 1010.389427 45.968872 68.409732
1162.904836 1006.050316 45.695561 72.159396
1162.391189 1002.067109 45.472943 73.766000
1161.380538 997.436504 45.509845 73.195537
1161.314952 993.335590 45.064025 73.316092
1160.271234 989.530174 45.310203 72.783676
1159.479584 985.291316 45.736617 80.278918
1159.447560 982.525711 45.486599 77.351854
1158.724392 977.778021 45.884128 80.251804
1158.503088 974.292821 45.457163 80.353896
1157.955328 970.509954 45.364154 80.357679
1157.127431 965.907651 45.933477 80.830878
1156.800519 963.158592 45.331812 79.240716
1156.169892 958.999319 45.409581 79.250937
1155.661718 954.469193 45.224120 80.897964
1154.939139 951.327011 45.043377 79.507833
1153.737302 947.481283 45.867855 78.824093
1153.053640 944.037624 46.011600 80.223059
1152.444368 940.005497 45.487461 80.811120
1151.649843 936.614651 45.998637 81.520142
1151.096257 932.928481 45.312694 80.372579
1150.503636 928.960789 44.692417 79.635046
1150.481743 925.303074 43.995189 80.202383
1149.508026 921.393257 44.284922 80.749681
1148.876209 917.977325 44.189091 80.115712
1147.921091 914.742489 44.786897 79.272216
1146.795558 911.243627 44.697814 79.008422
1146.100371 907.858133 44.813786 79.524370
1145.452143 904.184185 44.643087 79.596588
1145.297121 900.858144 44.154223 78.855245
1144.272299 897.352768 43.954006 80.051819
1143.780221 894.005320 43.627657 80.739812
1142.948254 891.005324 43.445865 79.633972
1141.857884 888.147230 44.114168 78.208754
1141.041221 885.662923 43.856853 77.187647
1140.325711 883.373109 43.271307 76.085957
1139.011471 878.470973 44.568083 77.750845
1138.375706 873.478665 43.878432 80.482716
1138.083370 870.241775 42.334419 80.619002
1137.012114 868.098367 42.435040 78.911395
1136.358689 865.823396 41.345426 78.186880
1134.919570 863.572185 43.041850 77.048026
1134.192640 860.381719 41.865712 76.948888
1133.182923 856.967522 43.216826 78.208396
1132.062119 853.532740 42.973991 77.709882
1131.354410 849.937681 42.998120 78.185189
1130.269571 847.132550 43.565399 77.300644
1129.380954 844.304707 42.638096 77.163028
1128.096162 840.846434 41.916896 77.810015
1127.211026 838.077373 41.406849 78.274694
1126.393632 835.620866 41.412710 76.862983
1124.460026 833.226644 42.227557 75.733646
1123.158146 830.170586 42.134856 76.369509
1121.965685 828.278321 41.999881 74.990452
1120.832651 824.843740 41.989682 75.318039
1119.879547 822.370565 41.906143 73.180696
1116.984602 819.126585 44.315403 72.962265
1116.224873 815.590325 44.016451 74.755581
1114.891471 813.675097 43.895253 74.308431
1113.259210 810.223020 44.305059 75.351294
1112.265610 807.185208 44.157230 75.886704
1110.300320 804.213234 45.569741 76.581647
1109.072766 801.543641 46.019023 77.003831
1107.513550 798.989161 46.477860 77.099916
1105.940839 795.867906 46.973328 77.516154
1104.745842 793.442125 47.013750 76.634825
1102.559666 790.938355 48.258826 77.621561
1102.134199 788.390376 47.471958 77.367997
1101.115397 786.170952 47.259517 78.513773
1099.279307 783.247444 48.300696 79.155481
1097.538561 781.305525 48.916264 79.507185
1096.699909 778.341238 48.524958 79.304637
1095.613325 775.989955 48.219020 80.117344
1094.203866 774.693234 48.484520 78.460174
1093.463043 772.346746 47.991789 78.194831
1091.967671 769.495468 48.438982 79.012262
1091.659110 767.448138 47.679967 78.345075
1090.473271 765.152703 47.959801 79.008048
1089.893380 763.195460 47.349784 78.750431
1088.190551 760.090096 48.694920 80.326615
1087.227577 758.345817 48.479639 78.544899
1086.180923 756.840907 48.997550 78.433949
1085.463026 754.731829 48.661370 78.824306
1085.020325 752.788313 48.184701 78.658221
1084.307409 751.032476 47.849334 78.614249
1083.535517 748.696632 48.109756 78.129764
1082.597543 745.696631 48.341540 78.129764
1082.153912 743.878056 47.816745 78.008692
1082.156711 741.390384 47.163070 80.110957
1082.152809 741.255541 46.648642 78.349493
1082.068390 739.366933 46.104822 78.387614
1082.027351 737.694636 46.001552 78.086490
1081.932879 736.084294 45.185987 78.130972
1081.857875 734.322437 44.646191 78.087785
1081.504016 732.879255 44.284054 75.754856
1081.672805 730.447110 43.147595 77.238948
1081.381144 728.821706 43.464062 75.576946
1081.261902 727.111488 42.866726 75.297768
1081.442737 725.550475 42.146004 74.875278
1081.744441 723.783765 41.569340 74.759892
1081.346542 721.685397 41.910375 74.774683
1081.696983 720.471516 41.464994 73.734441
1081.728802 718.606555 41.326049 73.553452
1082.346791 717.059325 40.937104 74.214239
1082.645206 715.063514 40.361967 74.548345
1083.184635 713.525605 40.091756 74.402351
1083.394261 711.764381 40.246981 74.336649
1084.294042 709.987201 39.300277 74.550135
1084.631334 708.433505 39.375211 73.915289
1084.710977 706.352126 39.384111 74.054374
1085.125815 705.350826 39.246497 73.151141
1084.838860 703.096185 40.865890 72.675349
1085.063977 702.402769 40.634948 72.266950
1085.687583 700.350848 40.246707 71.931779
1085.954766 697.875011 40.677722 72.778245
1086.186053 696.173695 41.368327 73.066434
1086.269019 694.441464 42.431620 71.999892
1086.533326 692.121718 42.401521 73.067694
1086.633471 690.925654 43.351035 72.400110
1087.411567 689.510387 43.334362 72.299681
1087.970443 687.800848 42.793423 73.056696
1087.897611 686.510393 42.786746 72.110510
1088.247739 684.960908 42.354857 72.317403
1088.462759 683.518060 43.288782 70.792738
1088.658763 680.966381 42.573953 72.642269
1088.633469 679.855067 42.993003 71.976043
1088.496131 677.239032 42.587614 73.768585
1088.501372 675.740648 42.670606 74.417741
1088.575493 674.794628 42.488907 73.555611
1088.525723 672.884743 42.310413 74.079480
1088.624189 671.069932 42.093600 73.931523
1087.748744 668.538713 43.263467 75.356608
1087.800831 667.613124 42.885980 74.934946
1087.496537 664.810300 43.292645 75.285843
1087.209282 663.687796 42.845747 74.022913
1087.314242 660.940781 42.218756 74.600357
1087.134694 659.363463 41.929748 73.746699
1086.473489 657.508409 42.194327 74.244340
1086.167050 655.668436 42.017653 75.352784
1085.983955 653.480617 41.611834 75.477218
1085.155378 652.734559 42.234233 74.705356
1084.883139 650.637939 41.769918 75.616324
1084.292907 649.483889 41.972561 74.405588
1083.722187 647.576411 41.843689 74.453778
1083.422772 645.740600 41.570257 73.719474
1082.882782 643.269635 41.139165 74.286638
1082.092264 641.426057 41.068520 72.393603
1081.153069 639.173688 41.358794 73.664672
1080.318022 636.939462 41.442993 73.965055
1079.603774 634.869330 41.658928 73.866528
1078.987900 632.328411 41.734617 74.072680
1077.529706 631.162561 42.123210 72.606906
1076.333234 629.178899 42.242451 73.435455
1075.427912 627.163605 42.341847 72.673179
1074.264239 625.749117 42.129408 71.434525
1072.734630 622.975399 42.222789 72.841406
1071.276734 621.174275 42.252791 72.945278
1070.209302 619.279273 42.137645 73.412068
1068.941050 616.869305 42.038692 73.531757
1066.993309 615.851432 42.382099 72.134453
1065.417643 613.704032 42.483096 72.525039
1063.734721 611.313006 43.320146 71.938315
1061.532528 610.277197 43.907864 71.414013
1060.246266 608.826905 43.570838 70.410801
1057.579361 606.739387 44.992451 70.552001
1056.080514 604.932048 44.683385 71.360504
1052.993740 603.060892 46.335483 71.832635
1050.688925 601.096313 46.753244 71.681733
1048.991042 599.438492 46.632200 70.973098
1046.592794 598.176617 47.146510 70.360297
1044.363762 596.176606 47.350598 70.910490
1042.080009 594.801731 47.868627 70.929826
1039.506021 593.707386 48.342177 70.436206
1036.417207 591.438484 49.156189 69.908150
1033.774510 589.844466 49.477341 69.401747
1031.088802 587.385870 49.935355 69.684296
1028.438207 585.619491 50.077457 68.396669
1025.080751 584.089521 50.856668 68.519682
1022.289188 582.019855 50.863259 67.847993
1018.227658 580.262358 52.278912 67.523669
1014.984727 577.682915 52.695939 67.314712
1010.744762 576.118575 54.040731 66.983753
1007.061790 573.955064 55.209534 66.431723
1003.104300 572.184982 55.657571 66.134849
999.401433 569.836896 56.416827 67.180017
995.011586 569.066445 57.303032 66.355069
990.699944 566.853156 58.330226 66.720918
986.907945 565.167936 58.634257 66.962138
982.614193 563.479152 59.589328 67.081644
978.534854 561.630337 59.844877 66.724687
973.655672 560.339009 60.781495 66.145923
969.338997 558.325160 60.812188 67.308997
965.222526 556.411334 60.971540 67.834416
961.324489 554.821546 61.077252 68.518167
956.947559 553.280319 61.762456 67.682761
952.710906 551.328450 62.058054 68.909095
948.516275 549.803729 62.361014 69.386111
944.107985 548.386642 62.525655 69.748300
939.965086 546.701478 63.120440 69.339093
935.821446 545.042011 63.203514 69.823726
932.079419 543.600495 62.759015 69.442270
927.965043 541.747835 62.429584 69.736557
923.532269 539.846928 62.951856 69.841988
920.228399 538.015900 62.430815 69.273714
916.060430 536.483790 62.364029 69.892930
912.827289 535.044258 61.771218 70.610178
908.186851 533.109128 62.600498 70.480107
904.221691 531.118518 62.828638 70.993283
900.477090 529.444024 62.474966 71.163656
896.542031 527.781507 62.657112 71.618953
892.468469 526.293686 62.691522 71.069882
888.920057 524.018743 62.947146 71.684282
885.074834 522.655381 62.837446 70.986050
881.756861 521.280390 62.316810 70.805071
877.731626 519.620134 62.588168 70.353713
873.806628 517.620116 62.519756 70.319283
870.367723 516.114101 62.170171 70.205318
866.997890 514.701492 62.087613 69.991243
863.413965 513.191448 61.882274 69.771523
859.993570 511.435891 61.307212 70.278506
856.350953 509.737262 61.412497 69.683924
852.857050 507.926519 61.624361 69.647712
849.712686 506.534514 61.375565 69.291522
845.656860 504.859558 61.564412 68.953630
842.206092 503.391544 61.731037 68.999123
839.206098 502.102475 60.947539 68.643203
835.921604 500.691256 60.436346 69.037922
832.464044 499.038481 60.363926 68.090399
828.773366 497.602828 60.410850 68.110095
825.766467 496.411341 59.796591 67.536417
822.344240 494.543910 59.729459 68.316249
819.527549 493.001384 59.084122 68.319082
816.504142 491.639518 58.563538 67.356262
813.597881 489.934584 58.036568 67.908109
809.516145 488.317158 58.888793 67.294699
806.758025 486.148752 57.679057 68.024027
803.555419 484.527185 57.706747 66.936255
800.807992 482.569731 57.024975 67.717158
797.596378 481.072174 56.817089 67.909898
794.974439 479.425424 56.089910 68.257543
791.767999 477.826774 55.852786 67.180355
788.437209 475.287000 56.075167 68.079979
785.351586 473.826780 55.780683 68.027816
782.843167 472.033444 55.206586 67.897384
779.560719 469.864957 54.643422 68.553669
776.906929 468.276742 54.190181 67.621570
773.918969 466.551781 53.869565 68.699772
770.792549 464.699636 54.244882 69.022739
767.946608 463.566249 54.042235 68.284494
765.149630 461.629004 53.699436 67.031223
761.927467 459.180615 52.983369 67.843003
758.935709 457.471753 52.963706 67.229565
755.945678 455.180610 52.997647 68.559521
752.548069 453.852925 53.027270 66.755451
749.762107 451.893864 52.426741 67.989349
746.557393 449.985026 52.930296 67.236843
743.866375 447.799046 52.357955 68.061091
740.827970 446.082983 52.291554 68.591600
738.171421 443.989719 52.105439 68.278126
735.806731 442.277961 51.260511 68.758279
733.386469 440.487034 50.568860 68.357144
730.981423 439.028215 50.506828 68.131064
728.667924 436.750014 50.301802 69.657076
725.275918 434.617314 50.988458 70.079006
722.041658 434.401846 51.725942 67.874869
720.076255 431.594670 50.748571 69.332403
718.145526 430.117061 50.352380 70.044062
715.859443 428.639994 50.044655 69.528415
712.819271 427.038613 51.031379 69.449640
710.532026 425.935961 49.913617 69.067273
708.548034 423.293512 49.094048 69.996371
706.124514 421.597303 49.746354 69.594582
704.144805 419.748187 49.089914 69.280823
702.049041 417.604855 48.232332 70.063198
700.377483 416.081466 47.270671 70.006426
697.317230 414.210288 48.074936 70.047261
695.117346 412.626157 48.314337 70.055150
692.634467 410.755819 48.847432 70.076719
690.979921 409.299390 47.668241 69.571610
689.361741 407.769879 46.390669 68.740215
687.049379 405.617194 46.389537 69.147202
685.959214 403.033526 45.118873 69.628058
683.599225 400.744922 44.841191 69.763242
681.862349 399.201360 44.674862 69.757852
680.166482 397.899680 44.251918 68.576420
678.221768 395.392837 44.193122 69.056832
676.341211 393.169932 43.984776 68.960256
674.616568 391.797369 43.386700 68.456011
673.394318 389.567307 42.468323 67.441208
670.677141 387.034055 42.810590 68.855904
670.411430 385.715019 40.563774 67.246300
669.310683 383.268899 40.466520 65.326018
666.975224 381.159061 40.610865 67.108834
665.633350 378.692794 40.609119 67.565095
663.954006 376.737235 39.582757 66.226288
661.779627 374.995939 40.221510 65.791435
659.920122 373.354130 39.869249 65.100734
657.933263 371.261410 40.151866 65.610806
655.948114 369.742232 40.010572 65.045135
654.266476 367.726043 40.506661 64.235369
652.579893 365.969584 39.625575 64.034790
650.554919 364.039661 39.953322 64.705362
648.905162 361.984487 39.926131 65.184642
646.800530 360.040294 40.171140 64.429760
644.735765 358.721676 40.222147 65.025183
642.745647 356.367609 40.638766 64.553995
640.461374 354.671848 40.912569 64.812778
638.176570 352.777945 41.382616 65.566136
636.253770 350.855419 41.349540 64.745782
633.510123 349.788263 41.899118 63.775981
631.807810 348.312642 41.608948 62.976404
629.102164 346.493121 42.110722 64.344646
626.723734 345.067968 42.584882 64.045146
623.929785 343.736382 42.760811 63.224815
621.819600 341.700036 42.965455 63.461931
619.573687 340.170288 42.824289 63.516327
617.054103 338.388023 43.771840 63.472342
614.861564 337.078397 43.830756 63.451005
611.969424 335.528908 44.267370 63.149743
609.032150 333.488759 44.956188 63.116096
606.644428 332.267609 44.798872 63.003970
603.835717 329.464930 45.776521 63.291639
600.852348 328.819052 46.380960 63.269262
598.470025 327.113632 45.702614 62.719734
595.200393 326.072781 46.673434 64.502586
592.689358 324.511485 46.874745 63.557519
590.204256 322.735715 46.741594 64.983465
587.525755 320.928879 46.771616 62.706543
584.619272 319.745495 47.090706 62.648797
581.584536 317.945444 46.657669 63.448856
577.612307 316.218802 47.929344 63.807221
574.836998 315.514091 47.891898 63.525261
572.245430 314.024796 47.578285 61.963196
568.588692 312.303675 48.452849 61.779328
565.218402 311.361979 48.949056 61.857664
561.898479 309.312665 49.196457 62.905755
558.502851 308.045782 49.736706 62.803018
554.728755 306.401537 50.181349 62.414324
551.728756 305.533950 49.911074 61.268672
548.230734 303.721329 50.428284 61.812513
544.671520 302.655883 51.136352 61.528042
541.081994 301.589519 51.400182 60.574979
537.517256 299.917692 51.042367 61.672506
533.496740 299.143997 51.611263 60.570323
529.731156 297.761265 52.101625 60.185742
525.490317 296.869844 52.493867 59.665603
521.247597 295.198009 52.910848 60.401085
516.978685 294.107412 53.482868 59.826640
513.178878 293.153929 53.654402 59.787691
508.676565 291.874944 54.694406 60.612137
504.383788 291.051026 55.476056 60.241992
500.169987 289.863698 55.297331 61.180821
495.678324 289.040409 55.912661 61.180109
491.258404 288.114650 56.223895 60.938378
486.554158 286.643129 56.769379 60.713552
481.779439 285.738805 58.057974 60.666052
477.678685 284.679572 58.096244 61.005278
473.219091 283.391991 59.155896 61.494715
469.072816 282.298658 58.433217 61.143967
464.078430 281.877895 59.431318 61.428182
459.559520 280.988874 60.439018 61.477251
454.460157 280.109005 61.415966 60.951804
450.264711 279.025126 61.492139 61.221010
445.660828 277.697922 61.513136 61.459432
441.035114 277.146582 61.954439 61.248877
436.082258 276.846760 62.132414 60.829795
430.312812 275.683383 63.899362 61.712067
425.994424 274.809167 63.520854 61.994613
420.633301 274.096937 64.811370 61.709964
415.912245 272.412421 64.765747 62.789054
410.480425 271.374041 65.399876 63.161028
405.664173 270.811324 65.040506 62.897920
399.946606 270.350858 65.939917 62.867730
394.071833 269.014499 67.171141 63.931417
390.400932 268.280415 65.778548 63.749543
384.745504 267.733423 66.067057 63.311229
378.802175 266.971292 66.982119 63.518722
374.106116 266.225389 66.908754 63.764339
368.954504 265.528308 66.643040 63.787916
363.601068 265.081991 66.677595 63.234229
358.673117 264.152241 66.414487 63.577090
353.693063 263.493005 66.231767 63.236316
347.775446 263.031198 66.677674 63.208806
342.259759 262.323177 67.202144 63.275688
336.734486 261.355619 67.007387 63.374518
330.658566 260.094526 67.692680 64.058178
325.585654 259.965450 67.700786 63.129856
319.395112 259.162328 68.023712 63.445678
313.319939 258.323747 68.321084 64.596003
307.764501 257.364713 68.112942 63.375867
302.051190 257.217848 68.997779 63.569051
296.274284 256.722763 68.820188 62.694495
290.954157 255.795833 67.678396 63.136294
285.615605 255.460172 66.415254 62.952268
279.587786 254.345704 67.166288 63.278454
273.446768 253.181826 67.278006 63.515958
267.012787 252.528310 67.772574 62.975862
260.711420 252.081993 67.983110 62.454390
256.225822 251.829854 67.125412 62.782111
249.855184 251.450664 67.748885 62.823625
244.392808 250.138222 67.211097 63.076994
238.257537 249.450662 67.225830 63.083130
232.635020 249.039807 66.339852 62.884885
226.587797 248.100667 67.560731 62.331896
221.124579 245.835090 66.188146 64.084731
215.750487 245.955235 65.850505 62.807276
209.733095 244.841330 66.137678 62.813541
204.020763 245.113597 65.973442 61.573125
197.848450 244.895176 65.946751 60.784703
191.330290 243.431091 66.258449 61.789426
187.053590 244.044913 65.688748 60.662293
181.155817 242.127181 64.769008 62.203828
175.320498 241.388434 65.043059 61.832080
169.615045 241.760857 65.197544 61.154934
164.117103 240.933696 64.880730 61.078230
158.590707 240.391881 64.652480 60.907778
153.013775 240.340740 65.643482 60.185371
147.683127 239.391889 65.586001 60.161931
142.619945 238.226724 65.082604 60.327095
137.050408 237.742285 64.906385 60.347153
131.139311 237.403966 65.446663 60.224544
126.013775 236.309439 65.115966 60.833843
120.305473 236.069331 64.791949 60.569659
114.956439 235.499375 64.477935 60.758325
109.814265 234.601577 64.560007 61.049111
104.560747 234.662491 64.258715 60.647895
99.245459 233.850770 64.625454 60.812804
93.992007 233.861493 64.357810 60.322511
88.278900 233.543883 64.498142 60.275519
83.089028 233.833891 64.642598 59.510864
78.023386 234.070278 64.674777 59.192078
72.290443 233.992932 64.783184 58.959125
67.489751 234.185821 63.646333 58.611883
62.305782 233.692397 63.382291 59.522807
57.175441 234.799315 63.204239 58.193115
53.339802 233.998509 62.412880 59.749690
51.676829 233.267706 58.845701 60.351897
44.086530 233.957255 59.998862 59.015590
33.870284 233.413036 65.301108 59.280027
29.175830 233.413289 64.514573 61.090774
24.183040 233.542315 63.353802 61.533659
23.148732 234.322646 59.854189 62.100684
17.810638 233.923260 57.467774 61.305775
12.158147 232.713435 57.848766 60.634954
5.123994 233.774942 58.114408 61.230850
0.000000 234.133989 55.140691 63.244968
0.000000 233.302738 51.323942 60.524311
0.000000 234.517246 44.796341 63.557294
0.000000 236.200824 40.544098 62.444857
