934.000000 463.000000 45.000000 96.000000
935.923161 462.976704 40.835756 95.196215
936.526415 458.670357 43.018085 96.325286
936.083052 461.410989 43.813386 94.151232
937.990416 461.118965 43.184346 92.787218
938.802391 458.810232 42.066669 94.191300
939.378752 459.006942 43.041542 93.044734
941.770507 458.094459 40.749822 94.170463
940.662092 457.544629 42.628153 94.663255
941.684365 456.874650 42.719951 92.987432
941.294880 456.129891 43.693339 92.534736
943.082179 454.451396 42.703730 92.872622
942.295128 454.254849 44.012849 93.368519
944.662612 451.397791 41.992383 96.336526
945.012898 452.747251 42.403034 92.831475
946.572115 451.151827 42.662078 93.055723
948.181397 450.840217 40.224761 90.740504
947.594171 449.024138 43.684313 94.521596
949.367534 449.924683 41.611568 93.237669
950.030666 450.374973 42.327568 90.998031
950.932792 450.545680 42.273095 92.047865
951.781902 446.136116 41.662654 96.754954
953.505883 445.847745 40.593154 96.995580
955.779869 447.216483 39.724860 94.752916
955.206512 446.533375 39.979061 95.647157
956.726508 445.977182 40.287307 94.066544
957.570384 447.579654 40.027295 94.892141
959.195784 446.556495 39.828812 95.307031
960.200297 443.863781 41.209593 97.344116
960.867513 444.147561 42.703241 96.739979
960.717091 441.679423 44.700963 97.361734
962.564782 444.437063 42.754156 94.721033
962.607487 443.463686 44.213366 92.349150
962.977235 444.914690 46.397523 91.796053
965.075487 440.379326 44.153181 97.176922
965.725752 438.089650 45.427341 99.186833
968.016998 439.813747 42.867735 96.119995
967.925897 438.394488 44.223744 97.636841
969.047392 440.363132 44.335117 97.297181
970.673097 437.693360 45.556255 99.970300
970.890751 439.779142 45.736872 98.275630
973.015660 439.684851 46.726255 97.090084
974.092499 442.173381 45.242930 94.272238
975.813671 439.852685 46.573818 97.190591
976.128969 441.756584 45.760204 95.289805
980.637541 443.664898 43.598258 91.205068
980.087894 442.735285 41.744283 94.734121
983.564968 441.962678 41.118938 93.326461
982.510550 442.753401 43.055965 95.759438
981.816078 442.213919 46.795804 93.089510
985.004067 441.350053 42.786311 94.271124
985.583314 442.359102 44.761364 94.486468
986.975721 442.506546 44.231947 92.545993
989.035727 442.562766 43.459767 94.388279
988.601198 443.159554 45.600473 93.569375
990.865028 442.949464 43.240543 95.346835
991.499692 442.937946 44.124521 93.640772
992.393562 443.560123 44.743101 94.065925
993.083106 444.856436 45.811455 91.422696
994.815282 442.496675 45.127585 94.305051
995.981425 445.347820 43.818097 94.646153
998.782499 440.957867 43.565217 97.878674
998.885894 444.819835 44.517603 95.620721
1000.649466 445.740893 43.698091 91.449097
1002.605815 443.836134 42.361095 98.862476
1002.303211 448.005067 42.715610 93.941282
1004.636109 445.090200 42.164071 98.036289
1003.602433 447.862123 44.254913 95.318221
1005.272863 447.987609 45.435188 94.836644
1006.719918 448.396499 44.306773 93.630441
1008.023918 447.577132 44.231779 96.210860
1009.903149 448.493356 43.938598 91.946057
1009.284003 450.089386 43.033575 91.966746
1010.378807 450.988117 44.524858 91.489914
1010.766424 450.103669 43.998198 94.540876
1012.012943 450.907388 44.634855 95.157274
1015.270712 451.474276 42.200132 91.518972
1014.831573 450.150955 40.917955 95.279901
1016.916284 450.356991 42.078587 94.594553
1016.649628 451.327419 42.425549 94.694239
1018.531008 447.311065 42.475779 99.991218
1019.099445 449.430007 42.276804 97.491756
1019.348047 449.597315 44.335594 98.310777
1022.601031 449.193282 40.049538 99.228375
1021.715552 450.924574 42.300821 98.401745
1022.127865 449.350259 43.375177 101.456975
1023.885336 453.358077 41.704043 95.689735
1024.380276 451.431854 41.064470 98.889250
1025.404610 453.967393 42.204551 97.661894
1024.981409 455.441979 41.892246 96.556030
1027.219503 455.280205 39.993054 98.397056
1025.608483 456.509557 43.179336 98.239206
1027.264693 456.505679 44.319007 97.710198
1026.422608 457.945576 45.799300 97.439528
1028.317325 457.520296 44.448016 99.393744
1029.114639 459.125894 44.933566 97.280654
1031.504000 462.280775 42.621205 93.936110
1031.904757 460.146703 43.491509 95.960029
1032.762234 462.034337 42.737633 94.973099
1032.608455 461.562550 45.334957 95.712556
1033.143387 462.244890 43.012996 94.632467
1035.739433 462.925246 41.878159 94.262396
1033.958658 465.241755 46.979197 92.882906
1036.659180 464.610980 43.089945 95.014695
1036.660637 464.901604 45.371514 94.871759
1038.509807 467.108568 43.348283 95.289617
1039.961952 466.708801 43.608771 95.869706
1041.374088 466.758743 42.628741 97.104430
1041.607531 467.264466 42.843046 97.958807
1043.164246 467.651041 41.653994 97.443181
1043.027531 470.939067 43.548445 93.048185
1044.757421 471.548699 40.313379 93.509400
1045.030423 472.021006 42.762900 93.590197
1048.113726 472.328547 40.632292 94.490256
1049.627763 473.095522 40.730483 94.545039
1049.175561 473.352518 40.540886 95.866120
1050.780179 472.863586 41.248409 96.480341
1052.156665 476.864220 40.906606 92.061619
1053.287851 477.451969 40.683360 93.559076
1053.228467 477.570667 42.264729 93.244706
1055.726514 477.454092 40.755907 94.126107
1055.479914 478.343282 40.887093 92.420041
1057.099469 480.654809 41.392092 90.699398
1058.132784 479.118594 41.931702 93.251431
1060.438513 483.301285 40.689449 90.382633
1062.195133 481.056043 40.880943 94.765538
1063.389670 483.135044 42.212765 92.574639
1063.168967 483.406626 44.660813 91.595023
1065.757427 485.294275 41.612020 90.634265
1066.260663 484.242238 41.276846 96.589839
1068.074489 485.465210 43.215415 93.132531
1069.905586 485.392578 41.414365 94.295475
1070.356897 487.753146 43.326879 91.611734
1072.376278 487.941446 43.727883 94.067238
1072.714221 487.966210 45.065466 95.467318
1074.871758 492.023322 44.305249 89.960211
1077.030432 491.140992 44.359356 92.247615
1076.754611 492.484695 47.117409 90.640290
1077.708587 492.924741 46.210331 94.397889
1079.457723 494.355803 45.137966 90.660564
1082.673117 494.498878 44.050847 92.841680
1083.450826 495.321293 43.203425 89.457252
1084.783887 495.011326 44.957464 91.923427
1086.684386 495.462735 42.592172 92.102199
1087.226498 498.046987 43.790702 89.503988
1089.031651 498.231845 41.325339 90.695960
1089.337960 499.654961 43.649304 89.581677
1089.670964 499.155855 43.742150 90.884542
1091.604580 499.777733 43.653845 90.985616
1093.948992 500.808376 42.137978 90.742583
1094.333137 502.468499 42.517106 87.739237
1095.468092 500.752327 43.613665 90.429090
1095.354697 503.003984 43.138510 89.002666
1095.677816 502.464582 45.610718 91.496202
1096.502423 503.981158 45.304423 90.839443
1098.832682 503.073162 44.537387 92.264149
1098.602951 505.993519 44.002660 90.913729
1099.868394 505.596115 44.530541 89.618211
1100.250449 506.205054 44.278719 89.544484
1101.552324 508.180268 44.362003 90.756159
1102.713764 508.906312 43.363505 88.840061
1102.993880 509.683823 45.051139 90.489360
1104.238469 509.414296 44.858336 91.095489
1104.659811 509.716878 44.581022 90.698782
1104.073993 511.819811 44.927594 92.632406
1105.289917 511.861292 44.902387 89.302517
1104.981077 513.696644 46.080624 88.262919
1106.093389 514.046956 44.860594 88.242644
1106.148532 514.676840 46.102543 91.899917
1106.113864 515.145418 45.531821 91.638906
1106.710078 515.881749 45.648099 91.594424
1107.819616 516.061552 43.885856 90.211783
1108.717213 517.589729 43.707532 90.525859
1108.930385 517.766292 43.143049 91.198038
1110.306484 518.377077 42.494639 91.898508
1109.564273 518.469889 43.558147 92.421186
1110.327939 519.154143 43.405211 92.025424
1110.245582 521.513462 43.285806 90.081394
1110.308940 518.231367 43.341956 93.767029
1110.607534 520.189979 42.428025 92.673500
1111.124540 521.522471 43.441396 91.742283
1110.929931 520.776079 42.983134 92.521491
1111.649567 523.594059 42.958815 89.798614
1110.837830 522.779162 42.628769 92.521719
1110.971075 526.154965 44.594335 88.982106
1111.675163 526.002007 42.368369 89.686794
1111.780226 526.288254 43.258728 91.676403
1111.773920 526.615986 42.818831 91.648749
1110.874002 527.716311 44.029234 89.573308
1112.228518 526.780750 42.811315 91.512089
1110.406159 528.386893 44.715483 89.952316
1111.189498 528.991902 44.242408 89.422821
1112.296672 528.558639 41.838146 91.582076
1111.883578 527.053269 41.956940 92.110463
1111.665720 529.767784 42.803191 88.943160
1112.034918 528.670097 42.725956 91.236030
1112.228518 530.470569 42.510565 89.620788
1112.506382 530.685363 42.054829 89.260292
1112.664813 530.186514 42.071629 90.130262
1112.729012 530.988368 41.971689 91.403916
1112.399161 532.774874 41.241545 88.471885
1112.152066 532.935470 42.034679 87.921875
1112.551885 533.655231 40.858069 85.994394
1111.534282 531.458521 41.952139 89.385957
1110.639821 532.975865 41.420375 88.540803
1111.770277 533.921995 40.859556 85.727630
1110.548415 533.798035 41.417134 89.029389
1110.622320 533.715976 42.998015 87.477589
1110.456929 534.256322 41.928000 88.172454
1110.470779 533.387581 43.674932 87.102613
1108.415052 534.299048 43.391777 87.182728
1109.743126 532.641298 42.882396 86.512096
1107.968835 534.764404 44.022970 89.277200
1109.029156 535.292530 43.514946 85.196630
1108.042642 535.341236 43.324215 87.071123
1108.267632 534.898863 43.249795 89.360622
1108.256926 536.102403 42.323459 88.305647
1108.267632 535.991875 42.476275 88.493405
1108.470760 535.535538 40.847201 90.106326
1107.404001 534.907423 41.704669 91.718901
1107.603203 534.148518 41.148096 92.270871
1106.398495 535.218050 41.226114 91.159143
1105.882298 536.012799 41.911435 93.506825
1105.868400 537.197279 41.147298 92.469267
1103.988979 537.812122 41.987532 91.228257
1103.824892 537.843469 41.372695 91.702699
1102.756870 537.980422 41.489170 91.347589
1102.353451 537.305756 42.642258 93.037780
1100.543378 537.277378 42.873897 92.818408
1100.347268 537.854036 43.368154 93.987349
1100.345914 537.039646 42.232689 97.594195
1099.074503 538.538770 42.974877 94.504487
1098.128728 538.989137 44.080126 94.592947
1096.550908 539.295806 43.089313 93.972416
1095.763536 539.242882 43.577812 94.971431
1094.803476 538.708788 44.271502 94.863133
1093.657332 537.037759 43.699858 97.214332
1092.257725 537.482494 44.809219 96.835014
1092.188878 538.191226 44.328883 95.311494
1091.369832 539.368981 44.966135 93.981934
1089.707609 536.767950 46.156189 96.561234
1088.790440 537.025446 46.507090 95.861085
1088.070216 537.360905 44.986835 95.456132
1086.601045 538.353025 44.733581 94.713620
1085.245246 536.327838 45.565451 98.176837
1083.562848 538.176222 47.308129 94.446443
1082.647030 535.313545 44.994176 100.302894
1082.358275 534.001119 44.565279 99.636644
1080.505696 535.457321 45.165334 99.451870
1078.660026 534.670277 46.750083 98.192084
1077.450560 535.852495 45.311730 96.388784
1075.241965 535.834915 46.715900 95.584357
1075.746679 534.698559 43.260511 96.210980
1074.073362 534.693120 45.209490 95.701853
1073.862079 533.246753 42.326747 97.669292
1071.893705 533.190977 44.386377 96.698979
1071.020577 533.712253 44.889430 94.676131
1069.406385 533.098560 44.018081 94.511120
1068.348997 532.937948 44.567653 94.243735
1067.160053 531.904354 43.929046 95.381159
1065.506015 531.164983 44.789488 96.053928
1063.931631 528.990887 45.447742 98.508221
1064.121234 528.379163 43.605493 99.379929
1062.041312 529.628735 43.519757 96.391332
1059.270013 529.823696 46.114949 94.624136
1059.364539 528.312707 43.152321 96.035718
1056.793641 528.134989 44.512767 95.063260
1055.491331 528.182908 45.056601 95.300270
1054.168724 528.284590 46.059589 90.906590
1052.124261 527.530870 45.751138 94.991776
1050.532213 528.596223 46.538547 89.612793
1049.486529 525.583234 46.779756 95.474879
1047.706506 528.026404 47.629145 91.918623
1046.799540 525.988838 48.897519 94.545611
1046.212003 525.555471 47.153818 94.321771
1044.799965 525.963617 44.155276 92.698710
1044.816817 523.642672 44.107836 96.879969
1041.703664 523.479597 44.981579 95.125888
1041.276573 522.558338 45.384139 94.846266
1041.026148 520.549805 44.306344 96.288565
1039.960166 521.039576 43.911946 93.641132
1036.802047 520.346176 45.598070 92.602437
1035.363583 521.199370 46.631171 90.019843
1033.199967 519.690090 47.615325 92.571637
1032.961868 518.350059 45.213680 93.838595
1030.392476 518.749737 47.049005 92.883800
1032.288269 517.902786 42.317886 92.599124
1029.048730 516.934164 46.545078 94.533038
1027.714277 516.696403 42.953205 92.830009
1027.479658 515.552947 43.488719 94.528045
1026.547377 515.315877 40.814225 91.698947
1025.831285 514.731077 43.310107 90.564870
1023.777234 511.882303 43.716623 92.409446
1021.775279 510.455082 43.067510 94.582741
1020.328597 508.497203 45.704089 98.102216
1020.417368 506.534247 42.129429 96.864730
1018.421314 506.037750 45.168304 95.379729
1017.615828 504.751590 43.233013 97.834685
1015.893822 506.075519 45.392677 94.529954
1014.743417 503.174717 43.933089 96.707171
1010.553280 503.712680 45.913096 94.662117
1010.310067 501.876091 46.757097 96.604230
1008.050963 502.189736 47.802869 93.895613
1007.656791 501.098675 47.171371 94.313695
1006.200978 499.707097 45.402736 94.052130
1006.823102 498.528711 44.437910 95.077175
1004.678828 497.327838 46.612492 92.787865
1004.328536 495.660289 44.181432 93.179110
1003.967368 494.232174 43.598362 97.100541
1002.365391 494.614167 45.070061 95.241638
1000.820050 494.317314 45.355453 94.957427
1001.130853 492.787020 45.110814 93.612946
999.034946 491.445539 45.881670 95.606133
998.348994 491.007729 45.883322 95.525295
998.465396 488.485618 44.701793 97.398571
998.172635 488.101930 44.606512 96.053371
997.417611 486.804966 44.385979 96.005350
996.680439 485.379670 43.140712 96.502226
995.581903 483.886778 44.595008 95.293960
993.240571 483.231330 45.623206 94.723334
993.548321 480.462423 44.983844 94.892160
992.813677 479.724343 44.309663 96.121500
992.656474 477.804965 44.031133 94.507232
992.056501 476.914508 42.626369 96.268505
991.183889 475.018226 43.995578 96.226859
990.276589 474.056685 44.703349 95.607842
990.827184 472.234204 42.662669 95.967005
989.476186 471.802211 44.866021 94.876634
990.980753 469.505560 42.210073 95.279488
989.225491 468.829602 43.398080 94.416798
990.126985 465.135356 41.534238 94.713266
989.242406 464.219769 42.778835 93.862838
987.970322 461.703978 42.507969 94.703927
987.293436 461.433314 43.143427 93.529233
986.024006 459.450882 43.001905 93.999003
985.238112 457.987065 44.330952 92.752470
985.659541 456.485779 43.019045 93.602221
984.700474 454.719699 42.544511 93.061425
984.853204 452.642701 42.136385 93.477897
984.290153 451.606398 41.408796 93.352911
983.713802 451.155390 41.476327 90.609036
983.488479 448.010691 41.051029 93.017978
982.665690 446.627652 41.728531 92.619107
981.773975 445.178883 41.907166 90.965346
981.204791 443.763178 41.926472 91.644867
980.262116 440.428996 41.692106 91.731108
979.773680 438.988057 42.729515 92.341859
979.610298 438.308049 43.191408 91.273694
979.458945 434.371676 42.624402 92.894564
979.290114 433.904249 41.277985 92.266294
979.057756 430.944609 41.077035 93.098687
978.614079 429.202732 40.284952 91.806731
977.831332 428.021879 40.529865 91.058002
976.795567 425.987166 41.033760 91.344186
976.148439 425.123966 41.606488 90.463501
975.626421 422.175240 42.143980 92.192046
974.564247 420.003256 41.227001 93.411480
974.241073 416.480792 42.565884 94.351849
973.820151 415.636628 41.530250 92.601753
972.297495 416.046453 42.940733 90.659749
972.806009 411.784458 41.818766 94.048160
971.559734 410.598306 41.965110 91.614832
971.347992 410.212129 42.859498 90.827259
970.570485 405.886757 42.888972 93.043304
970.294845 406.634189 42.358321 90.820687
969.831573 402.877184 42.053736 93.371717
968.717914 398.796490 41.402050 96.331747
968.856081 397.001414 41.547870 95.740262
967.062571 394.918479 42.442789 95.280417
968.059549 395.248931 41.436550 93.552785
967.816921 393.266993 41.263877 91.490180
967.251094 391.306932 41.108252 92.148186
966.824909 388.664386 41.109396 93.915470
965.353347 387.500430 42.153104 92.830860
966.005596 383.414178 40.371482 94.092975
964.510595 383.511743 41.973691 91.569800
965.307625 381.693370 41.388649 90.466729
964.056698 379.273719 42.278488 91.479177
962.775165 376.783018 42.076999 93.089666
961.771007 377.209253 43.615185 89.667596
961.254481 376.201088 42.811782 90.460914
962.157957 372.260172 41.706620 92.344624
961.302587 372.172471 40.596409 92.258724
961.260613 369.190735 41.205885 91.850078
961.029142 365.843414 40.128009 93.446687
961.207874 365.130930 40.904023 92.125795
961.232120 364.065253 39.723647 92.733664
959.316840 363.100166 40.222561 90.031154
958.873309 360.964535 41.463909 89.764927
958.104948 360.691516 41.190717 89.317590
958.810015 359.341991 40.788974 86.843396
958.855080 354.395350 39.922542 90.959440
959.038899 353.179234 40.925597 89.963057
958.773123 351.517995 39.228839 90.642371
959.153115 350.797206 39.012948 89.816882
958.434771 351.015393 38.832356 86.084629
957.613643 349.848200 39.685912 85.800858
957.759707 347.278109 40.054030 88.349218
958.063899 344.355550 38.950343 89.289692
956.593036 344.525696 40.083221 86.744393
957.271886 342.176072 39.426638 87.450357
957.120681 340.485344 38.914369 87.282308
956.747051 338.679963 37.839380 87.072555
956.106649 336.876833 38.917868 88.434106
955.928560 333.640048 38.764912 89.337943
955.734828 333.403373 40.366612 88.042847
955.719395 331.452263 38.333400 86.492536
955.765269 329.732155 38.750256 87.828207
955.311015 328.044219 38.526398 89.893722
954.775067 328.688477 38.194664 88.057024
953.842202 324.754569 38.698585 90.170133
953.918199 325.342295 39.065415 87.728107
954.271884 322.318229 38.955763 89.765510
953.871649 320.861633 40.522798 89.424267
954.239932 320.173999 38.972112 89.251194
955.160095 317.398089 37.983111 89.674003
954.736067 314.953597 37.708690 90.799762
954.774366 313.751045 39.596219 90.907892
954.172032 313.990728 39.489643 88.281121
955.625750 312.601667 39.844709 89.062517
955.726654 310.709540 39.244762 88.651612
956.451915 309.706194 38.199710 88.413260
955.602360 307.380336 38.837062 88.880287
955.351833 305.723350 39.280090 88.786643
956.993103 303.624494 38.080331 88.921282
956.648404 302.739231 37.800832 88.503968
957.613753 302.311012 38.597162 86.648036
956.808512 300.434533 39.174206 88.991420
957.300555 299.005223 39.441459 87.792088
958.073618 296.986805 37.735654 89.096929
957.979640 297.224024 38.413171 85.679998
958.151927 293.602710 39.891168 87.883597
958.082868 294.286615 38.851039 83.374761
957.759908 292.729719 40.311862 85.349932
959.035817 292.608907 38.140823 84.025865
958.810223 291.320151 39.186903 84.506957
959.262423 290.413891 37.449647 84.174365
960.487059 289.760813 36.949002 82.413986
960.063249 287.078182 37.248199 83.919625
960.698294 285.130524 35.973481 85.183859
960.426342 284.936727 37.677447 83.771033
960.895285 284.574863 36.914991 84.489930
961.167947 283.819489 37.428881 83.746226
960.967476 283.611733 36.818417 83.360723
959.986933 281.373366 38.370323 84.335665
960.696073 280.733393 37.886473 83.979008
961.572239 279.491256 37.638939 85.164565
961.603754 277.237030 37.560764 85.131999
960.521378 275.319234 39.829383 86.800751
960.262202 275.427049 39.490542 84.962415
960.448197 273.675437 38.976190 85.748668
962.146491 274.473166 37.025297 83.063381
962.489356 273.614280 37.563441 84.337128
961.434998 272.729718 38.548525 84.352545
961.227008 272.262967 39.368340 83.439575
961.083732 270.435872 39.667494 82.627426
961.716835 271.073943 40.579343 82.098524
962.179340 268.830972 38.832513 83.621150
962.371704 269.795735 38.821616 81.270443
962.709270 265.533109 38.937460 87.219908
962.084617 265.671110 39.653100 85.287946
962.953112 265.122814 39.488791 85.656078
962.515750 264.607839 38.527300 87.181676
961.615506 263.341547 39.923375 85.224265
961.711700 262.209067 39.714386 86.452533
962.834441 260.510214 39.376478 86.880570
961.918405 261.786679 38.919011 85.314288
962.201134 260.069173 38.977370 84.743275
961.358313 259.384289 41.026723 87.255904
962.206996 259.295532 39.146240 86.090646
961.881948 259.254043 39.589234 86.532793
962.181056 258.336931 39.208359 86.918718
963.684570 255.526455 39.183125 87.965743
961.736817 257.047059 41.314278 86.834729
962.775085 256.098493 38.332460 87.512356
962.658859 255.157263 38.687710 86.606872
962.153286 255.164864 38.153528 86.028145
961.872392 254.080745 40.368659 86.610196
962.313583 253.357209 38.214653 86.171383
962.248237 254.038218 39.426636 84.347040
964.511570 251.686761 36.654841 86.301548
962.939850 253.904686 39.699869 81.147084
964.562603 248.439553 36.772349 87.890470
964.402612 250.903528 39.549719 84.105894
964.932411 248.595348 38.322539 85.544180
964.353167 249.609954 38.855874 81.953932
964.642143 248.228876 38.920914 83.490696
964.712370 247.173288 38.108307 84.751935
964.226988 246.674611 38.848290 86.015394
965.220882 247.183717 38.293954 84.162725
964.420966 246.320156 38.607642 85.122175
964.681677 247.244278 38.945690 83.527702
964.420966 245.131110 37.663796 84.156581
964.364523 245.845331 39.906451 81.933058
964.055194 244.641334 39.491112 83.937730
964.215509 243.649970 39.138528 84.321883
964.774058 242.413890 37.605073 83.717064
964.712131 240.388683 39.747940 88.209072
963.791801 241.637327 39.195318 85.163392
963.916996 240.494424 39.305843 86.593424
963.663618 240.140351 40.126970 85.497794
964.235581 240.320604 39.303290 85.423885
964.098577 237.305174 40.111149 88.335631
965.397462 237.786430 37.970552 86.734934
964.097732 237.373355 38.526984 86.636066
964.279119 236.543691 38.389826 87.649947
964.470815 235.778067 37.983665 88.604993
963.938924 235.818220 38.562495 85.989275
963.534093 235.480641 39.425093 85.961292
963.950907 234.140971 39.252517 87.091471
964.460570 234.592373 39.192355 85.308100
965.106704 232.608970 37.713395 87.754110
963.662450 231.896523 39.467053 86.629748
964.315563 232.525152 38.848729 85.734832
964.668929 230.019186 37.190658 86.440751
965.186283 229.997087 36.565120 86.235401
963.949435 230.586401 39.698914 83.679231
963.261568 229.746303 39.369997 84.758926
963.684600 229.358867 39.687076 83.056445
964.090835 227.464854 37.319195 84.457052
964.122685 228.344866 39.288121 82.793398
964.340472 225.919643 37.650425 84.707382
964.364523 225.231088 37.853951 85.676426
964.589010 224.486563 37.502320 83.889408
964.940919 224.012922 37.318273 85.196911
965.514508 224.576676 37.791060 82.413910
965.082201 221.373203 36.555921 82.972951
965.246365 220.902947 37.508305 86.374865
965.474830 221.123977 37.273622 84.207478
964.826645 221.430652 38.023740 84.906777
964.652886 220.822238 36.568611 84.099658
964.698266 219.051241 37.999118 84.516599
964.278340 219.490228 38.177259 83.490161
965.750157 217.509729 38.320619 86.477365
965.002166 217.273325 37.720006 85.423282
965.986056 215.832247 37.089222 84.975501
965.340469 215.612233 39.095570 84.660951
965.872338 214.231338 38.705072 85.912487
964.803504 214.539672 43.384506 85.313157
966.629691 213.304429 37.861914 86.533825
966.342217 213.598641 38.316369 84.554058
965.184377 212.194848 37.960340 85.109108
965.303887 212.440520 39.790560 85.296489
966.046602 208.736694 38.125165 88.161006
965.516240 208.769132 39.002598 88.372135
964.829063 207.676987 38.195629 87.222710
964.765229 207.774400 40.129149 86.971546
964.877864 207.893215 38.650396 85.516989
964.731635 205.764042 41.837993 88.320434
965.101721 205.814313 38.264819 87.799766
963.597992 206.102029 42.953161 87.038652
964.000879 205.141822 40.315295 86.793403
965.120496 205.696111 41.691479 85.817825
963.539521 202.888848 41.711738 89.849031
964.116040 203.775245 41.815151 86.705212
965.343622 202.329512 40.207596 88.401462
964.189366 203.241823 41.150607 85.494617
964.747056 201.723248 41.965847 86.372350
963.985693 202.096741 41.114578 86.260106
965.024377 202.578454 41.626840 85.577922
964.938068 202.371754 40.648517 85.903592
965.986707 201.215442 39.711822 86.882147
966.034420 200.548752 41.134828 85.763971
965.534265 201.959815 39.836491 85.431100
967.257211 201.135095 40.650733 85.002076
965.629069 201.317445 40.278681 83.231132
967.367681 200.448545 40.747058 83.512482
966.999944 199.479131 41.024521 85.570196
968.319174 199.029026 40.799338 85.950248
966.762860 198.916266 42.212693 84.908698
968.790754 199.939919 39.812674 83.585456
968.358276 198.392422 41.522202 85.286180
970.026628 200.301875 39.909948 83.451345
971.349888 198.988384 40.120840 83.938108
971.018180 199.553105 39.126975 83.247538
971.090795 197.932825 42.031770 84.626928
972.409615 199.124332 39.664029 82.760635
972.996647 197.467202 40.561492 86.659877
974.026661 198.550355 39.671158 85.056417
974.386049 199.451389 39.962512 84.829822
974.389283 198.528267 40.494219 84.892883
976.620179 199.833693 39.428285 82.098856
975.817845 198.938352 40.528963 84.565875
977.555781 199.465039 39.411450 83.238505
977.281032 200.910620 40.092364 82.299609
978.649947 198.401498 39.068033 84.795067
980.110263 201.348622 38.908253 81.639692
978.549527 200.315888 41.713544 82.348947
979.964509 200.692992 41.818162 82.689874
980.485880 201.258755 40.467903 81.430603
981.340483 201.042554 38.964562 83.153144
981.763567 202.145777 39.748059 79.892775
982.150437 201.325051 40.209311 81.383988
981.474473 201.600669 41.985599 80.687018
982.329220 200.989178 41.428201 82.969370
982.273041 201.769327 41.531763 82.671072
984.059055 200.065042 40.357475 85.390879
983.401278 202.086707 42.335077 83.388135
984.615486 202.957004 42.481170 82.535201
983.391076 203.335126 42.704130 82.744809
984.615486 204.811587 43.117439 81.019375
984.541834 205.111713 44.027800 82.070464
985.769954 205.850511 42.323268 81.873378
986.728211 206.250112 41.968379 81.478371
986.871847 206.584694 42.971831 82.158615
986.035579 205.770290 43.442370 83.173178
986.819520 206.519396 45.769637 82.365566
987.883385 206.126627 43.499958 87.389494
987.858185 207.415943 44.089983 81.811626
986.813451 206.585290 45.927786 84.743616
987.648050 207.336183 43.316408 85.915174
986.693648 206.964969 46.750724 84.217186
988.326427 205.941851 44.594973 85.876312
989.114498 208.855179 42.532662 85.739280
990.189442 208.212117 44.070012 86.840211
988.086443 209.822415 44.830656 83.448405
990.336858 211.546004 43.411418 81.055154
990.011755 209.044484 43.476112 85.793229
988.613830 210.721531 42.991897 85.936174
989.610428 209.272396 44.097359 87.645698
988.287425 211.107087 41.836829 85.972805
990.206988 210.697301 40.848397 87.592233
988.934551 211.182406 42.341073 89.120052
989.104917 214.385538 41.948326 83.453029
989.326186 212.414366 40.866237 88.091893
988.758970 217.302647 40.325875 80.883255
987.640895 217.458911 42.037722 81.258996
988.261561 217.157625 40.810515 81.993233
987.034062 218.397473 42.266410 83.618837
986.551831 219.515512 42.731117 81.744503
985.234162 219.348353 42.883872 84.586633
985.304761 219.882917 42.631549 81.064858
985.576474 219.831062 42.153580 83.843928
983.840087 221.709087 43.647883 80.364509
985.773935 221.553076 41.458623 81.663149
984.876809 223.358343 41.567740 77.242436
985.178260 222.702997 40.887743 77.558552
984.691849 223.668910 41.774716 75.827633
983.327610 223.203237 42.586287 78.096993
983.939605 223.859985 41.947492 75.648309
983.484313 224.055516 42.186971 79.174266
983.341253 223.377417 42.233672 78.289451
982.604187 225.431336 43.155926 82.563514
983.597985 224.845469 41.635471 81.924937
982.449144 224.095849 43.073466 84.393576
982.529550 224.882910 43.207685 85.755517
982.453209 226.295296 42.355867 85.507374
983.074306 226.116621 41.157384 86.628165
982.455740 226.046472 40.364144 88.088167
982.238645 227.555629 42.068073 86.471941
981.210938 226.913994 40.526649 87.866876
980.593020 226.801618 42.867300 88.185495
979.612458 226.136913 41.861716 87.160686
980.560951 225.056840 42.027085 88.948469
979.542532 228.533977 43.979142 84.342767
980.542820 227.152663 41.313656 85.347254
981.115317 230.754448 41.024572 81.576961
980.151926 229.374691 41.244176 84.805662
980.744732 226.817111 39.495334 86.173075
980.178944 231.407542 40.359939 81.455563
980.716840 229.988965 39.605408 84.013407
980.358251 231.442033 38.472203 82.043392
980.407706 230.402727 39.141463 84.388885
980.215520 231.883432 39.274461 81.020073
980.335117 231.204467 39.199480 83.741709
979.111892 232.609147 40.264133 80.842979
978.354318 230.649069 40.662169 85.592067
978.066198 231.553017 40.632338 83.681711
977.950934 230.833648 40.586627 86.242290
978.553084 231.626444 40.407599 86.057170
977.620813 232.031819 40.986691 86.059849
977.731238 232.276105 41.253599 85.807626
977.485440 232.305416 41.047666 87.634532
977.807560 233.047617 40.065442 84.761172
977.269764 233.212741 42.627733 86.102457
977.036667 231.639467 40.892137 87.198787
977.967894 232.234148 39.328094 85.311628
976.605857 228.674236 40.931706 89.361908
976.000853 234.604503 41.639712 84.113940
976.004243 231.773793 41.507111 86.479849
976.174377 231.254499 41.638768 88.179060
976.000853 232.793181 42.017295 85.591062
976.817505 232.282863 41.479545 86.791042
976.991832 233.263573 40.436419 86.273571
976.270190 233.356099 42.722224 85.073757
977.003601 233.255851 41.443034 84.811829
975.574297 232.148245 42.854730 87.425742
976.402515 231.979993 42.152475 87.573427
976.782249 231.454027 42.289275 87.896663
977.202259 228.606890 41.578618 89.387068
976.403998 230.269784 41.754016 88.205192
980.025815 230.026105 39.828815 86.503898
978.031624 229.609079 42.223652 89.596801
980.003892 229.835153 41.292566 89.275166
978.276076 229.869463 41.962536 88.983507
980.100404 230.261833 39.745933 88.425732
979.124372 228.452258 41.016654 90.287944
979.805632 228.957618 40.339769 88.618771
980.149734 231.037343 40.355154 86.497585
980.698903 228.081542 40.300027 88.289271
980.629688 230.268004 41.005520 86.675823
981.206996 228.372095 41.213693 87.428618
982.207299 229.632717 39.974031 85.525503
981.736402 228.323430 41.912781 90.096473
981.984135 229.498563 41.396205 86.362977
982.396324 228.563718 42.307303 89.406474
984.048369 228.865810 39.182610 85.086712
983.726097 227.884224 41.765928 89.315789
984.594193 228.748638 40.147756 87.269278
984.736095 227.495927 41.200246 89.670827
985.663926 228.628794 41.079993 89.463794
985.973204 228.529924 39.812700 85.573676
985.759909 229.048284 41.013972 84.869387
985.939394 226.650723 40.928278 88.735121
986.327839 226.612645 41.894231 88.060499
986.502124 226.448791 41.636197 89.513828
987.283286 225.951711 42.529858 87.465412
987.848956 226.086431 40.678195 86.483424
986.887898 226.626438 42.614050 87.068597
987.799303 225.080184 42.108233 87.092322
988.461762 225.351551 41.537960 87.569201
988.112216 224.791495 41.673198 89.939296
988.438385 225.564772 41.806231 86.115176
988.224295 223.726240 42.421701 87.700814
990.148262 224.845253 42.403611 86.071885
990.087641 222.577042 42.718615 86.687220
989.818263 224.004757 39.608107 84.901266
989.389262 222.615175 43.699079 87.103397
990.042306 221.718252 40.829757 87.865245
991.444850 220.577046 39.094721 87.953850
990.926567 219.801368 40.653431 88.163033
991.003578 220.364371 40.924351 87.115333
991.061489 218.476746 40.079538 88.825954
990.659849 219.424230 41.387976 87.459431
990.542807 218.912741 40.885441 88.991194
991.722407 218.134048 39.573713 89.297780
991.336843 216.133585 38.731150 89.744584
990.629676 216.831953 39.578931 87.953151
991.167565 217.371759 39.713705 87.754210
989.736838 216.526832 41.450188 87.629551
991.201040 215.791499 39.953186 87.849505
991.012852 216.312515 40.824079 87.083405
990.755710 216.254499 41.194922 87.935198
992.575210 213.836560 38.101320 90.412692
991.964302 215.732335 39.895505 88.602696
992.444835 215.128723 39.297554 90.041565
992.052393 215.700338 40.827865 88.061879
992.189482 217.777704 40.238821 86.839056
992.120621 216.814381 41.583330 87.229553
993.003526 215.976354 39.565112 86.405641
993.132864 216.495997 39.149711 86.524432
994.484633 216.989967 39.387814 87.000065
993.741479 216.699414 38.780775 86.201067
994.463847 217.014987 39.048509 85.311938
994.400745 216.332659 39.220802 86.902705
994.132826 217.583420 40.710766 86.759685
994.249629 217.297221 41.053440 85.290250
995.880870 216.222472 41.071174 87.918794
996.052360 216.751939 40.899430 86.206142
997.686886 215.570937 39.687754 87.832091
996.606119 216.959610 41.367750 85.236409
998.741430 215.999168 39.660791 85.665581
998.130050 216.338406 42.045496 84.326358
998.967758 217.406923 39.912696 82.053117
999.055214 216.333692 40.966342 84.562587
999.325133 216.164662 41.622508 83.162851
1000.481319 215.513768 40.534699 83.918901
1001.201080 215.932047 40.230828 84.195054
1001.534040 216.910217 41.570435 81.999730
1002.164555 216.630086 40.836292 87.961722
1002.967933 217.212120 40.862962 86.840211
1003.493782 216.955293 41.846794 84.364523
1003.670608 217.418908 41.852549 85.080322
1005.169010 216.833985 39.814673 87.091039
1004.337086 218.206308 42.910803 85.168166
1005.522252 217.224452 41.701120 87.520333
1006.327844 218.311953 41.496346 85.766129
1007.023764 217.267202 42.014592 86.697193
1007.709120 219.606096 41.606159 83.924797
1008.615494 217.956047 41.662534 85.258752
1008.237760 219.716215 42.089676 81.180573
1009.837422 219.966870 41.582168 81.430464
1010.795229 219.621737 40.552093 82.682215
1011.083716 219.279542 40.263605 83.293148
1010.675232 220.191016 43.826914 83.264896
1013.072203 219.393214 38.790177 86.089854
1012.916996 219.124627 42.686919 86.831991
1014.130476 220.604973 40.565018 85.502829
1015.176065 221.589636 39.885529 82.670376
1015.759900 221.451002 39.658927 85.950188
1014.686855 222.827495 41.621986 84.879860
1015.795149 220.448356 41.047416 88.124582
1015.758377 223.231395 41.655465 83.714440
1015.785899 222.902350 42.725321 84.858496
1017.639376 223.854394 40.903836 83.592543
1018.195204 224.554551 40.548844 83.494083
1019.201123 225.135013 39.427807 83.086685
1019.137798 223.645204 40.770985 85.301234
1021.111875 224.646359 38.405241 83.547351
1020.576253 226.612347 40.103287 85.036598
1021.564413 226.688369 39.577354 82.331050
1021.435003 227.876762 41.348047 85.609721
1021.088287 227.506774 40.411812 85.432043
1021.753493 229.069343 40.678982 84.870646
1021.884573 229.135603 40.722477 84.586090
1021.326152 230.703825 40.914146 83.057023
1020.956911 231.106990 40.264467 81.688464
1021.102928 232.395878 41.758474 81.106495
1022.113617 232.741531 40.873324 82.566211
1021.344635 234.216167 42.277340 81.333860
1021.822817 233.485228 43.101708 82.119878
1022.438045 234.341497 41.894845 81.101061
1023.179297 234.713921 41.215351 82.438394
1022.692465 236.672969 42.034787 81.393036
1022.178425 236.407122 42.803223 81.723826
1023.195198 239.210477 41.757117 80.058398
1023.428148 238.572957 41.943834 80.227783
1023.101924 241.081843 42.259620 77.008479
1023.516239 240.654232 41.955517 80.176790
1023.014964 241.595481 42.386651 78.308918
1023.789413 242.650692 42.234165 76.905566
1024.358741 244.151186 42.564258 76.403098
1024.307280 244.987057 42.580513 78.730301
1025.205882 246.928401 41.278808 77.656743
1025.886450 247.686006 40.861455 78.126612
1027.553658 247.594089 38.640899 83.339803
1025.514456 250.280801 41.165414 79.535511
1026.874900 248.590010 39.492274 85.524446
1025.972122 252.187329 41.077502 80.827166
1026.525406 252.014424 39.062918 82.872229
1026.245655 252.933686 40.677316 83.169989
1026.018535 254.133248 41.366456 81.915587
1026.789818 254.017304 41.217231 83.290434
1026.005790 256.842576 41.128522 83.074398
1026.821685 256.183705 41.670349 84.864925
1026.869021 256.782539 41.437238 84.157325
1027.373695 258.237280 40.649990 83.507217
1026.792539 257.679711 40.480706 89.340152
1026.700535 259.968505 41.437797 86.018181
1026.656036 259.056482 41.317793 89.581932
1025.890184 260.351760 42.483946 86.907959
1026.682120 260.114086 42.615811 86.430276
1026.401964 263.136402 41.188211 87.361592
1026.262481 263.655363 40.241955 88.191372
1026.140181 262.770126 40.647734 89.009593
1025.329098 262.134056 41.848483 91.776565
1025.347962 264.974547 42.253058 88.316037
1023.597790 266.285960 43.095738 89.308502
1024.810178 266.594068 43.386881 88.036600
1025.360607 268.879831 41.831168 87.772409
1025.329098 270.547532 41.502345 86.701087
1025.174377 267.464931 41.591300 91.993896
1023.254522 271.820809 44.638523 88.277256
1024.256885 270.701455 41.125939 90.501194
1024.215460 272.252397 42.163938 88.854341
1024.294329 274.619713 40.577761 88.525097
1024.954666 275.214370 38.885475 89.849805
1023.942228 275.391529 40.463879 90.002321
1023.216648 278.165595 40.694807 90.083791
1023.761412 275.860093 41.079984 92.321323
1022.831571 280.106181 41.634177 89.085493
1023.418958 278.720902 42.514420 89.560931
1022.264405 282.358575 41.372017 85.718117
1023.217275 279.081527 42.136496 91.474362
1021.016552 282.419917 41.944454 91.544009
1021.584330 283.466005 43.278781 89.284095
1021.838653 284.683814 42.770181 88.724229
1021.326208 285.504440 42.982056 87.258468
1021.645354 285.506293 42.934482 87.717542
1020.805773 287.078474 43.064064 87.557080
1021.420067 286.382623 41.476870 88.730288
1021.152038 286.141829 41.914066 91.913486
1019.988351 286.859325 43.359462 91.062706
1021.156391 290.191610 39.614538 89.427439
1018.833309 290.517438 43.094617 88.325722
1017.422261 290.745239 43.268766 89.194475
1018.302308 288.987373 41.655200 91.296216
1017.516269 294.429983 42.553101 86.233344
1017.910822 293.462848 41.570965 89.673554
1017.171048 295.357548 41.788524 90.660995
1017.638320 295.060865 41.367117 92.112315
1015.882235 297.108852 43.229695 92.119275
1015.665060 297.397451 43.593438 90.978213
1016.600040 301.163234 41.528818 88.757626
1016.521316 300.407409 41.239615 90.477067
1015.313881 301.865118 42.820002 88.039367
1016.444581 303.415940 40.515019 88.897285
1015.732202 304.003468 42.515069 89.065079
1016.368563 303.186509 41.192991 89.965045
1015.890180 306.253390 41.909154 87.304991
1016.011657 305.730742 42.727329 88.600013
1017.016306 307.211176 41.362428 88.807567
1017.077229 306.900093 42.533583 89.611326
1015.935501 307.746165 42.177987 93.249480
1017.376338 308.032051 42.085433 93.032438
1016.346361 311.055484 42.173726 90.593657
1016.759728 310.274010 41.992902 91.425241
1016.296692 313.002129 43.186181 88.619189
1015.012683 311.482971 42.805497 89.761009
1017.292794 312.743861 41.233630 90.557027
1016.487336 312.169314 41.281893 89.420634
1016.661408 313.051279 41.857460 89.340426
1017.174347 314.590620 42.551951 88.055748
1017.035864 315.433867 40.912158 87.953610
1016.533780 317.383649 42.634119 87.339276
1016.544152 318.683052 42.003463 88.570012
1016.544376 317.796760 42.546423 90.511728
1017.373875 318.837116 40.991798 91.784693
1017.846684 319.495500 40.971875 92.189874
1015.896630 321.837104 43.227303 90.332136
1015.989544 322.626964 42.765176 89.162415
1017.034468 323.587965 42.055582 88.274810
1015.964423 323.477992 43.085265 87.885134
1016.615510 321.920752 40.769390 90.554214
1017.386804 322.809327 40.824822 91.907997
1016.126357 324.200286 41.862488 91.228559
1016.095694 325.594075 40.334221 90.027243
1016.550785 324.214985 41.746563 89.379628
1013.708970 329.284625 43.976453 87.604683
1014.664849 329.558170 43.387375 86.343626
1013.377818 332.051155 44.958674 86.574645
1015.413401 332.074093 43.398277 86.769726
1016.452373 331.719013 41.518002 88.462407
1016.202301 334.287447 42.679788 86.716440
1015.456037 336.174863 43.343619 86.279403
1015.286168 337.230089 40.679753 88.975284
1015.130480 338.793186 42.371623 87.702291
1014.696380 336.414744 42.563196 91.136491
1013.988318 338.291221 43.144187 90.267801
1013.570467 339.049281 42.936006 89.739530
1013.978213 341.031584 41.949602 88.254591
1013.131047 338.860628 41.829682 91.101990
1012.773698 342.246445 42.319428 89.997767
1012.882340 341.369169 42.778746 91.622492
1012.458943 343.987406 43.396069 90.717744
1012.510573 343.266780 42.813141 92.249605
1011.982771 346.881322 41.197481 90.763740
1010.950617 348.617708 41.988358 88.369467
1009.713975 349.640078 43.232595 86.967539
1008.651160 349.536114 42.429765 90.731758
1008.722317 350.410906 43.253912 89.292512
1008.368561 351.683807 43.192654 88.724229
1007.636334 351.897705 42.409382 91.795382
1005.702353 352.486013 43.447603 90.930422
1005.406180 353.229499 44.918762 92.576726
1006.133845 353.433864 43.050613 95.881114
1004.966022 356.662625 41.805411 90.148181
1004.316845 357.103715 44.401035 91.520557
1004.295081 358.638853 42.692117 93.899743
1002.373976 361.158461 44.365784 88.581074
1001.713456 362.818583 44.027890 88.435327
1001.838605 362.402721 42.770181 90.966629
1002.039054 363.930192 41.823823 94.522072
1000.978747 362.197656 43.230431 96.883253
999.892630 365.832009 42.056436 93.767193
999.504015 368.362500 42.919865 91.867439
997.911216 368.057175 42.390534 94.383916
996.656561 371.370607 45.565536 88.869601
996.712837 370.500740 42.058093 95.325338
995.171303 373.066953 44.828062 90.047590
995.247361 374.831158 42.022911 92.343187
993.820367 375.735239 45.240379 89.970957
994.135330 377.141607 42.851865 90.352411
992.289295 378.229075 43.461982 92.610141
992.866957 378.870062 44.239532 94.693709
990.377712 381.277335 43.360067 91.877314
989.982722 381.114875 44.793910 92.192490
988.069060 381.195768 44.599643 93.711494
987.421300 382.770000 44.415218 93.003371
984.515183 381.265317 46.548071 94.880459
984.145052 385.396015 45.348208 89.656859
984.664665 381.121928 44.953702 96.431885
983.616326 388.513223 44.772693 88.812277
981.679179 385.047267 45.985650 96.368444
981.867253 390.533160 43.783332 93.391589
980.844105 391.602403 42.640748 92.781279
979.597581 394.712783 43.846336 87.826261
978.850514 393.527456 44.352857 92.142615
977.630465 394.174924 45.534120 97.314516
978.085719 396.674099 44.221974 92.933874
975.249210 397.726780 47.388001 91.022815
976.661944 398.168299 44.103566 94.743351
974.193834 400.693357 47.297062 93.504471
972.761150 400.072126 46.511067 95.843929
972.225373 404.832121 45.723229 95.125055
972.875467 407.970421 44.385972 90.883181
971.965560 409.543578 43.423721 90.093836
971.883572 407.539667 43.102489 94.157415
970.314520 411.129428 43.117489 97.567158
969.614370 413.890346 46.324277 92.615324
969.171091 415.915653 43.310906 94.943832
967.949936 419.090530 45.260391 90.060572
968.874639 419.049849 41.267408 94.746526
968.341733 420.381648 43.165775 94.153410
967.225552 423.801759 43.330719 92.530952
968.072579 424.028118 43.425277 94.315810
967.396067 425.905443 42.534484 93.457256
965.243745 426.870070 45.060411 95.312654
966.091338 432.049491 43.817301 92.621200
965.766481 433.546392 44.783381 94.361684
964.617024 435.128788 46.590638 93.814405
963.373198 437.324174 45.272111 91.819399
965.021859 440.923626 42.878042 91.041592
964.465433 442.504239 42.578067 89.915152
963.838638 444.693111 42.255744 95.352468
963.029497 445.346173 43.455390 96.744485
962.871757 451.382039 44.431886 90.950450
963.454500 451.997943 43.125701 92.101609
963.350225 456.960131 43.651399 87.389867
963.119129 456.535528 43.377847 93.002110
963.392591 460.887051 42.828919 91.384485
963.973813 460.910161 41.420387 96.546021
962.342730 466.033518 43.866102 94.970971
963.083324 467.573847 43.382011 92.781009
963.189793 470.689662 44.127638 92.982812
963.293454 470.371107 44.291721 96.576667
965.634303 475.052995 42.350527 100.091834
964.880706 478.395093 43.082108 98.329017
963.862456 482.806635 43.504003 94.446015
964.445291 483.479942 43.387065 96.832431
964.139028 486.302807 44.393138 97.941340
965.052433 492.734505 43.303407 95.208755
964.235322 494.825150 44.131436 96.396976
964.238851 497.019989 43.250958 95.881499
965.794845 502.309394 43.119990 96.479520
965.020429 502.462803 43.274753 95.361458
966.867518 507.082073 43.413117 96.731025
966.818089 509.271481 42.283325 97.600783
966.980739 514.081804 44.205579 97.382344
965.299523 517.898269 46.267386 97.499877
966.580375 518.850570 45.199871 99.310603
967.589918 522.890281 44.647420 97.068483
968.256219 524.899731 44.264234 98.560775
968.302817 529.398301 45.183913 101.662222
967.933965 534.416866 46.093310 96.985338
968.724974 537.491617 45.849322 97.129298
968.900947 538.549140 45.375037 100.103675
969.870273 539.451666 45.478700 102.717732
968.920358 546.435577 46.046519 100.089964
969.423568 551.827513 46.840276 97.978105
970.303109 554.538162 45.410908 100.668429
969.979340 560.646411 47.006624 97.774362
972.913312 564.014880 44.029193 97.600375
973.307954 566.722802 44.305778 99.623331
974.220525 571.019614 45.018053 100.572264
973.390733 576.260268 45.573938 99.778764
975.961492 574.678081 43.562156 105.770372
975.463168 584.131213 45.490932 102.137814
975.579941 586.219043 45.246050 107.724164
975.205685 589.853678 44.712994 101.906569
975.231881 594.887050 46.062192 102.653785
975.927926 600.516379 45.679089 101.647161
976.157678 603.387716 46.051073 102.324673
978.232219 608.453527 43.694661 102.256777
977.035177 612.909843 46.923291 102.154695
977.368249 616.092689 46.762912 98.594634
978.762792 622.369264 45.613604 96.800140
979.140108 624.462413 45.583804 101.569656
979.435313 628.505872 46.549399 103.129051
981.944896 636.543795 42.203606 100.544994
980.867195 640.462414 45.156335 100.024625
980.578220 644.887668 45.705737 96.167099
982.412716 648.818316 43.706517 98.793881
982.733179 650.132152 43.478628 99.715407
982.847321 654.304312 45.562456 104.200296
983.275644 662.483990 46.340236 102.275968
985.503110 665.949210 42.895627 101.496628
984.404725 667.583177 46.144363 100.558017
985.067167 673.417291 44.877413 98.850031
985.092528 679.202144 46.533838 100.752547
984.559276 682.783856 46.389632 104.398576
984.960111 687.953800 46.543450 102.246826
987.129330 692.386140 44.921965 104.729895
986.495277 696.200920 46.087024 106.610167
987.109900 698.056686 45.702422 105.899043
988.105431 705.994467 46.005106 105.778287
986.673142 709.353159 47.313266 104.979386
986.838999 716.758051 47.159141 104.372324
987.528483 721.566284 47.549607 104.742543
988.683337 725.461618 46.641898 100.821141
988.539279 728.050812 46.006723 104.534196
988.736333 733.223354 46.794378 100.677767
988.311851 737.544307 46.110183 105.990353
988.922453 745.834439 47.381585 102.726184
988.242108 745.630030 47.021658 109.773526
988.579866 750.008645 47.380860 108.373504
987.802480 760.840315 46.446833 102.258941
988.463219 761.875112 48.638655 106.825061
989.279424 761.842746 47.923794 110.095143
988.138397 772.155436 48.524753 105.610281
988.591863 774.073994 49.603392 107.985480
988.605517 778.410894 48.424418 104.741343
989.298512 784.248372 46.786288 103.689886
987.803073 792.074527 47.855521 101.498651
987.923037 796.147438 47.035225 102.607690
988.133354 798.868866 49.481026 104.569806
986.117950 806.166393 48.711696 101.168335
986.655948 808.704202 49.232468 100.376088
984.124246 813.646032 50.324170 102.274655
984.900166 822.236578 49.710360 100.916792
985.222757 823.263308 48.354578 105.824444
982.987452 834.829801 50.531028 100.522566
981.006754 838.236756 51.384571 101.171974
980.830615 836.717741 51.874188 104.839765
982.011895 842.575294 48.511013 100.636795
979.898142 851.665559 50.170110 98.249794
978.045274 853.723822 51.982937 98.799817
978.235598 861.229327 50.686199 95.397875
972.832046 863.944656 51.243888 98.093015
975.081042 867.295641 50.772464 97.901503
972.260802 871.600848 50.645098 97.822159
970.921900 878.231496 52.791622 94.577115
970.419292 884.971901 50.901123 96.607807
968.425077 886.995619 52.719685 99.594087
969.359590 891.584141 49.952156 101.433505
967.254641 902.978759 52.310556 97.798446
964.418622 901.575841 52.126699 94.725044
961.741277 905.257274 52.417639 94.365632
960.419914 911.109126 50.422401 92.782856
962.059558 918.052793 49.968664 94.303896
955.140051 925.435377 55.736251 92.171496
957.134680 930.709959 53.256759 95.249308
954.339266 927.610893 58.083934 98.498069
954.209163 933.127658 50.425433 96.754035
951.826094 937.595279 53.499161 97.684616
954.364245 945.137408 48.549028 94.733942
936.307920 945.743208 60.252007 97.629588
886.060183 837.440446 54.483574 96.047671
906.165370 849.263536 42.724262 93.913846
939.276810 962.500324 60.668052 70.477617
933.465440 963.722097 60.792381 94.511370
939.222711 974.141972 55.631102 93.788334
