365.000000 422.000000 68.000000 50.000000
365.958674 417.789418 63.365210 54.705479
366.311167 417.780650 62.235169 54.419313
365.775310 417.523821 63.042291 55.621541
366.095977 418.160787 63.459140 53.766511
367.067307 418.317185 61.816716 53.928386
366.298461 417.412856 63.151714 54.196548
367.191270 418.136129 61.442976 52.980117
366.824707 417.993500 61.396338 53.728457
367.504918 418.348581 60.779633 52.791537
367.095807 416.742195 60.050962 53.752311
367.235651 417.406064 61.704498 53.379918
367.565870 416.873028 59.984127 53.567689
367.793767 417.193261 60.438218 52.712857
368.235647 416.880636 59.874480 53.837353
368.115886 416.659995 61.040257 53.578508
368.199797 417.416364 58.667090 52.386526
368.466150 416.440526 62.004265 53.077810
368.731604 417.406211 60.601475 52.519618
369.275442 417.123245 60.231878 52.279216
369.771568 417.939156 61.678087 51.596445
370.546984 417.363125 59.508972 52.204916
370.771054 417.457882 62.003314 52.183157
371.843982 418.302210 60.451494 49.669346
372.941235 417.618144 60.467161 51.830376
374.004747 418.060889 58.841253 50.169538
374.329962 418.152333 59.819013 49.809586
375.356758 418.126198 59.280024 49.738052
375.963163 418.029867 59.940213 50.431920
377.096352 417.997564 60.034051 50.604649
377.902301 417.802506 60.444182 50.006424
377.128079 418.229552 62.466543 49.837838
378.570979 417.918103 62.873101 50.468952
379.385420 417.066293 61.832957 50.764584
379.735431 417.554419 62.207353 50.518954
380.201431 416.978283 62.867592 50.835307
380.998007 417.592196 62.868814 49.942546
381.937634 417.000599 61.830269 50.800607
381.614263 417.611842 63.423168 49.874142
383.142329 417.171637 61.875259 49.579838
383.059578 417.822823 61.245338 48.507072
384.221135 416.976253 61.731937 49.014184
385.588669 417.042182 61.161702 48.838003
385.973959 417.547817 61.731328 48.906632
387.150965 417.335574 60.917850 47.237750
388.007498 417.090548 60.436389 47.469190
389.007497 416.725868 60.375561 47.559453
390.244688 416.802697 60.443322 47.791242
391.362462 416.261463 60.172820 48.023858
392.165868 416.494397 60.247594 47.760340
392.967745 415.773422 61.428997 48.118152
393.907023 415.916856 61.611489 47.875359
395.459627 416.224120 62.225426 47.388109
397.140005 415.446368 61.696746 48.474939
398.706748 415.307387 61.513823 47.886424
399.633421 414.698731 60.735885 48.901224
401.395031 415.026939 60.410584 46.944289
402.708477 414.356030 60.486618 48.579046
404.552299 415.043293 61.439345 46.757921
406.981376 414.499166 60.633107 48.187457
408.196895 414.618594 60.977739 48.844446
409.048117 415.009562 61.808986 47.628332
411.180612 415.496348 59.454532 46.354585
413.398329 415.264624 59.527527 46.824207
414.988399 414.529443 60.927335 47.347520
417.322815 414.500637 60.887564 47.486787
419.502987 414.620558 58.435611 46.878833
421.101894 415.147386 59.357654 45.970670
423.764614 414.948558 58.366868 45.787410
425.949425 414.029817 57.768421 45.265196
428.189064 413.674422 58.794374 46.320901
430.320628 414.000985 60.353489 45.185717
432.769899 413.798694 59.628115 45.114081
434.918029 413.681109 60.535936 45.075460
437.398328 413.590695 59.929560 44.461217
440.542270 412.568479 58.858758 45.192552
443.597010 413.600265 59.296111 43.584597
445.928317 412.304096 60.178780 45.653089
448.508798 412.492668 59.171245 43.400160
451.143591 412.319902 59.029472 44.086243
453.977818 411.600666 59.909088 43.868230
456.627541 411.600252 59.981792 45.870190
459.819585 411.639061 59.946757 44.275828
462.650004 411.886871 59.584944 44.171289
465.325292 411.083422 60.789095 44.497366
468.065221 410.656398 60.044687 45.764132
471.759991 410.239521 58.474846 45.444493
474.420644 410.088809 58.817890 46.643072
476.618792 410.023247 60.680900 46.914962
479.799623 409.313369 61.419356 46.559602
483.462488 408.725875 62.070268 48.213451
487.146025 408.809012 59.429392 47.969016
489.943796 408.352703 60.694788 50.243780
493.547370 408.242873 60.373273 49.111746
496.625004 408.531512 59.305268 48.002188
499.461498 407.836176 61.131322 48.139169
503.163187 407.767030 60.352407 48.882124
505.663782 407.933134 60.089621 49.651557
509.685795 408.294541 57.577088 48.059608
512.275506 407.988757 58.270020 49.166722
516.704799 408.381831 57.805668 48.051807
519.688012 408.272479 59.173445 51.014499
523.584225 408.094042 58.653976 50.686788
525.877774 408.483809 58.063832 49.873555
530.437152 409.339282 57.889400 48.951706
534.155353 408.599884 57.847380 51.266021
537.800785 408.596382 57.411216 50.890558
541.285221 408.752434 57.422874 49.483832
544.473404 409.122992 56.646814 48.279753
547.918230 410.283377 57.724366 48.024632
551.410613 411.038057 57.453655 48.505086
554.789934 410.411749 58.818260 48.555731
558.868596 410.924842 57.816777 47.478698
563.139628 411.656373 55.689752 46.855276
566.969325 410.325774 55.655254 47.754788
570.988278 411.407953 56.219510 47.272885
573.391099 411.037748 54.632064 47.206632
577.292053 410.379404 55.438732 49.260181
581.773401 409.263833 54.154520 50.137565
585.349043 410.727453 56.919405 50.373124
589.129675 411.795563 57.335818 49.335819
593.241882 409.640484 57.064929 50.874651
595.852443 410.633146 55.986615 50.213819
599.773154 410.200121 55.013832 49.103050
603.404280 410.166537 55.874420 50.408780
606.391146 409.746569 56.478629 48.596669
611.011660 410.090970 56.129462 49.701746
613.976190 409.818888 58.386812 51.042040
618.286956 410.294554 55.046946 50.913271
621.666010 410.700835 55.571163 50.407851
626.032556 410.200121 53.632299 52.373486
630.950397 410.233413 54.092409 51.507582
633.041751 410.153219 58.321277 55.851011
639.566563 409.906262 55.964627 52.379202
642.341646 410.932097 53.036086 49.864157
646.803714 410.550174 55.683733 51.613959
649.744803 411.335608 56.112529 49.441363
654.911636 411.860548 56.104024 49.394268
658.685487 412.499203 56.704546 51.268539
664.078389 412.913698 58.553375 49.068048
666.370881 412.101511 59.503710 53.764769
670.487583 412.031849 60.817096 53.810048
676.015525 411.966328 58.989833 57.301314
680.026519 412.151920 60.089898 60.401638
684.538339 411.597935 59.128650 61.408666
687.856940 410.554958 62.011240 66.541426
691.037723 410.271166 60.711986 68.558474
696.447118 410.502897 59.550773 67.181853
699.906374 410.692965 60.895024 69.647284
703.820121 410.203231 61.124255 70.280441
707.971339 410.241233 62.494155 73.097772
712.392159 409.757000 61.879563 73.521112
715.729963 410.202596 61.295580 71.960563
720.469113 409.851207 61.834022 76.415246
724.675795 409.093983 61.064110 77.513232
729.479839 410.216962 61.044483 79.045028
733.544073 409.730253 61.267767 80.633243
738.078400 409.751200 60.887602 78.058354
741.176720 410.221675 61.901922 76.785470
745.800329 411.037433 61.161070 76.935280
750.245859 410.718449 61.603522 78.827705
754.874216 409.905755 61.969700 77.404503
758.424690 410.683021 63.307513 77.250769
762.906397 409.807085 61.813410 77.416519
765.621450 409.608467 62.047740 76.303760
769.311678 409.783356 63.689938 74.314617
773.480812 409.622350 62.304491 74.779230
778.376222 409.660020 61.784513 74.499522
781.916030 409.107623 62.283924 73.375985
785.971969 409.090464 62.441496 73.236430
789.486581 409.421967 61.720264 72.229266
793.620626 407.928040 61.529824 73.789051
797.360415 407.794152 62.234659 74.074012
801.943868 407.520586 62.147341 74.171861
805.894586 406.745924 63.260138 74.708002
809.573971 405.887263 62.256837 75.607396
813.005850 405.723555 59.429657 74.278066
816.399182 404.971264 60.619929 75.499550
821.323566 404.369328 60.720067 73.960900
824.779651 404.398495 60.112978 75.230908
828.422007 404.384208 62.565220 73.554760
832.342322 404.528859 59.551268 72.043130
835.825448 402.933969 59.508009 73.437046
839.731476 401.463625 61.523590 75.417861
843.689149 400.631545 58.974673 71.887768
848.810319 398.923071 59.798153 69.111422
852.735042 398.061318 59.038403 67.278801
857.624081 397.478811 53.280974 69.091791
859.610057 396.852028 59.585622 67.569619
864.386765 396.167824 53.536339 65.941070
867.469708 394.522769 56.369182 64.042756
871.029286 393.171315 53.535573 65.171681
875.493431 392.526823 53.995350 62.087574
876.928001 391.692387 58.406774 61.860961
881.166561 392.502871 53.174644 59.551448
884.859596 390.527669 52.921518 58.430306
887.579880 389.268051 51.145416 61.547379
891.002204 388.402662 55.769929 59.943745
895.323829 387.229504 54.412314 57.716928
899.506161 386.394612 56.812067 57.951798
901.552188 385.303618 57.533287 59.455850
904.873844 384.449788 58.840996 58.817160
907.694698 383.437485 57.377564 59.335367
910.614791 380.634655 57.102508 60.422673
913.338956 380.676112 58.657706 59.534463
915.738874 380.264578 60.556964 59.647634
918.997953 381.585764 56.600627 56.097300
922.319848 378.604220 57.859389 59.216804
925.053620 376.214883 56.596300 60.846812
929.418114 375.039611 58.656122 62.319540
932.272078 374.133233 57.995778 60.838369
935.174183 372.295157 56.583100 61.282482
937.924778 372.830553 55.459767 61.351808
939.939588 369.658668 56.846475 64.519471
945.311248 369.417431 56.304064 60.971720
948.002918 367.524756 54.125849 61.187895
951.170909 366.011544 53.791298 61.516358
954.762271 363.754176 54.062197 63.532339
957.606544 363.210921 51.066046 63.645571
959.730491 362.683926 53.735946 62.910180
961.806258 360.893828 54.368436 66.630404
965.876915 359.401828 53.744503 66.673133
968.699920 356.696807 54.173763 64.793280
971.620954 355.786402 52.535877 65.462228
974.545436 355.233306 50.084484 64.581168
977.346301 353.973185 49.219314 63.242739
980.110822 353.006152 51.195566 63.217790
982.495160 350.411821 50.652439 62.620862
985.970581 349.352514 48.556993 65.023796
987.895993 348.453752 51.007113 64.325928
990.677956 347.038683 48.679653 65.282611
993.480244 345.378780 49.811050 65.370683
995.592514 343.865225 50.058731 65.581153
999.289207 343.949680 47.819568 62.855102
1001.524760 342.081728 49.942055 62.015974
1003.477178 340.298440 49.748064 63.413290
1006.541132 339.070078 47.944061 63.751030
1009.392828 338.514091 46.401142 62.760475
1010.863489 337.058063 48.336698 63.436876
1014.978523 336.042282 46.101372 61.811646
1017.335759 334.815807 44.354311 61.187473
1019.609128 332.734162 44.198707 61.273537
1021.793123 331.319949 44.811513 62.846302
1024.271264 330.502160 43.881401 61.109777
1027.251197 328.285765 43.172264 62.571649
1028.743393 326.769424 42.422083 62.271008
1031.386124 324.721653 42.832179 63.018304
1033.039277 323.444559 40.722466 61.438487
1034.524867 322.847072 41.193194 61.639410
1037.921828 320.920695 38.639938 61.377118
1037.935627 319.233191 41.800009 60.446012
1040.469604 318.190939 39.959485 58.628688
1042.002425 316.747944 39.948432 59.176809
1045.388883 316.355083 39.294860 56.028898
1047.032478 314.298870 39.161899 58.781429
1048.290691 312.936487 41.310651 57.055680
1051.299591 310.281743 40.232657 59.365448
1053.080840 307.737138 38.852923 61.746672
1054.555825 306.122998 37.828119 58.779265
1055.171783 304.400455 37.549051 61.621213
1056.475792 303.617545 36.997681 63.497947
1057.327742 300.836033 36.817854 66.298948
1058.593492 299.087337 38.620485 65.875132
1061.403660 298.383678 35.478435 64.530570
1062.868931 295.389819 35.324696 67.255447
1064.059268 293.701723 34.095247 67.565363
1065.986968 292.587507 33.356445 69.435004
1067.535869 289.912231 34.054255 69.199611
1070.013448 288.174853 32.468177 70.621878
1071.289010 286.809040 32.998776 70.266538
1074.370462 284.886744 30.796722 67.748040
1073.186799 283.549786 33.478815 70.834280
1077.391069 282.617138 30.592315 64.494947
1075.849350 279.989499 33.864125 68.820504
1078.583448 278.985028 30.788727 66.148985
1079.204457 274.891455 32.058031 69.472600
1081.184927 273.550746 33.105111 67.920856
1082.196234 272.683734 32.434370 67.607957
1084.646662 270.658786 30.652471 67.503184
1082.913495 268.491624 33.729102 68.940612
1084.952764 266.468529 33.284797 67.703641
1085.949647 264.471950 33.238741 67.650535
1087.343909 262.153254 32.135417 68.060492
1088.110940 261.208179 34.039224 65.231282
1089.194517 259.750531 33.777270 65.484807
1090.350189 257.427399 33.580291 65.710491
1091.321076 256.243957 34.869495 65.986074
1093.036080 254.482062 33.868722 64.470604
1093.179876 253.392580 34.459067 66.334748
1094.985571 250.831692 32.983401 67.119455
1096.051768 251.188145 33.126780 61.225712
1097.428027 248.545013 32.342477 63.800598
1098.973120 245.853352 32.001108 65.588983
1099.969305 244.560982 31.555621 63.157638
1101.348575 242.840324 32.253901 62.758262
1102.787765 241.052171 31.161058 61.926420
1105.179213 239.754517 29.299715 61.851608
1103.153764 237.688605 31.651911 65.248346
1104.400574 235.714533 31.672729 65.077442
1103.898073 234.389352 33.384474 64.905618
1104.878364 233.043824 32.988733 65.470026
1107.038161 231.206512 31.236192 61.079320
1107.285971 229.212954 32.688766 63.662200
1108.056655 226.978619 33.140191 65.022166
1109.292003 226.238839 32.534763 61.142439
1111.667199 223.006066 30.165217 62.804790
1110.918647 221.534572 32.612777 62.598996
1113.687422 219.523857 31.278968 59.627206
1113.646811 217.957493 32.330466 61.739832
1113.074993 216.369100 32.850610 63.609197
1114.731974 214.461480 32.627960 63.639014
1114.392964 212.693395 33.456213 64.961597
1116.454156 210.588559 31.415665 64.635658
1119.530534 208.904441 29.508180 63.655736
1119.721386 206.925325 30.247914 61.844490
1120.808581 205.385804 29.785868 62.459145
1121.106734 203.946531 31.454174 62.642972
1120.841127 202.029277 31.934383 63.525918
1120.828514 200.982477 31.547096 60.520302
1122.590471 199.360372 30.640114 62.707324
1122.434652 197.714456 32.991191 63.472568
1122.519594 195.290550 33.463772 66.252443
1124.457586 193.209889 32.051127 65.490128
1123.480552 191.950807 32.768849 64.514932
1124.902352 190.839888 31.888742 66.213320
1125.614010 189.855699 32.186189 65.675385
1127.101220 186.953082 32.562893 64.466105
1127.333811 185.689398 32.763024 63.811921
1129.472719 183.671258 30.461098 63.885436
1128.849255 182.006282 32.003953 62.703553
1130.068303 179.931221 31.487323 65.827254
1130.463009 178.810135 31.594630 63.140695
1130.211838 177.772019 31.618277 62.731115
1132.228767 176.463270 31.657105 60.360639
1132.532245 174.124289 31.239443 62.177997
1133.853360 172.406211 31.714705 58.800677
1133.379867 170.756670 32.716716 60.262749
1134.327683 168.359998 32.415831 58.964452
1135.638856 166.845089 32.443197 59.208637
1134.178687 165.739733 33.408064 60.387492
1135.961608 164.170153 32.355671 60.153579
1135.727511 161.568101 33.642735 60.188296
1136.159281 160.522156 35.142156 60.865139
1138.024416 159.504899 32.603053 62.340437
1136.894981 158.015793 34.566901 59.181651
1139.208986 157.021708 32.792347 56.951599
1137.880258 154.684961 32.727700 60.803952
1140.709106 154.362589 31.232280 57.498475
1139.322188 151.649712 33.376902 61.558980
1140.046424 150.042468 32.548050 61.213624
1140.410894 150.218718 30.996730 59.592130
1139.810139 148.099326 33.794580 62.119904
1141.008701 144.998734 32.255730 62.888223
1140.250000 144.251869 33.691980 64.177357
1142.166438 142.322877 32.416134 59.692238
1143.813407 140.427882 32.380568 60.066543
1144.217657 138.829258 31.095604 60.510125
1144.423770 138.191902 32.467249 59.179754
1144.997458 137.249081 32.299312 59.949016
1145.082467 135.770886 32.015019 58.269291
1146.177768 132.853245 32.187035 60.704995
1146.031834 132.685589 31.318119 58.623103
1146.637182 130.814866 31.120570 60.281441
1146.182221 130.048646 32.226209 62.828221
1146.443772 127.535383 32.816089 61.308226
1146.369131 123.953898 33.963171 65.924985
1146.869001 124.847442 33.517333 60.225732
1148.159131 122.763928 32.980474 61.180403
1147.361847 121.446479 34.668062 61.515350
1147.714755 120.324845 33.563034 63.982600
1147.399681 118.344169 33.775565 65.018691
1148.352007 116.633416 33.123618 65.486794
1147.323592 114.129889 34.688061 68.416162
1148.730450 114.385275 33.387737 63.770792
1148.091410 111.126334 33.732673 66.736351
1148.097743 107.811804 33.652268 67.574800
1148.097743 108.013237 34.586019 66.076945
1149.121037 107.240834 33.607788 64.778963
1150.030286 106.567752 32.505660 63.787676
1150.123688 105.902619 33.410626 61.382416
1150.158878 104.353816 32.297641 62.038647
1150.611925 104.654395 33.458107 60.251315
1151.973766 103.159817 32.284435 59.206168
1151.864282 102.990992 33.893807 58.337506
1152.410495 101.932312 32.059095 59.186662
1152.990315 102.281161 32.658314 58.182452
1154.304038 101.660907 31.945967 56.826535
1155.226084 99.807461 32.560258 58.496569
1154.478723 99.700569 31.979939 57.671145
1155.487443 97.686778 31.294130 56.215686
1154.807691 96.130732 32.274903 57.200177
1155.215083 96.519543 33.215813 55.328634
1155.054675 95.019437 33.644459 57.401067
1156.264484 95.647895 32.270888 54.355911
1155.147217 93.513213 33.009824 57.440365
1155.302508 94.193463 33.255497 54.745080
1154.911343 90.325845 34.305518 60.279960
1155.218978 89.468002 34.871185 61.044049
1155.103973 88.386903 35.215102 59.496011
1155.583044 90.959549 35.079977 56.578429
1155.200771 89.961288 36.042173 53.387250
1155.436176 88.519543 37.433527 55.644797
1155.651943 88.230176 36.916053 52.977869
1156.800952 86.875240 35.366068 54.281674
1157.247910 85.920875 34.779817 54.050973
1157.522114 84.676591 34.665650 56.044090
1157.695174 83.980577 35.816847 54.616565
1158.311324 83.241560 35.114068 55.113623
1158.847639 82.110031 33.866049 55.463724
1159.462304 81.358352 34.264669 55.565823
1159.867781 79.883764 35.185469 55.936385
1160.478703 79.166662 35.124571 57.710581
1162.143747 77.631632 33.766948 57.270118
1161.737602 76.844923 33.400833 58.007773
1162.489987 75.420226 33.335118 58.225408
1162.214362 74.956261 34.403941 59.064251
1162.765586 73.767659 32.838751 59.527236
1162.643503 73.294907 34.590616 58.517534
1163.113527 72.903309 33.552669 58.195669
1163.768222 71.420225 34.617702 55.960852
1163.983835 68.526766 35.592169 57.485210
1165.033614 69.878998 34.690655 55.564681
1164.252253 68.306626 34.680249 57.876124
1165.791495 67.449839 34.806408 56.782833
1165.141579 67.399508 37.022057 54.712527
1165.180811 68.085307 37.718095 53.563334
1165.866596 66.725706 36.704169 55.068117
1167.335268 65.070917 36.477554 54.378772
1166.886324 65.861841 34.069191 54.058718
1169.031884 64.697909 34.222682 52.516180
1168.105146 64.115248 33.845174 52.460929
1170.079546 62.972198 34.711976 50.815884
1169.738569 62.472194 32.563284 52.853763
1169.041974 61.253948 34.294248 52.104506
1169.150167 60.531281 35.133723 54.039344
1170.367966 60.707167 33.598263 52.032591
1169.446980 59.612575 34.716443 53.540214
1171.149105 59.785545 33.213382 51.782006
1170.046659 58.023238 34.981561 54.006503
1170.012107 56.519642 34.685653 54.802224
1169.673478 54.635437 34.038433 54.548187
1170.995196 55.317735 33.990842 56.036608
1171.209208 53.048938 32.538309 55.141138
1170.675917 52.112668 33.497642 56.111547
1171.691086 51.272330 32.680996 56.968242
1170.608332 50.427966 32.808516 57.947943
1171.836369 50.167250 32.791179 56.721597
1172.038927 50.073834 31.541968 55.973645
1172.046559 48.882469 31.798140 57.018095
1172.574060 48.509152 31.136422 56.010317
1173.179957 46.284060 30.539889 57.315107
1172.754915 44.930029 30.562348 58.060978
1172.914156 43.903517 30.668598 58.025280
1173.277163 44.284503 30.857619 56.907002
1173.021406 43.550255 30.261894 57.101935
1173.322650 42.172220 30.726010 56.387255
1173.924675 42.971523 30.993069 55.446387
1172.841189 41.345402 31.389653 54.971358
1173.165745 40.207707 32.143974 56.470056
1173.289603 40.588351 31.582348 55.806994
1173.302771 37.463475 31.580012 57.412163
1173.445898 39.364127 31.969520 56.153830
1172.951338 37.620396 32.350270 56.817368
1174.114725 35.612956 31.461472 60.009718
1173.845118 35.136053 30.944405 58.381683
1174.078505 34.423222 32.042909 58.097266
1173.458122 32.782942 31.872493 59.124568
1174.205283 33.196877 30.577907 57.483185
1173.996532 32.036240 31.381591 58.030148
1174.947108 29.759913 30.425313 58.787373
1175.078462 30.782147 30.800766 58.407196
1175.042113 28.249630 31.534041 59.448092
1174.556005 27.565002 31.037552 61.292061
1176.335895 27.474056 29.608044 58.544021
1174.769026 26.017319 30.940606 59.356426
1174.721146 25.050565 31.624236 59.951579
1174.972196 23.636154 31.548190 60.728081
1175.338241 24.917630 30.320071 58.814953
1175.947065 22.898555 30.077240 59.433536
1175.601219 21.939184 30.538864 60.876530
1175.205246 22.340053 30.217519 60.508321
1175.354105 22.192579 30.616059 58.358842
1174.209822 20.352110 31.310469 60.589008
1175.243424 19.582503 30.602565 61.063596
1175.062456 19.381336 30.146669 60.368948
1175.436922 18.430507 29.762795 61.091473
1175.792744 17.901086 29.624641 60.946178
1176.147211 17.023372 29.006658 61.160583
1175.649081 16.022468 29.504788 61.853250
1176.004870 16.153680 29.275260 60.891163
1176.355021 16.306172 28.869373 57.239331
1176.240082 14.954903 28.708012 59.892451
1176.400942 14.969969 28.326009 58.629793
1175.720164 15.015241 28.677148 59.174441
1176.043648 15.375367 29.256270 58.251593
1174.914219 14.840960 29.215623 58.751892
1175.304819 15.172025 28.802333 57.591347
