911.000000 755.000000 43.000000 99.000000
906.016594 757.028661 50.912585 93.676955
907.076428 754.749794 50.979967 93.642439
909.660515 751.294810 48.578295 96.686298
910.010228 748.318496 49.603020 97.632311
910.852883 747.717313 49.837678 97.464439
911.328599 747.890452 49.918805 95.476754
913.110021 742.747852 49.122130 98.634631
913.328642 745.413192 49.706780 95.096347
915.192425 739.001845 48.420751 99.075026
914.980022 739.252828 50.206540 96.962026
916.083076 739.054245 49.821717 95.565704
916.665442 738.020481 49.319165 94.711233
917.289090 736.424008 49.576452 95.202447
917.607672 733.447806 50.312954 96.320423
919.175539 732.114544 48.867036 96.067172
918.463928 730.137386 50.787293 96.197559
919.737232 730.638511 50.167546 94.335515
920.191802 727.018188 49.591740 95.919329
921.359582 726.553665 49.522607 95.365711
921.952931 723.273898 49.538748 95.118321
923.046167 721.239995 49.440301 97.152915
923.949283 720.249952 49.245100 94.880168
924.306826 720.282827 49.657394 94.607056
923.905126 720.559687 50.531468 93.246455
924.487843 720.477815 51.008736 91.716514
925.369744 716.520302 50.658095 94.917065
925.615414 717.441365 50.586104 91.816584
926.414444 715.594649 51.150560 94.132897
926.966610 713.283052 51.361789 93.762236
927.732509 711.786402 50.996713 92.691034
927.502785 710.900434 52.918022 94.077486
929.153892 710.670932 51.441443 93.993171
929.131721 709.053709 51.989935 93.077091
930.433863 709.100818 51.085767 93.290216
931.076394 708.527486 50.851788 92.669491
931.181893 707.738696 51.785612 93.494337
932.723145 707.460957 51.283422 91.413611
932.546927 706.195445 51.549151 92.933318
933.786427 705.333952 50.606749 90.940007
933.992204 704.471175 52.143971 89.307949
934.699735 704.968991 51.909720 88.301675
935.583043 703.038326 50.863709 89.393753
936.056056 703.273988 51.896371 88.279951
937.258201 702.263722 51.495847 88.457403
937.487417 701.046316 52.627315 88.509487
938.355709 701.473894 52.241994 86.275082
938.925406 700.724258 53.009530 85.369556
940.532660 699.090531 51.072728 87.342531
940.829815 698.453849 51.897120 86.692867
941.274263 698.899233 51.583282 85.370968
942.134746 696.925323 51.568247 88.099219
942.619510 696.415834 51.615190 88.439616
943.900291 696.575392 50.420954 87.353009
944.241893 695.720539 50.947160 87.631894
944.532688 693.950260 51.340801 89.807612
946.299511 694.035824 49.986410 88.090374
945.860424 693.109718 51.009582 90.888192
946.714053 692.745205 50.669460 89.979222
947.255024 692.415791 50.595430 89.042273
947.413772 691.020002 51.548996 90.128096
947.645986 690.499419 51.846120 90.962645
948.639678 690.178988 50.710677 89.811198
948.914610 690.586267 51.601635 89.258008
949.551461 690.677301 51.484734 89.039824
949.526364 690.240549 52.269889 88.930905
949.557862 690.833333 53.224114 89.311535
950.709974 691.071749 51.999133 88.939532
951.086894 690.837199 52.248705 90.911741
951.191181 690.926151 52.867449 89.717865
951.500470 691.293789 53.134718 88.949588
951.712537 690.243719 53.820540 89.008743
951.840020 691.823588 53.264112 87.335312
952.490221 689.324159 53.160099 89.645743
952.170419 690.528119 53.053997 86.251400
953.200792 691.121033 52.438979 85.994663
952.471242 687.558947 52.897420 88.467833
953.278332 687.654012 52.062834 86.959233
953.355306 682.071359 51.969356 91.729291
952.348856 683.592190 53.602471 88.960584
952.955883 680.614210 52.009341 90.372529
952.745455 678.247465 52.033071 91.933572
953.373175 675.257000 51.033141 93.338361
954.018622 672.385901 50.782294 94.422235
953.031081 673.480295 51.569255 90.436941
954.817613 667.834142 48.986671 95.436544
953.152394 667.221358 51.071274 94.366631
954.081551 666.186446 49.023869 92.688128
952.311519 666.091039 51.362809 91.072422
954.341106 664.891031 47.869763 91.162648
952.509116 664.273977 50.309251 89.139519
953.075423 665.125797 48.891238 86.411090
952.422011 660.966900 49.622229 90.383914
952.200570 660.521507 49.976672 89.794415
952.503848 659.997190 50.111531 88.911217
952.472830 656.627434 50.639152 89.484086
951.604571 656.294695 51.629857 90.399740
951.934588 656.705752 51.131923 89.220803
951.803363 654.234579 50.904299 91.068452
952.358692 654.623847 50.443799 89.478277
950.350946 652.576475 52.240163 90.404242
950.842459 652.210355 51.550927 90.244755
950.390521 653.029139 52.293206 89.261486
949.426059 651.249817 52.993512 90.029452
950.190481 652.020851 51.406367 86.305141
948.799877 652.703202 53.777220 85.402462
948.972212 650.616454 53.637020 87.061510
948.888456 651.687773 54.666652 85.521265
950.107273 648.260809 53.390305 88.515211
950.062994 647.644451 53.641290 88.398743
950.538102 646.468265 53.300037 88.465574
951.286578 646.606434 52.782997 87.368793
951.257799 644.576691 53.627336 88.240117
951.173965 642.776862 54.366851 89.032991
951.298043 640.402815 54.323596 91.114521
952.031060 638.604920 54.036064 93.785675
951.952011 639.229055 54.883573 90.141126
952.292949 636.680890 53.979638 91.136389
951.065462 637.198384 55.337302 88.242280
950.984766 634.858585 55.499829 88.763419
950.513774 635.930118 55.330373 83.975315
949.584499 633.598499 56.240974 85.879773
949.901109 632.764303 56.469097 85.424224
949.684993 630.766972 55.753908 87.280569
949.770009 629.205904 56.333272 87.603370
949.763695 627.888751 55.023964 86.584859
948.936739 628.906763 55.912942 84.000961
949.052682 628.642836 56.346721 85.465754
950.519984 626.644430 54.386632 83.878542
950.403006 624.634332 55.583978 86.186608
950.806575 624.477234 54.870959 85.024536
950.052667 622.262965 55.679435 85.694178
950.745036 620.454414 54.966799 86.616419
950.652543 620.802690 56.152551 84.175123
952.437075 619.635962 54.815895 83.418818
953.719840 617.694276 54.052540 85.600674
953.021464 616.618791 54.245233 84.811513
956.438888 615.186278 51.432674 84.756397
956.003585 615.232230 52.200533 82.826945
955.883139 612.058923 52.528071 86.124100
957.889605 611.216236 49.905092 84.806127
958.554131 610.355544 49.589874 83.719051
958.251044 609.132988 50.174230 86.228886
958.150084 608.310092 50.588557 84.670487
958.708011 608.138532 50.527500 83.646593
957.988822 603.761584 51.368328 87.776544
958.239314 603.287372 51.691032 87.911449
959.113936 600.988484 51.024942 89.658669
958.881709 601.128103 52.043310 89.082633
958.844338 600.097493 52.353379 89.014675
959.316256 594.313543 52.554792 96.089587
960.813777 595.014295 50.546925 95.478894
960.853047 593.307921 50.303862 97.099563
961.737231 590.568284 49.092868 97.843275
960.621278 588.669799 49.780561 99.752190
961.176289 586.127726 49.026306 101.787305
960.421706 584.536462 49.272880 102.841432
959.671819 583.188994 50.824386 104.423443
960.202703 581.732104 49.518523 103.881705
959.746941 581.219333 49.113421 101.703326
960.364510 578.810779 47.658447 99.374033
959.504944 578.740306 48.073446 98.047678
959.607186 577.169034 47.471140 96.958566
959.076434 575.122117 48.027396 93.689836
956.051856 576.840747 51.215606 91.658625
957.079398 574.926584 49.764767 90.235296
955.431418 574.271480 50.522317 88.754614
954.622546 570.363721 50.199577 89.667269
954.178033 567.999641 49.115600 92.076396
954.752807 568.102387 48.301680 89.314101
951.421199 565.925261 51.525978 85.404849
952.618942 564.380959 48.989251 85.892878
951.322071 561.177832 50.578708 85.470751
951.696889 558.279819 49.409874 86.366293
950.511258 557.903453 51.382688 85.921340
949.689123 556.108187 51.390794 83.490826
950.393295 553.692528 50.716350 86.596645
950.080996 550.320018 51.122465 87.446808
949.513138 548.784410 51.626405 89.465599
948.738042 546.126257 51.172248 91.027649
946.725013 543.231651 54.512361 92.652611
946.292465 542.042464 55.287630 92.745162
946.300029 540.589656 55.248510 90.470713
946.008950 538.442235 55.350110 94.256354
946.965775 537.101532 54.076828 93.122514
943.763866 536.074989 58.641208 91.807296
942.957441 534.273390 58.757196 94.489811
943.698684 532.716910 56.241466 96.456911
943.585804 531.873904 56.772423 98.017436
943.312972 530.992580 55.207167 97.279315
943.102542 529.070037 54.923841 100.461247
943.987632 527.901352 54.250113 101.382827
943.671914 526.136954 54.705475 102.669414
944.573213 525.392141 53.851299 102.644231
941.359983 525.556892 56.979716 101.855489
940.814183 524.728768 58.849522 101.563655
940.795105 523.647133 57.688458 102.465512
941.615532 522.307138 56.680461 102.622879
941.900371 521.722504 56.557040 103.471331
941.986133 521.290658 57.171141 103.497343
942.985319 519.612942 56.587408 103.342486
943.560077 520.497108 56.212715 103.087476
944.477316 519.276146 55.096929 106.116789
943.796030 518.819209 55.869431 107.123586
944.143750 519.072481 55.082090 108.405676
944.962258 519.172284 54.414080 104.768844
945.315943 518.755252 54.603894 106.654081
944.802822 517.734657 56.271890 107.506150
945.801935 517.654492 54.516457 106.636801
945.334560 516.427788 55.902903 107.243999
946.032110 517.158750 55.153386 101.462594
947.235487 516.010680 55.131020 104.368962
948.236872 515.899715 54.204385 103.568726
948.372308 515.487998 54.426461 103.925716
949.214079 514.434713 53.790442 105.455115
950.192651 514.094989 53.727123 103.857775
950.294612 513.499799 53.898000 103.371728
950.816143 513.188660 54.176887 103.030329
951.526358 513.161096 53.976899 102.624726
952.359848 511.779718 53.817651 104.208064
953.169834 510.993120 53.345260 102.312745
953.256765 510.341827 54.136279 99.509743
954.555270 508.934113 52.146840 101.968324
954.350365 509.422001 52.391577 100.442387
954.967465 509.404723 52.121293 99.026252
956.314217 507.852476 50.612654 96.364034
956.202084 509.885903 50.341281 95.568978
955.734695 507.655385 52.326073 96.036055
955.922433 510.170969 52.444226 94.321975
956.125981 508.555208 53.487168 95.908488
955.177943 511.759121 54.369706 91.305415
955.361880 511.668781 54.660849 92.106666
955.554176 510.083661 54.280133 90.963262
956.365068 510.229328 53.590973 93.543244
956.658814 510.282611 53.454233 90.991901
956.911464 510.201131 53.547056 91.999272
956.597233 511.220664 53.862327 89.220938
958.151781 510.832860 52.797870 90.090310
957.609425 510.460458 53.693069 90.334753
959.156441 509.451230 52.425355 92.093197
959.182703 507.879091 54.101803 92.756900
959.244050 507.727956 55.194323 93.646491
959.583441 509.362884 56.241874 90.254720
961.652619 507.717908 54.477392 92.151667
961.453556 507.058258 55.317039 91.859978
960.447492 509.778868 57.909191 87.197295
961.034616 508.598943 58.492111 89.917911
962.604459 509.058367 56.237393 88.225095
963.122358 507.946537 57.230864 90.778297
963.604463 508.662932 56.916384 89.004666
963.595627 508.312273 58.893419 88.745962
963.783662 507.452055 58.278857 91.207190
964.959900 506.868050 58.486880 90.400692
967.236354 504.679402 56.243224 92.849958
967.417205 505.112952 55.792282 90.418437
968.835079 500.842657 55.391456 96.162736
970.333876 501.055799 55.080559 94.792607
970.130116 502.213115 57.019625 91.842126
973.536306 500.711777 55.009270 93.432030
975.832074 497.371610 54.713504 98.347633
977.454842 493.387160 55.177655 100.468870
977.897271 493.979726 56.506629 100.107372
981.003856 492.859131 53.606710 99.206946
982.216529 491.021337 54.589202 98.841877
985.292278 490.772569 53.770001 97.355761
988.306390 488.778329 51.277318 96.748864
986.996977 487.760620 54.583007 98.891361
990.983025 488.077338 50.897974 94.677867
990.950752 486.957082 53.005278 94.436875
990.107221 486.749015 54.965534 94.973910
994.454631 484.021106 52.709228 93.605385
995.796898 483.396500 54.235059 92.777124
997.322310 481.654787 53.942886 93.652569
999.804529 481.719860 52.710110 92.415791
999.894487 480.083071 52.026129 92.950798
1000.105200 480.290952 53.913343 88.982989
1002.185201 479.562666 54.034078 89.778409
1004.957545 479.702197 52.564684 90.439236
1005.800134 479.217782 52.430293 89.462184
1009.282519 476.315769 48.941246 91.835718
1010.949009 478.250232 49.667494 85.946857
1011.216297 474.948315 51.841862 92.213304
1013.369717 476.659749 51.362898 89.575063
1013.582047 473.585926 53.066040 93.974441
1015.968167 475.229697 51.410902 90.039152
1016.974392 474.164339 49.590722 93.676868
1020.797022 470.766967 46.727670 97.279399
1021.569157 471.020241 48.327385 94.869620
1023.670614 468.573745 46.796391 97.446656
1026.484578 467.549209 45.269498 97.627404
1025.509958 467.631479 49.612358 95.487941
1027.358316 467.648088 48.906746 93.473606
1030.682231 465.564315 45.840206 94.085711
1031.871771 465.153344 46.566457 95.648402
1033.149306 462.254194 46.033026 96.250796
1034.995211 461.159405 46.177859 94.576217
1035.333392 459.885311 47.543609 94.968287
1036.092033 458.832394 47.904127 95.505686
1037.507041 456.983501 47.964573 96.904085
1039.210123 455.501279 46.138835 96.348556
1039.867219 454.932522 49.368551 94.881940
1042.373380 452.329301 47.410154 96.739472
1043.459661 451.853827 47.120802 94.641869
1043.338081 451.621700 49.476617 92.668939
1045.501201 448.764949 47.198349 95.734414
1045.845318 447.757549 48.505019 93.316933
1045.942135 445.740622 49.472622 95.138418
1047.046153 445.088672 50.498729 94.412234
1048.067357 443.554312 48.800120 92.328842
1049.200692 441.778484 48.503712 93.065760
1050.477955 440.832801 47.751404 91.697968
1052.074537 438.561660 46.805256 92.179741
1052.221517 437.036252 47.896181 91.340433
1053.708735 435.377349 45.824901 92.080020
1054.276993 432.822111 47.128713 94.133039
1054.671976 430.977220 47.537885 94.378072
1053.955987 429.602936 49.960491 92.331062
1055.674228 426.832392 48.710169 95.243402
1056.345643 425.689927 47.122705 91.681015
1056.411402 422.881130 48.962557 94.269953
1057.900954 420.656001 48.001979 94.523768
1058.647443 418.899176 48.387392 93.452064
1059.618397 416.493704 48.644924 94.242598
1058.949204 414.757559 49.913154 93.064365
1059.944111 412.661897 49.527474 93.603633
1060.485366 409.983485 49.039133 93.660530
1060.253908 407.315980 49.241816 94.139140
1060.401687 405.356090 49.993542 95.303373
1061.484828 404.454482 50.370798 93.279220
1062.417228 402.055863 48.350005 93.411832
1061.887413 399.220931 50.265023 93.881215
1063.402171 397.022232 48.092121 94.129131
1064.169469 394.731148 48.897012 94.260464
1064.588203 392.213502 47.139067 93.903182
1065.713486 389.673256 46.743764 93.621613
1067.509816 386.736656 46.073655 94.237537
1068.076698 384.820799 45.452769 94.170378
1068.074546 382.090835 46.016210 93.944475
1068.112491 379.379667 45.651855 93.810328
1069.452084 375.923195 45.543594 94.400432
1069.276603 373.243145 45.306892 94.114789
1069.112387 370.920840 46.149163 94.494214
1070.453923 368.873211 44.303555 93.806544
1071.398818 366.070052 43.938173 93.488672
1069.863328 362.785126 46.115454 94.614331
1070.612956 360.264972 46.672813 94.325188
1069.255068 357.977209 48.096859 94.122122
1070.647444 355.731155 46.263530 93.793124
1072.509816 353.140482 44.783830 93.714961
1072.288871 350.683664 44.860747 93.581229
1072.284946 347.732216 45.735387 94.782184
1070.711215 345.633999 47.157980 95.359177
1070.872424 342.224472 47.035502 94.568413
1070.060997 339.691359 48.468838 94.726826
1070.984141 337.825140 46.454816 94.268989
1069.733179 335.401421 48.155257 94.612758
1070.341111 332.801479 47.673304 95.808103
1069.918677 329.674087 47.372948 96.724877
1069.985355 327.380929 46.775115 96.071642
1069.926871 324.924154 46.981075 96.977293
1069.417182 322.380933 47.336555 97.070397
1068.487840 320.311345 48.142442 96.487043
1068.592938 318.156698 47.977274 96.562115
1068.076441 316.018206 47.732944 96.569793
1067.197574 313.565398 48.514290 95.770361
1066.611446 311.156688 48.357835 96.040303
1067.382569 309.052864 46.993911 95.282902
1067.055740 306.235866 46.694909 96.970944
1067.597937 304.505097 46.916702 97.826069
1066.259295 302.983526 46.979973 97.129098
1065.833249 300.037855 47.608271 96.598161
1065.706770 297.565400 46.944419 97.547211
1066.549601 295.037843 46.500280 98.030910
1065.478770 294.052865 47.304142 97.720866
1066.137034 292.308721 46.494324 96.764114
1065.188017 290.847280 48.243260 96.467517
1065.763555 288.724797 46.809123 96.086874
1065.566081 286.732466 46.846324 95.790949
1066.192678 283.924151 45.574554 96.803401
1065.674157 281.889390 46.257971 96.232753
1065.203851 279.877815 47.878957 97.189695
1066.137034 277.633921 47.326786 98.155564
1065.254907 276.258863 47.530072 96.604221
1065.683384 274.911581 47.248096 95.719983
1066.995491 272.801472 45.283305 97.685895
1066.069092 271.870369 46.097525 94.882221
1066.821657 270.245817 45.503373 96.410692
1065.626736 268.279062 47.733263 97.079003
1066.936412 266.517205 45.073250 96.861544
1066.807822 264.912241 46.372103 96.892502
1065.533020 262.464168 48.069553 97.064906
1066.558186 259.642803 47.206633 101.003221
1066.093243 258.965744 47.999425 97.528144
1066.542110 257.807800 48.940435 98.009757
1066.794156 256.414893 46.715234 96.458294
1067.397613 255.926338 45.565223 96.649539
1067.392011 254.391586 46.903884 96.238512
1068.115113 252.710707 45.487284 95.601613
1067.321465 251.807532 46.619237 93.313577
1068.057636 249.998723 44.654064 95.389453
1068.085740 249.090296 45.397558 94.754160
1066.886466 247.009369 46.929969 96.191273
1067.342780 245.076542 46.285840 96.182609
1067.812405 243.887592 45.648220 96.144574
1066.977458 243.768756 46.984319 93.521864
1067.585745 242.778251 46.076393 93.257687
1067.971575 240.496449 45.608279 96.284092
1068.172679 240.273337 44.415413 96.229399
1068.346566 238.599724 44.612807 96.124162
1069.196425 236.668241 44.045229 97.804250
1068.917079 235.382461 44.024225 98.520600
1069.627728 234.028275 44.620944 97.881251
1069.227595 233.595613 44.055636 96.823669
1069.303198 232.367360 44.728885 99.073938
1069.634191 230.856651 43.515170 98.651663
1069.785717 229.739904 43.017561 99.598760
1069.518622 229.166775 43.934122 98.719901
1068.900225 227.819816 43.417493 98.487932
1069.724917 227.220924 44.075254 95.026903
1069.955350 225.496620 43.381343 94.047011
1069.142130 224.331528 45.215470 92.774012
1069.197577 224.184605 45.308973 90.973755
1068.947414 222.202543 46.039467 93.501738
1069.871610 221.000573 45.401620 93.033405
1071.030942 219.511476 44.144663 95.147434
1070.492988 217.835528 45.607539 95.625099
1070.442508 217.306426 46.236042 94.485843
1070.750158 215.483009 46.902258 95.197689
1070.394302 214.966977 46.721636 95.408250
1071.664306 213.391587 45.907519 96.456889
1071.092055 212.832385 45.581310 95.330726
1071.713721 211.651041 45.773462 95.810957
1072.565922 209.896206 44.942362 94.863043
1072.276557 208.932061 44.777412 95.761112
1072.774077 207.348171 44.834830 94.218625
1071.837997 205.472999 46.369659 94.129293
1071.864726 203.449332 46.069263 95.404275
1072.779568 202.032301 45.318174 94.556198
1070.760385 201.120498 48.111932 96.211985
1071.158658 199.087507 47.892002 96.109492
1068.073410 198.089447 51.478254 96.020712
1068.263069 197.185215 50.463568 97.615193
1068.151397 196.653642 51.409718 98.539903
1067.121236 196.123858 51.933186 97.808841
1068.441598 196.795156 50.821434 97.842100
1067.236352 195.577595 51.769468 99.466223
1067.523944 195.469397 51.362189 99.733824
1068.077067 195.678531 50.134177 99.699350
1067.633624 195.550823 50.899928 100.012357
1067.477812 195.867761 51.358002 99.563682
1067.417391 196.100311 52.129168 100.043686
1068.008796 196.875674 51.389058 99.320065
1069.247905 196.354516 51.220473 100.076928
1068.920184 196.366360 51.301244 100.537452
1069.380194 196.708967 51.583597 99.820410
1069.116845 197.150678 52.477422 99.472137
1069.444551 197.419900 52.731801 99.074981
1069.962581 197.758492 51.972457 101.044936
1069.574769 198.923715 54.709642 98.472286
1068.909493 197.956703 54.299212 100.426686
1069.302922 198.197650 55.356360 99.332802
1070.365618 197.820995 55.573886 100.792932
1069.369300 198.729417 57.040290 98.981467
1069.881588 198.591720 56.997559 99.352521
1070.888250 198.865480 56.875699 99.126420
1072.863205 198.695356 55.407163 99.437457
1073.351498 198.672721 56.342601 99.846412
1073.938633 198.524604 56.427853 98.488195
1074.258487 199.376299 57.190103 98.435369
1076.772040 198.979722 54.968059 98.046010
1077.481155 199.209109 54.609348 97.543837
1077.760613 198.825914 53.993479 98.529803
1080.259749 199.075317 53.017227 97.816036
1080.672809 199.115936 54.273894 98.191825
1084.319889 198.448972 51.071468 99.615624
1084.538124 198.833695 51.086923 97.351075
1086.914291 198.156467 48.904631 98.749249
1086.787350 198.387777 51.917914 97.820688
1087.810049 198.038720 51.452923 97.713334
1088.910805 198.331792 51.225729 97.277289
1090.222964 197.997011 50.046306 96.886460
1090.271225 197.754089 51.356078 97.700799
1090.934800 197.910439 52.986391 98.197274
1091.405773 197.373293 52.855644 98.152913
1092.434711 197.015217 53.161518 98.539694
1092.561031 196.811260 53.931426 98.467463
1094.097195 196.756811 53.498078 98.890161
1094.846031 196.517570 53.046283 98.346690
1096.375003 196.116850 52.633628 99.225981
1096.386838 195.941779 54.312584 99.925484
1098.483243 195.870702 51.764011 98.416184
1100.084134 195.532648 51.857532 98.816687
1102.159747 195.407288 50.931789 98.347947
1101.980725 194.721856 52.622010 99.980929
1103.038362 195.567970 52.100101 98.310736
1104.546009 194.935773 52.395680 98.478795
1104.981563 194.543105 52.673260 99.135221
1106.974855 194.555634 51.581110 96.607260
1107.287219 193.518042 52.574571 100.764168
1109.100742 193.508674 52.452354 98.191426
1110.689324 192.799635 52.505695 98.065896
1110.930721 192.139243 53.322691 98.321252
1112.374985 191.777178 52.633628 98.593503
1113.909990 191.100309 51.319557 98.471647
1115.755461 190.755998 51.793673 98.196826
1115.939749 190.055363 53.505298 98.376989
1118.591943 188.631874 51.837097 99.863007
1119.524485 187.743508 52.440858 99.489299
1120.970816 187.090529 52.904053 99.234165
1122.209171 186.597309 50.841234 99.619497
1123.769809 186.009285 50.220278 99.221829
1125.237376 185.516545 51.409344 99.860902
1127.306342 185.469398 50.494117 99.316417
1129.495276 184.883767 50.413605 99.005719
1130.755419 184.790114 51.657148 98.253835
1131.153810 184.430776 54.344824 97.637885
1133.269540 183.825915 51.421055 97.151807
1133.815807 183.560887 53.728251 97.977811
1136.262665 183.150684 51.712836 96.043628
1136.913362 182.757713 55.094169 97.573370
1138.356752 181.483285 53.601368 97.969826
1141.380682 181.788877 54.414169 96.621823
1142.879925 180.847243 54.534480 98.414313
1144.807103 180.434527 52.413193 97.767260
1146.830929 180.543571 53.286041 96.550886
1148.306327 180.638863 53.116855 95.349107
1148.700330 179.291667 55.213193 96.393278
1151.724370 178.955375 52.558817 97.231526
1152.335353 179.596223 54.487691 96.129295
1154.137829 178.877846 53.729455 95.856498
1155.184247 179.231234 55.228604 91.267531
1156.721844 176.919183 55.786686 94.877600
1158.259932 176.670304 55.949874 94.839868
1160.164209 176.436335 54.394508 94.371542
1162.007062 176.387010 54.670672 93.624694
1163.669804 175.227231 54.364956 93.258485
1164.918952 175.221592 54.874449 91.828798
1165.532192 174.791212 55.779837 92.300816
1167.578017 175.296252 54.747767 92.021106
1168.690325 173.670953 56.015467 92.984082
1170.248371 174.487304 55.533571 91.877250
1172.195822 173.204709 55.645719 92.887357
1174.326131 173.579156 54.531650 92.350484
1175.016825 172.961746 56.067037 93.437758
1177.123399 171.955584 55.190563 92.702368
1178.415978 173.100110 55.248127 90.909377
1180.148687 171.621740 54.351585 88.783021
1181.443961 170.335584 54.861924 90.715766
1183.086935 170.874023 55.090632 90.031070
1184.017055 170.357506 55.302216 89.652566
1185.489949 169.575472 54.285286 88.886351
1187.091327 169.810125 53.736666 88.729858
1188.436904 170.345954 53.950597 87.155569
1189.838081 170.009374 53.595106 88.454072
1191.147705 169.889163 54.148706 90.448618
1192.202952 170.161465 53.943430 90.519975
1194.096209 169.827842 54.089027 90.894177
1195.688991 169.044210 53.903120 92.290735
1196.591011 169.855854 54.154964 90.797377
1197.829569 171.201322 53.844330 90.038425
1199.922902 170.173364 52.747156 93.025094
1200.664612 170.313699 53.011245 92.639143
1202.165481 170.668788 53.143142 91.800839
1202.682751 171.136427 52.868992 91.858286
1203.628981 171.232461 53.995147 91.796779
1204.592731 172.403668 54.307855 91.648505
1205.553810 172.944656 54.722969 92.329382
1206.909477 172.282620 54.273324 92.765586
1207.940565 172.544293 54.051513 93.000543
1209.095201 173.200074 53.801845 93.085210
1210.581136 173.218644 53.633516 93.489678
1212.527244 173.026113 53.379434 94.975483
1212.729995 174.829357 53.629409 91.221667
1212.888925 173.665215 54.759289 95.252594
1214.692666 173.654268 54.097846 94.827062
1214.977903 174.576947 54.598639 95.168978
1216.810058 175.201463 54.274136 93.474269
1218.468464 175.540446 53.874001 94.516427
1219.972423 176.359027 53.232355 93.998837
1220.630264 177.134039 53.482281 92.879138
1222.077797 177.416877 52.878793 91.800279
1222.135524 177.451057 53.755930 96.439258
1223.945561 178.352472 52.755577 95.604278
1224.578058 179.563563 54.360171 95.382410
1225.345225 180.041220 53.754186 95.391133
1226.648875 180.601657 54.158299 96.359471
1226.851895 180.898854 54.983152 96.332262
1228.426084 182.071638 53.857140 95.703343
1228.549758 182.361822 55.065010 97.126007
1229.840042 183.836025 55.104182 96.473370
1231.609076 184.512593 54.123172 95.601827
1232.089044 185.993839 54.991518 94.438515
1232.582075 186.793634 55.321614 94.705252
1233.878032 187.773441 54.750078 94.750142
1235.372509 188.615308 54.370368 95.457775
1236.121206 188.783628 55.312831 95.557645
1238.073120 190.082242 53.873561 96.133174
1237.861914 191.265381 54.836164 94.260968
1240.654490 191.793634 53.378244 94.886505
1242.032306 191.916651 52.951704 95.441213
1243.162145 193.422038 53.097583 93.980902
1244.392048 194.575682 53.469300 94.089185
1244.661344 198.425637 54.761110 91.239232
1247.787120 198.852239 52.954039 92.912235
1248.616034 201.484732 52.910657 93.734218
1250.621267 203.994505 52.713739 92.974080
1251.734762 204.322582 52.893243 92.980197
1252.616019 206.737059 53.526221 91.049769
1254.051969 208.309145 52.859266 91.395216
1254.944715 209.743538 53.541543 93.378667
1257.388245 211.904113 53.406298 93.577609
1259.852827 212.378442 52.308069 94.040625
1260.853098 213.918200 52.741097 92.617492
1262.673980 217.369256 52.058066 91.628530
1262.916044 218.348854 53.411642 96.492310
1262.466200 219.654270 55.806827 96.418813
1264.906804 220.535084 53.927611 98.651543
1266.746892 224.086727 53.993932 95.314278
1268.568106 224.952987 54.378352 99.016689
1270.766973 227.612766 54.462379 98.960885
1271.307819 230.065420 55.455817 100.427703
1272.371219 229.842007 55.666433 99.398280
1275.610457 232.645326 54.139678 100.983062
1277.593794 234.608426 53.700844 98.958069
1279.646332 236.590545 52.788156 101.352884
1280.901935 239.084653 53.339774 99.341880
1282.617919 242.265486 53.171056 97.874620
1286.293689 243.077049 51.557942 100.967457
1286.295169 245.725928 52.762133 97.805369
1288.305411 248.055962 52.658777 101.067179
1290.763900 249.883522 52.256318 99.733265
1292.312578 252.577478 53.697235 99.994205
1294.101596 254.247964 54.157051 99.273729
1295.511463 256.356049 54.073968 100.185753
1297.483262 259.946637 53.514358 98.724419
1299.568990 262.790885 53.895324 98.730909
1302.094807 264.913253 53.477530 98.751281
1303.144871 268.171764 54.832095 99.169719
1305.483212 269.788982 54.541736 99.065950
1308.265062 271.313922 54.435465 98.122536
1310.688197 275.539612 53.954547 94.385509
1312.849160 276.610507 53.671703 95.895350
1314.568120 280.121099 54.609689 95.507385
1317.128874 283.645165 53.988085 95.689507
1319.553816 284.182787 54.024236 98.174635
1320.559890 286.018924 55.012465 99.550853
1323.854724 288.946645 55.121506 99.891710
1326.186350 292.040572 54.857238 100.274064
1329.438023 296.388874 54.009407 98.185691
1331.446172 299.035210 54.324151 97.978791
1334.980666 302.351919 54.336616 99.744089
1337.183862 305.565648 53.429195 99.746642
1340.005993 308.291629 53.760223 98.135126
1342.702285 311.615937 53.078200 97.224948
1342.851868 315.520297 55.567208 96.591709
1347.136235 316.868239 53.976352 99.655240
1349.603918 320.756727 53.854235 99.258902
1351.795027 323.097811 54.333955 101.472628
1353.978064 326.576131 55.099596 101.726283
1357.535847 329.565711 54.242246 99.422085
1361.110450 333.499399 53.720145 99.335014
1363.898152 338.021179 53.901528 98.798535
1367.283324 342.047421 53.948502 98.052152
1369.757235 346.532235 54.585624 97.097716
1372.396930 349.528031 53.678639 98.138083
1375.495821 352.380431 52.408999 99.481196
1378.453441 356.571999 53.821817 98.238995
1382.593101 360.175356 51.455459 100.368456
1384.635517 364.251132 53.944607 101.327488
1387.911405 369.654581 53.502212 100.244479
1390.982968 370.923810 52.154578 102.241903
1394.484524 374.079590 51.840495 102.465297
1396.829804 378.471029 52.494347 100.194941
1399.841478 381.342232 53.092352 103.308508
1403.246376 385.088223 51.592739 102.662725
1405.992942 388.363354 51.516015 102.708260
1407.521301 391.756006 52.948010 102.145150
1410.742918 394.952180 53.684415 101.716529
1414.394920 399.070903 52.850142 102.190512
1417.919281 403.315977 52.663151 101.020320
1421.060692 406.716600 52.372039 101.566624
1423.561821 411.133810 51.907444 101.297118
1427.057633 412.093720 51.672184 104.987525
1429.636990 415.372174 51.143016 104.405863
1432.444907 420.439106 51.375833 102.288632
1434.037173 425.356903 52.825041 101.111768
1438.280537 429.258272 52.377363 101.099581
1441.985328 430.956816 51.810804 103.098048
1443.908432 434.286332 53.440101 101.709245
1447.838111 438.270900 52.071703 102.464158
1451.154010 441.148418 52.053297 104.136316
1454.830931 445.010706 53.263894 104.470638
