1090.000000 539.000000 71.000000 114.000000
1092.576245 538.048164 65.175317 108.715182
1092.710188 533.515835 64.382775 106.747416
1092.038867 527.953718 64.754470 106.248592
1092.086291 523.038211 64.482494 106.157082
1091.917400 517.558734 64.464396 106.114751
1091.402116 512.766085 64.719292 105.475830
1090.675787 506.961654 64.924709 105.259895
1090.431653 501.979406 64.300064 105.456596
1089.700149 496.687028 64.943397 107.155694
1089.808142 492.034822 63.843320 107.029168
1088.545835 487.019525 64.597833 106.411601
1088.362045 482.524178 63.961246 106.340102
1087.635233 477.015529 64.420435 105.395458
1086.741490 472.328868 63.864944 104.952421
1086.222526 467.030054 63.556860 104.155815
1085.736731 462.007333 63.037054 103.528767
1084.849607 457.241794 63.449084 103.520058
1083.852259 452.189372 63.577315 104.209635
1083.376146 447.375273 63.080416 103.223702
1082.366659 442.640419 63.267227 102.797852
1081.604499 437.111538 63.259240 103.076271
1081.047164 432.847506 63.374182 103.360059
1080.042929 427.545139 62.677031 103.639796
1078.641681 423.172662 62.834647 104.034914
1077.809882 418.398925 62.710420 103.871871
1076.530199 413.282390 62.605647 105.054745
1074.762946 408.690753 63.693647 103.719861
1073.730580 403.939145 63.522136 103.399355
1072.279189 399.031891 63.656900 104.174961
1071.173472 393.954654 63.423784 104.278470
1069.762976 389.427727 63.658560 105.301148
1068.339252 385.301686 63.853836 105.385664
1066.840500 380.774002 63.999804 104.547898
1065.187436 375.985451 64.168688 104.528834
1063.606751 371.878550 64.314675 103.958369
1062.940457 367.074294 63.036357 105.432530
1060.871612 362.654138 63.511025 105.455108
1059.174122 358.316774 63.420781 104.389192
1057.762977 353.544583 63.343733 102.821751
1056.477486 348.887251 62.929545 101.934890
1055.234184 344.643659 62.266479 102.698271
1053.387676 340.746338 62.565387 102.403397
1051.571357 336.334912 62.690577 103.264641
1050.158660 332.977429 62.417720 101.946752
1048.172633 328.900109 62.297606 100.497610
1045.934985 324.517384 62.309465 102.669555
1044.437678 320.283337 62.028781 102.548018
1042.463958 315.952191 62.652277 103.586681
1040.723286 312.105706 62.787646 103.037223
1039.321734 308.514653 62.083347 101.654150
1037.554273 304.804310 61.227032 99.646166
1036.108123 301.208580 61.248069 99.257952
1034.424681 297.245464 62.005244 102.105479
1032.546522 294.025434 61.889966 104.312159
1030.641620 290.120532 62.078436 102.251739
1028.751833 286.567094 62.057267 104.702598
1026.878360 282.549209 62.292944 102.778651
1025.356478 279.324075 61.465446 103.276937
1023.152254 275.301780 61.939897 103.734248
1021.883916 272.386741 61.829938 102.113124
1020.634998 268.923795 61.551099 104.278060
1019.199206 266.131147 61.377127 102.627078
1017.392091 263.228354 61.490113 102.968262
1016.076692 259.669152 61.562648 102.479773
1014.513881 256.386638 61.334693 103.894697
1013.162019 254.000322 61.552369 103.826904
1011.559596 250.745376 61.909174 103.813973
1010.872954 248.844899 60.807409 103.429709
1009.752658 245.260180 60.616464 103.344011
1007.755513 242.393869 62.078890 101.102944
1006.112921 240.411550 62.233434 101.304003
1005.543657 237.447179 61.878572 103.340674
1004.321877 235.356018 61.324504 101.308564
1002.347032 232.373719 61.661121 103.279637
1001.468449 230.070127 61.755746 103.511702
1000.121837 228.012641 61.728748 103.084096
999.195427 225.206875 61.066514 103.240712
997.436973 223.085429 62.022888 102.510578
996.157240 221.085430 61.549964 102.981104
994.558936 218.783919 61.839257 103.792204
993.401338 216.911969 61.517511 104.452216
992.160037 214.997058 61.347737 103.479215
990.437686 213.423071 61.926410 101.761799
989.671352 211.345710 61.846983 102.920030
987.863506 209.372721 62.160927 103.344455
987.042126 207.199535 61.226404 102.674435
985.635049 206.231172 61.382005 101.565906
984.268646 204.072490 61.554916 102.310657
982.594649 202.692519 61.829227 102.401980
981.357403 200.933807 61.519764 103.399994
979.799649 199.624068 62.147596 102.755493
978.998391 198.024643 61.331659 103.375308
977.839474 196.171132 61.252678 102.673487
975.751866 195.082619 61.786022 102.051526
974.023095 194.136264 62.061507 100.412326
973.071316 193.353875 61.855166 99.513320
971.547366 191.599453 62.025159 102.080803
970.595317 190.871768 60.942515 101.772729
968.752101 189.913132 61.222356 101.571142
966.590906 189.060589 62.095745 101.120962
965.433628 187.794393 61.366642 101.341685
963.752154 186.768862 61.188712 102.987273
961.833478 185.784717 61.738196 101.744479
960.112862 185.865669 61.687359 100.815302
958.832329 185.499469 61.209475 100.569178
956.910057 184.962797 61.020664 100.927821
955.149977 184.208020 61.235647 99.462046
952.421029 184.472576 61.702124 99.964309
950.547314 184.053871 61.517731 99.508498
948.113987 183.566242 61.794781 99.982536
946.220366 183.204702 61.309648 99.145156
943.421037 183.456610 61.636409 99.289276
941.093281 183.092253 61.692210 99.796093
938.847124 182.590214 61.318652 100.608005
935.864808 182.445871 62.020447 101.096541
933.600405 182.375708 61.739234 101.548291
931.124326 182.574923 61.207197 100.832777
928.987911 182.830200 61.196915 101.583830
926.303911 183.713152 61.181428 100.177953
923.656821 183.149893 61.185759 100.874509
920.907257 183.893134 61.450283 100.444115
918.425834 184.355592 61.346020 100.672971
915.083638 184.511151 61.950405 101.104938
912.851795 184.857333 61.887755 101.838670
910.054281 183.890040 61.862362 102.754634
907.445038 185.591234 61.708123 101.918458
904.140062 186.155346 62.240130 100.559884
901.388981 187.237295 61.752014 101.387201
898.399664 188.144867 61.997596 101.163599
895.529037 188.922588 61.736877 102.508177
893.130720 190.234344 61.304996 101.168956
889.907261 190.702374 61.254044 101.795704
886.955727 191.107141 61.705447 102.035031
883.225405 192.031292 62.559694 103.097703
880.416553 193.025791 62.122699 101.373118
877.795779 193.683642 62.009569 103.220735
874.588148 195.605393 61.818747 101.002492
871.442852 196.383682 62.617033 101.560594
868.407721 197.234344 62.359148 101.975495
866.172637 198.475198 61.860854 103.425442
863.200434 199.344132 62.074493 103.608846
859.727099 200.761353 62.330412 101.993657
858.076695 201.859037 61.225066 102.640709
854.881961 202.887123 61.771995 100.826816
852.558269 204.331568 61.847760 102.202287
850.172639 205.571343 62.129118 104.476310
848.042953 207.068322 61.856346 104.663229
845.587552 208.182493 61.772744 103.122094
842.243830 209.629943 62.694867 101.602779
840.995887 210.763256 61.373205 102.302768
837.838726 212.175191 62.408531 102.699647
836.518558 213.845622 61.034649 102.612401
834.187776 214.839006 61.325734 103.618658
832.028937 216.629947 61.591286 103.494494
829.233188 218.509094 62.521374 103.459119
827.436270 220.195617 62.488809 103.360731
825.662712 222.243707 62.401697 102.403759
824.274993 223.591231 62.396916 102.351615
822.505293 225.160117 62.134070 103.073588
821.001018 226.893571 62.364150 101.844531
819.710889 228.904760 62.645587 101.849734
818.193264 230.256134 62.823082 103.343544
817.207442 232.483782 63.072680 102.199742
816.081619 234.037266 62.943589 102.930942
816.031308 236.266139 62.072867 103.357870
814.804391 237.616066 62.359089 104.013692
813.690430 239.158542 62.306402 104.875043
813.125500 241.633012 62.219695 103.245308
812.677611 244.037266 62.347612 102.566009
812.234609 246.114868 61.885531 102.964473
811.891101 247.823139 61.681665 103.192269
811.738341 249.829701 61.834424 102.733249
811.218154 250.339221 61.622644 104.703080
810.759973 251.964298 62.134000 104.622640
810.164664 254.088962 62.461059 103.900846
809.954141 256.642066 62.715285 102.953916
810.344076 257.712959 62.589430 103.696868
810.937485 259.207028 61.660918 104.084251
811.676243 261.002922 61.258077 103.078770
811.985025 263.383698 61.228159 103.402728
811.824224 264.629946 61.646624 103.530888
813.055767 266.412666 61.066334 103.445782
814.258869 268.063987 60.408072 102.951424
814.343652 269.635763 61.478207 102.614017
814.380182 271.366632 61.111697 102.327476
814.676665 272.731491 60.989736 102.301976
814.749204 274.113216 62.096999 103.011282
814.852973 275.845629 62.816540 102.794021
815.232224 277.051140 63.135814 102.380668
815.740783 278.412660 63.048699 102.289722
816.143580 279.989401 63.626939 102.071382
816.277386 281.147489 63.836720 102.463973
816.915444 282.061480 63.541997 104.156170
817.595065 283.644233 63.504717 102.985562
818.223189 284.458700 63.126043 102.893583
818.471630 286.195620 63.606311 102.128695
819.171540 287.531699 63.547420 102.914715
819.086281 288.410007 63.714247 103.013918
820.619830 290.137244 63.501835 101.681075
821.862132 291.877295 62.799747 100.495654
822.370109 291.429150 63.010445 103.424731
823.339075 292.378661 62.692685 103.819077
823.860630 293.964306 63.456853 103.850188
825.794734 294.953736 62.843422 104.364951
826.888306 296.071634 62.818651 104.442619
828.099001 296.577349 62.687481 106.596080
829.159652 298.152677 63.296220 104.410725
830.508234 298.071387 63.155970 105.173936
831.882263 299.110860 63.541959 104.537808
833.721430 300.110859 62.661952 103.959493
835.176376 300.577621 63.152627 104.025890
837.172989 301.268504 63.092263 104.829511
839.722605 302.220168 62.267290 104.445599
841.486537 302.482536 63.051608 105.474407
843.569301 303.665402 62.272765 105.863454
845.749627 304.017574 62.759826 105.341084
847.859399 304.367050 63.091700 106.832084
850.130218 304.949363 62.925027 105.297839
852.545794 305.962639 63.264038 105.087554
855.477682 306.416841 62.608727 106.186071
858.232209 306.867347 62.495930 105.999930
860.749643 307.060228 62.931057 106.612129
863.647094 307.145502 62.893094 103.914744
866.840154 308.312554 62.814089 105.535015
869.952481 307.808039 62.599660 106.442320
873.172573 308.311651 62.543889 105.631427
876.355510 308.523527 62.714613 105.322629
880.072159 308.922354 62.351954 106.914273
883.523573 308.926087 62.059303 104.773059
886.906788 309.814751 62.572566 101.677856
890.827371 309.422533 62.553241 102.070172
894.440082 309.263458 63.132444 103.766599
898.172299 308.935172 63.328795 105.174636
901.839051 309.251968 63.497941 103.145129
906.018697 309.287782 63.377233 102.546104
909.809489 309.231586 63.659628 105.022885
913.771988 309.462136 63.164432 104.940948
918.150733 309.373480 63.123591 104.790753
922.005691 309.323401 63.662508 104.450360
926.600711 310.012085 63.021994 103.628991
930.304414 310.331129 63.607233 104.924285
934.371560 309.959440 63.417597 105.051396
939.288069 310.466632 62.914502 105.000596
943.535059 310.773001 63.087706 105.363141
947.766698 310.616376 63.022418 105.525928
952.347327 310.749648 62.564571 104.535352
956.573419 311.287792 62.899765 103.233099
961.121191 311.591452 62.438776 104.128150
964.953053 311.788688 62.851592 104.698370
969.378259 312.071390 62.683750 106.502824
973.513721 312.545300 62.835639 104.748188
977.731859 312.262141 62.530058 105.514718
981.797304 312.728728 62.689566 106.566579
986.054427 312.948229 62.707822 103.854276
989.424476 313.287778 63.696995 103.529329
992.122515 313.675995 63.188416 106.511062
992.567265 313.746963 63.329968 106.218915
992.306871 313.898804 62.393071 106.539922
990.544136 315.160796 62.946010 105.991299
989.704085 314.656342 62.406779 107.089529
987.575807 315.353076 62.911652 106.246640
982.141978 316.207858 63.764725 105.756235
978.678488 316.953939 64.259475 105.741261
973.971489 317.603746 63.703491 104.893778
969.189255 317.961786 63.393283 105.931435
967.828026 317.806705 62.871929 106.230591
970.986254 318.862098 63.027227 104.006904
975.638236 319.676001 63.252198 104.798592
980.187818 319.423521 62.299082 105.748967
984.150749 320.418104 63.123591 104.500394
988.403302 321.120910 63.356012 104.757422
992.534997 321.251962 63.637960 103.983425
996.721545 322.447817 63.522467 103.278886
1001.604158 322.479120 63.099865 104.630694
1005.469201 322.513906 63.703787 104.613484
1009.622146 323.450556 63.927177 105.455131
1013.922311 324.370887 63.381397 104.321288
1017.939060 325.336404 63.911646 103.633500
1022.731857 325.753660 63.487448 102.877667
1027.410456 326.013000 62.893727 102.755422
1031.207139 326.774489 63.398236 102.865339
1035.604920 327.258546 63.725838 102.264884
1039.953035 327.398290 63.859729 102.961198
1044.172249 327.569549 63.647595 103.743709
1048.403301 328.056270 63.862482 103.714203
1053.182298 328.683679 63.848623 104.697266
1057.503656 329.903703 63.514403 103.684298
1062.051111 330.336394 63.010876 103.733383
1062.788977 330.428877 64.208266 104.684525
1059.165271 332.050223 64.197112 105.213235
1050.473060 332.007522 63.740659 106.545146
1040.125036 332.378309 63.381319 107.553725
1031.312257 333.547299 63.366511 107.095784
1021.664614 334.144084 63.027692 108.366595
1016.714915 335.590830 63.304639 105.869914
1017.083483 335.756423 64.877089 107.616744
1021.434215 336.520651 64.088841 105.436993
1026.120323 337.085295 63.596643 105.713399
1031.353739 337.706507 62.595512 107.119735
1035.868553 339.496106 62.995088 105.214113
1039.953277 340.190896 63.139202 105.291146
1044.019183 340.643026 63.392318 105.295504
1048.897668 341.201776 63.258683 104.889246
1053.542927 341.607604 62.413966 105.787687
1057.931598 343.101129 62.849011 104.433483
1062.051111 343.915587 63.010876 105.463920
1065.887289 345.276147 63.387061 105.373957
1070.569613 345.525267 63.128526 105.919670
1074.569600 345.653771 63.356675 106.094299
1079.382937 346.477528 62.875220 106.340050
1083.186198 347.335266 62.800389 106.944809
1087.383025 348.106429 62.693805 107.114723
1091.141483 349.322827 63.314554 106.387386
1095.539542 350.513031 63.369758 105.285656
1099.832274 351.201766 63.048239 106.314044
1103.590295 352.513053 63.261466 105.336321
1107.371553 353.378219 63.326559 105.066719
1111.569573 354.658951 63.494499 104.889131
1115.355564 355.287644 63.691726 104.945317
1119.897622 356.408866 62.664491 105.817465
1123.489097 357.678440 62.844018 104.604726
1127.138558 358.120080 63.393503 105.666032
1131.172613 359.201763 63.389553 104.939716
1134.754892 359.167535 63.610793 107.786619
1138.996723 359.293955 62.956512 107.317902
1142.156595 361.003837 63.589937 107.714260
1146.510714 362.257364 62.883880 106.838896
1150.141415 362.852753 62.912972 107.368402
1153.626282 363.378325 63.164792 108.796999
1157.615693 364.227503 63.030975 107.396142
1160.999979 365.985303 63.376824 107.033621
1163.953740 366.414605 63.792770 107.723435
1167.115559 368.078829 64.184870 107.120772
1170.990342 367.993675 63.739696 107.896292
1174.407260 369.210232 63.265131 107.856486
1177.301972 369.941753 63.560702 107.851174
1180.854469 370.994725 62.872667 107.120900
1183.537456 372.200674 63.918550 107.951971
1186.550295 372.834999 63.290515 106.498313
1189.266372 373.930810 63.876779 106.444257
1192.476905 374.697826 63.221284 107.360137
1195.165663 375.848045 63.565734 105.605574
1197.499553 376.866598 64.338436 106.361964
1200.685223 377.748148 63.103209 107.007267
1203.198321 378.293327 62.729377 108.026768
1205.885881 379.093568 62.726790 108.303134
1207.891805 380.898484 63.622252 106.931983
1210.133194 381.999897 63.650738 106.132647
1212.581539 382.904014 63.816886 106.233912
1214.166279 383.430688 64.864964 105.974466
1216.613559 385.778450 64.484098 106.305868
1218.865833 386.295537 64.117917 106.164327
1221.271011 387.400949 63.815395 105.621695
1223.344121 388.706503 63.766396 106.516511
1225.020856 389.553602 64.174791 107.180673
1227.752319 390.489541 63.341369 107.253614
1229.508029 391.697995 63.807776 107.282881
1231.472638 392.337399 63.248587 107.628914
1233.130048 394.397535 63.365695 105.835690
1235.099172 395.157832 63.018290 107.102681
1235.690137 397.048419 64.055348 105.897606
1237.427647 398.103580 63.720306 106.743272
1239.925719 399.700426 63.055071 106.544644
1240.611489 400.603751 63.716643 107.168016
1241.397363 401.748150 64.655920 107.496945
1243.281420 402.988583 64.309506 107.114959
1244.434746 404.435258 64.693889 105.838791
1245.963729 406.690674 64.656996 105.069326
1247.886377 408.143194 63.620993 106.574918
1248.051158 409.242019 64.247973 106.279604
1249.321453 411.889647 64.359739 104.785656
1251.272069 412.954688 62.945352 106.531383
1252.127047 414.257858 63.349264 107.416924
1252.725142 415.337698 63.837108 107.150893
1254.191243 417.447268 63.529948 107.253947
1254.573459 418.748155 63.511429 107.459134
1255.744478 420.145676 63.834557 107.913009
1256.120131 423.583072 64.447298 106.520715
1256.687304 424.295531 64.693141 107.459891
1257.236075 426.805176 65.076325 106.730583
1258.274503 429.013820 64.255943 106.521934
1259.638742 430.347763 64.403444 106.859530
1259.394528 433.327497 65.326637 107.158483
1259.817575 435.296741 65.013625 106.413170
1261.019659 437.787646 64.958357 106.461715
1261.401712 440.189166 65.089844 106.953092
1261.964672 441.167355 64.936640 107.455246
1262.604990 443.985732 64.631320 106.819736
1263.158778 445.446711 64.854249 107.422005
1263.974503 447.695441 64.612214 107.840596
1264.332415 448.084681 64.349904 109.060135
1265.082552 450.996709 64.984579 109.510843
1264.981737 453.950638 65.217964 109.056942
1265.352452 457.250540 65.075952 108.324984
1265.682306 460.146418 64.811056 107.753076
1264.817371 462.794417 66.051078 107.984788
1265.073473 465.350711 65.351599 107.566895
1265.687541 467.794426 65.495065 107.596907
1265.221493 469.495687 65.315976 108.481158
1265.500743 471.390914 66.038612 108.708001
1265.683751 474.453484 66.369113 106.934550
1265.587555 477.137242 65.170618 107.737168
1265.302806 479.195665 65.120347 108.079843
1265.381188 481.846742 64.933025 108.440608
1264.788548 485.246062 65.191336 108.392777
1265.106508 487.344788 64.947480 109.294052
1264.840259 490.197860 65.663080 110.016764
1264.898223 492.399152 64.861749 109.034548
1264.944491 495.197873 64.926819 109.105615
1263.988458 497.593409 65.475993 109.670793
1263.812789 500.301924 64.760977 109.600686
1263.640196 502.587097 64.897720 109.057560
1263.354176 506.343828 64.665274 107.802731
1262.737079 509.343206 64.688769 107.346611
1262.372046 512.877184 64.753569 106.651261
1261.605128 514.945979 65.146925 106.922730
1261.372107 517.144438 64.134371 106.856715
1260.278801 520.766404 64.169110 105.751009
1259.790980 522.501194 64.470897 107.064337
1258.846166 525.238506 64.335627 105.498855
1258.592751 528.894000 64.050820 105.323003
1257.256905 532.538426 64.327314 105.051682
1256.625625 535.084301 64.137424 105.531854
1255.658828 538.691029 64.948620 103.735386
1254.606686 540.723111 65.102893 105.155046
1253.000352 545.064961 65.160562 103.556366
1252.187383 547.655208 65.522202 103.682617
1250.803903 550.442467 65.725404 103.968295
1249.297498 553.153901 66.093683 106.055192
1247.900710 556.056414 66.016191 106.036075
1246.500921 559.043106 66.478318 104.764109
1246.278760 562.025328 65.583465 103.504778
1245.102687 565.521528 65.032415 103.275381
1243.745270 568.349186 65.478702 104.075319
1242.459758 570.524908 65.698918 107.586423
1241.387673 572.946727 64.917436 108.967015
1240.043269 576.590744 65.355784 107.243243
1239.070463 579.438007 65.184244 103.369526
1237.060325 582.706807 66.019460 104.064638
1236.283360 584.765781 65.650249 107.447256
1234.901358 588.284769 65.497893 106.614729
1234.085118 590.491929 65.304220 107.044079
1232.542143 592.744666 65.628561 107.569401
1230.960108 595.395318 65.596211 106.130810
1229.327604 597.984400 65.282185 106.494659
1228.140563 600.681218 65.875290 106.963613
1226.901345 603.092095 65.497893 107.999401
1225.598852 605.797843 65.828650 108.270431
1223.976969 608.097454 65.686010 107.963064
1222.661492 611.590761 65.232384 107.988452
1221.598819 613.545916 64.670531 108.314939
1220.321964 615.693287 65.041083 109.476577
1218.805734 618.347449 65.193571 109.897225
1217.671481 620.078744 64.699983 110.159056
1215.678206 623.001053 65.393294 109.238019
1214.062844 625.347484 65.311954 109.032811
1212.148464 627.599356 65.768172 109.645342
1210.567630 628.873109 65.391773 111.662671
1208.543322 632.202593 65.737456 109.590669
1207.335269 634.139528 65.252590 109.397867
1205.763272 636.799159 65.344311 108.352354
1203.743608 638.643944 65.669014 108.416552
1201.499564 641.398347 66.127393 107.394034
1199.569049 643.147656 66.167470 108.259526
1197.717614 645.044193 65.945358 109.102706
1195.518276 647.403007 66.141934 108.563387
1193.933940 648.679748 65.512759 110.246351
1191.565767 650.478033 66.034110 110.226871
1189.754666 652.698675 65.432091 108.740627
1187.235297 654.845809 66.067745 109.105177
1185.343003 657.301918 65.669974 107.858509
1183.056030 659.042109 65.196055 108.626020
1180.436145 660.593402 65.745136 108.428713
1177.878892 662.850439 66.245156 108.064079
1175.120729 663.993504 66.629783 108.921004
1172.539102 666.048594 66.688623 109.189219
1170.253039 667.580891 66.418491 109.009455
1167.854647 668.426538 65.660817 109.430666
1165.649071 670.292249 65.506980 109.245160
1162.456133 672.343078 65.969850 109.233096
1159.899331 673.062697 66.113564 109.553244
1157.387543 675.297342 65.855437 108.559901
1154.744048 676.178675 65.741201 110.162623
1151.845569 678.297338 65.972630 108.369132
1148.653715 679.229856 66.327675 108.917295
1145.539094 681.301893 66.616941 107.668425
1142.698893 682.280989 66.604187 108.411045
1139.914610 683.794496 66.511442 107.873154
1137.105467 685.296985 66.238939 106.943884
1134.769031 686.092615 65.755126 107.963331
1131.663638 687.238730 66.376417 108.211001
1129.634263 688.178707 65.295626 108.664592
1126.075382 689.892092 65.473648 106.642528
1123.126868 690.384081 65.777550 107.600777
1120.525637 691.382415 65.655683 108.407964
1117.744027 692.332086 65.953191 107.610215
1114.405574 693.946566 66.188980 106.824435
1111.542447 694.076133 66.264206 107.739484
1108.968498 694.984422 66.084184 109.810656
1105.936600 695.546618 66.377476 111.197144
1102.892247 696.452427 66.479082 111.116896
1100.252791 697.556956 66.261966 110.896325
1097.403028 698.706849 66.669447 109.590982
1094.965113 699.412120 66.365625 110.334302
1092.851208 699.735205 65.778631 111.864964
1089.801302 700.319714 66.498434 111.513574
1087.207934 701.190541 66.235012 110.381727
1084.741443 701.682912 66.016125 111.025018
1082.230096 703.070386 66.256264 109.416804
1080.166464 704.065316 65.989615 108.136820
1077.968411 704.575881 65.639184 108.873810
1075.367740 705.062667 65.756297 108.200862
1072.614805 705.780387 66.243227 106.659634
1070.236713 705.525882 66.337152 109.518719
1068.353102 706.117026 65.714710 109.587495
1065.899356 706.924567 66.256666 109.618116
1063.565791 707.390359 66.105781 109.670291
1061.253020 707.650605 66.418491 110.474888
1059.295806 708.654809 66.209569 109.718692
1057.093287 709.929142 66.301154 109.319143
1054.476785 710.563690 66.410506 110.946866
1052.644639 711.056096 66.005929 110.407469
1050.494183 711.473426 65.908650 110.851187
1048.450434 712.027609 65.952330 111.185446
1047.116517 712.949026 65.461352 110.615075
1044.786864 713.129289 65.812984 110.082127
1042.432203 713.181561 66.311189 110.943924
1040.988719 713.949067 65.589192 109.702623
1038.342926 714.253131 66.064513 111.257420
1036.644559 714.214373 66.188023 113.104151
1034.556572 713.895830 66.592168 114.120736
1033.025054 714.570465 66.077040 112.209595
1031.434244 715.431264 65.876940 110.797077
1029.053998 716.289492 66.493358 110.008341
1027.450488 715.418244 66.314539 111.601682
1024.937551 716.295399 67.300703 110.352893
1022.897836 715.685730 66.898346 110.665326
1021.031096 716.765690 66.837962 110.764959
1019.163799 716.293992 66.851529 111.202343
1017.621802 717.190536 66.313954 109.739960
1015.918662 717.077019 66.040764 109.571250
1014.136861 717.077019 65.822599 110.361448
1011.962420 717.210806 66.033091 110.017842
1009.962454 717.442493 66.069226 110.683018
1007.938706 718.498426 66.051618 111.100709
1005.675250 718.870100 66.496419 112.078931
1003.630816 718.820940 66.417831 112.254848
1001.231421 718.981015 66.890057 110.769960
999.251916 719.108878 66.653716 110.769359
997.251931 719.161620 66.507799 110.414724
995.031086 718.659630 66.619401 111.514969
992.964774 719.641693 66.788229 110.282773
990.763741 720.341822 66.596900 109.019641
988.698654 720.650619 66.116607 108.329975
986.890869 720.355798 65.483992 108.105101
984.216470 721.331457 65.803169 107.894322
981.924484 721.678216 65.861875 108.055290
979.391385 720.503021 66.144932 108.900550
977.254809 720.441071 66.044704 109.531810
974.081955 719.815006 66.081310 110.020287
971.432193 720.442489 66.383075 109.693514
969.053972 721.048281 65.917692 109.292668
966.767059 720.941457 65.233363 109.200696
963.834015 720.837323 65.792421 109.142218
961.411486 720.733034 65.730442 108.374200
958.923727 720.804486 66.271854 109.683191
956.297926 720.919893 66.517317 109.952885
953.831165 720.606935 66.427532 111.032224
951.608459 721.056122 66.194380 105.415533
949.081369 720.987310 66.280425 104.417087
947.268558 720.948507 65.660428 105.547891
944.273840 719.674828 66.323751 107.148997
941.904070 719.563195 66.258143 108.887676
939.500818 719.441048 66.139378 109.909108
936.875889 719.735214 66.454848 110.095210
934.719318 719.210826 66.126481 109.980450
932.387530 720.117022 66.499777 108.793244
929.764810 719.941446 66.714757 108.238989
927.811190 718.919544 65.900590 108.425655
925.323683 718.472549 65.871885 107.108018
922.326950 718.730120 66.211315 106.913277
919.859101 718.202266 66.553518 108.280286
917.722878 717.855982 65.988912 107.307568
915.393374 717.408685 65.768812 105.944003
912.488331 717.038029 66.121490 105.535973
909.956990 716.478493 65.887047 106.383385
907.419826 716.157619 65.921727 106.153840
905.683236 715.566597 65.195926 108.269388
903.172066 714.839797 65.634610 107.620363
900.461813 714.202281 65.686908 107.366413
898.260820 712.821984 65.830057 109.783415
896.006126 712.157218 65.593728 108.404350
893.525619 712.252340 65.585017 107.440470
891.481373 711.238204 65.538275 107.605380
889.172048 710.858749 65.918804 107.674804
886.391355 709.527883 66.144932 108.587113
884.146675 709.128539 66.048892 109.172108
882.166404 707.788769 66.205044 109.063094
879.899379 707.262188 66.042145 109.359829
877.474609 707.494544 65.968921 106.962229
874.948916 705.508499 66.463719 109.025046
872.629586 705.754465 66.454796 108.299835
870.545383 704.814879 66.490008 107.486131
868.166025 703.993201 66.727877 107.122378
865.653689 702.837322 66.973227 108.183186
863.811202 701.867203 66.477348 107.971063
861.855252 701.096941 66.651358 107.850543
859.986956 700.441042 66.048421 106.505063
857.685109 699.360951 66.461445 107.663949
856.490001 698.420315 65.691929 107.838906
854.038369 697.683995 66.481979 107.993493
851.923689 697.148789 66.992888 107.507750
849.743994 696.804217 67.100012 107.214489
847.878897 695.733276 66.711906 107.274791
846.012272 694.368022 66.823932 108.762195
844.122090 693.919884 66.938028 106.547204
842.260796 692.804501 66.584187 106.983216
840.083038 692.098880 66.979607 105.622415
838.770413 691.679118 66.146446 106.817915
836.773860 691.064594 66.372659 106.995864
835.273959 690.511740 66.016424 108.081590
833.587004 689.211011 66.076006 107.654113
831.614772 688.390206 67.075247 107.074601
829.923709 687.286307 66.739293 108.336522
828.518331 686.104678 66.432416 110.074833
827.012628 685.448665 67.004196 109.838636
825.731067 684.817521 66.725635 109.137343
824.136815 683.762522 66.991340 110.827846
823.562237 682.922062 65.931807 110.821160
822.436717 681.918917 66.468386 111.454574
821.816244 680.472802 66.789259 112.720950
820.985724 680.110458 66.570220 110.808707
820.704550 679.738752 66.759611 110.799999
820.067693 678.815542 65.646681 111.794699
819.157598 677.779658 66.890100 110.606611
818.370266 677.081662 66.905818 110.848818
817.900358 676.950442 65.998375 110.588281
818.053503 675.125308 66.033857 109.666983
817.613297 675.239603 66.034937 108.850348
817.639596 674.500027 65.674843 109.615448
817.532556 673.630353 66.009305 110.251037
816.936193 672.866046 66.680642 107.774161
817.275758 671.833917 66.452951 108.500779
817.892246 670.574036 66.026891 110.506418
817.628645 670.246553 66.695639 109.838661
817.669434 668.865766 67.303357 110.793444
818.774382 669.167514 66.332290 109.781735
819.615349 667.836101 65.823115 111.981000
820.114619 666.375058 65.614040 109.800587
820.633585 665.610540 66.125268 108.442415
822.517321 665.544978 65.678307 107.582309
823.224584 664.319287 65.089576 105.985747
824.095748 664.184935 65.563535 108.418956
824.827664 662.790969 65.380959 110.976659
826.885015 662.176564 64.720359 108.717278
827.420099 661.171777 65.720627 107.181911
828.587543 660.186290 66.217443 109.531305
830.157991 658.546243 65.128997 110.287140
832.342971 657.763332 64.748460 108.901606
833.820615 657.545784 65.145408 107.205906
835.773756 656.116659 64.817180 108.326543
837.184710 655.423645 65.005057 108.290167
838.706094 653.715316 65.621976 108.495671
840.454619 652.701873 65.996340 108.415628
842.417510 651.421130 65.994569 107.737511
845.311178 651.062440 65.342378 108.896188
846.557655 649.508949 65.218006 109.107936
848.417526 649.458810 65.607271 106.440452
849.993681 648.644856 66.384703 107.225650
852.676976 647.490572 65.486639 108.189879
853.767873 646.624244 66.097408 106.930337
855.738373 646.025665 66.066610 105.728574
857.427892 644.966572 65.754609 107.990055
859.154157 644.003784 65.503067 106.748174
861.718853 643.681684 64.685420 106.579119
863.095753 642.253416 64.582391 106.518137
864.509419 641.930266 64.770304 105.919389
865.838201 641.331744 64.730067 105.723061
867.615928 639.655494 64.504442 105.939627
868.874522 639.343984 64.851329 106.241381
870.397369 638.879262 64.318156 105.226102
871.536892 638.150645 64.988234 106.521707
872.731466 637.623625 64.468481 105.061566
873.908018 636.746981 64.538792 105.322204
875.132256 636.402941 64.539777 105.707956
876.241065 635.067926 64.616579 106.440997
877.171543 633.593370 65.259696 106.652887
878.158804 633.682414 64.891555 105.748300
879.241062 632.631796 65.599087 106.448256
880.655945 631.554767 65.070760 107.669361
882.073973 631.577011 64.696876 105.800072
883.278840 630.222089 64.280215 107.947186
884.328710 629.603513 63.611366 107.505538
885.431489 628.396113 64.325201 107.458221
886.236043 628.017874 63.889624 108.682036
887.184698 626.579053 64.283622 108.631119
888.440817 626.394587 64.178562 106.509993
889.661400 625.244570 64.654419 106.957132
890.120121 624.192742 64.410344 107.023766
890.943354 621.979365 64.473767 107.774502
892.371640 622.027423 64.502040 106.379675
892.956213 620.914957 64.458634 106.890410
893.981531 620.736989 63.991209 105.217539
894.676165 620.291266 64.313846 104.803622
895.019666 619.145506 64.859318 106.349945
895.981530 617.809538 64.324114 106.944307
896.596649 617.810473 64.486839 105.492802
897.643446 615.979362 64.244501 106.920288
898.247049 616.176195 64.994853 104.877823
899.298576 615.238821 64.293764 105.901510
899.782644 615.445263 64.516509 105.886816
900.535324 615.141151 64.248729 106.625980
900.956229 614.572396 64.128657 104.834785
901.578519 613.301327 64.814788 106.859400
902.236051 613.120466 63.962993 107.505200
902.751393 612.219702 64.628548 107.138856
903.580187 612.171729 64.507544 106.690172
903.943324 610.748699 65.034691 107.172490
904.988868 610.360975 64.396225 106.257986
905.535352 610.798659 64.508793 104.005785
906.292309 610.512252 63.998572 104.392184
907.116567 609.364617 63.871152 105.526433
907.643432 608.642463 64.059563 105.280067
908.311350 607.896944 64.537075 105.625532
908.821242 608.050171 64.256254 106.266142
909.762854 607.535559 63.688812 106.090779
910.065713 606.830054 63.397446 106.203606
910.681439 606.645602 63.910918 105.388073
910.698496 606.403607 64.334738 105.618615
910.948377 605.797598 64.976621 105.807605
910.917052 605.535566 65.500868 105.768443
911.518895 604.981266 64.786788 105.797026
912.034267 604.789670 64.823941 105.836680
911.957487 604.127397 64.972757 106.105281
912.283936 604.798313 64.910506 105.661557
912.720337 603.988642 64.218525 104.676109
912.664306 603.211162 64.993331 105.659563
912.995264 602.484674 64.640781 106.177653
912.799232 602.637315 65.207653 106.169033
912.360807 601.213037 65.244649 108.086740
912.459027 600.891663 65.116689 107.208456
912.290744 600.669196 65.025601 107.722749
912.422649 600.874057 64.816125 106.786482
912.412067 600.885813 64.933981 107.218589
912.531588 600.617893 64.301719 106.716989
911.726330 600.178549 64.441827 106.519756
911.362023 600.134098 64.576843 104.481459
910.706763 599.201320 64.923736 105.321160
910.143668 599.150505 64.912037 106.313227
909.401674 598.572404 65.240373 105.815134
909.038868 598.438884 65.523338 105.339434
908.211513 597.789650 65.255901 105.300665
907.253568 597.697812 65.033742 106.142159
905.822842 597.540207 65.417959 106.101730
904.989622 597.337399 65.506115 104.767937
903.768320 597.550809 65.722699 105.216295
902.906361 596.637292 64.756530 105.453026
901.726266 596.141124 65.005406 106.844911
900.640722 596.733308 65.595041 105.948455
899.058131 597.145689 65.820655 106.227737
897.758739 597.282347 66.147489 104.701321
897.084972 596.789654 65.022850 105.407364
895.852230 596.141124 65.023164 106.589580
894.187225 596.692010 65.153584 105.804947
892.572408 596.944364 64.824151 107.433618
891.140564 596.463857 64.790148 106.583431
889.989605 596.235808 63.925051 107.322155
888.085006 596.438885 64.276278 106.824118
886.462656 596.535554 64.466334 107.475500
884.715947 596.835008 64.539835 107.417642
883.764187 597.129495 63.632926 107.632210
881.612719 597.433696 64.055112 107.282625
880.319816 597.367248 64.056654 107.969331
878.244810 597.103232 64.457658 107.123608
876.187233 596.930263 64.551023 106.206031
874.000405 597.042972 64.807276 106.563252
872.822834 597.388136 64.162626 106.217515
870.977551 597.343980 64.006440 106.024192
869.241249 597.141123 63.662729 107.618871
867.682447 597.280682 64.845411 107.142634
865.396179 597.171707 65.204434 107.234524
863.924855 597.536478 64.964235 106.488462
861.971767 597.540207 64.415576 107.091729
860.058172 597.733294 64.539411 107.112754
858.909045 598.291120 64.919454 106.665485
857.264498 598.489563 65.300725 107.105386
855.580399 598.832024 65.271768 106.192195
854.378848 599.189957 65.525450 105.925174
852.779319 599.744701 65.564707 105.807692
851.530862 599.590827 65.487622 104.938444
849.738594 600.148368 66.363209 105.862679
848.977798 600.688573 65.768323 104.717678
847.750068 600.848428 65.714570 106.088810
847.350212 601.442596 64.903541 106.698854
846.433543 601.171697 65.000542 107.564041
845.570931 602.035491 65.374201 107.123622
844.244785 602.536465 65.780685 107.485668
843.472348 602.563201 65.663022 107.114272
842.612172 602.832030 65.921930 109.020969
841.837874 602.596869 65.405064 111.018016
840.936194 603.525819 65.450798 110.418235
840.241991 603.762477 64.898244 109.513702
839.357212 604.665317 65.254279 109.329686
839.005692 604.889349 64.829816 110.219739
837.879302 605.596890 65.327034 109.413579
837.640177 606.423189 65.229816 108.851304
836.543253 606.804502 65.476244 109.154129
835.142703 607.407463 65.913321 108.016555
835.154068 607.973730 65.493703 107.931398
834.001145 608.062441 64.928703 108.372507
833.180451 608.202281 64.954925 109.135917
832.275752 609.524698 65.262148 107.984731
830.974339 610.331464 66.079621 107.447076
830.377682 611.441582 65.825759 107.818696
829.377685 611.666037 65.936464 108.001281
828.789430 613.137090 65.193317 106.816364
827.415157 613.282334 65.393337 107.590824
826.612193 613.730135 65.369558 107.281124
825.735530 614.129461 65.392939 107.483988
824.529626 615.035513 65.709145 107.869616
823.514605 616.187909 65.766637 107.172659
822.046220 617.187786 66.089171 105.583775
820.673106 617.442603 66.342757 105.963639
820.331666 616.925229 65.387391 107.356341
818.213362 618.035471 66.476282 106.607900
817.302788 618.331434 65.796208 105.625405
815.754458 618.843499 65.515052 106.089743
814.358282 619.744699 65.918847 103.310891
812.899558 619.307835 65.827659 105.583168
811.187239 619.945474 65.799884 106.941949
809.816323 620.693248 65.222296 106.060195
808.654903 621.646799 64.828775 107.184009
806.673117 622.341629 65.329180 106.284017
804.841615 622.540219 65.392316 108.252690
802.700085 623.382436 65.569264 105.360334
801.230060 624.198260 65.217826 105.849738
799.137252 624.898506 65.649188 106.446220
797.457742 624.017884 65.472978 106.520235
796.140553 624.593800 65.041187 107.143580
794.159229 625.587183 65.469152 107.026265
792.126053 625.832021 65.554636 106.337194
790.284143 626.543402 65.754000 107.119081
788.645504 627.390323 65.645249 107.252452
785.948910 627.933821 66.715482 107.040481
784.273930 628.542838 66.635472 107.868929
782.630621 628.819686 65.996305 108.048270
780.587018 629.216800 66.293298 108.516720
778.366643 629.423191 66.452779 108.137813
776.543283 630.536162 66.011449 106.704043
775.116299 630.372427 65.872951 108.307736
772.480966 631.127498 66.520749 107.814811
770.279569 631.355761 66.311259 107.921140
767.923698 631.355761 66.667093 108.141950
765.456145 631.628492 66.904975 108.156743
763.943117 631.563687 66.020156 107.616732
762.273932 632.229420 65.512395 108.183845
760.099795 632.678224 65.614993 107.980499
757.968411 632.666064 65.746381 108.784817
755.678623 632.700636 65.961553 108.046546
753.279538 632.804492 65.951824 108.370611
751.235330 632.922391 66.500023 108.694178
749.254852 633.305003 66.260802 107.003967
747.656516 633.280462 65.899846 108.321037
745.847630 632.993213 65.527177 110.306537
743.476784 633.390353 65.766167 110.010205
741.482058 632.762499 65.549609 111.787281
739.251872 632.897576 66.398640 110.303871
737.494139 633.498425 66.053216 104.943450
735.314356 632.789656 65.955144 109.102742
733.822336 633.305003 65.549110 108.837145
731.890840 632.941291 65.412243 108.630275
730.105705 632.025999 65.341029 109.297429
728.204946 631.576928 65.722312 107.574495
726.172063 631.150581 65.634610 108.963032
723.811190 631.613790 66.044141 109.078219
721.678607 631.284919 66.140796 109.350708
720.377576 630.762486 65.792166 110.110277
718.991262 630.394110 65.112764 109.993408
716.865499 630.052074 65.686233 110.389667
715.140631 629.762503 65.479209 109.736602
713.507144 628.894198 65.276386 109.359590
710.943143 628.315718 65.984155 110.641307
709.840197 628.263438 65.404160 109.927861
707.994467 627.894187 65.810804 110.547581
706.478726 627.258883 65.724529 109.459753
704.822354 627.076330 65.657230 108.781030
703.062863 626.315729 65.672483 109.663826
701.629702 625.946839 65.393934 109.823252
700.122824 625.262200 65.501218 108.991591
698.805741 624.837347 65.374149 108.439585
697.260199 624.338267 65.260156 108.762868
696.127281 624.026017 64.874417 108.377580
694.514608 623.162501 65.113746 107.973519
692.901356 622.082345 65.497893 107.437766
691.858906 621.858742 65.107961 106.446933
690.144268 620.399784 65.590475 107.642846
689.196544 619.057850 65.675500 106.733165
687.602641 617.999942 65.543912 108.355215
686.992713 616.921645 64.697348 108.118703
685.154572 616.134306 64.884076 108.034897
683.943719 615.030375 64.951413 107.849323
682.612190 614.134350 64.932039 107.421645
681.202033 612.948193 65.642556 107.242653
679.943712 612.150570 66.038033 106.949543
678.943710 611.511720 65.274880 106.912313
677.877650 609.725098 65.293033 107.634106
676.640842 608.891680 64.951486 107.604644
675.694471 607.896480 64.668569 106.439075
674.998166 606.562913 64.361090 107.063425
673.989610 605.593336 64.494059 106.441714
672.628719 604.356720 64.622633 107.197824
671.140546 604.017886 65.257405 105.176907
670.019157 602.119329 65.108797 105.965632
669.072594 600.253437 64.698141 106.061402
667.420977 599.127416 65.554323 105.467971
666.084969 597.614387 66.293091 105.840477
665.244807 596.360992 65.599795 107.082245
664.899011 594.717611 65.119404 106.985659
663.752383 593.348087 65.454675 107.405644
662.472359 591.926219 65.590266 106.286614
661.266535 590.760892 65.384893 105.433898
660.000285 589.058541 66.048054 106.046822
658.886666 587.451453 65.946655 108.100941
657.916635 586.576949 65.809900 108.663284
657.234903 585.394860 65.450305 109.352317
656.142702 583.442403 65.363933 110.710063
654.991226 582.599444 65.403234 107.242341
653.430351 580.822001 65.752183 108.748153
652.318720 579.262993 65.380446 108.852583
651.252808 577.843582 65.291518 109.396645
650.016835 576.948715 65.307988 109.254787
648.487867 575.103956 65.756713 109.953081
647.461874 573.332976 65.488844 107.855161
645.960136 571.953042 65.632187 107.932342
645.001139 570.660262 65.470495 109.330072
643.421140 568.654955 66.267921 110.980704
642.031375 567.779615 66.167371 109.480338
640.353125 566.577514 66.590582 109.310730
639.439164 565.130045 66.284106 109.813692
638.140602 563.705818 66.246380 109.761516
636.737960 562.577359 66.132204 110.019633
635.183110 561.577325 66.721966 109.725115
633.774350 560.365167 67.202325 110.047515
631.942321 558.993670 67.073040 109.122848
631.012630 557.045900 66.411168 109.131570
629.298934 555.894165 66.797689 109.875926
627.409073 554.546203 67.273793 110.224948
625.652596 553.897556 66.988259 108.795321
623.830850 552.552178 66.929080 109.502133
622.009594 551.471289 67.267081 111.396964
620.404641 550.123895 67.455486 110.995867
619.141613 548.997209 66.940939 110.729593
617.427189 547.993699 66.734873 111.507456
615.665037 547.157743 66.823285 111.239288
613.828356 546.227236 66.996553 111.217863
612.360965 545.264557 66.721548 111.057555
610.163088 544.066122 67.330980 111.789400
608.276095 543.338971 67.468683 112.089103
606.521606 542.680684 67.252315 112.516260
604.828743 542.238150 66.982157 110.851115
603.133101 541.280895 66.507734 111.649596
601.317262 540.119875 66.838812 110.991969
599.652586 539.922099 66.512826 111.612165
597.475636 539.264551 66.908644 111.020153
595.652599 539.028526 66.804852 110.046415
593.719342 538.237110 66.597819 110.310229
592.199584 537.817533 66.117582 109.692600
590.180227 537.024166 66.141448 110.103971
588.668167 536.394117 66.024205 111.846723
586.872121 536.611447 65.714473 110.998783
584.851198 536.078166 65.922546 111.219665
583.414960 535.632704 65.286759 111.663639
581.628497 535.473390 65.289581 110.318804
579.735880 535.209691 65.348541 110.007191
578.122829 534.946848 65.501218 110.120668
576.439159 535.129273 65.701054 109.184003
574.720753 534.919572 65.749432 109.122028
573.334909 534.941433 65.844978 108.717547
572.361096 533.685621 65.157615 111.652321
571.008338 533.418243 65.163330 111.639699
570.008317 533.870112 65.272423 109.789106
569.003133 533.552599 65.056970 110.270109
568.330343 532.999500 64.693312 110.292270
567.516304 533.648789 64.591278 109.248951
566.543236 534.524675 65.110347 108.321256
566.015704 534.305526 65.265546 108.658841
565.043252 533.921640 65.247117 109.999364
564.492265 533.814871 65.081514 111.259773
563.938621 534.210818 65.263538 110.885117
563.465891 533.683232 64.847491 111.986229
562.505840 534.395805 65.508430 111.395772
561.952995 534.817517 65.469365 111.742873
561.480485 534.950432 65.758058 113.012597
560.943300 535.424593 65.320680 112.339794
560.075254 535.579624 65.233892 112.408096
559.319226 535.922064 65.994418 112.146333
558.721951 536.927784 65.581512 111.102297
558.182144 537.052888 65.537305 111.309893
557.546835 538.289511 65.763885 109.183390
556.629696 539.011049 66.017889 108.067455
555.864249 539.524711 66.079857 109.612667
555.158681 540.323516 66.266038 110.071565
553.969835 541.152408 66.935268 109.526938
553.140638 541.758913 67.175333 109.124816
552.394616 542.980642 68.020449 110.035924
551.850801 543.190531 68.262234 110.229991
550.900700 544.061049 68.316954 111.322702
549.585748 544.680720 68.776888 111.940159
548.825990 545.426633 68.762807 111.774087
547.149183 545.814278 69.317444 113.522733
545.874399 547.081383 70.126839 113.051907
544.202574 547.911605 69.820553 113.270790
543.277069 549.232136 70.225557 112.557230
542.236940 550.692282 70.392649 111.901866
540.497463 552.062008 70.787504 111.610278
538.937183 552.745175 71.481183 112.122879
537.069854 554.485692 72.410017 112.235354
535.656596 555.518660 72.610131 112.073484
533.905707 557.049475 73.231340 111.076761
532.634136 557.808423 72.736559 112.321967
530.737545 559.348806 73.142180 112.964417
529.139149 560.992398 73.224056 113.092959
527.476562 563.045541 73.532440 111.811857
526.049605 564.386366 73.211336 112.051077
524.764012 566.601269 72.924811 111.065579
523.111634 567.960438 73.267945 111.367337
521.653266 569.242608 72.971711 111.420934
520.566421 570.825259 71.127025 111.774701
519.019278 572.359968 71.995064 111.968909
516.769703 573.943544 72.245571 112.079315
516.645836 575.606051 71.461415 111.195406
515.346592 577.194088 71.071778 111.131226
514.271245 579.493430 70.763722 110.393078
513.469748 581.608764 69.917424 111.448311
512.903354 582.464493 68.576593 113.153081
511.788370 584.078068 68.358676 113.720799
511.347778 585.759775 67.684932 114.079417
510.936507 588.183923 67.555140 114.508169
510.262528 590.054727 67.277566 114.405711
509.601813 591.179211 67.736420 115.809971
509.612273 591.306566 67.269517 118.707213
509.750031 593.562542 65.968424 117.817482
509.630421 595.794794 65.585539 116.121527
508.818423 596.607461 65.720292 118.745080
508.478680 598.368850 66.430645 119.432513
509.144444 598.899667 65.194044 121.715268
508.770392 601.657842 65.665860 120.152289
509.157642 603.178915 65.585159 121.178733
509.280092 602.189924 66.076532 124.417068
509.636746 608.059881 66.569001 119.306749
509.829460 611.762701 66.929221 117.534771
510.753726 613.471253 66.775915 117.045096
512.382387 615.288756 66.479139 116.034236
513.918430 616.873533 66.414497 115.708218
515.059707 619.179168 66.892182 113.869349
516.302853 620.258005 68.812069 115.345850
517.779852 622.026035 69.819196 114.604983
519.359784 622.989601 70.285773 114.250612
521.855852 625.309287 70.117512 114.311609
524.000134 626.258894 69.967415 116.375156
526.433853 627.688042 70.534780 116.295791
529.715511 629.268374 69.698431 118.541726
532.337110 631.235263 70.113762 118.185369
535.185233 632.843220 70.648737 118.749467
538.394626 635.555973 70.497666 115.350401
542.038691 637.107751 69.882148 113.714997
545.307967 638.708759 70.312263 110.336264
549.044231 639.424551 71.024905 110.468846
552.647476 641.207625 71.032494 110.364398
557.238552 642.551041 70.441398 108.561695
561.510372 644.513109 70.747355 107.762687
565.805641 645.730883 70.434668 108.897848
570.431998 646.450588 70.180232 109.638783
575.135811 647.714965 69.079719 112.448914
579.256099 649.085603 69.625307 111.818040
584.388558 650.384195 68.798834 112.609488
589.322765 652.256389 68.914406 112.406672
594.603180 653.549484 69.097513 113.168449
599.807221 654.944448 69.495116 112.887573
604.807202 657.031764 69.855191 114.341737
609.769002 658.412153 70.385903 113.663369
615.563226 660.678879 69.773176 116.281256
621.022030 663.335764 70.257359 114.206906
626.697382 665.133969 70.144722 113.934249
632.634254 667.084094 69.238437 114.158710
638.636681 667.949527 69.038409 112.945416
644.093593 670.621702 69.217854 113.863894
650.263417 672.019697 69.143621 114.562122
655.987676 673.557795 69.661748 114.908482
660.849662 675.294457 70.643166 115.663868
666.519004 677.837968 71.076596 115.596736
671.938620 679.686139 72.019195 115.017014
678.800038 681.036500 70.299720 115.550453
684.814425 683.107731 70.012930 115.104517
690.545927 685.511986 69.698095 113.484221
696.566514 686.943969 69.577169 113.311815
702.840317 688.595363 68.955221 111.969719
708.599020 690.770903 68.130863 112.111933
712.571752 691.025764 69.992715 113.535434
719.055465 693.985363 69.457495 111.490098
724.762705 694.788164 68.916027 112.560299
730.603153 696.458582 68.890668 112.480303
736.393027 697.848358 68.286923 113.586256
742.233290 698.873443 67.954100 113.573538
747.812306 700.436935 67.468681 113.116423
753.314987 702.498903 67.805121 113.771416
758.881866 704.248826 67.697892 111.944479
764.272631 705.577917 67.187880 112.486263
769.342000 707.130619 67.069446 111.308568
774.627282 708.310166 67.003401 113.300565
779.831834 710.354751 67.039119 112.545572
784.574711 711.708360 67.524953 112.749035
789.692846 713.440693 66.596674 111.924836
794.776064 714.976407 66.422001 112.647511
799.501204 716.843340 66.117336 112.881931
804.334383 718.211599 66.033458 111.127824
808.965830 719.318830 66.075538 112.087956
813.454307 720.752680 66.336937 112.057029
818.012015 722.478311 65.858757 111.967050
822.454325 723.235143 66.192767 111.504373
826.828068 723.994411 65.505037 111.778330
830.405850 726.502156 66.170188 112.058429
835.218038 726.923792 66.519557 112.293455
838.937473 728.670323 66.399434 113.078086
842.495648 730.069810 66.681685 112.986174
847.272620 731.703473 66.269026 112.549898
851.570065 732.344258 66.288544 112.855447
855.225200 732.307190 66.759672 114.488778
859.252445 734.623298 67.006254 114.527369
863.181928 736.179213 66.838528 115.251353
867.303242 737.636372 66.263947 115.323830
871.252411 738.698611 65.972945 114.562024
875.203035 739.785282 66.096527 114.490604
879.062128 740.355133 66.516741 114.483477
882.903179 741.756477 66.847051 112.761349
886.873052 742.839556 66.268752 112.482965
890.172685 744.826978 67.350370 109.563215
894.505972 745.810867 66.739600 109.185439
897.566537 746.774380 67.519613 112.092117
902.014202 746.803352 67.450145 115.139535
905.878404 748.411072 67.444374 115.459619
909.433562 748.788549 67.363838 112.862139
913.077339 749.874030 67.464329 113.687150
916.982629 750.870543 66.641553 111.249602
920.620614 751.901912 66.740260 111.422724
924.127235 752.415219 66.950258 112.665081
927.375497 752.574231 67.137843 114.265718
931.040708 754.324159 67.170184 113.119625
934.422726 754.759977 66.923171 111.960087
937.888146 755.077329 66.559725 115.254256
941.459544 755.671612 65.999605 115.212461
944.614326 756.373703 66.290160 114.729045
947.911102 757.491122 66.438631 113.694454
950.863195 757.688466 66.421829 115.366038
954.459544 759.440310 65.637119 114.641246
957.636831 760.654333 65.976645 113.485035
960.589394 760.297564 66.004271 115.214373
963.399704 761.570484 66.277908 115.065807
966.327973 762.319434 66.169527 115.258410
969.399711 762.860655 65.608636 115.196431
972.054116 763.904020 65.577048 115.512737
972.913233 765.031083 66.436215 114.373682
973.566297 765.624225 66.240358 114.174792
973.765199 766.654334 65.912363 114.239910
973.085314 767.775197 66.364337 114.737234
972.370334 767.760151 66.254155 114.253246
972.044677 768.065339 66.140348 115.069481
971.695323 769.237557 66.269629 115.101008
973.822642 769.156427 65.792274 115.620580
976.327986 770.826516 65.373824 114.754428
979.006096 770.372017 64.818635 115.423365
981.063785 770.535058 65.228532 115.697397
983.479432 771.892543 65.323255 115.349586
985.479497 771.384090 65.452297 116.230824
987.165271 772.047618 66.264793 115.530238
989.310829 772.389342 66.163156 116.369309
991.066351 773.711206 66.917141 115.386917
993.507502 774.276929 66.829807 115.781106
994.712786 774.510907 67.095024 115.567884
997.288075 775.494303 66.336637 116.087426
999.360916 776.440017 65.972048 115.980065
1001.165324 777.150468 65.829706 115.890594
1002.726079 777.552962 66.139873 115.090008
1004.531515 779.106570 65.824395 115.094954
1006.262164 779.705877 65.669582 117.354300
1007.701827 780.237349 65.927706 116.965672
1008.635846 781.237312 66.583337 117.128152
1011.047045 781.811409 65.857264 117.430386
1013.069064 781.862339 65.015029 117.556858
1014.507443 783.058982 65.569866 116.522776
1015.946213 784.528664 65.494173 115.877688
1017.750023 785.590462 65.605878 114.868224
1019.702151 786.409000 65.633155 114.866905
1021.483782 786.580476 65.298568 115.193888
1023.337747 787.850192 65.486752 114.924196
1024.348752 788.472374 66.173104 115.742812
1026.383433 789.488725 66.134505 115.552755
1029.039817 790.474694 65.144811 114.962844
1030.774623 791.560793 65.474763 115.233017
1032.847105 792.516688 65.104088 114.719319
1034.055184 794.095888 65.509609 115.142968
1035.994933 794.580477 65.354486 115.114090
1037.507932 795.038660 65.519298 115.377633
1039.911125 796.570453 65.063827 115.186465
1040.804871 797.614456 66.732528 115.502697
1042.726032 798.522844 66.880144 115.350418
1044.431009 799.819409 66.955237 114.640361
1045.889235 801.600201 67.043211 114.239013
1047.515497 802.076178 67.454401 115.423849
1049.922547 803.650937 66.790582 114.706816
1050.741781 804.743990 67.437463 115.014630
1053.434239 805.927588 66.992229 116.060399
1055.055737 808.081375 66.870576 114.798129
1057.041373 809.612821 67.207980 115.701661
1058.635915 811.563072 67.448843 114.965346
1060.377451 813.627029 67.707842 114.793037
1062.377483 815.402814 67.428673 115.248122
1064.922498 817.135011 67.237060 116.547155
1066.430489 819.536161 68.051176 116.770099
1068.483674 821.578679 67.870505 116.600319
1071.006361 824.251995 67.468981 115.884599
1071.931164 826.643567 67.789127 116.247114
1072.184253 829.099029 67.714290 116.914787
1070.819819 831.608674 67.571234 116.569521
1070.010643 833.829752 67.095508 116.975164
1067.892811 836.206475 67.684938 117.100980
1066.207970 838.849236 67.806239 116.868417
1064.906020 841.125441 67.979140 117.020898
1064.918017 844.375078 67.427444 116.674244
1066.293877 847.588974 67.538394 115.402623
1067.481208 851.091596 68.604007 115.109458
1069.574974 853.993534 68.101691 115.239914
1071.239767 857.018405 67.960151 115.493744
1072.618361 860.062121 68.581649 115.759683
1073.948143 864.244853 68.932834 115.377248
1075.557647 868.180413 68.917689 114.760754
1077.574979 871.481983 67.861213 114.540646
1078.836613 874.725783 68.248689 116.132591
1080.255740 878.802098 67.897137 114.149943
1081.812765 882.249926 68.195918 114.511043
1083.403485 886.226162 67.443832 113.928383
1085.093249 889.539317 66.968384 113.532366
1086.310371 892.474733 67.702306 113.191022
1087.371250 895.376919 68.000958 113.717369
1088.103293 899.322723 68.707561 114.157852
1089.674387 902.804099 67.808372 113.819639
1090.937771 906.372894 67.912872 113.185905
1091.695331 909.063553 68.241830 114.456984
1092.811738 911.986585 68.312604 115.099238
1094.381438 915.415983 68.134818 115.609224
1095.100625 919.778446 68.262788 114.813783
1096.089743 922.859474 67.994924 114.788557
1096.971081 926.025250 67.994799 115.992620
1097.630416 929.635712 67.619106 115.918229
1098.657697 933.348184 67.508378 115.989350
1098.816996 936.163144 68.309700 116.343628
1099.610105 940.488137 67.590037 116.199160
1100.060291 943.029422 67.987751 117.494432
1100.104708 946.631113 68.953850 116.422595
1101.564236 949.569856 68.472173 116.768167
1101.614074 954.423143 68.889976 115.503106
1102.510114 956.657129 68.884459 115.932605
