4.000000 509.000000 33.000000 71.000000
8.175616 508.142557 31.996111 75.388764
12.352611 507.735682 28.521866 77.029424
14.832982 508.223871 27.825643 75.235665
18.661116 506.547703 27.057450 77.479126
20.401225 506.154745 28.317940 77.703898
21.380225 505.606719 30.975441 79.409791
21.444424 505.656944 33.066507 79.984567
22.632312 505.728612 34.799145 79.211000
23.615688 505.743788 35.682077 78.432232
24.446038 506.225941 38.068077 77.162396
25.321043 505.281313 39.330072 77.413158
26.845005 505.399491 40.794705 77.079359
29.818845 506.267251 39.977032 75.976462
33.226924 506.472403 37.741852 73.623490
44.209601 504.840106 28.561122 74.967003
46.874743 504.534495 28.289288 72.947403
49.948082 503.696199 27.495201 72.881088
52.225054 506.243492 25.885764 72.317580
54.223776 505.379155 24.989091 74.111933
55.830426 503.267503 24.977637 76.715502
56.942439 506.162040 26.687542 72.543165
60.254011 501.832569 29.580250 74.849854
64.666683 507.141170 30.237914 73.728303
70.772459 516.945398 32.725706 75.991721
70.686902 534.173355 34.058107 59.089876
78.238196 508.575546 24.719813 69.312025
77.613271 503.964111 27.346648 75.379144
79.657407 505.715688 26.829693 74.445158
83.084237 504.631057 24.260245 75.891528
81.405002 503.808718 27.034137 76.153988
83.494734 503.116043 26.465357 76.796039
85.305588 502.628844 27.598991 76.923146
86.596279 503.500666 28.797408 76.586757
88.006010 503.983715 32.103000 76.469875
90.487956 503.108427 36.825264 77.541148
92.385831 503.427879 40.029603 77.239266
93.561569 503.940855 43.009289 75.943141
93.775002 503.501864 44.942388 76.488829
94.433395 503.403532 44.368634 75.899826
96.122540 501.633351 43.822085 76.900712
98.198160 501.589397 41.958682 77.906037
101.425172 501.777263 39.668836 76.884686
105.358956 501.668423 36.744440 76.832106
109.739312 501.183257 33.762004 77.219993
115.709830 500.971442 29.844405 76.938075
120.429546 499.008565 27.859105 78.629323
122.144027 498.721691 27.111519 79.059536
124.265915 498.725298 28.407175 78.371501
125.863893 499.020006 30.438149 77.975257
127.237169 499.774004 33.139553 77.388675
127.734440 500.134144 35.293920 77.041675
129.295660 500.476196 36.835427 76.104269
130.397302 500.345940 36.792601 76.073093
131.553207 500.788732 37.908879 73.793366
134.373276 501.064377 36.011206 73.371338
137.826508 500.051380 34.797530 73.372719
141.342415 499.179746 33.991028 72.954744
145.304565 499.255313 32.030660 72.277187
150.239251 498.184469 29.664346 71.215509
154.493023 497.803288 27.659011 71.167921
157.486342 496.182633 27.544364 75.646057
158.704679 496.835708 28.144754 78.117871
160.323642 495.698658 28.709252 78.026186
160.215545 496.779859 30.873927 77.984543
160.582054 497.906096 35.003796 76.619478
160.849968 498.367392 40.657997 75.993056
161.177688 498.369012 43.319093 74.520924
160.914880 497.395835 42.938944 73.869986
162.533172 497.973531 41.695789 73.133400
166.450334 497.541367 37.916574 73.070565
177.073299 497.743836 29.397455 72.163629
179.906922 496.394941 28.667693 72.201171
181.855571 496.056935 27.800555 71.965631
185.232477 496.410518 27.331759 70.975262
187.008758 496.027299 28.360127 71.798289
189.865384 495.267927 25.634336 72.830602
192.335663 494.641726 25.909868 75.513465
193.414104 495.062987 30.840346 75.449295
194.795528 497.584540 34.611333 71.909334
195.479584 497.990624 38.191027 70.908788
197.308564 495.741559 38.735104 73.918292
198.102267 496.890811 38.651980 73.984703
199.186285 496.037942 38.544553 75.069098
200.086689 495.915365 38.008424 74.751383
201.572532 494.354388 36.890506 77.264045
205.542190 493.689847 33.273830 77.698504
209.567496 493.469683 30.502032 77.038498
213.541639 493.286190 26.780945 76.130416
217.061384 492.319954 26.237129 76.281345
218.498281 491.933688 26.627205 77.709713
220.272757 491.923016 28.607497 78.338476
220.980404 492.630395 33.960839 77.450148
222.523015 494.425390 37.585903 75.958004
222.938731 494.837947 40.816973 74.033994
223.932138 494.271503 42.436266 74.451641
224.159585 494.517397 42.593760 73.143965
224.485031 494.002014 43.982300 74.551296
225.936665 494.532814 41.166082 74.597945
227.617825 493.745235 40.289858 75.427851
230.755712 493.877248 36.634300 75.056197
234.490288 493.262522 34.037163 75.714399
239.872899 492.465224 29.452447 75.576161
244.266886 492.347570 25.729333 74.202121
247.221101 491.596976 24.460942 75.900765
248.737641 490.739187 25.915398 76.844876
250.800808 491.328885 27.616276 77.003890
251.772424 490.956468 31.957670 77.574840
252.618867 492.282053 35.450111 75.438821
253.784078 492.581693 37.717696 75.423204
254.356662 492.633165 38.838533 74.585626
255.232827 492.645551 39.636114 75.115502
256.512421 492.482900 38.341664 74.951309
258.834449 493.204449 36.168820 74.601605
261.666178 492.701132 34.006562 74.768509
264.909208 491.446573 30.948892 75.633427
269.318203 490.834515 27.013841 76.317071
272.185678 490.245568 25.711649 76.441693
274.969867 490.493073 25.306359 76.563218
276.709256 490.231207 25.954488 77.270604
278.071008 490.378387 28.367424 77.643827
278.413566 490.542466 33.520628 77.943300
279.211024 491.393583 37.208543 76.423332
279.184882 492.054194 40.646453 75.030408
279.645209 492.136849 42.224435 75.011689
280.110198 492.023599 42.136396 75.126513
280.867437 492.376754 41.567620 74.928380
282.454352 491.651254 40.072286 75.838655
284.397053 491.765128 38.903958 75.404343
287.917610 491.323277 35.311631 75.042506
291.539609 490.631442 33.127257 75.633212
296.130425 489.544965 29.181661 76.291659
300.323467 488.747679 26.094498 76.698860
303.586017 488.346839 24.516999 76.995379
305.817034 488.604732 23.578023 77.273413
307.411478 488.713648 25.477619 77.711126
308.512140 488.694654 30.529018 77.914146
309.290978 488.672608 33.992533 77.046559
310.581736 489.898340 36.092241 75.167655
310.955285 489.323930 37.249816 75.225274
311.916424 488.807182 37.627790 75.178226
312.526541 489.066203 37.166554 74.739853
314.391624 489.769066 35.726494 73.293419
317.013316 488.948412 33.398138 74.390438
320.022005 488.424835 30.313394 73.674073
323.049269 487.936058 27.758795 73.564579
326.054910 486.631065 25.298132 73.913795
328.637699 485.238258 24.825154 74.920395
331.915189 483.274475 24.193456 77.122590
333.228479 483.393327 25.269958 76.532834
334.160426 483.597312 28.576509 77.249322
334.216027 484.433654 32.699933 76.529773
334.622796 485.076924 36.674529 75.622520
335.553802 487.311569 38.640259 72.598740
335.840580 485.709470 39.771452 74.636993
336.870835 484.668402 39.270014 75.105055
337.238497 484.192914 39.083898 75.425635
338.270326 483.310805 38.994989 76.149082
340.287392 483.001752 36.653984 76.224276
342.491902 482.701067 34.469761 75.487759
345.873536 482.069130 31.724537 76.221037
350.352761 481.563363 27.822077 76.237458
353.857993 480.164664 25.183949 77.208523
355.106047 479.118381 25.379084 78.971936
356.383857 479.529027 25.865550 79.115391
357.730408 480.477308 26.431359 77.705465
359.672474 480.270278 28.413419 78.270650
360.378750 480.541247 32.205186 77.438421
361.247939 481.140380 33.759865 76.405990
362.130079 480.849896 33.674758 76.421127
362.331825 481.560764 34.737452 75.659350
363.204970 481.002177 34.273396 75.845646
365.186537 480.252901 32.284373 75.754176
367.698891 479.800271 30.454374 76.695183
369.943833 479.577640 28.726809 76.044496
373.073967 479.351580 26.238996 75.328783
374.703429 478.393326 25.859363 75.761701
376.981140 478.125968 25.272975 76.149801
379.303703 478.180285 24.950396 77.110300
380.727426 478.073240 25.225218 77.946509
382.010119 478.085587 26.129740 78.248760
382.838060 478.296880 28.800115 77.790538
383.485110 478.914147 32.130455 76.203193
383.921404 479.784358 35.959730 75.189392
384.069949 479.990434 38.012215 75.021264
384.625900 479.984241 38.624425 74.869135
384.699055 481.470211 39.028630 73.383166
385.887225 480.628041 38.796022 74.333099
387.210180 479.855158 37.596069 75.113228
388.992461 479.209858 36.455427 75.163940
392.208749 479.093250 33.842989 74.918446
395.736569 478.333734 30.997735 75.246819
399.939074 478.119328 28.224536 75.117207
403.309434 477.165649 26.002300 76.049425
405.236017 476.805819 25.761030 77.457236
406.883056 476.747912 25.754210 76.189068
408.103006 476.910584 26.077366 76.459238
409.633189 476.910584 28.242404 76.288924
410.653891 477.112263 30.634455 75.531991
411.648326 477.011373 32.509328 74.792045
412.054126 476.598559 33.585361 75.354067
412.555544 476.335155 33.176100 75.354261
414.274998 476.023192 31.294317 75.177731
415.463016 475.608076 30.848696 76.451320
417.635107 475.392420 28.763290 75.751246
420.628631 475.534577 26.640680 74.809154
423.524986 474.604735 25.009933 75.218085
425.813728 474.451758 24.795219 75.165735
427.769426 473.811318 24.799176 77.047736
429.074066 473.772743 25.168343 76.969791
430.438150 473.621822 26.038564 76.204628
430.813034 473.884436 28.584075 76.758914
431.476306 473.747954 33.677021 76.121274
432.019254 473.702700 35.504757 77.080165
432.245375 474.194012 36.449978 75.893156
432.994692 473.946046 35.985236 76.166917
433.784042 474.075073 35.394699 75.012833
435.477786 474.070832 34.557239 75.577285
437.642698 473.650053 32.172740 76.290611
440.162195 472.964922 30.156528 75.684017
443.227749 472.595279 27.001298 76.703719
445.238501 472.299101 26.193664 75.630417
446.554869 471.488616 26.642915 74.960639
447.522351 471.284037 27.075450 74.771142
448.746501 471.062988 27.266557 74.642222
450.061444 471.094053 27.585547 74.945967
451.399559 470.759334 27.871759 75.859373
452.714292 470.731766 28.383364 75.525669
454.118191 470.595744 28.284645 74.386815
455.221023 470.365192 28.184981 75.253515
456.439670 470.075239 27.873974 76.124345
457.474193 469.707028 27.699801 77.075902
458.966245 469.294473 26.895699 75.964757
460.341295 468.632775 26.578287 74.260449
461.860561 468.380874 26.066110 73.006336
463.128497 467.571143 26.082840 72.780433
464.604056 467.132288 25.931178 74.308014
465.741339 466.836539 26.469612 75.690617
466.832070 466.596026 26.523746 76.284672
468.428007 466.668170 26.237155 75.572479
469.481496 466.571287 27.332939 75.468904
469.889044 466.901315 29.076267 75.678546
470.760635 467.129724 29.740941 74.753544
471.278506 467.436524 30.320188 74.379033
471.612050 467.512827 30.499602 73.864487
472.145874 467.588974 30.717341 73.754755
472.836296 467.614316 30.942309 72.698028
473.828793 467.164494 31.310046 73.003980
475.424084 467.292054 31.009821 72.251577
477.480928 466.791197 30.228944 71.787925
479.888186 466.196525 28.961584 70.392398
482.935878 465.942205 27.252864 69.032367
485.721574 464.760209 25.827613 71.911736
487.047515 464.464157 25.483724 70.005907
488.110253 464.396764 25.621802 68.103171
489.530102 464.740306 25.722835 64.838063
491.131574 464.394194 25.294386 65.745465
492.728417 464.658035 24.940598 65.998669
494.007935 464.757000 24.688396 65.649554
495.568324 464.935533 24.385186 65.233630
497.197600 465.028782 25.145226 64.083885
499.269164 464.599106 24.425979 65.112107
500.977879 464.261524 23.761085 64.478366
502.151914 463.947456 23.385293 64.183396
503.924923 463.213907 22.421855 63.967730
505.400156 462.819188 22.800955 63.506697
507.519197 462.132100 22.265338 64.733768
509.105663 461.774564 22.445984 66.080793
510.807594 461.497180 22.332698 66.889476
512.604664 461.120076 22.658742 67.867864
513.720439 461.506924 23.592477 68.412390
514.366031 461.809623 24.568048 68.156095
515.107842 461.963426 24.570496 68.332768
516.367500 462.351547 24.578372 68.137265
517.654114 462.778594 24.767996 68.055471
518.898403 463.330006 25.944073 68.276380
520.819441 463.937182 26.146396 67.093748
522.725083 464.684518 26.478757 67.706800
525.207762 465.424276 26.159574 68.291807
527.574556 465.332319 26.448600 67.820641
531.295222 465.918647 24.634488 68.015031
533.548323 465.927638 23.942664 69.516990
536.253915 465.577255 22.803334 69.290835
537.798782 465.083367 23.242327 69.248195
539.492198 464.919941 23.086652 69.695808
541.197640 464.827422 23.320877 69.476323
543.014416 464.486856 22.998860 69.083786
544.589870 464.729326 23.403298 68.673041
546.258866 464.851513 23.515305 68.811673
547.891138 464.574010 23.853341 67.877113
549.780048 464.843948 23.834312 67.437150
550.486595 465.678234 25.689013 69.266164
553.275830 465.391001 24.801294 67.526640
556.167223 464.926824 23.776619 68.958879
558.451698 464.958144 23.160280 67.722334
560.597847 465.412724 23.681127 65.176759
561.935596 465.263517 24.552628 64.201189
563.954665 465.170270 23.441993 63.362037
566.332807 464.867009 22.477646 63.453680
568.536913 464.285862 22.411648 63.245903
570.043116 464.713564 22.325438 68.317411
571.628925 464.448771 23.191479 68.979759
571.907421 464.715563 28.315297 70.737153
571.681198 464.391416 31.297278 70.385311
572.018113 464.620138 34.569837 71.025650
572.147772 464.705780 36.171091 70.757550
572.217581 465.336556 36.168765 70.129798
572.594365 465.527423 36.034439 69.308980
573.266764 465.660213 37.163843 69.808964
574.507422 466.054151 37.421542 69.352041
577.054113 465.616373 36.094879 68.647257
580.377980 465.727090 34.761749 67.321168
584.047375 465.697308 32.428749 66.371419
592.813243 464.838782 25.337093 66.670945
596.445262 463.576191 24.121021 68.590711
598.226255 464.078699 24.403114 64.453790
600.330420 464.118252 23.687960 65.634795
601.947132 464.493761 24.256958 66.131310
603.603909 464.742248 24.415366 66.068834
606.063691 465.824298 24.090125 66.891407
608.317925 466.828226 24.275650 65.735997
610.575979 467.098940 24.908717 64.342998
613.114995 466.785198 24.574726 65.449663
615.985059 466.928570 24.443764 63.667376
618.746246 466.540141 24.022301 64.606922
621.258102 465.745602 24.306703 63.476062
622.833111 465.656422 25.247300 63.048614
625.645850 465.094945 24.287677 65.155828
628.117616 464.782494 23.979024 65.230315
630.284632 463.917377 24.057170 67.550421
632.536107 463.658517 24.426286 67.562133
635.172760 463.843960 24.298217 67.527964
637.495385 463.890165 24.118952 67.999256
639.989772 464.229695 24.551636 67.131107
642.387840 464.028399 23.986034 65.967566
644.808976 465.210720 24.392856 66.238526
647.668235 464.878256 24.031178 66.591365
650.369011 465.594282 23.749636 65.784864
653.280663 464.892161 22.890446 66.280411
655.455358 464.609643 22.579085 67.131052
657.469885 464.592350 23.731919 67.652060
659.764705 464.214047 23.574990 69.136013
662.352799 463.934411 24.124885 71.120686
664.836277 463.666030 25.642013 73.017567
667.070600 463.311275 27.243095 74.638557
669.194592 463.037256 28.330808 75.204777
670.764975 463.775673 27.968865 74.689840
674.545372 464.541514 24.705401 74.361797
677.203102 465.030867 24.008239 74.045139
680.671049 464.617102 22.609956 74.215260
682.020790 465.439689 24.038865 74.229448
682.968051 464.761111 27.130026 75.301012
683.923152 464.590132 31.180405 73.916894
684.695949 467.994491 36.367149 69.693856
686.226788 465.145360 38.312796 72.209151
686.279567 463.501237 41.774002 74.250930
688.498915 464.400656 39.994643 74.105787
691.010168 464.786021 38.919902 73.858216
700.277374 464.913013 30.674424 75.350535
705.155886 464.648014 26.888580 75.418916
708.997797 464.300959 24.278832 75.728698
712.785656 463.644176 23.006473 76.040227
713.721230 462.775036 25.457931 76.841559
714.702060 462.463404 28.190821 77.317132
716.063538 463.399284 32.830251 76.539706
716.978259 464.333136 35.524456 73.259258
717.938218 464.681991 37.537321 73.192952
718.635400 465.089986 38.278743 72.873950
720.046892 465.130381 38.094349 73.430975
723.243965 465.667023 35.994774 73.111649
726.280060 464.875614 34.089052 73.152730
731.659183 465.360874 30.020050 72.070893
736.893542 465.218636 26.635265 71.940596
742.640830 462.748485 22.213035 73.669987
744.782328 461.618442 23.126843 74.772268
745.366059 461.307988 26.271459 75.815550
745.311793 460.463407 33.563124 77.111452
746.775940 461.913978 38.282735 74.846369
746.868368 461.604713 41.363932 74.853626
747.660236 461.830510 42.606943 74.800339
747.905965 461.059419 43.742563 74.014614
749.328768 461.943163 42.887428 73.327622
751.862074 462.227568 41.093926 74.528812
755.920122 462.134164 37.602402 74.658746
760.408161 461.288617 33.789097 74.501473
764.465643 459.991371 31.547221 75.691770
771.041673 460.023752 26.242263 74.882166
775.745840 459.608220 24.040316 76.102010
778.004963 458.928679 23.744297 75.498226
779.331944 458.740078 26.506340 76.469037
780.308436 459.321587 33.344402 75.399567
781.530034 459.799095 37.107983 75.282075
781.996441 460.001709 38.969262 74.675218
782.745851 460.228756 39.784522 74.191865
783.924455 460.226023 38.857941 74.394957
786.374959 460.350915 37.126329 75.369043
789.857492 460.064010 33.083916 75.495941
793.418025 459.097041 30.904864 76.378784
798.116754 458.709400 27.348162 76.776663
802.400845 457.545606 25.680937 77.747358
806.060173 457.323124 24.327652 77.090240
807.046050 457.018985 25.819801 77.693806
808.122950 456.665672 28.554879 78.195359
808.689209 457.020011 32.654181 77.975257
809.265651 457.487033 36.790737 77.684085
809.008933 458.920714 42.120358 74.653800
809.134661 459.174770 43.678938 73.578500
809.891896 459.561485 43.493475 73.255085
811.816277 459.558183 42.412698 73.957386
815.128295 459.652612 39.218715 74.782619
818.962615 459.094128 35.796504 74.541549
822.740005 458.134153 32.755254 75.231771
828.251592 457.563366 28.110034 76.688069
833.278767 456.717490 24.563978 78.267783
835.349592 455.614802 24.533505 78.580414
836.787874 455.303293 25.462934 79.554666
837.522979 455.520170 30.531123 78.802875
838.809500 456.260724 33.746632 77.873828
839.163221 456.520173 37.448791 76.805324
839.314190 456.576090 38.645707 76.070711
840.050918 456.794806 38.660819 75.181582
841.242242 457.346092 37.377734 75.327501
843.574263 456.776548 35.446337 76.169373
846.403656 456.696396 32.960388 75.047897
850.061031 455.800274 30.050737 75.656225
854.576529 455.012967 27.056100 75.042948
858.896177 454.125968 24.684294 75.412436
862.234745 453.438920 23.965338 75.066757
863.345588 453.493984 25.436621 75.145956
863.865276 453.348498 29.237515 76.895373
864.392224 454.223285 34.471672 75.251533
864.556035 455.399049 38.439433 74.055672
864.651384 455.804205 41.481917 73.054260
864.908666 455.786048 42.692481 72.786554
865.196002 455.685223 42.778479 73.173059
866.775777 455.084112 41.732912 73.565229
869.376706 455.143400 38.770426 74.462232
872.166225 455.197821 35.890723 73.845985
876.082728 454.199140 33.050750 75.117467
880.732645 453.852729 29.167371 75.775679
886.140539 453.616338 24.817233 75.302578
890.341802 453.606140 22.369611 75.044822
892.045516 453.177254 22.752448 76.828433
893.611651 452.384013 24.460593 77.280020
894.169959 453.102294 29.330572 76.434174
894.925083 453.875641 33.664442 74.550162
895.472104 454.241468 35.882204 74.766913
895.876140 454.393609 37.541027 73.924158
896.876297 454.473139 37.651541 73.722044
898.883478 454.221377 36.125949 73.961639
901.928525 453.276950 32.373759 74.422185
905.122417 452.597211 30.244796 74.906801
909.351614 451.931439 26.257430 75.562645
912.735680 450.808579 24.629469 77.830933
916.409512 450.320406 23.195684 76.331690
917.374466 449.826888 24.623426 77.818036
918.498280 449.875152 25.923804 77.319001
919.208789 450.381292 30.617356 77.609043
920.106689 451.191850 34.497219 74.990593
920.855899 452.015410 37.569539 74.635596
921.475743 452.475729 40.232605 73.075771
921.522466 452.705648 41.664036 72.314770
922.465624 452.220346 41.420359 73.036709
924.199562 452.309943 39.807861 73.229717
927.284899 452.166376 37.061091 73.079522
930.798379 451.757917 33.978373 71.952547
934.933016 450.968370 30.898612 72.924865
940.543311 450.359966 26.836624 72.937194
945.700260 449.501623 23.165485 73.546773
947.662969 449.190166 22.868902 73.469330
949.133377 448.797509 24.031796 75.140745
950.058986 449.260170 28.072961 74.524082
950.640625 449.566910 32.164275 74.741443
951.472713 449.670344 35.421350 74.541466
952.128815 450.121822 35.817508 73.406937
952.887098 449.977421 35.842942 73.118196
953.906184 449.789444 35.735844 73.754669
956.406059 449.713779 33.021616 74.001938
959.647718 449.361380 30.305599 74.038255
962.107351 448.664747 28.468415 74.578379
966.457553 448.450763 26.060466 73.996591
970.406130 447.362159 23.848637 75.733873
973.176149 447.393392 23.535240 76.957304
974.180769 447.132565 24.533374 76.364142
974.546354 447.608243 28.226714 76.237479
975.484270 448.104030 34.676459 74.948833
975.834563 448.990352 38.670710 74.416753
976.263766 449.090572 40.695718 73.843223
975.957990 449.494042 42.099252 72.532301
976.368256 449.459471 41.940021 72.640838
978.839407 449.226535 39.924814 73.003564
981.483750 449.216827 36.647911 73.751577
984.826741 448.916371 34.315480 72.927420
988.685474 448.226987 30.933070 74.453634
993.304430 447.668273 27.861212 75.197691
998.443131 447.035818 24.797493 75.045018
1002.069414 446.152216 22.463688 75.943805
1003.148182 446.359682 23.848976 76.267703
1004.258628 446.020453 25.132424 77.220585
1004.933116 446.805834 28.188868 75.885511
1005.552812 447.552143 32.916344 73.981809
1006.407462 447.446725 34.515841 74.159070
1006.926660 447.849069 35.468223 73.492726
1007.732637 447.901121 35.430370 73.160853
1009.807190 448.348610 32.880982 73.781299
1012.258498 447.257202 31.819611 73.411977
1015.499830 446.810308 29.501851 72.580143
1020.278802 445.968277 26.000054 72.504650
1025.137086 444.667635 23.371820 74.100211
1028.362318 444.166065 22.457075 74.406106
1029.902948 444.255777 23.069585 74.308430
1030.376705 444.251667 26.633455 74.284467
1030.790841 444.099385 33.426416 75.139021
1031.450555 444.444320 35.306730 74.547780
1032.128800 444.765782 37.888916 73.221160
1032.743117 445.362930 39.107610 71.645175
1033.552817 446.129590 38.477612 70.657665
1035.133886 446.077791 37.725023 70.725836
1037.062479 446.136617 36.563312 71.120259
1039.951810 445.542981 34.380056 70.838327
1043.995595 445.213421 31.431490 70.882720
1048.679546 444.295388 28.433571 72.178787
1054.267389 444.436510 24.079066 72.113642
1057.513906 443.349001 23.374140 72.037877
1058.681781 442.965312 24.104094 71.952760
1059.916165 443.420944 26.105308 72.728226
1060.919989 443.591272 30.507730 71.626550
1061.975739 444.033763 33.709545 71.968118
1062.568769 444.316220 34.610163 71.843193
1063.785552 444.301745 35.598683 71.466017
1064.672997 444.323917 34.796200 71.673856
1067.517693 443.776045 32.279714 71.762003
1070.349656 443.164489 29.869115 72.279950
1074.547989 442.723663 26.495884 72.304195
1078.339937 441.954653 24.132092 73.269037
1081.925345 441.638246 22.996987 73.441080
1084.386985 441.127855 22.861217 74.777340
1085.163192 440.948802 24.972119 74.883967
1085.565934 441.318651 29.282093 74.710688
1086.592110 441.961481 33.984287 73.472559
1087.079370 442.779946 37.530217 73.071525
1088.074123 443.108974 39.593845 72.203964
1088.074013 443.513664 40.892799 70.910439
1088.389146 443.848862 41.195289 70.526810
1090.256897 443.513664 39.282501 71.104897
1093.515988 443.286203 36.978037 71.858078
1097.231837 443.102974 33.719197 71.724035
1102.227726 442.369789 29.069025 72.085864
1107.082009 441.732173 25.081857 72.958269
1111.563627 440.770743 22.502482 74.127187
1113.625245 439.867900 23.155446 74.825660
1114.856722 439.237239 23.810159 75.149826
1115.911248 440.269180 26.195302 74.683513
1116.572603 440.482715 30.864598 74.655063
1117.415105 440.844990 33.673201 73.043538
1117.895473 440.833996 34.782268 72.765036
1118.565734 441.367535 35.104082 71.950667
1119.331956 441.568218 34.839012 72.095711
1122.061552 441.506754 31.908099 71.893526
1124.605154 440.765980 30.073260 71.943020
1128.409700 440.373095 27.595284 71.775930
1132.918642 440.126907 24.843309 71.646061
1136.722894 438.669710 23.337109 72.772760
1138.721408 438.380037 23.695319 72.957932
1140.232698 438.216152 24.329693 72.359256
1140.875485 438.686482 29.464036 72.340739
1141.259100 438.748557 34.121227 71.952199
1141.885016 439.487212 36.900099 71.339674
1142.489078 439.521752 38.368841 71.109971
1142.982536 439.510862 39.582047 71.408700
1143.623922 439.630205 39.452752 70.912782
1145.435245 439.678175 37.747371 71.165615
1147.996636 439.206485 35.795095 71.987156
1151.676583 438.941061 32.502393 71.956946
1154.911829 438.341758 30.376559 72.834376
1159.660550 437.424977 27.218495 74.354949
1164.680897 436.545229 24.323256 74.561700
1167.913518 436.116450 22.868688 73.366363
1168.881501 436.001131 23.692272 74.508456
1169.825941 436.227969 24.786588 74.761875
1170.798508 437.251640 29.671305 72.622309
1171.513317 438.348962 32.568799 71.158064
1171.835313 438.627162 34.501543 70.523718
1172.422324 439.038740 36.166890 69.797126
1173.398355 438.995946 35.488303 70.395238
1174.542867 438.850760 34.843506 70.645543
1177.978197 438.070869 31.516514 71.561514
1181.326499 437.468541 28.600688 72.417807
1185.452711 437.002421 25.748702 72.900049
1190.228930 436.641745 22.913858 73.093610
1192.926664 436.185453 22.455328 74.205275
1194.702074 435.397398 22.974904 75.217701
1195.473410 435.719593 24.173783 75.236872
1196.293521 436.359458 27.819144 74.180582
1196.681667 437.052630 32.045396 72.265998
1197.080628 437.564531 35.737286 71.320784
1197.197062 438.241438 38.062963 71.124609
1196.995545 438.581027 39.608497 69.678982
1198.448413 438.771697 38.620600 69.587131
1199.973799 438.947252 37.442353 70.182079
1202.905049 438.988624 35.286331 70.014080
1206.179294 438.652831 32.736700 69.601875
1210.253308 437.691108 30.382340 69.910475
1215.596619 437.317403 26.254786 69.910292
1220.954690 436.930470 22.853780 70.132457
1222.733782 436.515900 23.630352 70.046120
1223.675183 436.701631 24.838829 71.007183
1224.640610 436.511381 26.516158 71.431006
1225.502420 436.930094 28.878770 71.121311
1226.703175 437.282541 30.856487 70.458362
1227.208061 438.048508 32.339171 68.884549
1227.741487 438.066934 31.415427 68.067042
1229.573239 437.905898 30.424569 68.379886
1231.283531 437.579729 30.615476 68.285306
1233.972098 437.271016 29.537999 66.664269
1238.445782 436.694489 26.597309 65.346307
1242.940523 436.296773 23.777843 65.761993
1246.992044 435.290915 21.585684 66.568950
1248.900953 434.757101 21.954964 69.537598
1249.624079 434.404437 22.951829 70.940937
1249.676609 434.918808 25.681835 68.059678
1249.819045 435.476872 31.324988 69.104050
1250.679594 436.176527 34.882578 70.080662
1249.865090 436.326169 38.425210 70.682205
1249.745986 436.376783 39.892720 70.596548
1250.813466 436.189582 39.609258 69.832515
1252.976205 435.583707 38.683584 70.368103
1255.650305 435.397078 36.660424 71.296100
1259.112824 435.089171 34.170544 71.608641
1263.593200 434.272309 31.468757 74.168388
1267.907755 434.081837 28.839592 72.681433
1272.615382 433.624496 26.359062 71.852235
1274.839755 433.396475 26.157800 72.526844
1276.449231 432.775255 26.319400 72.980450
1277.175568 433.294733 28.356577 73.340245
1278.246865 433.648830 29.846526 70.889945
1279.219483 433.874847 32.141664 70.168493
1279.568517 434.333311 33.752453 69.169265
1280.535801 434.604305 34.166404 69.572977
1281.806582 434.388462 33.402021 69.858237
1284.269512 433.702841 31.332304 71.048299
1287.211271 433.419537 29.384139 68.865433
1291.670707 433.002294 26.235739 69.079522
1295.710033 432.348523 23.517808 69.563351
1298.254626 431.791255 23.167501 69.697574
1300.541092 431.239337 22.573727 71.688368
1301.327874 431.167555 23.762296 71.381837
1301.310880 431.402582 27.406618 70.922500
1301.999555 431.881868 31.200352 69.827750
1302.560350 432.788731 34.433522 68.665031
1302.918249 432.636277 36.862172 69.061411
1303.424360 433.266498 37.509792 67.991244
1303.699698 433.049875 38.115303 68.047495
1304.285566 433.095548 38.367766 68.291010
1306.544053 433.064571 37.010840 68.777208
1310.425766 432.660517 34.340990 68.693982
1314.373781 432.634038 31.932926 68.793619
1318.642446 431.471938 28.884431 70.236633
1324.112463 431.229870 25.149944 70.010899
1327.041020 431.200300 24.186824 68.846112
1328.575049 430.720142 24.561021 69.236788
1328.984723 431.037371 25.973493 69.105899
1329.607841 431.509676 27.922981 69.438131
1330.565894 431.800267 30.589428 68.856667
1331.061064 431.977120 32.394104 69.699732
1332.087113 432.020429 32.771677 69.710314
1333.224693 432.048116 32.608961 70.309985
1334.877537 432.135220 31.239252 70.554434
1337.259952 431.771534 29.913081 70.161521
1340.948440 431.238970 27.478163 70.953975
1344.827578 430.418190 25.736897 71.254829
1348.162881 429.678094 24.617443 72.358463
1350.506865 429.503098 24.267501 73.115787
1351.410385 428.973162 25.339409 73.418580
1352.043738 429.269167 26.278007 72.726673
1353.074289 430.081251 30.185475 70.783453
1353.482888 431.129354 34.034388 69.385955
1353.437545 432.062190 37.448508 68.419734
1353.584069 431.988214 39.247642 68.430889
1354.280820 431.934386 40.110813 68.773101
1355.822268 431.169025 38.957322 70.058287
1358.724053 431.025633 36.421808 71.339863
1361.024552 431.481067 34.761054 69.093436
1365.540289 431.109391 30.818025 69.976467
1369.697349 430.325208 28.052682 70.639338
1375.277417 430.008182 23.942849 71.113118
1378.789891 429.600357 22.614678 71.796866
1380.618124 429.526361 22.572196 71.207010
1381.432632 429.563415 23.932374 71.643012
1381.792970 429.567495 27.544909 71.443496
1382.301832 430.199385 31.014005 69.768822
1382.812307 430.976071 33.603667 69.926404
1383.305006 431.276555 34.063663 68.556590
1384.115056 431.324322 34.457367 68.118813
1385.572498 431.488028 33.423972 68.177087
1388.148588 431.190104 31.357051 69.222394
1391.608151 430.486143 28.867597 68.981794
1396.090582 429.736826 25.512078 68.817033
1400.705292 429.448124 22.794690 68.946063
1403.308296 428.977838 22.293435 68.819904
1405.078151 428.692588 22.121068 70.168016
1406.086258 428.615659 23.320445 70.860538
1406.846981 428.873881 26.213272 69.892385
1407.789730 428.874005 29.853281 69.081308
1408.618322 429.539055 32.432995 67.857591
1411.851379 430.311385 30.868223 67.125133
1414.436475 430.260382 28.775197 67.672087
1416.202701 430.165977 32.854610 69.683188
1417.069905 429.653247 39.474637 70.256416
1416.618125 430.410867 35.407198 72.467925
1421.427814 428.922287 31.994611 73.233335
1421.699596 430.171146 32.345303 67.335201
1426.148545 428.410515 27.619076 66.944599
1430.422006 427.983249 23.456531 66.441578
1432.270472 427.667538 24.023856 67.188199
1433.007936 427.297188 24.722254 67.540511
1433.889321 427.155823 25.908161 68.483577
1434.963309 427.937165 26.750555 68.264371
1435.335219 428.421458 29.306888 67.471025
1435.695720 429.143632 32.277311 67.180575
1436.890140 429.256227 32.627393 68.228847
1438.281793 429.185537 32.100831 68.907457
1440.777906 428.496353 30.282213 69.514369
1443.786663 428.208172 28.211546 69.125148
1446.805105 427.704774 25.794303 69.991295
1450.674495 426.984504 23.520896 70.427154
1453.670341 426.265790 22.729197 70.843715
1454.929995 425.612707 23.420053 72.164578
1455.731224 425.616804 24.305977 71.425919
1456.202034 425.984517 26.502578 69.772084
1457.503338 426.527607 30.061828 68.535555
1457.720555 427.747999 33.899619 67.543602
1457.375297 428.050020 36.104160 67.313248
1456.593337 427.766253 38.862038 66.807200
1457.584114 427.724931 39.084672 67.565079
1459.010293 427.852129 37.432431 67.309364
1460.887687 427.758801 36.147714 67.874278
1464.257879 427.437045 33.004106 68.700679
1467.720827 427.709851 30.034330 67.910439
1472.178409 427.050363 26.881188 68.689253
1477.165922 427.041849 23.946598 69.025711
1480.329532 426.641924 23.263227 68.325623
1482.400982 426.202271 23.026389 68.466172
1484.001006 427.005410 22.996330 69.591467
1484.625206 427.312162 24.934905 70.140222
1485.577027 428.003674 27.290780 68.320915
1486.436453 428.441920 29.872822 67.913037
1487.362744 429.269615 30.644626 67.418516
1488.467666 430.031959 31.124376 67.018674
1489.359101 430.158434 30.852567 67.035565
1492.216530 429.289619 28.160844 67.375558
1495.487796 428.598582 25.528267 66.938575
1498.788104 428.229699 24.438923 66.592484
1502.304125 427.612030 22.940144 68.326658
1504.943454 427.311117 22.317460 69.225968
1506.378483 427.167979 22.488258 68.760438
1506.728404 426.909398 23.613454 68.128698
1507.136308 427.206504 27.055964 68.278665
1508.503452 427.628593 31.857105 67.757160
1508.925198 427.796836 33.728829 67.395409
1508.596866 427.888022 35.190282 66.856169
1508.588851 428.123522 35.881336 66.971230
1510.220115 428.333807 35.005136 67.174042
1511.996511 428.569113 33.981122 67.114016
1514.318553 428.714802 32.311871 67.044345
1516.958941 428.166239 30.019874 67.191333
1520.524602 427.717472 28.261198 68.158250
1524.626381 427.061655 25.611909 68.897209
1528.006951 426.692686 24.034560 68.674511
1530.280734 426.233009 23.441808 67.910690
1531.377760 425.920032 23.757572 67.945198
1531.923369 426.020537 24.686605 67.507389
1532.725654 426.252886 26.724167 68.017788
1533.595799 426.729018 28.119645 67.791738
1534.045421 426.936841 29.564491 66.917354
1534.993170 426.787230 29.507244 66.905420
1536.734902 426.856627 28.600654 66.988858
1538.940720 426.558705 26.904086 66.850415
1541.774396 426.476860 25.575826 65.118032
1544.901351 425.984581 23.558736 65.421974
1548.461121 425.282474 21.802249 65.903282
1550.397389 425.007675 21.758074 66.319920
1551.562666 424.453340 22.780553 67.091952
1552.530812 424.506909 22.970511 66.929064
1552.905365 424.575837 26.091590 66.830279
1553.386869 424.627809 30.122479 66.280973
1553.468186 425.391003 33.026994 65.699931
1553.969798 425.641223 34.071215 65.204038
1554.041424 425.641620 34.926908 65.015424
1554.713478 425.336768 34.968982 66.524764
1556.495872 425.013233 33.805977 67.236280
1558.411268 425.187345 32.074690 66.861990
1560.216934 424.603366 31.590191 66.452317
1563.403470 424.415242 28.996750 66.646442
1567.967214 423.721535 26.297301 67.541161
1572.134583 422.942561 24.159214 67.884520
1574.615304 423.090249 23.893613 67.481514
1576.108644 422.831091 23.913614 69.259486
1577.467479 422.627349 24.173343 69.356909
1578.267631 422.608689 24.891738 68.643446
1578.856971 423.489958 27.753819 66.448765
1579.438409 424.025007 29.739454 65.875702
1579.755169 424.432776 30.962870 65.286388
1581.047456 424.526977 30.601693 65.615304
1582.924465 424.361113 29.338613 65.544033
1585.497355 424.353813 27.701019 65.745236
1588.793411 423.902257 25.720770 65.141300
1592.448005 422.998258 24.312274 66.043830
1595.722772 422.391698 23.012237 67.014417
1597.791399 421.963347 22.587767 67.853271
1598.842788 422.067062 23.569609 67.578385
1599.241684 421.713582 25.472164 68.366375
1599.726332 422.036455 30.127061 66.864273
1600.400612 422.201115 33.319726 67.020859
1599.810673 423.111337 36.332271 64.790619
1600.860099 422.685844 36.438026 64.791171
1601.092275 423.492634 36.872273 64.575249
1602.514015 423.506532 35.965442 64.827768
1604.261799 423.725438 34.734850 64.549257
1606.708514 423.493084 33.233561 64.764785
1609.957018 423.099758 30.737058 64.931310
1614.429902 422.205277 27.829931 66.355275
1619.831395 421.798567 24.490431 66.867889
1622.757828 421.313177 23.279409 66.543860
1624.832368 420.802386 22.742637 66.640616
1626.339725 420.728374 22.956570 67.314726
1627.197874 420.872936 24.992902 67.985039
1627.729792 421.049719 27.566498 67.552230
1628.234711 421.925072 29.798348 66.630298
1629.047451 421.631615 31.620881 67.007270
1630.099579 421.817021 31.487205 67.227137
1631.931186 421.581262 30.427094 68.394490
1634.039803 421.437619 29.280890 68.365072
1636.755027 421.203126 27.876050 66.886167
1640.623950 420.682583 26.499171 67.014131
1643.933306 420.437454 25.109863 67.058023
1646.200437 420.034314 24.359587 66.956383
1647.790366 419.308088 23.877425 68.734462
1648.306233 419.335628 24.107834 68.253551
1648.858547 419.824912 27.121223 67.338303
1649.696406 419.798549 31.458591 67.968796
1649.887315 420.754083 33.921084 67.444563
1650.256476 421.278582 34.942951 66.552092
1650.631630 421.542073 35.290463 65.884691
1651.174169 421.262769 35.961010 66.618460
1653.612193 421.157567 33.977918 67.412278
1655.782747 421.278582 32.540240 67.337192
1658.813170 421.080935 30.654662 67.127016
1663.267153 420.554655 27.296925 68.133464
1668.461544 420.301244 24.181116 68.517390
1671.254647 419.517899 23.270902 68.982616
1673.102120 419.176130 23.271086 67.928088
1674.747338 419.366554 23.282744 68.508138
1676.076015 419.284602 23.492734 67.096607
1675.775620 419.507704 26.524318 67.278786
1676.885891 420.340562 27.826741 65.051662
1677.015267 420.686635 29.629416 64.758777
1677.728981 420.801860 30.523489 64.461091
1679.362909 420.710462 30.762731 64.876196
1681.766888 420.571532 28.968496 64.665719
1684.450316 420.047646 28.293951 64.841091
1688.961754 419.624581 25.155556 65.028215
1691.983316 419.257529 23.374469 64.329547
1693.994858 418.509648 23.436142 66.110887
1694.902380 418.009492 24.068158 66.740730
1695.425621 418.143127 26.750262 65.731853
1695.846824 418.526473 27.257269 64.910107
1695.543453 418.859339 30.531742 64.665982
1695.901160 418.928919 33.157513 64.019536
1695.954023 419.739311 34.819142 62.987484
1696.973517 419.831646 35.567822 62.807616
1698.512450 419.934930 35.596643 63.496746
1699.801436 420.072511 35.275810 63.282959
1701.589079 420.103499 35.062243 64.163565
1705.252813 419.301803 33.238312 64.041793
1709.122927 418.767616 31.069772 64.243052
1716.375216 418.789040 26.289506 63.247616
1719.088954 418.028782 25.502700 64.517458
1720.987602 418.079307 25.237642 63.565494
1722.477154 417.953272 25.699873 62.715956
1723.932966 417.873217 26.738677 62.292168
1724.447624 418.056524 28.687084 62.551556
1725.390036 417.774597 30.141639 61.912968
1726.042367 417.751590 31.284952 62.199772
1727.254010 417.268908 30.904934 62.311081
1728.378520 416.742099 30.074947 63.272251
1730.313166 416.258761 28.888553 62.516044
1732.737909 416.034957 27.876207 63.725320
1735.874974 415.704454 26.720395 61.861197
1738.942526 415.326194 25.096912 62.632910
1742.369494 414.828149 23.815126 60.646780
1744.255197 414.051213 23.937710 60.248470
1746.033559 413.878057 24.056499 59.415257
1747.048780 413.803186 24.619696 59.082913
1748.223804 413.194134 25.217572 60.704461
1749.054407 413.706807 26.387901 57.309921
1750.685462 413.864770 25.977544 58.316974
1752.147446 414.193301 25.964165 58.666178
1753.868577 413.979492 26.188292 59.913694
1754.857999 414.200877 26.609074 60.406077
1756.389468 414.208922 26.420029 60.195233
1759.746152 413.609187 24.757842 61.694856
1761.826845 413.009246 23.821184 63.511754
1763.548724 413.166073 23.814881 61.875732
1764.157862 411.973510 24.370259 65.159841
1765.959132 412.073381 24.963264 64.734811
1769.783990 411.894687 22.253163 65.176749
1770.586407 411.757890 23.572688 65.540500
1772.023341 411.212958 24.043796 67.058664
1772.878015 411.573815 25.918825 65.715218
1773.583898 411.507790 29.380235 66.261524
1774.478657 412.328838 30.971314 64.959472
1775.407924 412.793303 31.753327 64.804042
1775.237878 412.607958 32.766340 65.270972
1776.893568 412.725609 31.341683 65.152690
1778.786480 412.452007 29.825358 64.677528
1781.857182 411.463273 27.679676 65.481719
1785.114780 411.330958 25.442541 65.667721
1788.858450 411.120379 23.805576 66.325908
1791.757038 410.736154 23.024314 66.789510
1794.259731 410.206585 22.744082 68.376292
1794.865260 410.181236 23.839397 68.203053
1795.410045 410.621783 26.847333 67.435239
1795.344637 410.816485 31.232408 66.381647
1796.359118 411.369504 33.813423 66.339099
1796.759093 411.928029 35.986910 65.174332
1796.782302 412.644281 37.111350 64.157138
1797.634574 412.401409 37.127646 64.867835
1798.922469 411.865659 36.379258 65.605576
1801.304430 411.566186 34.509491 65.998127
1803.744504 411.174535 32.614143 65.805692
1807.552030 411.020840 29.741164 66.006499
1811.893076 410.253970 26.786715 66.827476
1817.016115 410.040458 23.732789 67.089888
1819.583497 409.788071 22.710556 66.954430
1821.196510 409.569758 23.143178 67.358967
1821.940120 409.518829 23.945974 67.482891
1822.486843 409.890167 26.323804 66.909126
1823.215958 409.994454 29.442648 66.231265
1824.036462 410.010165 30.839159 66.437291
1824.989122 410.246791 31.638131 66.024504
1825.802046 410.636970 32.125998 65.547338
1827.505529 410.632552 30.833967 65.760445
1829.878448 410.292770 29.279085 65.432302
1832.638084 409.834077 27.363216 65.842649
1836.176032 409.604878 25.328857 66.423805
1839.823377 408.774533 23.558661 66.785452
1842.511423 408.552879 23.096250 67.786556
1843.949685 407.939247 23.230726 67.803270
1844.603817 407.554645 24.287289 68.333862
1844.747509 408.032467 27.881338 67.587264
1845.344477 408.387704 31.461692 66.998043
1845.546016 409.194116 34.421529 66.186469
1845.631418 409.592545 35.392401 65.326362
1845.989716 409.879678 36.250726 65.162850
1847.114607 409.753197 35.997742 65.181253
1848.125182 409.842783 36.027337 65.122324
1850.246693 409.550661 34.277613 65.629462
1852.859692 408.953856 32.301573 65.976470
1856.046748 408.160619 30.052324 66.262061
1859.829580 407.787251 27.454447 66.419372
