274.000000 494.000000 51.000000 101.000000
273.760058 496.253542 56.355114 94.229393
274.713827 496.833357 57.800294 96.691174
276.721191 498.865128 58.208517 98.717366
276.326834 499.682217 60.979207 101.234922
278.565773 501.368959 60.228760 103.851287
279.545742 504.573574 61.427810 107.190269
280.088118 507.197497 62.753191 108.441374
280.694888 510.442172 63.983230 111.968161
280.615327 510.750801 67.793203 117.982514
282.686800 513.030180 67.457652 122.309401
284.416394 515.844727 67.356885 122.790114
285.184378 518.446369 68.060889 122.831090
287.474918 520.622883 67.668517 121.849450
288.654785 522.256449 69.217165 123.589317
291.523467 526.150809 68.586616 121.366390
292.437882 529.554449 69.906587 120.071611
294.068134 532.905747 70.607409 119.137134
297.038897 535.555998 69.577652 118.245453
299.144071 537.770155 69.103326 117.874643
301.396103 541.718043 69.313032 114.868887
303.381400 545.047022 69.226756 113.028544
305.697435 548.059532 69.285583 111.868835
308.817578 551.429074 66.834707 110.028086
311.680150 554.310763 65.143882 109.000916
313.675841 555.850924 64.165929 108.227393
316.294609 558.647574 62.501836 107.158564
318.634434 561.812005 63.232300 105.181387
321.568357 564.822444 62.493372 103.268026
324.497614 568.300248 61.936209 104.969119
327.727239 571.089926 61.172526 109.489485
330.291285 573.245072 61.236199 112.906369
332.417666 576.882465 62.455046 114.830866
335.029487 579.792154 63.080903 117.060038
337.482548 582.149211 63.818818 118.519093
340.514167 583.896025 64.778580 121.305449
343.529745 586.331456 65.234373 122.646112
346.212868 588.155657 65.581722 123.778586
348.981787 592.071779 65.435029 122.758504
351.412365 594.569115 65.433052 121.586212
353.428869 597.645665 65.957645 119.106775
355.183502 600.760170 66.485486 117.445909
356.665113 603.254632 68.147615 116.450465
356.756042 606.808444 70.206431 113.481874
358.509580 608.956574 71.924174 112.244357
359.111611 611.412377 74.180679 109.596231
360.313324 614.824960 75.012152 106.273316
361.141004 617.106819 76.515810 108.068100
362.806893 619.407586 77.654396 112.627411
363.640881 620.256565 78.981890 118.978424
364.652071 623.252833 79.539237 122.223442
367.040716 626.390200 78.612180 124.363011
368.170688 628.208335 78.393709 126.533947
369.319132 629.916126 79.057331 128.311496
371.572458 632.147050 77.572943 128.097714
373.928374 636.249160 76.036543 126.515291
376.124340 638.273916 74.812489 125.669812
379.047098 640.410190 73.291694 124.418564
381.960108 642.266410 71.797543 123.172182
384.255292 643.783315 70.420008 121.808233
385.321386 645.904046 71.238251 118.900939
386.911323 647.512856 70.712155 117.259091
389.846736 650.354619 70.337513 114.299534
393.582883 652.784500 68.246368 111.651901
395.630634 655.774221 68.836970 108.395499
398.347947 657.816492 64.554026 105.648131
402.089064 659.160596 62.226756 104.192021
403.903355 660.048168 60.797174 105.617440
405.754718 661.818312 60.098626 107.859157
407.604411 662.820915 62.092321 112.805336
408.359811 665.062705 65.961565 111.887171
410.985324 666.347752 65.583447 112.593889
412.971505 667.851641 64.018573 112.792596
414.298290 670.586915 61.708601 112.631426
416.972393 670.476713 61.548714 114.628597
417.543248 673.077018 62.763126 112.686820
419.534627 674.294608 62.650228 112.513411
421.371350 675.370067 61.135270 110.999563
422.082227 677.227491 61.605572 108.839225
423.767405 677.830717 61.052645 107.998533
425.881254 679.345689 58.159797 106.353024
430.349556 681.214591 55.835610 104.869327
432.198258 681.384276 57.011059 105.337006
431.658443 682.281551 60.172428 109.215189
432.802532 683.150667 60.392310 113.549345
434.249094 683.862659 61.959527 120.434364
433.718293 684.552921 66.455087 123.439866
434.906656 686.110717 67.500094 124.643551
435.799872 687.781217 68.128237 124.703662
437.999140 689.331308 68.877416 124.046212
439.291727 690.950266 71.807408 123.843064
442.464166 693.008260 69.858592 121.975216
445.741301 695.472680 67.600210 119.418697
449.212767 697.055108 65.508883 119.870401
453.462813 698.846065 61.967258 118.847618
455.483555 701.201543 64.994768 114.662325
458.713969 702.751178 62.648663 113.383689
461.706948 703.215101 61.761776 113.865489
463.394780 704.471678 59.631784 112.071005
464.649791 705.437726 57.417939 110.697139
466.702901 706.908739 53.091738 109.040745
470.325351 707.096818 53.031925 109.318723
472.857638 708.501931 49.547793 108.404508
474.720096 708.040528 49.539251 109.183693
476.517933 709.797533 49.414868 107.220968
478.292766 709.608784 52.073729 106.982569
479.413373 711.420139 53.180741 105.768961
480.439807 711.994216 57.976412 106.244887
481.892888 712.701262 63.622386 106.052539
482.859893 712.304794 66.821831 106.897592
483.833364 713.391976 70.805764 105.420115
483.674313 712.660852 74.270025 104.523810
483.528589 713.009977 75.378254 104.305600
485.426857 712.648465 74.429293 104.447986
487.617477 711.649071 72.654143 105.462730
493.914188 710.568169 66.789841 105.190779
496.299666 711.102895 64.822667 104.404070
498.229905 710.977770 63.389687 105.517678
501.028137 710.106802 60.757137 108.255210
504.054410 710.069906 57.244496 109.582349
507.378296 710.377552 55.100563 111.695696
510.358527 710.564761 52.751507 112.890066
512.442801 710.531842 51.947166 114.061270
512.970775 710.038029 53.451699 115.865724
513.610720 711.574425 55.994730 116.227555
514.149616 713.082597 59.499039 116.734495
515.158203 714.399827 59.710091 117.142544
515.435775 714.788387 61.129737 117.318735
516.268719 714.512613 61.475097 117.877891
516.816713 715.983413 62.181890 116.460964
515.770506 715.835294 64.568152 117.500209
515.581566 716.619497 65.451127 116.973057
513.667108 717.301731 67.462400 116.461338
512.867754 717.242992 68.277768 116.505314
511.471971 717.977115 69.221483 116.035692
509.354045 717.125510 71.635130 117.824137
507.680529 717.286204 73.012196 117.780063
506.863879 717.298700 74.295200 117.401173
505.633684 717.472698 74.844624 117.760912
504.864474 716.932305 75.895210 117.938653
505.373832 718.020649 75.326505 116.466115
505.437447 718.852306 75.253237 116.494672
505.715650 717.424476 74.386560 117.013802
505.437447 720.234190 74.456022 113.985172
504.691471 718.164783 75.647677 114.912250
505.229441 713.955022 74.309470 116.896520
505.285502 715.189787 73.187538 112.897956
504.787134 715.457498 72.976982 110.337789
504.212159 712.580406 71.465086 111.864771
504.000385 710.817576 69.469695 111.837809
503.387294 706.685539 66.983418 112.705713
503.876383 711.002687 63.741484 107.581898
503.247965 712.435234 63.020264 107.439085
502.253227 709.729605 61.384794 109.170042
502.603440 708.999710 59.895878 110.603560
502.157129 712.348917 59.075435 107.617953
499.650756 714.004348 60.844584 105.967780
499.713473 714.143988 60.457215 106.675968
499.345688 714.267626 60.443382 106.656188
498.828190 713.570655 59.998833 107.656666
499.499825 715.205895 58.504393 105.818966
499.920553 714.510546 57.718789 105.323762
500.714575 712.912658 56.558744 106.865887
501.848164 711.080394 55.891390 108.809159
502.066596 709.664821 55.833389 110.513143
504.818609 708.423140 53.172601 111.088111
505.903374 707.526158 51.977315 110.934880
506.523335 706.328242 51.428075 111.407883
506.582563 704.976880 50.861406 112.370689
506.494843 704.406027 51.206293 112.505796
507.806310 703.927032 50.162029 112.759627
507.090701 703.417001 51.176114 113.648024
506.440529 703.385262 51.808715 113.593078
504.707119 703.493037 54.269962 113.052740
502.710199 703.781206 56.330581 112.715290
499.676177 703.068881 59.956059 113.314343
498.410235 703.867896 60.623543 112.712814
497.997855 704.562271 60.808814 111.379872
496.332392 704.241145 62.440662 112.717082
496.014171 704.839557 62.573704 111.635820
495.078031 704.355346 63.225036 113.715501
494.272984 705.017269 64.007759 112.703769
493.783680 704.983412 64.415677 113.291097
493.405484 704.390130 64.198643 112.924161
495.023045 704.671446 62.212487 112.675724
495.197605 703.643087 61.909999 113.914504
493.849491 706.266959 63.290716 110.845595
492.959446 705.085521 63.812092 111.389752
493.376969 705.483046 63.458551 111.416613
492.721187 705.307893 64.004447 110.982027
492.877232 705.078689 64.808775 111.473825
492.141323 705.018027 65.578111 111.404659
493.547396 704.245671 64.852737 111.517139
493.720630 703.411494 64.933937 113.415802
493.575598 703.577286 65.396617 113.479065
493.963073 702.525695 66.161160 112.961798
494.809125 702.423417 65.357663 113.560421
494.886236 703.306195 65.699663 112.301159
495.444848 702.810579 65.423551 112.339551
496.180150 702.275596 65.256174 112.377440
497.103866 701.390102 64.128437 112.290194
497.948292 701.368965 64.105809 112.905552
498.015553 701.709952 64.146730 111.630428
498.725078 701.725175 63.699638 111.538853
498.786617 701.033603 64.418036 111.809203
500.168296 701.066268 63.405331 111.223772
500.109255 701.118861 63.762928 110.513131
500.405962 700.124167 63.540135 110.934592
500.546383 700.609187 62.972333 110.022786
500.051373 699.801586 63.784104 109.928520
500.137946 698.126992 63.771478 110.194770
500.443985 697.436294 63.428837 110.017890
499.015685 696.600594 64.468726 110.145498
498.438413 696.609208 64.623657 109.293883
497.169185 695.777517 65.048843 109.366318
495.019963 694.470582 66.628425 108.232421
493.932628 692.462603 66.455926 110.681393
491.095100 691.206783 68.401801 110.826577
488.950356 688.389456 69.354426 113.806173
484.788332 687.302317 72.324670 114.376785
484.460994 677.207377 72.269160 125.658774
483.531931 673.116261 72.419401 129.737469
483.144509 671.657458 72.058038 129.559507
480.322375 676.687761 72.914092 122.932750
480.046360 673.848277 72.856337 124.503712
479.527267 670.150423 71.901230 126.698927
478.888155 666.722878 71.717195 128.603583
478.360698 660.453875 71.598378 133.914620
477.029849 657.891958 71.270028 135.586458
476.681325 655.119729 69.939684 137.432592
476.178617 648.795770 70.006095 141.288920
475.504994 647.086019 69.377199 142.178721
474.420807 647.357917 68.706070 140.450095
473.590921 648.645994 65.196698 137.065577
472.179796 648.858652 63.802039 135.973846
471.152526 645.498973 65.495646 138.305163
470.707271 646.741809 65.694213 135.273485
469.593586 644.406228 67.555233 136.737774
468.661975 644.888641 67.928477 135.603441
468.562615 643.237410 66.415263 136.463789
468.156512 641.397768 67.708203 138.318544
468.161159 641.620139 67.411650 137.116461
468.248808 640.474326 67.459112 137.264186
468.569731 639.868232 67.099390 136.841452
468.569731 638.760208 67.060674 137.127213
468.409506 636.831080 67.493436 137.536888
468.486176 636.325689 67.582953 136.705713
468.489674 634.122088 67.531081 138.181348
468.581666 633.412508 67.913295 138.202820
468.419534 633.510218 67.841538 136.914811
468.261222 633.127994 67.301922 136.408841
468.231416 630.161663 66.662733 138.101388
468.387195 629.801387 66.025906 137.104013
467.756824 629.719514 67.241862 136.026566
467.253865 628.812647 67.757440 135.786399
467.092986 629.664796 67.449706 133.973697
465.830485 624.983991 68.742457 137.499297
465.673594 624.695852 67.822553 136.728875
466.147930 624.513786 68.178078 135.475942
465.558813 623.569387 67.892073 135.381806
465.166329 622.096999 68.243497 135.564317
464.884784 619.999253 67.724685 136.451368
464.925943 618.730634 66.318287 136.961466
464.813160 618.006512 65.600326 136.169249
464.715910 616.487715 64.278235 136.372371
464.303614 614.579619 64.558765 136.588151
463.721857 614.053476 65.157712 135.597439
463.484563 611.116747 65.715149 137.151433
462.997005 611.562667 65.118146 135.547838
462.169477 609.835151 65.417391 136.424160
461.479420 608.646696 66.546788 135.878062
461.099443 607.166781 67.162972 136.573714
460.911755 605.824375 66.829594 136.419263
460.971872 604.431527 66.882138 136.056866
460.014612 602.576810 67.669855 136.233962
460.006869 601.782811 67.896084 135.690021
459.429452 599.903716 69.044452 136.047475
459.413248 599.178046 68.180871 135.574898
458.613740 597.794629 68.862950 135.701480
458.438007 596.828011 69.100526 135.559919
457.724844 595.515330 69.187518 135.825002
457.350619 593.094356 68.561614 136.564180
455.917176 591.751674 69.918644 136.377704
455.100339 590.631613 69.054170 136.012215
453.939297 589.004561 69.356181 137.184923
453.844255 585.605521 68.233210 139.072825
452.262638 585.617386 68.789541 137.554024
451.435295 584.553205 69.060877 137.694078
449.926086 581.605515 69.503208 139.325294
449.092064 582.124589 69.780197 137.778848
448.010413 579.522940 69.686828 138.628685
446.368922 578.690032 71.642394 138.421718
444.887257 577.402638 72.625705 137.386658
443.016978 574.672092 73.578912 138.560522
442.052206 573.266187 74.649524 138.414729
441.240413 571.842126 74.102802 137.414302
439.536010 570.751041 75.307067 137.845988
439.619357 569.175875 73.739223 138.119880
438.189245 567.749720 75.168873 139.412208
437.968347 568.674309 75.000142 138.214437
438.031600 568.997104 75.316644 136.746369
437.610955 566.314682 74.918263 138.879062
437.531429 565.954912 74.868405 138.805322
436.427366 566.192786 76.284370 138.112963
436.060226 566.579976 76.149919 137.334392
435.119853 563.922773 77.067584 140.382976
435.151214 564.515029 76.952113 139.155599
433.656139 564.787861 78.137955 138.365719
434.371988 563.650940 77.344469 140.148503
433.660220 564.092920 77.534784 139.370015
432.750989 562.240663 78.497606 141.101983
432.024308 561.537361 78.561074 141.170466
431.384954 562.416932 79.073349 140.817927
431.528905 561.973098 79.321525 140.402506
430.420907 562.273978 80.370806 140.893952
430.570320 562.824837 80.877381 140.455774
430.677899 561.747904 80.664824 140.415162
429.863364 560.747929 81.752266 141.274228
430.805157 561.140206 81.029553 140.850836
429.818695 560.622627 81.783809 140.925011
431.132420 558.011065 80.258920 142.711556
431.129447 558.080896 80.804185 142.111752
430.930125 557.740291 79.455226 141.714881
430.424774 556.841693 80.462643 142.505802
430.990665 557.080894 79.307083 142.313758
430.019425 556.939798 78.872166 141.541436
430.486257 557.135550 77.870913 141.694086
430.164193 556.683052 77.606130 142.090508
429.984101 557.550522 77.328076 140.955662
429.614846 557.715144 77.944890 141.337577
430.247701 558.021742 76.979286 141.084535
430.920168 557.156722 76.043727 141.373960
431.886933 556.974903 74.459916 141.553084
432.577704 557.205205 73.816503 141.261666
433.330652 556.412685 72.024172 141.727939
434.512952 556.994830 68.847025 141.140301
436.288382 556.195230 65.718466 142.902663
437.461588 555.356503 64.084843 145.721655
439.123076 556.900905 60.941214 145.934834
440.596831 558.131661 60.505165 144.895800
442.524813 559.886167 58.575937 143.836812
443.726666 565.017475 58.352756 138.787454
444.363930 575.942643 58.784206 129.118064
444.647890 583.771624 61.083941 120.689575
445.327962 589.235142 61.081170 115.541684
446.019283 594.887416 60.994710 110.073100
448.193457 599.310250 62.363169 106.790397
449.753417 605.357780 65.504779 99.986471
453.125979 607.756232 61.211349 97.590253
455.129586 606.572605 58.466472 105.218518
456.492669 610.053239 57.307583 100.761350
457.321540 610.710279 56.256150 99.819104
458.502095 612.988997 57.445013 99.626792
460.042917 613.275017 57.398564 98.114475
461.388211 614.051781 59.061059 100.038510
463.343450 615.795843 62.196316 102.143636
465.224919 616.696390 61.179750 100.845045
467.203278 617.109390 62.201537 102.050031
468.332756 617.770252 60.253344 101.868683
468.631029 619.435902 63.419259 100.551002
472.354394 620.381586 62.393280 99.972131
474.692807 620.455408 61.536082 98.376157
473.786252 620.741450 63.326838 99.611773
475.955055 620.931572 62.511828 98.907617
478.033859 620.966691 61.062974 98.929642
483.357937 620.459789 57.217434 98.241013
485.024892 620.351082 56.479489 99.357141
485.671906 620.557884 56.365741 102.266096
485.024987 620.503290 57.601031 107.287531
484.112177 621.310269 60.181531 111.555585
483.105076 622.784457 63.351529 116.025045
483.787932 623.453975 65.242586 120.563536
486.576907 626.128211 67.492237 121.438410
489.512317 626.975897 71.234304 121.394041
492.999141 629.968931 70.143165 118.986633
495.888773 630.700174 70.601775 119.928484
499.397026 632.032281 68.749567 119.514923
503.905616 632.970508 65.488996 119.507482
506.711266 634.286436 62.755483 117.607468
509.480403 636.068391 60.505312 115.929680
510.031252 638.066262 60.661117 113.405036
514.580428 638.554100 56.861883 113.051356
515.868583 639.243642 56.492732 111.633333
518.085132 641.389004 57.167116 109.089108
519.927169 642.296749 55.161061 108.623327
520.834664 645.767694 56.139398 104.573380
522.299491 646.340598 55.934083 103.741365
525.044360 647.876402 53.663728 102.615467
527.699950 647.093208 56.184854 103.566575
528.764221 648.394122 62.265800 102.705745
530.975535 648.061991 64.779852 103.085693
532.962989 647.262146 63.860594 104.023736
533.728736 647.508240 65.094862 103.469979
535.078635 648.042823 65.376342 102.746720
537.163621 647.501213 65.346198 103.043203
537.992126 648.216162 69.265860 103.071468
538.523310 646.701149 71.213847 104.154400
538.787827 645.978068 74.094216 104.770595
539.626578 645.723152 75.563276 104.881247
539.921225 645.429113 74.892531 105.162117
541.024483 643.055732 75.690245 106.735460
542.305765 642.179908 76.147438 107.088487
545.478253 641.985341 74.990770 106.676119
548.578219 641.342356 73.111583 106.384545
551.341758 640.927135 71.199901 105.728231
556.298315 639.897695 68.618010 104.482963
561.794945 639.249876 62.817339 106.418692
566.382984 638.852716 59.349682 107.301184
568.829065 638.338898 58.048979 109.452333
569.985384 637.651952 57.565198 111.367847
572.674928 636.844745 56.900626 111.963616
574.481931 636.419380 54.701932 111.404893
576.518799 636.156155 57.360430 110.508165
578.122953 635.881344 60.700628 109.295352
579.613614 635.454128 61.111042 105.756817
580.570740 635.396463 66.338251 105.315880
580.462051 634.190725 70.430294 105.015945
580.309612 634.192254 73.318824 105.064174
580.465275 634.230840 79.182011 103.931509
581.441482 634.063764 77.177998 103.797744
581.693251 633.713853 79.716982 103.957609
582.792543 633.206594 77.828875 103.989558
584.935002 632.424978 74.688814 104.993057
585.826970 632.506049 72.870644 104.335941
589.878849 631.811784 68.889795 104.565399
596.061470 629.303883 61.852504 105.056044
599.436163 628.708097 59.321063 106.505875
604.015483 627.480861 56.512895 109.081385
605.637639 626.385616 58.489404 109.668003
607.204907 625.634518 59.238302 111.519307
607.199792 625.040270 63.254359 112.501061
607.459660 623.748605 66.447001 114.400103
607.692369 622.724094 70.583193 115.082649
607.219063 621.411637 72.670920 116.742640
606.922146 620.337422 72.218700 117.680841
606.860714 620.486334 73.588675 118.145074
606.267093 619.137914 71.810331 119.724392
606.650498 618.148180 71.866533 120.369119
607.521273 616.521514 69.764072 121.879038
608.498935 614.519653 68.647338 123.254108
610.239906 613.501120 65.804289 122.757965
610.496154 612.421221 65.947172 123.401403
612.147779 610.068723 64.786202 123.305237
613.073420 607.925008 64.206396 124.434803
613.412870 606.298695 64.605400 122.522160
614.168203 605.069233 65.380826 118.794505
614.254626 602.814727 65.677213 117.630429
617.368496 601.768006 62.939907 117.707433
616.896838 599.065593 64.535909 116.483301
616.375461 597.554429 65.214137 113.855331
617.328993 595.829277 66.690280 112.110235
617.260868 594.209939 66.007364 111.442950
616.161116 592.768429 68.637476 113.415983
618.471968 591.738207 68.633118 114.604806
617.951959 590.482224 69.314795 116.664857
616.650653 589.359847 72.468588 117.462893
617.431295 588.233507 70.956591 117.935635
618.260061 586.975895 68.006525 119.680612
617.158703 585.508898 65.934026 120.775709
618.393008 584.288382 62.828822 120.513128
617.789482 583.610285 62.849592 120.250247
616.091142 580.810143 63.533732 121.226973
614.654518 578.747235 65.035737 120.383162
614.218671 577.906506 65.970689 117.677524
613.029756 576.727066 68.861297 115.414868
612.884186 574.401298 68.997597 113.132645
611.618190 573.238565 71.347321 110.901981
610.209689 571.249501 72.994315 112.005324
609.428483 569.870307 74.842895 113.496819
608.744999 569.157088 76.428433 114.666186
607.626839 567.322661 77.207624 116.966061
607.326023 565.967381 77.605878 118.737375
605.769567 563.941926 78.513523 120.456333
604.964223 563.915323 76.964909 120.542806
603.100138 561.674384 78.328455 123.002127
602.275781 560.418716 73.789227 123.887688
600.824547 558.649768 75.324108 126.189694
599.298124 557.374542 74.668658 126.587639
597.562033 556.418396 74.320605 127.262181
595.298119 554.470864 74.292343 128.385766
592.487332 552.583225 75.137493 128.868953
591.153847 551.193925 74.498332 126.608206
588.988781 548.003254 74.935905 126.485970
586.766855 547.593572 76.408798 121.147822
584.453093 545.460884 77.245806 118.014126
581.459700 542.538910 77.728115 115.497883
579.312994 541.636058 78.284792 111.378646
578.221573 540.754693 78.730068 107.861757
575.769372 538.576979 78.570638 106.717824
572.721650 537.163067 77.978548 106.846685
571.375972 534.681964 75.632058 109.716768
569.377692 533.108165 73.967309 111.831926
568.646140 532.840448 72.532142 112.831361
566.500599 530.868957 74.848732 114.825312
564.573562 529.446364 75.248851 116.111125
561.425087 528.120186 76.355218 116.945958
559.193853 526.908438 76.902934 118.605194
557.085378 525.638509 75.693432 119.337239
554.381403 523.538924 75.361895 121.584672
551.836513 521.691512 76.415441 123.142750
548.811529 520.141222 77.865954 123.910567
545.816441 517.450839 79.483652 126.392112
543.360894 516.156172 81.644293 125.344604
542.272224 514.019412 80.258504 125.420661
541.384677 510.901666 78.456267 126.481430
540.290909 508.537023 78.002102 123.870874
539.284246 507.018922 77.315766 122.204428
539.448995 505.345479 75.228514 119.134684
538.682661 504.354527 73.875151 119.578120
537.784528 502.582311 72.552801 119.191003
537.756205 501.769361 69.625478 115.204197
538.129940 499.923661 66.672136 113.568386
538.044660 499.018270 64.471542 111.951001
537.194220 497.620259 62.236024 112.931107
536.786602 496.485614 60.542109 113.806405
535.214840 494.514011 60.504346 114.537288
534.013808 494.050144 59.732772 114.720550
532.231048 492.877189 60.415610 115.925294
530.720642 492.035344 60.358399 117.138869
529.442334 491.722273 60.424497 116.738835
528.245057 490.822258 59.935317 118.120223
526.294065 490.365299 60.320491 118.305421
524.166813 489.779790 61.305556 118.886046
521.718277 489.394417 62.849630 118.327961
519.329395 487.399910 63.616499 119.979380
516.818316 486.693736 66.065322 119.499350
513.855535 484.819832 67.645198 120.677394
512.812203 483.336028 66.233105 119.212073
511.168135 482.323516 66.483743 117.569133
509.247543 482.001136 65.116050 110.194993
509.389353 480.254567 62.315130 107.692395
508.069760 479.265717 64.576126 108.955440
507.274202 477.944049 65.189149 109.235868
506.609055 476.662072 66.115185 111.022198
505.661718 475.284487 66.301994 111.373719
504.604763 473.846765 67.984036 111.491822
502.985997 472.765384 69.150619 111.741858
502.820740 472.491128 68.773806 112.295458
501.825971 471.563202 68.559540 113.468294
501.475115 470.867301 68.829469 114.962039
501.199974 470.278970 67.457568 113.729646
499.808187 469.398471 67.478169 115.004343
499.756031 468.777685 66.373459 115.875352
499.632696 467.700902 65.794384 116.513316
500.021562 467.160815 64.562826 116.997528
498.654072 466.216258 65.107349 117.556637
498.242518 464.979939 64.765067 118.332407
498.010708 463.938775 64.361193 119.594590
497.264459 462.481903 63.982828 121.040368
496.359943 461.189995 65.031112 121.768363
495.967813 460.835965 64.788938 121.713656
495.477569 458.716723 64.099494 123.512192
494.497423 456.419672 63.071751 123.657274
493.511513 454.234110 62.477473 124.313630
492.739385 453.110554 61.741626 122.929509
491.596752 450.835890 61.491320 122.732774
491.385509 450.269294 60.051262 122.828219
490.958786 448.569266 58.761713 120.918981
490.806107 446.747693 57.247363 120.873465
490.638029 445.915293 55.511420 120.525767
489.799537 444.513525 54.211261 118.903933
489.345407 442.935659 53.181395 117.874264
489.243075 441.724456 51.988619 117.379036
488.732450 440.470357 52.145726 116.967606
488.732450 439.470338 51.578174 115.965283
488.024932 438.376996 51.623150 115.109722
487.878293 437.252444 51.494141 116.630357
487.084369 435.352858 51.750634 118.987900
486.781676 434.318080 51.490110 119.423063
486.720885 433.392319 51.631516 120.568405
486.254305 431.896588 52.058027 121.701664
485.801118 430.454611 52.427051 123.049528
485.189091 429.030047 53.020121 123.496559
484.613943 427.364965 52.905562 123.562613
483.383555 425.189840 54.227139 123.406468
482.512566 422.739080 55.730428 122.438752
481.523115 419.994558 56.643231 121.370414
480.969814 418.361589 55.564565 118.111903
480.406733 416.132840 56.176360 114.739883
480.089079 413.483223 57.480767 113.629910
478.638721 412.197101 62.326991 109.057872
479.085344 409.709140 63.148059 109.145199
478.244189 407.651539 63.129402 109.761271
478.167333 406.608692 67.181831 106.168414
479.718776 404.247468 67.875610 107.106212
480.758015 402.231619 67.680027 107.868209
481.382926 400.409651 67.968022 108.191190
481.123238 398.980072 71.048782 108.423469
482.047401 396.995048 70.097868 110.428117
482.883873 394.830386 71.866339 112.212110
482.415522 393.945759 74.431126 114.200686
484.497376 391.710458 74.871431 114.044407
485.479219 389.629317 75.096556 116.956577
488.071907 386.351584 74.719720 118.422603
489.851266 383.199522 74.411646 121.597985
492.321126 379.007056 73.119294 126.800280
494.794408 375.635173 72.378649 129.493413
496.857690 373.223366 71.765222 129.381614
499.903494 372.481764 69.947206 127.232260
502.406947 369.590909 68.536267 126.605627
505.273446 366.493607 67.477208 124.842116
507.164956 367.267102 66.803378 117.465772
509.659851 369.101441 66.372606 113.555548
512.093776 363.846011 66.043500 113.742309
513.242080 364.379105 65.917562 112.738667
516.172694 360.989114 64.544228 111.615426
518.087709 360.874528 63.907753 110.630926
519.846165 359.110607 63.402297 111.121168
520.785597 357.228487 63.381443 111.726424
522.437100 355.682405 62.767554 113.239076
523.566555 353.878630 61.718808 114.150167
523.937332 350.767304 61.977019 116.526900
524.489133 349.409831 60.972730 117.183981
525.622021 347.249879 60.036577 118.548242
525.454220 344.439212 60.646227 120.841391
527.089742 340.259113 59.428143 122.623741
526.683219 336.549111 61.005933 125.223309
527.458268 335.823868 59.545472 123.175767
527.413973 333.082421 60.496575 120.397814
527.636839 330.484724 60.891682 118.860948
527.934675 326.769607 60.576097 116.715018
528.785665 326.226834 60.294874 110.858118
528.674011 324.161118 61.450236 107.609264
529.405080 322.912521 60.834855 104.432269
530.012736 320.053122 61.270457 106.212483
530.725586 317.690244 61.239069 105.291241
531.834566 316.115741 59.861285 106.293202
532.799654 314.099478 59.197074 108.354901
533.399333 313.938865 59.013554 108.643930
533.743419 311.996661 58.739901 109.574430
534.018226 311.575513 60.039183 109.535200
534.465008 308.252339 59.022490 112.616499
534.811201 307.161125 58.260433 112.921886
535.939068 305.845511 57.444695 113.342036
536.585225 303.057572 57.212603 116.326051
536.397480 301.631589 56.260545 116.682791
537.102436 298.809690 55.446534 118.854362
536.446786 296.540470 55.131669 119.672928
536.799860 294.139853 55.878056 119.877250
536.190012 291.868590 56.522662 119.724876
535.349224 289.190159 58.328209 119.744185
535.769432 287.494403 57.887806 118.978653
535.268719 286.007713 59.063534 116.861093
537.705264 285.053708 55.587800 114.579269
538.306582 282.650429 55.200770 113.519503
539.134236 281.396823 54.913269 111.491123
539.519165 279.680227 54.659295 111.170828
539.665522 278.156305 55.061374 108.695378
540.302679 276.429816 55.010968 107.726789
539.104150 275.683336 56.642264 105.623515
540.400140 275.965009 56.831982 101.195143
539.137835 274.586635 58.373933 100.438655
540.080188 273.349413 57.923297 100.142411
540.102728 272.152763 59.052232 100.573920
540.115839 271.461904 58.769085 100.528113
539.972887 270.286868 59.046981 100.561534
540.987294 270.052280 58.066387 100.506719
541.678412 269.781882 58.120919 100.557897
542.913809 269.710419 57.648438 100.002128
542.715002 269.233734 59.303600 99.978273
543.328392 269.224535 60.587736 100.002047
543.040992 267.903343 60.980213 100.624077
543.438611 267.595552 60.510421 98.540616
543.572910 266.847847 59.962310 97.305368
542.961585 266.226984 60.269654 95.215178
543.462087 265.029119 56.042393 93.199549
543.640489 264.117998 54.236216 92.627048
543.918016 263.442193 52.203927 91.865145
543.409833 262.366280 51.027295 91.627925
542.290892 261.323590 52.799890 94.607395
542.975166 261.204708 52.501732 94.118132
542.869615 260.451145 54.889209 94.598297
541.675601 259.464831 54.797806 95.313382
542.119031 259.067303 58.444997 95.440660
541.641712 258.344850 57.220033 95.759339
542.038260 257.142263 56.046250 97.105298
542.834659 256.449038 55.489167 97.732357
543.498471 256.044314 53.234312 97.220518
543.716404 255.711006 52.715902 96.609425
544.396599 254.929762 50.280256 97.861837
544.696108 253.513288 47.808265 96.914491
545.270763 252.648263 45.864926 96.169685
545.826748 252.291524 44.770005 94.146787
545.923134 251.452116 43.899807 96.308772
546.192237 249.917160 43.936157 96.890086
546.036483 250.439000 43.733418 91.775993
545.822389 249.849813 45.135556 90.576493
546.295104 249.921262 45.253352 90.798919
545.630430 249.160944 47.025463 91.716378
545.948018 248.754912 47.030986 91.429704
544.651157 248.249496 48.407596 88.845674
545.314513 247.642612 48.826356 89.554399
544.246395 247.443322 50.523334 93.475591
542.232663 248.288206 53.316260 92.425623
540.146221 248.399442 55.363705 92.057337
540.790638 248.383015 54.081432 95.737249
540.396971 249.368762 55.004014 99.287039
540.625317 249.383222 55.574422 97.995561
541.087277 249.956811 55.318096 106.219333
540.813884 251.502443 56.112371 100.545504
539.976080 252.036238 55.949379 105.519442
540.691154 253.957738 55.019390 103.257240
541.455865 254.920574 54.548658 102.287742
540.731655 256.255755 53.751036 102.997186
541.235458 258.772460 52.303499 101.971268
539.715138 260.455053 52.086670 102.467091
540.120867 261.989291 49.909651 101.951655
540.031546 263.249695 49.571530 99.710914
542.351898 265.387010 46.493196 97.138926
539.932496 268.173371 49.526514 92.365463
539.345888 269.636757 49.864784 88.718348
540.108622 269.338536 48.596400 89.247110
541.277043 269.781130 48.300994 89.070764
540.342083 270.168957 49.944962 88.477174
540.966262 270.211963 49.925900 88.004573
541.894402 270.142870 47.579289 88.751137
541.934049 270.067212 47.506414 91.340919
543.816100 271.000762 44.811521 90.261001
544.402361 271.294441 43.424162 91.353075
544.506480 272.211011 43.495101 90.895153
544.406194 271.847539 44.064141 86.751120
543.517532 272.005346 45.897787 88.012718
544.040921 271.657366 46.144231 87.365034
543.796907 272.162706 46.842055 87.094204
543.992049 272.020725 47.581877 85.716029
544.125917 271.517507 47.908877 82.765731
543.392372 271.566436 49.245917 84.290719
542.367580 270.985801 51.239833 83.857825
544.002724 270.910097 49.859358 83.301776
543.645119 270.506176 50.896658 83.376964
543.917205 269.254807 49.626434 81.228096
543.742501 269.017364 50.727817 83.759573
542.320142 268.154987 51.222025 81.044435
543.412309 268.275033 49.433169 82.886213
542.751058 268.104725 48.960305 80.045030
542.164829 268.676972 49.716473 78.741081
541.351107 268.245166 49.853283 79.552416
539.509437 267.964331 51.952349 79.568960
538.481799 268.280433 53.229534 77.513881
539.115276 268.483211 52.948900 76.654496
538.644517 268.725209 52.961096 74.481882
540.237322 269.274135 53.260411 73.990182
540.758894 270.016679 53.210013 73.096864
541.134701 270.056501 53.533067 73.343070
541.791112 270.507587 54.265825 73.694009
543.644958 270.978868 53.583784 72.133249
544.076787 270.994741 54.012222 73.010587
543.743045 271.164739 55.421585 73.020685
544.864564 271.976097 55.504782 71.668125
544.692916 272.182406 56.596299 72.508864
544.720397 272.041830 58.042338 72.490227
547.055600 272.630369 56.840645 72.657006
546.290382 272.499957 58.303617 72.064459
549.767104 272.642917 55.280571 73.258619
551.391736 272.829681 54.180660 75.136039
551.353431 272.872585 54.613774 73.257749
552.918599 273.518570 54.011991 74.052582
554.943620 274.126956 52.440412 73.237565
556.182256 274.700550 52.725671 73.521331
557.690230 275.351865 51.204004 72.975756
558.339816 275.583985 50.909794 69.704530
560.791347 275.470365 49.069415 71.680862
561.415640 276.329634 48.969756 71.892833
561.299990 276.385426 50.532668 72.146751
563.258199 277.209131 49.525816 70.755753
564.749431 277.690710 48.907418 69.175530
564.693491 278.268458 49.678760 69.169875
565.883397 278.577322 49.412781 69.440242
568.685692 279.259425 47.943719 69.920796
568.765401 280.005276 49.413460 70.677963
569.552371 280.832126 49.727736 70.023451
569.823741 281.064711 50.390598 70.217833
570.466805 282.072798 50.787476 70.020350
571.629578 282.980904 50.523906 69.937810
573.220392 283.934830 50.271060 69.532899
573.274836 284.252563 51.675165 71.672151
574.437320 285.016863 51.122352 70.609611
575.537192 285.953613 51.104614 71.772621
576.966312 286.713351 50.407785 71.599142
577.556649 287.563372 51.410514 72.431480
581.009215 289.605510 47.852812 72.430367
580.193950 290.041019 50.203043 72.493025
581.552399 291.196086 49.139717 73.441981
582.979076 292.782570 48.797665 73.226891
582.619323 293.557602 50.468378 72.304675
584.551508 295.512018 49.199792 70.753077
586.019617 296.288050 48.851329 70.680354
586.618347 297.843638 49.059655 70.166767
587.163372 299.170613 49.675403 72.502408
589.157226 300.589655 48.725281 69.984612
589.858158 301.048909 48.739978 72.041057
592.343732 302.749885 47.013850 69.786981
591.721260 303.325919 49.013533 70.360172
592.783566 304.452463 48.336950 70.030291
593.280212 305.169568 48.877399 70.949304
594.783535 305.998367 48.281936 71.158502
595.581556 306.947552 48.566477 70.217933
596.339382 307.186427 48.928282 72.067528
598.331963 308.733543 47.546832 70.554470
597.256099 309.634022 49.617251 70.043394
598.983149 310.894660 48.663883 71.303656
599.472111 311.879119 49.352103 70.356491
601.096162 312.438656 48.189844 71.897989
601.472107 313.785047 48.656850 71.148241
602.050991 314.453400 49.041988 71.429535
603.358778 315.457212 48.615973 73.234864
602.775041 315.994769 49.838524 74.513088
602.899629 317.853093 50.892018 72.252546
603.913987 319.016857 50.837797 72.807831
604.003657 319.878518 51.469483 71.828961
605.458176 320.451114 50.523151 72.109595
604.952284 322.205513 51.796229 71.966645
606.650302 323.258094 51.315514 70.416719
605.798687 324.483201 52.531917 70.677377
607.770909 326.217176 51.311696 72.370946
608.950273 327.605517 50.725013 70.812444
609.251986 329.189278 50.231263 70.222347
608.949165 330.566287 51.136989 69.744211
609.976876 332.061517 50.688984 69.308149
610.902053 333.534525 50.212041 67.727575
612.233796 335.332634 49.734228 66.902297
612.907923 336.478226 49.773807 68.138223
613.393710 337.789610 48.603127 68.709705
614.252653 339.395221 47.506762 65.423562
614.136930 341.424518 48.891623 64.163538
613.328282 342.819960 50.663279 61.740173
615.282166 344.214282 48.053179 59.526971
615.445725 345.560995 48.018541 60.848363
615.661666 347.195976 47.658435 60.135759
617.108949 348.205288 47.085529 62.544207
618.548490 349.179188 45.657430 62.302267
619.330160 351.362440 45.802766 61.065324
620.119272 353.110291 45.438419 62.791838
619.985407 355.024314 46.608523 61.117889
620.883524 355.445437 46.411695 62.013424
621.356826 356.607268 46.630614 63.622676
621.139344 358.504262 48.089809 63.437717
622.989136 359.678825 47.802307 65.238899
622.030439 361.978692 49.128105 63.855470
623.102847 363.426244 49.568101 63.995319
624.732073 364.261701 48.517955 65.007447
