1689.000000 303.000000 29.000000 39.000000
1690.911023 294.324538 28.422057 49.267870
1690.938914 295.271903 27.654077 48.841898
1690.745471 294.484567 27.767667 50.028034
1690.630231 294.569352 26.848322 50.015425
1690.840818 295.599956 26.910107 49.183285
1690.234445 294.640804 26.922327 48.855583
1691.878672 295.353468 24.280057 49.500469
1692.662806 294.899890 23.463845 49.765653
1692.369279 296.093303 23.748112 47.905578
1693.792028 294.393160 22.493025 50.190593
1694.106083 294.925555 22.265092 49.603770
1691.274516 293.315700 25.050539 50.727868
1693.736631 296.593510 24.470423 48.212715
1691.060694 293.780076 25.683894 49.526281
1693.795513 295.766128 24.493523 47.782537
1692.850252 292.177989 24.504390 50.110621
1694.714369 295.097774 23.676814 48.272880
1694.332742 293.181201 23.835733 49.974290
1694.444968 294.304656 22.854800 48.154951
1694.476007 293.469597 24.323149 48.707809
1695.051000 294.057574 22.598658 48.252039
1694.112733 294.359546 25.031032 46.977322
1694.985096 293.544731 23.384827 48.565970
1667.627960 293.709786 32.155329 54.394987
1694.334141 295.627928 23.810663 50.923371
1694.430887 293.901427 22.971281 49.535399
1665.329696 295.896161 26.582215 53.036709
1661.749770 296.389940 25.828674 50.753955
1664.142457 294.708821 27.433525 52.505629
1664.701027 296.429863 23.367544 51.111767
1692.501484 295.104048 24.737769 49.245015
1664.049990 297.415866 22.154933 52.042087
1663.303672 294.688675 25.004304 53.551238
1667.127095 289.802310 23.988439 58.500826
1661.250576 296.116012 25.497334 51.708976
1664.487925 290.565689 23.392828 57.363274
1662.662104 292.579026 23.722015 54.564865
1659.789755 295.798256 24.074700 53.945552
1670.172849 291.847400 20.957748 56.361140
1660.851033 294.641557 22.420567 54.246734
1661.681607 293.325114 21.960524 56.470755
1657.161509 291.719520 22.646525 58.271627
1660.847030 292.013662 21.394125 56.950140
1658.635982 293.542455 22.159186 54.433143
1656.933635 295.444019 24.456708 52.696294
1657.005766 294.423935 23.003408 53.363335
1658.406728 296.818913 22.212074 50.061511
1689.936802 294.202247 26.015978 45.459485
1693.644772 292.894640 23.237163 49.030589
1690.811608 292.049698 28.493966 49.615870
1665.025504 294.440768 26.291273 53.540637
1692.590252 293.357037 23.998926 46.232148
1693.383849 292.072349 23.206875 52.066952
1692.972302 291.332148 23.802628 51.962359
1694.145103 294.006109 25.027333 49.255634
1693.728369 293.143406 23.159340 49.073321
1691.386326 293.623543 27.562479 50.499339
1694.596145 293.869429 25.348208 49.401955
1693.149507 294.044805 25.083084 49.491727
1694.878341 292.417675 22.399659 47.972090
1696.037125 293.863464 23.011372 47.267009
1692.359005 293.055839 23.370221 47.573375
1693.575719 293.098585 24.453381 51.135359
1693.929182 294.324357 23.218153 48.922063
1694.123866 293.688235 22.720403 46.965320
1695.039645 293.692508 21.250707 46.748447
1694.461654 295.121276 23.703888 45.570668
1692.205141 293.698587 24.146619 46.115275
1694.123323 293.598317 23.701243 50.520238
1694.696552 292.898506 23.701698 49.792278
1695.134554 293.410110 24.045049 50.910809
1694.826807 292.780366 23.869514 50.005322
1695.104039 293.242040 23.553048 49.908294
1693.800037 292.875264 24.077281 50.032578
1694.529211 292.778983 23.854662 49.657799
1690.714845 293.343960 27.916605 50.808430
1693.914452 293.859008 24.049309 50.147835
1694.161340 292.336099 23.762112 51.930542
1695.389494 294.498414 23.343801 50.590966
1694.698437 292.985804 22.598195 49.887506
1695.201710 292.913985 22.750008 49.827808
1694.704253 293.306970 23.114761 48.777110
1695.029010 293.477484 24.952638 48.790263
1692.168158 293.191027 26.321337 48.882562
1696.073298 294.750617 23.302109 46.422494
1691.190165 292.863889 27.112917 46.918124
1695.451392 295.497595 21.640760 45.398213
1695.649004 292.617133 21.319185 47.240640
1694.779772 293.570224 24.838160 46.558244
1695.266512 292.711997 23.371027 49.765765
1695.008629 293.227732 24.855721 48.205650
1694.234263 293.541843 24.854887 47.423004
1695.398433 293.607167 23.404997 46.646919
1696.307457 293.109513 22.810979 45.651736
1693.428485 295.095475 23.904572 44.398854
1693.916004 293.337947 24.495335 46.196358
1694.840577 293.124731 24.420628 46.651091
1696.471461 293.776919 23.482678 46.114582
1693.004859 292.911859 24.472665 48.033122
1695.343493 294.988921 23.973598 47.701931
1694.098272 292.480151 24.199437 48.478408
1691.521611 293.624877 28.410696 50.350313
1695.898823 293.910568 25.087191 48.700048
1695.529477 294.434070 22.618908 46.526802
1692.096333 293.253159 26.873015 51.569065
1696.901810 294.637392 23.148057 49.990525
1695.024800 294.311432 23.503630 47.049302
1696.207935 293.983494 22.014315 46.363440
1692.919543 292.630659 26.323451 48.387672
1696.359815 294.585283 23.307671 49.269109
1693.876681 293.444481 25.029284 50.023778
1693.320873 293.515914 25.670433 50.384391
1695.416446 294.403176 26.235164 47.675133
1693.387558 294.109122 25.095849 45.921653
1696.188057 293.815542 24.017270 47.920607
1694.425188 293.274615 25.888816 48.148352
1695.667461 294.805682 23.891309 47.135842
1695.614060 293.861871 23.111412 47.335307
1695.281800 293.005423 22.858906 47.451076
1693.321105 293.582618 25.123060 46.394464
1695.518250 293.190446 23.975792 51.038860
1693.523235 294.249343 25.424632 50.881474
1694.381154 293.084557 25.233321 52.223799
1697.105228 293.801251 24.334315 50.510783
1695.640768 294.215378 25.503302 48.412943
1696.838568 293.264950 24.915852 48.196924
1693.954689 293.786810 23.371971 47.467389
1695.986497 292.777131 22.797309 48.799765
1696.949925 294.628616 24.332080 47.296613
1692.740136 294.174120 25.154341 46.768450
1694.130232 292.992924 25.144081 51.058367
1693.472173 293.768140 23.546008 50.852105
1694.589084 294.282261 24.669100 49.317774
1692.249870 293.465345 24.615306 48.847936
1695.803010 293.911888 22.725660 51.727497
1694.587277 293.113017 23.688009 48.803782
1696.066531 294.332608 21.276316 46.225611
1690.772366 293.344706 27.326526 50.529219
1688.086128 293.908094 27.317827 48.902570
1695.426646 293.785081 23.507253 48.792945
1692.793264 293.705258 25.862963 48.513401
1696.898406 293.350976 21.983362 49.647888
1693.790968 293.977200 25.672223 48.811093
1695.064146 293.557640 23.860099 48.324132
1695.061934 293.900168 23.652549 49.771270
1695.862304 293.172693 22.993635 51.146984
1693.624262 294.546334 23.654118 49.555528
1692.454730 294.294133 26.095280 52.609598
1684.811398 294.893533 32.185346 50.877005
1694.397217 293.926927 24.407540 53.407110
1695.859364 292.720507 23.969731 53.845332
1696.026941 293.885858 22.871407 52.234054
1695.595511 293.381135 23.757977 51.757489
1694.367515 293.051123 23.354696 50.257312
1694.834833 294.514572 23.102179 48.845351
1695.749059 293.038919 22.366592 51.717967
1694.294096 294.191031 23.788637 50.497116
1692.607316 294.160803 25.077940 51.701596
1695.789473 293.828481 24.368479 51.409585
1694.622881 292.502351 24.341716 52.782734
1696.459724 293.537000 24.317783 52.217059
1695.727501 294.615165 23.616520 49.655130
1694.669914 294.074831 24.251239 49.976482
1695.589125 293.880922 23.349512 50.892594
1694.901389 293.986247 23.428016 48.917764
1695.641919 293.448566 22.700841 50.450179
1693.792871 293.172693 24.801523 52.341624
1693.348002 293.571054 23.780380 50.975876
1695.610875 293.993393 22.653084 50.262083
1696.599868 292.551468 21.822748 50.263722
1696.398494 293.508655 22.184484 51.046351
1695.355208 293.479564 22.406247 50.653003
1695.816053 292.204003 22.884941 51.469222
1696.643539 293.758612 22.435978 49.461181
1696.061847 293.500116 22.482878 50.329103
1694.012591 291.077009 23.335293 52.323174
1694.046945 293.450214 24.579627 51.608414
1696.195619 293.138920 22.915782 51.061577
1696.132625 292.417352 22.898453 49.761298
1696.888899 292.726951 22.294097 50.245935
1695.783535 292.810413 23.285258 50.997722
1695.750989 292.898506 22.605535 48.805878
1696.871196 293.197874 22.593614 49.054266
1695.950851 292.252062 22.515106 49.258933
1696.429006 293.466346 22.933552 49.034606
1696.866424 292.949895 21.716920 49.205605
1696.804961 293.147771 22.467900 49.240842
1694.223844 292.548850 24.163727 51.555821
1696.358987 293.294736 23.308638 52.814158
1695.485348 291.553959 23.342180 53.020219
1695.187798 293.632207 24.228611 50.580661
1694.477941 292.068436 23.506231 51.056702
1694.647809 291.615675 22.668304 54.184262
1696.789504 292.123201 22.277550 53.464878
1694.919932 291.634262 24.688974 50.924671
1692.792977 292.929306 25.617454 52.991598
1687.749205 292.263344 29.741702 51.967639
1685.207861 293.292063 28.443168 51.059915
1694.037612 292.671634 24.453379 51.723819
1693.114579 292.782394 26.438258 50.186386
1693.924550 292.396917 23.982158 50.185301
1693.515068 292.195590 25.761611 51.955641
1696.415728 291.269256 23.936591 54.643521
1693.293858 293.941697 26.361794 49.643076
1693.532914 291.386035 25.383808 53.987502
1695.846630 292.443589 24.663089 51.293139
1695.693943 292.485516 25.385981 50.988282
1696.757224 292.185267 26.025879 51.076435
1694.708015 292.632896 25.447736 49.121121
1696.751777 291.803945 24.811604 51.398686
1695.609463 292.886440 23.749331 48.577423
1696.452893 291.591053 23.307611 50.503991
1696.640828 292.122830 23.643022 48.747981
1696.985060 292.541540 24.920063 50.390678
1692.820461 293.024452 24.810714 47.171329
1693.144021 292.639908 24.609914 49.937091
1695.949134 292.056238 22.757813 51.400390
1696.561914 292.489108 23.973584 50.777942
1695.387052 292.332657 23.888275 48.278194
1697.249081 292.060108 23.149520 48.538084
1696.511227 293.336148 22.686125 47.383851
1697.438324 292.410407 24.021296 48.755836
1694.060722 293.318691 26.816364 49.465957
1693.286391 293.394634 25.417425 51.408489
1692.653908 293.167532 26.733512 54.875252
1694.811801 293.120290 26.185435 52.211715
1695.543562 293.358848 27.627816 52.621812
1686.434171 292.751494 31.468590 52.863027
1695.527786 293.441253 25.306737 52.177597
1689.634535 293.082748 29.338461 52.188075
1693.625219 293.386474 28.121286 54.299995
1682.776485 294.442022 34.458981 54.409040
1693.318356 293.192349 27.176618 55.004661
1692.217909 293.955960 26.493984 53.711548
1696.880690 293.342185 24.245425 52.952153
1695.825534 293.871655 23.228480 50.557652
1696.108162 293.917111 24.231753 50.070963
1692.783350 294.677185 28.867603 49.779423
1694.198237 293.605461 24.227811 51.165096
1697.023273 293.458904 25.964125 49.024353
1689.140662 294.664610 25.781715 47.143619
1681.614341 294.640870 32.520936 47.308538
1694.231580 293.691739 24.795974 51.740320
1695.601157 292.774337 23.701045 52.319486
1697.222194 292.447997 23.888005 51.054978
1696.443004 293.367861 25.210695 48.553245
1689.154108 294.076366 30.388587 50.180646
1688.839893 293.590198 27.900885 52.685729
1695.481947 294.319487 25.412580 50.903466
1695.933706 292.774337 23.344472 50.872340
1696.616373 292.473041 24.153840 51.300475
1697.276346 293.747400 23.655898 47.744100
1696.005066 292.963167 23.831650 47.840822
1696.372412 292.811791 22.544720 48.726670
1696.738607 293.114320 22.980575 48.262290
1697.470753 292.794100 23.510194 48.119320
1694.966388 292.878096 24.111292 48.053899
1697.721155 293.237231 22.399686 47.226581
1689.132212 292.578726 29.103493 49.485382
1694.447737 293.581939 25.577559 48.353854
1695.640885 293.292938 24.337813 48.309211
1696.985697 292.602903 24.462885 47.955316
1691.576623 292.260529 29.134299 46.971933
1695.407703 291.779081 24.289358 52.703433
1695.153358 293.545738 23.332371 51.257385
1696.314937 291.545400 23.353560 50.504289
1696.485333 292.020184 21.845868 49.257284
1695.394588 291.963165 23.599476 49.017459
1696.165047 291.310546 22.570204 51.716889
1696.886135 291.614574 23.481069 51.912382
1696.881752 291.785403 22.185753 49.704240
1692.134662 291.357956 26.148942 49.887306
1697.986513 292.004145 21.623897 50.519884
1695.070189 292.119520 24.343535 48.438698
1696.808399 291.068530 22.309593 51.164582
1696.834719 291.909339 23.266824 49.180818
1697.722300 293.077366 22.579849 46.765585
1696.966856 292.682239 23.043742 46.747121
1694.180976 290.252204 24.136722 49.980659
1692.245511 291.315525 26.966075 52.234441
1684.964151 292.269042 32.237267 48.968018
1694.925718 291.520382 24.688964 48.383580
1696.842685 291.426605 22.816078 48.119198
1698.510173 292.526654 22.585746 47.861955
1696.683580 290.461200 23.322864 48.207277
1698.364801 290.512710 21.538867 47.819533
1694.106379 291.055331 25.828228 48.805941
1692.842335 291.758610 25.613967 50.320231
1685.365398 291.503033 31.848634 50.594217
1694.830940 291.785295 25.711830 47.785517
1698.002894 291.900207 22.464896 49.679394
1698.001922 291.857983 21.723207 49.168935
1698.234536 291.158189 22.913462 50.321657
1696.186310 290.627676 24.930981 50.439640
1697.359699 290.222848 24.849209 51.342162
1697.688623 291.697902 26.644276 50.018785
1697.119223 292.242524 23.216185 48.353889
1696.221026 290.434270 22.754608 49.853665
1696.750903 290.568689 24.743332 50.029632
1700.316967 289.893072 22.997934 49.747431
1696.638854 291.464240 23.401883 48.599081
1698.658706 289.915074 22.304246 52.314907
1699.368737 290.297371 25.213567 51.020009
1699.515717 291.843809 24.376205 48.379946
1696.441909 292.926879 25.114641 47.314933
1698.885847 290.856658 24.185257 49.876400
1696.082897 292.722525 26.670335 46.812764
1699.002119 290.288299 23.481104 51.760035
1698.508538 290.768698 24.970081 52.307642
1698.740705 290.619747 25.909442 51.508581
1695.719454 291.717882 24.606189 49.174885
1696.944580 289.391002 23.627990 50.660016
1699.099156 291.478008 24.437735 48.318890
1697.993580 290.793121 26.586320 48.732977
1697.922927 292.121120 24.917925 47.871368
1696.887540 289.861723 26.659255 51.571237
1697.074376 291.341118 25.903486 49.696416
1698.219172 291.345303 24.558579 50.717903
1696.386422 292.274639 25.060804 48.011217
1698.808312 290.372966 23.148184 50.819170
1693.805807 290.147735 28.932019 51.165533
1698.395564 291.927640 26.311524 50.007039
1694.794310 291.571898 24.219163 50.196578
1694.762975 289.967619 25.912336 51.549826
1698.609864 292.959762 22.586531 47.375705
1696.704877 290.518517 25.999984 50.408850
1697.985997 291.892236 24.820400 48.799459
1696.676290 291.762853 24.111334 48.560079
1698.834200 291.531745 24.098941 50.182264
1693.719077 291.126007 28.527762 49.564795
1698.714205 291.878894 23.987807 49.447260
1696.066973 292.027139 26.391536 49.017356
1698.851774 291.381269 25.183270 51.135221
1693.056543 292.254358 29.619326 50.680152
1698.103341 291.652614 25.726212 51.064260
1697.300848 291.043144 22.371449 50.123255
1698.118840 291.492684 25.406620 50.104595
1698.515752 292.074719 23.583862 48.166002
1697.945247 290.196417 24.833756 51.516177
1697.963642 291.428300 24.243619 50.596887
1689.613528 291.473231 31.017852 49.515765
1693.369810 292.377719 26.382368 49.603836
1699.399657 292.437840 21.719495 48.403460
1696.341719 291.374916 21.988993 46.379274
1698.391610 292.263257 22.070791 46.808226
1698.381255 291.256981 22.913085 48.367676
1690.706600 292.161786 26.624896 48.524111
1695.552843 292.815557 24.492788 48.896811
1685.413525 289.673732 36.531087 52.599589
1696.068167 291.137151 24.619678 52.179435
1697.167767 291.502053 23.438933 50.219772
1697.668758 290.963116 23.558658 51.098268
1696.723225 291.914364 22.682892 48.821899
1698.276735 292.463283 21.675181 48.024461
1697.065233 291.215545 21.436753 49.432608
1697.128044 292.131374 21.421482 50.434813
1697.455257 290.891538 21.798223 53.348137
1695.952586 290.777200 24.509800 52.170215
1696.918961 291.624156 21.997959 50.993614
1696.852985 291.827707 21.652477 49.663285
1697.694404 291.726140 22.663969 49.776549
1697.405644 292.623541 23.924935 50.955593
1666.183911 290.975781 26.007184 59.045291
1693.812971 291.567082 23.939890 53.406299
1691.444868 292.624359 27.092392 52.361732
1696.064537 293.072073 22.900195 53.044571
1694.697825 291.306164 23.950148 52.230286
1694.779796 291.747074 24.528336 55.122459
1693.408014 292.423037 24.960802 53.699179
1690.544509 293.054154 28.002720 49.923757
1696.722026 294.234391 22.416625 52.753113
1689.285613 291.080829 28.456117 54.188767
1694.839113 293.529763 24.901634 51.193902
1696.877508 293.936540 23.829807 53.831011
1697.718492 292.856172 23.978981 53.021782
1698.005673 293.712966 25.941910 50.295795
1698.231766 294.616416 24.996536 48.910853
1694.091943 292.879986 25.312037 50.216200
1698.201146 294.191273 23.180500 49.519697
1697.181409 292.222403 23.914577 51.473667
1685.718138 293.022312 33.743127 54.284105
1697.779750 293.393386 23.272156 53.658952
1697.525002 291.832637 23.003429 52.173298
1697.487410 292.665250 23.028399 50.942838
1698.243334 293.054450 22.453140 50.727957
1698.272865 292.609884 23.876846 52.711030
1697.858902 292.587648 22.479160 53.368162
1697.785979 291.765538 22.034551 54.967652
1698.386051 292.173455 21.634791 52.159193
1697.917282 292.552865 22.078090 51.895498
1696.716098 293.351401 23.643022 51.415163
1697.607469 294.027675 24.667722 50.438986
1695.790205 293.978833 24.182500 51.157609
1698.148336 293.891098 23.603809 50.868165
1698.317337 293.203493 21.937752 49.412517
1696.199159 293.231218 25.471798 49.385882
1696.564444 293.401616 22.000015 50.277364
1696.775798 292.232626 22.326757 51.968791
1695.441958 292.775150 21.699452 50.975021
1696.418478 292.601971 22.615585 53.547624
1695.569869 292.199125 23.022449 52.823441
1696.258671 292.936792 20.794633 52.421476
1694.493980 291.870666 23.233193 54.032142
1695.482214 292.430150 23.563218 52.885062
1697.406799 291.920782 23.752270 52.868387
1695.725886 291.774339 26.250511 54.341037
1696.868901 291.955793 23.150267 53.518866
1697.928018 292.648183 24.580374 51.874331
1692.297575 293.357991 28.139021 51.722346
1695.626387 294.396296 23.200245 51.743072
1695.767557 292.261075 24.496502 54.326595
1697.165778 292.222333 24.607995 53.925972
1697.597356 291.552192 22.042843 56.692424
1697.816936 292.450334 22.643654 56.468513
1695.748654 291.418237 22.752165 56.184200
1696.549758 292.325032 23.354693 54.524669
1697.110318 290.632252 21.994947 58.595107
1697.878968 292.063639 22.819051 54.168767
1696.870385 292.720452 22.262512 53.601033
1698.810468 292.276917 21.449053 54.848201
1698.324107 291.069942 22.629341 56.926866
1696.848911 292.067493 22.816054 55.820883
1697.117781 290.821789 23.021046 57.260350
1696.880213 291.375850 21.994083 54.113558
1696.695172 291.571651 21.515413 58.118677
1694.705009 291.517825 23.311394 55.604398
1695.495419 292.863360 23.291639 57.516195
1695.225833 291.128039 23.654937 55.278198
1696.109098 291.551024 21.697304 54.934526
1697.481289 292.000132 20.350995 54.498042
1697.897630 291.950541 23.178746 54.447525
1697.545300 292.579427 22.931025 53.571791
1698.222615 292.503691 22.600345 54.259680
1698.127637 292.369259 22.379581 53.105702
1695.018540 291.596635 22.937772 52.453786
1695.851865 291.483507 22.305128 56.429194
1695.573832 290.980511 23.013477 55.100797
1697.492341 292.290482 22.947606 52.545708
1697.448003 291.808038 23.221399 56.252700
1695.440088 292.626715 23.314357 53.644092
1695.071824 291.447779 22.843009 54.757875
1693.224282 292.539131 26.282040 56.419501
1694.039928 292.202012 23.232202 53.508195
1696.437057 292.245918 22.083330 55.785578
1697.194962 290.918481 22.364269 55.267423
1695.605274 291.720871 22.622520 53.143332
1695.134533 292.415387 22.023488 51.942875
1696.134848 292.324676 22.843906 52.849015
1694.035651 291.765538 22.941166 52.378579
1692.051624 292.990888 26.330520 53.776800
1695.922848 292.508479 22.711649 51.772947
1697.283003 292.041526 22.963824 53.357899
1694.676287 293.357991 24.640354 51.406998
1693.796085 291.671832 23.101373 52.825631
1691.266595 293.328573 27.751067 54.653516
1695.525517 291.913622 23.300854 54.290405
1693.416535 292.539131 24.780220 52.863323
1694.219544 292.706055 26.700834 54.705793
1697.024389 291.690987 23.386612 53.857270
1694.826424 292.302773 23.898715 52.342943
1694.920737 292.065491 24.266142 56.039585
1688.114184 292.752707 29.195786 53.251011
1692.764432 294.843814 27.228837 49.986560
1692.427868 291.747082 26.651098 56.135321
1691.321232 293.000776 26.414438 55.522124
1696.059916 294.544462 25.603038 51.536032
1695.239880 291.300028 23.247807 54.744799
1696.439277 291.430250 24.112016 53.908539
1696.859373 291.800314 24.390426 53.875106
1695.238210 292.019327 24.052900 54.006496
1696.466423 292.850014 24.696371 52.733327
1696.661857 290.954321 23.217668 53.639763
1699.494987 292.119073 22.187830 54.164615
1697.066876 293.247301 23.737481 52.228697
1699.179936 292.277738 22.747664 54.542913
1695.224592 292.691142 24.595889 54.351541
1698.296053 292.651492 24.622993 54.477765
1695.138098 292.851165 23.354805 52.974737
1698.775898 293.787124 22.307912 51.660964
1667.682545 293.407541 20.328520 59.422314
1697.466365 293.763433 23.315212 51.378327
1698.990883 290.670681 21.297312 54.554147
1699.090311 292.380245 23.837255 53.829365
1698.302486 293.487736 22.828948 51.851054
1695.579041 292.131220 24.471351 54.889517
1698.645105 293.674697 24.466268 50.563432
1699.202941 293.262055 25.252497 52.156714
1697.118001 293.976881 24.580564 50.031880
1697.003482 291.557810 23.434598 54.634007
1696.835880 291.918237 22.216247 51.562025
1697.075642 292.040962 22.089493 51.859592
1699.665474 292.848143 22.740090 52.203822
1695.690013 293.120276 23.296344 52.880323
1699.354284 293.547984 22.110545 50.683873
1698.926191 293.519405 23.007938 50.190578
1693.706162 292.502959 27.585195 50.495926
1692.142448 292.958473 29.687501 51.394099
1695.518226 294.537251 28.142097 52.644984
1698.460141 293.107439 24.970359 51.937326
1698.991825 293.952514 22.758252 50.120538
1695.412738 292.624045 23.847639 50.012972
1698.052352 293.858561 24.499427 52.485807
1698.534013 291.876624 21.704505 51.917919
1699.028545 292.616703 23.362454 53.630569
1697.446907 292.744515 22.788449 52.226139
1699.181641 292.581213 23.050822 53.647991
1697.268082 293.975762 24.868719 52.569741
1698.021986 293.554836 22.052217 51.407477
1698.682035 292.895642 20.675549 50.677743
1699.131038 292.079099 20.397538 51.365498
1692.527482 291.715924 26.245979 53.610141
1695.984924 294.184174 25.861942 52.036211
1699.079252 292.823926 20.131818 50.392317
1699.252118 292.134334 21.816913 49.885136
1698.061830 291.198929 22.377939 50.203929
1698.855562 292.043332 23.078215 51.608293
1698.358382 290.950553 21.894525 55.875584
1698.407742 291.524477 21.612311 52.298293
1697.944684 290.366508 21.691618 53.747557
1697.052166 291.483507 23.654525 53.172535
1698.628348 291.196886 22.116616 53.245544
1698.689264 290.666830 22.263685 53.866592
1697.354904 290.429873 23.201767 53.795784
1697.209424 291.414458 24.085416 52.413182
1696.532869 293.020908 25.087909 52.646507
1699.338616 290.995466 21.744456 52.306534
1696.465810 291.934313 25.117410 52.239375
1698.302943 291.195757 22.224239 53.534975
1694.838668 291.066936 24.962551 57.172900
1696.011214 292.103433 25.637454 53.223884
1698.898830 291.751714 22.531907 52.963974
1697.732183 291.051586 22.294862 50.674010
1696.669372 292.541847 23.290663 51.631611
1697.070600 291.977721 23.990326 52.561620
1698.814448 291.158099 21.969415 53.612622
1694.087971 292.397821 24.639574 51.984597
1696.089046 291.207637 23.272741 53.151550
1695.699517 292.438760 24.920250 52.381645
1696.978998 291.374397 23.433796 56.466215
1698.251857 291.121183 22.764789 56.635923
1697.356306 291.342692 22.658420 56.084055
1697.372616 290.931759 23.009431 57.482240
1694.678010 291.375850 23.347305 54.274305
1696.642666 291.399178 24.433341 53.298031
1698.921425 291.220002 22.002216 54.865884
1693.879205 292.025645 28.982001 53.023625
1697.501648 292.161902 26.252481 54.187207
1695.116470 290.494011 25.461183 55.638911
1695.838792 290.953849 24.807207 59.346859
1698.060569 291.674813 24.396343 52.971566
1697.431822 291.125781 23.277857 52.162846
1698.497099 290.813885 23.017535 51.688123
1700.460774 291.321014 23.474223 53.417904
1698.251684 291.636251 23.593704 54.666875
1697.531516 291.806407 22.732968 51.627341
1696.984776 291.490934 22.672935 53.810424
1697.721969 291.528279 25.511075 54.764588
1696.758887 291.548864 22.908483 55.307283
1697.953524 290.715841 23.252727 59.500849
1699.034500 290.915955 22.149967 52.041318
1698.668701 290.409259 23.377621 54.526786
1697.200347 291.885857 24.714197 54.068024
1697.772440 291.500707 23.942433 58.134851
1697.870539 290.732477 23.990978 56.935030
1698.633953 290.585387 23.107891 54.005957
1699.467057 291.302774 22.925585 54.123080
1698.593168 290.976087 22.200461 53.470642
1698.636584 290.813885 22.710208 50.835038
1696.881619 291.259503 22.856392 52.619796
1697.797802 291.679261 24.444185 52.246306
1697.407709 291.265436 23.342337 53.025534
1693.402302 291.993269 27.640058 52.749604
1695.473492 293.021492 27.222387 52.863263
1699.300762 292.241468 22.401047 53.444539
1699.387338 291.341576 22.565581 54.319045
1698.843008 291.682398 22.237146 53.349277
1698.841671 291.196362 22.561812 55.867472
1698.244336 292.169653 22.802273 53.422872
1697.421932 292.180140 23.878537 56.191112
1699.502390 291.948204 22.621909 54.308080
1700.577992 292.024774 22.011177 54.116831
1700.303406 292.180140 23.464844 52.740302
1698.233440 291.846544 23.130044 53.489472
1700.614220 291.737611 22.079548 53.758691
1699.384022 292.106801 23.746485 51.195655
1698.390344 291.617784 22.325921 53.480570
1699.590364 290.515530 22.873041 54.625529
1699.883079 290.965048 21.759264 53.554228
1700.039433 291.981790 23.454451 54.042843
1701.327832 292.709960 23.401165 52.674375
1699.200386 292.834581 22.478471 52.862694
1698.362440 292.202009 23.361151 52.627703
1700.282491 293.869575 21.921546 50.606425
1695.708428 291.709784 25.307417 52.693882
1699.916882 295.283502 21.293968 49.177366
1699.810333 291.496730 22.611907 50.446621
1699.474623 291.706008 22.786055 50.028993
1700.520985 291.959733 22.268135 53.174828
1695.429684 293.048809 26.424560 52.952403
1698.600291 292.803542 22.900769 53.331043
1696.200325 292.571650 24.491292 53.949236
1698.594398 293.065928 23.321120 53.188795
1699.463186 292.207635 23.433395 52.331159
1699.504700 292.620653 21.668427 52.150078
1699.270176 294.745232 22.817563 48.826588
1696.879063 292.967483 24.224211 51.533470
1697.869506 294.322140 23.863850 52.024808
1698.785944 294.336573 23.771936 51.406560
1696.658004 293.490620 24.302433 50.317607
1698.231394 293.412878 24.380994 51.820750
1697.256207 295.171247 24.170121 47.974805
1697.901317 294.275932 24.239262 49.120857
1697.870579 293.858663 23.021218 49.598674
1697.451201 294.672611 23.397293 47.701873
1696.473318 292.398446 24.245480 51.818874
1697.407784 293.214049 24.120110 52.718415
1697.581813 293.611964 22.627909 54.228365
1697.835283 291.698554 24.277757 55.980978
1696.035327 294.401951 24.629779 52.940297
1696.545195 292.856172 25.693592 53.163116
1697.109725 294.744240 24.006801 50.686556
1697.030270 294.580358 24.305458 51.513510
1696.841393 293.906678 23.892795 53.761514
1699.543286 293.873648 22.771086 54.078247
1697.102543 293.312242 23.384157 53.472793
1698.440186 292.728152 22.994931 53.951392
1699.331604 292.827249 22.596521 52.340678
1697.720149 294.736462 22.768858 49.007443
1697.893690 292.891540 23.410987 53.310764
1699.694645 295.632741 21.149421 48.174648
1698.725278 292.935402 21.649052 51.675947
1698.895990 294.431660 21.608330 49.994051
1698.005924 292.841949 22.769982 51.860984
1697.203525 292.964697 23.722822 52.435628
1697.276668 293.715528 24.501118 52.327193
1697.917743 294.785548 22.430736 52.337436
1694.879562 292.837019 25.988296 52.913638
1697.657933 293.494889 23.246521 52.903847
1696.456880 294.079562 23.561256 52.593987
1697.268313 293.895297 23.122102 52.076459
1697.080340 294.131366 22.872640 51.290478
1697.211178 294.574753 22.893734 49.642127
1696.697812 294.942415 22.768062 48.835718
1696.201074 294.037708 25.258166 52.401616
1697.219491 295.380216 22.949147 49.427241
1695.904177 293.324200 24.027294 53.317167
1696.178101 294.098041 24.201729 53.538802
1697.574666 293.524477 24.285852 52.865692
1697.305310 293.805879 22.714744 52.855348
1696.910650 294.816160 25.515355 51.152507
1698.034900 294.761934 22.179648 52.342409
1698.125214 294.291308 24.028899 53.090920
1696.069058 294.283781 24.329355 51.578150
1697.630454 295.089705 23.858450 49.480517
1696.879941 295.499193 23.492240 48.743810
1695.062243 295.154185 24.215418 49.761185
1695.612560 294.622668 26.742978 47.751305
1698.233846 295.383435 22.687616 43.824864
1699.040015 293.635086 24.506896 48.992869
1732.669247 265.372318 26.240997 48.051535
1700.233013 294.055748 24.952128 46.628011
1699.008150 295.627881 22.968105 44.184765
1700.688138 294.218224 21.721061 44.601931
1700.497795 294.942076 19.676752 43.600109
1696.983820 293.350710 23.455833 44.691149
1697.587079 294.916020 22.381592 44.450134
1698.538011 295.794293 23.140612 41.056033
1699.364374 293.780100 21.105182 43.117522
1699.131231 295.905440 23.145329 42.459963
1699.844533 292.839950 21.222459 43.809115
1699.817609 296.258173 23.107613 39.054049
1702.818524 294.686977 25.739026 40.352441
1701.517958 296.289266 21.610385 46.590847
1693.830104 294.613576 26.687619 46.140760
1696.067085 295.067202 28.719363 46.565493
1695.222991 294.620359 24.955963 44.907610
1695.571416 295.130802 25.756359 43.506116
1697.408036 295.175605 25.031978 44.575357
1698.501337 294.627222 22.739176 44.602473
1697.361528 294.435952 24.771942 44.314072
1697.217480 294.046578 24.766260 44.224514
1697.090842 293.996260 24.045343 44.853260
1697.502396 294.046578 24.635050 44.830459
1699.438294 292.910064 22.195048 45.072302
1693.790546 291.837411 26.694121 44.606635
1696.727496 293.161406 25.460786 47.122680
1696.739045 293.784337 23.116025 44.906660
1695.489743 294.048874 26.745476 48.888746
1694.168374 294.174896 25.121561 46.607036
1695.341777 295.565033 27.101603 46.643837
1691.507665 292.808119 28.520352 46.924953
1697.392774 294.253082 24.559055 46.494356
1696.002935 293.562040 26.624317 44.652101
1699.632937 294.364291 25.248357 44.686904
1700.271347 293.645347 23.065477 44.006513
1699.709162 292.664591 23.179101 46.336030
1697.872013 293.707910 25.019740 41.982202
1699.064038 293.281689 25.077015 42.443467
1696.517387 292.071131 25.381233 43.193482
1697.585708 293.350360 24.883661 43.477853
1699.330319 294.684926 28.233681 43.766078
1701.012620 295.037969 24.330094 43.615583
1700.785755 294.404977 25.534222 41.874184
1701.291166 295.091711 21.788864 44.642992
1701.410076 294.139885 24.960791 42.701194
1697.032315 294.916020 24.797231 44.319331
1697.001866 293.682225 25.333028 45.427133
1697.922950 294.312743 23.767847 42.804431
1697.471680 294.160577 25.253654 43.799808
1698.254563 294.041401 24.931331 43.966012
1698.919077 294.220960 24.588752 43.786453
1696.425384 294.206055 27.464354 44.537088
1696.138690 292.851594 25.408438 46.208340
1698.560256 294.186593 25.475514 44.089802
1696.288875 293.723164 25.561943 46.732630
1694.357942 293.831956 27.708969 47.704517
1696.532958 293.282611 26.691669 47.644231
1697.678501 292.902082 26.847298 49.919041
1698.746790 294.480020 26.504133 45.805698
1699.882074 294.678754 25.245503 47.280150
1699.539735 295.522106 26.922950 45.280616
1700.698034 295.663145 26.344979 46.334044
1697.363769 294.408440 28.541941 48.184161
1703.011968 295.432560 22.835493 46.050915
1701.325613 292.314227 26.570942 49.072345
1699.862380 293.769630 22.611067 50.001404
1700.808384 292.814332 22.725850 50.292828
1701.756455 293.372416 22.836832 48.635760
1700.598793 294.065611 24.969461 49.291481
1701.320550 293.779089 23.106733 50.582619
1700.433120 295.027156 24.210874 49.239484
1701.355465 293.349222 22.840791 50.775210
1700.551479 294.139896 22.830977 49.871315
1700.461715 294.189530 22.131659 51.828238
1699.810125 292.850669 22.735615 51.738032
1701.670679 294.309194 20.983422 48.742741
1700.363348 294.252472 21.498913 50.056910
1698.171742 293.666246 23.846909 50.069250
1699.510402 295.196524 22.549702 48.663572
1696.903290 291.943556 25.063047 47.391436
1698.987740 293.384758 24.265343 44.847702
1698.710559 294.241930 22.832019 44.618130
1699.147485 292.917301 23.471556 45.749978
1668.928137 294.222349 29.732423 47.499403
1695.178546 293.270606 25.195826 46.617165
1697.301821 294.714036 24.393047 45.660444
1698.464663 293.734307 24.810796 45.703279
1699.197124 292.471868 22.838312 46.091465
1699.273602 293.964333 23.089945 43.327476
1693.646722 291.784178 28.570884 44.825792
1697.053764 293.557219 25.733180 46.438098
1696.874434 293.787734 26.353156 46.077214
1697.436256 293.496466 25.736839 46.371019
1698.381187 294.096041 24.916591 44.472566
1670.297610 294.270198 17.892668 50.855694
1660.494999 292.875812 21.755239 53.169716
1664.948884 292.749416 20.088330 52.997747
1664.362119 291.220716 22.137487 51.607106
1665.726752 291.593329 21.820633 53.848444
1696.363458 295.121131 24.392956 43.828103
1697.562386 293.043053 24.841590 44.758931
1698.665517 293.230349 25.445299 45.759913
1700.280764 293.699024 23.033479 44.838220
1700.342622 295.257423 23.712029 44.958457
1696.795689 294.499257 26.083898 44.930668
1697.223344 293.872588 25.555158 47.504064
1696.696936 294.427189 25.123219 46.404878
1698.190144 295.615255 24.417992 44.069919
1699.514791 294.169546 23.099714 43.882272
1700.020475 293.949976 22.050288 42.016128
1700.872781 290.130205 23.155164 44.257577
1696.075438 294.275181 25.078027 45.344433
1697.889173 294.742426 23.567471 43.848823
1699.249368 294.767280 22.041450 44.336503
1699.471475 294.568627 22.460028 42.436190
1700.421055 293.431858 21.405093 41.938251
1699.397483 293.928705 22.128998 43.205186
1700.494947 293.374312 21.411692 42.780689
1665.329332 293.647647 21.754770 47.536904
1697.713357 295.442745 23.002450 40.975810
1699.647628 294.602400 22.208690 43.229693
1700.592938 296.301900 22.362812 42.067384
1696.287701 293.214783 25.471250 43.562240
1698.440575 294.350367 23.639170 45.199349
1697.334432 296.180815 23.598067 44.270184
1697.883177 293.815770 23.478759 46.181586
1699.490336 294.980765 22.009759 44.898571
1699.517726 293.309130 22.976905 46.435918
1696.004890 293.954088 24.693622 42.680636
1698.638901 294.223549 22.760295 44.708211
1698.533769 293.063860 22.898983 42.686944
1699.184383 294.628774 22.432582 45.711069
1698.784644 292.579354 21.091259 43.381160
1699.206016 294.985440 22.772825 43.691653
1698.856679 293.657431 21.131139 44.510716
1699.666019 294.308853 21.267619 44.960859
1699.286603 294.236028 21.019861 43.453982
1698.961616 295.385024 22.107834 43.220273
1699.287581 294.397211 21.617980 43.316842
1696.579952 292.914459 23.768833 48.194407
1697.775701 294.102351 23.056475 47.097996
1697.294997 294.282197 22.299811 43.284660
1699.348233 295.010487 20.862641 43.008981
1699.436624 294.289248 21.248923 44.560097
1700.090966 295.159593 20.411809 44.085824
1699.828601 295.827026 20.001372 43.121963
1699.632766 294.807337 20.251766 42.003155
1696.381704 293.317607 24.475020 45.401819
1699.485780 294.907861 21.262621 44.164895
1695.172216 291.927226 24.909320 44.931951
1698.128911 293.516070 22.196185 46.021791
1697.195847 293.660642 23.183692 46.552948
1699.424723 294.167061 22.424464 44.969897
1700.315510 293.160235 20.950185 44.950263
1697.252106 293.857888 24.078839 45.116211
1700.017423 294.993743 21.557206 41.621286
1699.238566 292.445939 22.372172 44.775580
1698.791708 292.300672 22.282044 45.374334
1699.407714 291.712295 21.401118 45.305756
1696.043892 292.546117 22.500377 45.313659
1697.673601 293.121288 22.319235 46.804371
1698.846216 292.893863 21.857717 45.129596
1694.388862 292.367643 23.712401 48.231746
1696.986474 293.411763 22.840659 47.321295
1698.806841 291.216817 22.265925 48.834409
1698.886350 292.839036 23.190699 45.921260
1695.744489 292.705494 23.181729 47.860328
1697.769517 292.545610 22.886768 46.953695
1699.077500 291.325803 22.571778 48.575076
1696.819482 292.447853 22.560334 47.895206
1698.801818 290.692678 21.079909 49.153567
1698.941487 292.519715 21.777379 46.544838
1699.367334 291.683959 21.347610 45.131290
1698.007088 291.059508 21.315582 48.212226
1698.013754 292.477785 22.575107 48.204011
1697.268360 292.161699 22.155941 48.702527
1699.064357 292.047250 21.952494 48.753417
1700.162971 292.089388 21.815859 46.981562
1699.447604 291.611366 21.939512 46.877795
1698.881074 290.927606 22.161270 46.519405
1698.031522 292.265613 23.136958 46.284097
1700.543297 291.085474 21.189696 46.623267
1692.391275 292.404030 27.768160 48.351874
1699.052636 291.237022 21.959187 49.272460
1699.287440 293.055011 23.120918 45.836488
1697.878787 291.678288 20.849576 46.642557
1698.515263 290.278252 22.679971 48.457098
1696.178379 291.714626 23.484066 47.446799
1697.366493 290.158187 24.697576 51.432902
1697.462538 291.260865 22.936246 51.926961
1698.975607 290.672093 23.512193 50.158678
1697.563530 291.712949 22.074385 47.269863
1698.648303 291.319681 22.260881 48.020031
1699.757175 290.649552 21.595900 49.706730
1700.132655 291.013651 20.991184 47.572435
1698.556924 289.707059 21.146166 47.951238
1698.215476 290.705494 21.743620 49.949883
1699.125880 290.984274 22.963338 49.712987
1700.326554 292.351127 22.433817 47.575882
1700.967556 292.596374 22.637389 45.456733
1698.195210 292.345037 23.086444 47.284113
1699.607305 291.263843 22.865014 48.269912
1699.241194 292.129772 22.550812 47.335712
1701.744368 290.463572 20.889083 48.587651
1698.150803 291.969531 22.004409 47.123589
1700.407875 290.526271 21.522149 49.121880
1700.833599 290.933994 21.541668 49.626587
1701.080620 290.469591 21.206287 49.107302
1700.889118 291.483684 22.100616 45.360688
1699.945240 292.076288 22.365338 45.442626
1701.674383 291.351387 21.807616 48.268690
1699.637066 291.668974 21.047361 48.574240
1700.522450 291.138649 22.788949 49.948172
1701.335479 292.528643 22.588946 47.197368
1697.555483 290.915628 22.039890 48.765535
1699.819774 291.729496 21.786414 49.955193
1699.947947 293.369347 24.141254 48.831197
1699.421544 292.982788 23.949644 47.430763
1701.132638 291.844937 21.037356 47.697735
1700.276818 292.402240 22.708713 46.234866
1700.673968 292.642902 21.580386 46.044270
1702.123968 291.498031 20.817512 46.957389
1692.841536 293.418810 28.541176 45.995416
1697.980252 295.297568 25.209888 47.397296
1697.175816 291.457726 24.950875 50.236144
1701.798375 292.324357 22.788351 49.411453
1698.455460 294.133672 22.354848 48.159069
1700.246711 291.468581 22.178584 50.043251
1701.359645 293.725527 22.106690 47.142880
1698.698624 291.475544 26.664251 47.118940
1698.912885 292.210466 22.699017 50.060876
1700.141635 292.559852 23.438149 48.479288
1700.144038 293.108657 23.319119 46.833902
1700.306477 292.636236 22.309676 48.135619
1699.742835 293.026016 25.334621 48.557374
1699.053873 293.027149 22.381747 47.153571
1699.696902 291.405888 23.152194 49.508636
1701.014335 293.037090 22.359529 47.888125
1700.105755 293.596378 22.087472 46.649188
1701.848963 291.066997 21.924575 50.727071
1699.485976 293.647516 23.170487 46.283492
1701.643928 292.297502 23.609457 47.286500
1700.069177 293.727208 22.028173 46.851839
1697.749051 293.255975 25.673604 46.550968
1698.873198 292.980884 24.664946 47.304483
1699.034296 293.973260 22.963726 46.267619
1699.883958 291.206138 21.124315 46.705535
1699.121244 292.789016 23.746626 44.520026
1699.746780 292.951041 22.680803 45.979501
1701.561496 291.783226 22.837627 48.891881
1699.557172 293.475198 22.078542 47.313092
1700.993123 291.656915 21.083960 48.778685
1701.696871 292.927237 21.949896 48.591656
1698.673204 292.712938 22.011224 48.369597
1701.427144 292.450579 21.678924 48.543985
1698.758692 291.801905 22.496966 50.736880
1701.173218 292.311425 22.691603 50.325320
1700.397591 291.502963 24.374136 50.816281
1698.758047 292.852111 23.807160 48.932494
1700.255417 291.890532 22.918733 49.785565
1699.043488 293.362993 22.413737 46.884479
1700.193980 291.319548 21.217553 46.376562
1698.667758 292.959879 22.093557 45.252080
1700.052265 291.625164 21.958759 45.363156
1699.370092 292.662834 22.661670 45.076195
1699.829891 291.162141 21.966706 47.292093
1699.700461 292.351983 21.784785 45.943869
1700.459236 292.061340 21.648437 46.049792
1700.638499 293.166192 20.722205 44.352185
1701.265112 291.023822 23.036922 47.213659
1704.112538 291.907726 22.457485 47.734607
1701.126708 293.099066 23.506571 49.834163
1700.908705 290.404430 21.339230 49.626344
1703.379959 293.371857 23.774031 45.803476
1702.353576 293.784061 20.232095 48.105716
1700.542753 290.235171 23.048853 47.717518
1701.756759 290.391954 23.042432 47.895089
1699.297505 291.273471 23.539541 49.177053
1702.502181 291.531745 23.781158 50.771841
1690.936641 290.105411 30.688242 49.790060
1701.968970 292.593229 25.179358 46.732409
1697.629418 292.643092 24.054136 49.441850
1702.365771 291.938629 22.194760 49.833653
1700.844458 290.751992 21.731632 48.952743
1702.969543 290.867826 22.174257 47.338361
1703.069595 291.358985 20.761981 46.048966
1701.563280 291.398670 22.233355 47.315079
1701.805478 292.057238 24.207398 47.376198
1701.520492 292.675080 22.480479 47.279211
1702.069534 292.253061 22.865305 48.387250
1702.524719 292.086955 25.607628 49.340513
1700.223003 292.646843 24.113967 48.716640
1702.089325 291.982792 22.103836 45.673191
1703.016251 291.910226 23.156043 48.187971
1701.930001 292.927054 22.989361 45.845588
1702.028867 289.715491 21.820278 49.134029
1702.497623 291.939327 22.808510 46.707407
1703.333820 291.468679 22.756204 47.892981
1699.455349 291.848195 22.662133 50.789510
1699.637871 290.630815 23.761134 54.372569
1701.931526 291.343021 24.441531 54.132204
1699.123592 292.487507 23.602331 52.056459
1699.534122 290.675872 26.401809 55.671373
1700.201842 291.236922 24.993176 53.825743
1703.136333 290.601284 23.317190 52.096555
1701.429321 292.099431 21.692336 50.704513
1700.845258 291.798596 23.165891 52.793351
1701.490943 290.836799 23.649600 54.510142
1699.957837 291.539120 24.335252 50.846075
1702.512839 292.761013 23.862684 52.073320
1699.626097 293.146060 22.927861 52.606278
1700.035321 292.258207 23.421882 52.127404
1700.276419 293.287636 25.032162 52.907005
1702.412159 293.047165 23.213107 49.332653
1698.697376 293.936502 24.834363 50.636846
1698.670371 291.250029 23.824897 52.961460
1700.304412 292.214960 24.761397 50.239305
1700.024796 291.050269 22.697428 52.093795
1700.635184 291.884692 25.074107 51.715886
1700.651619 291.660521 26.499560 53.499748
1698.898339 294.043305 24.748688 48.029056
1698.524538 292.936676 25.421697 51.530038
1700.249852 292.902492 24.849989 52.000961
1699.235260 293.358353 23.353158 47.704600
1698.061424 293.446783 23.467061 47.708538
1698.870954 292.634171 23.801243 50.452548
1699.805609 293.513113 26.838487 50.085450
1701.694854 293.151262 25.185913 48.848727
1699.979049 294.361912 22.476653 49.761773
1700.888827 293.257612 22.952383 48.723003
1701.607142 292.822478 24.669858 51.263751
1699.879304 293.613098 22.775626 51.229882
1700.530499 293.452833 21.579772 49.129226
1700.101364 293.555997 25.228980 49.419174
1698.755298 293.555258 22.691825 49.831714
1700.217609 293.054845 25.320586 48.851759
1700.344564 292.528971 22.930766 48.696189
1701.055903 292.506793 23.292035 48.714624
1698.386437 292.544720 23.728895 48.610769
1700.166917 292.932485 21.709117 47.913342
1698.025669 291.110340 22.947158 51.318683
1701.280164 294.021319 22.039642 48.937145
1700.853109 291.675164 24.820693 50.051365
1697.651495 294.028293 25.450873 48.579786
1698.441255 292.455162 23.051493 49.964003
1699.911567 293.077448 24.055842 49.773817
1701.323899 292.499720 23.278196 50.721288
1701.275239 293.517563 22.578712 49.020581
1697.606437 295.023868 25.654892 47.109217
1700.418462 292.515102 22.631180 49.724116
1699.409290 293.867800 23.029604 47.707963
1698.751707 293.212833 22.646531 49.321163
1699.638441 294.482488 23.969607 48.397060
1700.855526 293.773264 23.761213 47.610849
1699.470275 293.463285 21.980582 47.406320
1698.842287 292.714281 23.712971 48.428465
1699.877382 292.018607 21.696918 52.892303
1699.992837 293.125989 24.099898 51.354391
1699.740356 293.309422 22.602493 48.818698
1699.920829 290.873321 22.049374 49.561023
1700.896812 293.055011 23.529718 46.880549
1699.288957 292.701664 24.517046 48.406294
1701.054928 293.576805 24.117903 47.959667
1699.070154 293.770414 25.009081 48.943189
1701.283006 292.663401 23.084201 51.047204
1701.751912 293.259018 24.074141 49.475406
1700.787406 293.845763 22.799431 47.823379
1702.632488 294.098598 23.292425 48.503012
1701.637453 292.898225 22.986351 46.474899
1697.733363 292.548151 26.384492 48.515953
1701.283620 294.137763 23.822210 49.595179
1700.234240 293.058790 26.224966 49.033833
1696.471780 292.618492 27.920765 49.604764
1701.771360 293.956134 22.599386 47.867189
1700.139200 293.399391 23.389348 46.714869
1702.101419 292.106148 22.246010 48.112006
1701.164398 292.189759 22.894146 47.721837
1701.140525 292.082182 22.448648 47.342056
1702.571104 293.229566 22.418980 46.671314
1700.120068 292.534590 23.107670 47.174142
1701.430640 293.266272 23.377640 47.505584
1701.281274 292.126741 24.245470 51.771503
1700.691798 292.972954 24.336831 53.077957
1698.955715 292.720870 24.037301 51.171895
1699.933421 294.041228 24.267559 49.530776
1700.751969 292.445777 25.511932 49.646846
1699.036403 294.327747 24.712106 49.070064
1700.162436 293.023136 25.587752 51.383519
1702.681682 293.572515 25.590009 50.560931
1699.585210 293.751198 23.991780 49.893446
1700.616376 294.813268 26.560463 50.905632
1699.203562 292.800682 26.478195 53.628244
1698.530746 293.634918 25.094027 51.832676
1696.728161 293.517627 25.159068 51.408100
1697.670535 292.989646 25.922766 52.764412
1698.843595 293.089709 25.392287 53.865071
1699.475253 291.866845 24.450406 55.318358
1699.051079 293.461429 24.753282 52.414306
1701.301320 293.889224 23.679013 50.329240
1698.875936 293.726990 23.660690 49.527771
1700.186340 292.372958 23.969952 52.195616
1699.742280 293.261205 23.822308 52.595979
1699.261374 292.675461 25.435722 54.503093
1698.018817 293.704953 25.207062 53.097159
1696.055773 293.542455 25.100025 53.489714
