1598.000000 522.000000 22.000000 60.000000
1596.289008 524.471229 23.396822 56.124644
1595.839936 524.477146 22.068188 56.591764
1595.159382 525.597932 21.062164 55.137170
1595.222085 526.394275 20.716651 54.513869
1594.136576 526.276931 20.408744 55.222068
1592.595529 525.306144 21.361711 56.551924
1589.054252 526.294495 24.190824 56.775564
1589.856422 527.563243 23.155073 55.554865
1588.697311 526.566151 22.233028 56.736990
1584.809916 527.382003 26.846881 56.784205
1585.705683 527.973405 25.928386 56.972859
1582.941940 528.173713 26.895412 58.304885
1580.652739 528.638210 29.198053 57.201749
1579.774785 528.440538 29.199245 57.891465
1580.108332 528.762495 27.955151 57.686318
1578.844790 528.658012 28.980198 57.713360
1578.491111 529.535200 28.868452 56.877327
1577.001849 529.832502 28.374457 56.514032
1576.456719 529.910765 26.837231 56.844925
1575.491992 531.010324 24.968026 55.302021
1574.596524 530.396253 24.290728 55.946005
1574.755771 531.659604 23.533869 56.136506
1573.834660 529.792261 23.568035 57.865026
1572.125978 531.082709 25.489663 56.546252
1571.892120 530.179003 24.238781 59.290923
1570.541844 530.962903 24.743573 57.816170
1569.364148 530.277510 25.580399 58.429378
1568.231482 532.608661 26.473811 55.876298
1567.251122 531.439652 25.943343 57.830567
1565.926374 533.286079 26.810308 55.447893
1564.769636 532.898463 26.454358 56.306691
1564.395444 533.609285 24.273087 56.841162
1563.874705 532.653001 23.745182 58.297244
1561.903916 533.095927 22.484894 58.398045
1560.672205 532.953853 24.161102 58.524203
1558.883843 532.783647 25.340225 59.422287
1558.876204 534.053979 24.541290 56.900557
1556.930758 532.315585 24.450221 60.489580
1555.458493 532.540415 25.079557 60.701986
1552.440808 533.769451 26.584265 59.662303
1552.535199 534.240438 25.728200 59.479929
1549.320632 533.894051 28.795238 60.320888
1547.538951 535.773317 29.398415 58.002481
1544.883578 535.084450 31.614918 59.567906
1544.954096 535.539943 30.468719 58.559420
1544.316116 535.508155 31.085283 59.019423
1542.948153 536.611998 32.120221 58.275161
1542.516402 536.580716 30.901828 58.360654
1542.504872 536.802171 29.452242 58.668750
1540.989082 536.233075 28.736543 59.017166
1540.819316 535.821568 25.214055 60.031745
1538.922433 536.930309 23.837826 58.603410
1538.766458 536.650555 23.725817 58.357233
1536.532545 537.274077 23.550152 58.219913
1536.625482 537.968829 23.716235 58.057860
1534.588163 537.655794 22.153563 59.078837
1532.649443 538.837964 24.237906 58.767837
1529.503390 539.300742 26.053429 58.364341
1528.992384 540.112453 25.913925 57.640079
1526.710848 539.613849 27.438382 59.245627
1525.382737 541.180098 28.362555 57.772428
1524.382735 541.851823 28.040020 57.756427
1523.903696 541.527672 27.755394 58.566335
1522.647805 542.896723 26.146515 57.165186
1522.888851 543.544500 26.624495 56.676627
1520.143909 543.525315 25.812706 57.575642
1519.979628 543.904072 25.396174 57.317049
1519.061605 541.394835 24.495230 59.901740
1518.068510 543.975122 23.321945 55.847719
1516.748379 542.316516 23.822526 57.384640
1516.257988 541.813851 23.248229 58.399564
1514.980576 545.241303 23.149186 55.119523
1511.804470 545.019073 25.629603 55.920760
1509.755005 545.014000 26.681074 56.739099
1506.709910 547.180250 27.864214 56.055442
1504.130477 546.468842 29.731996 56.634182
1503.650384 546.458493 30.475723 56.499634
1502.617204 547.107381 30.301303 56.179733
1502.777412 546.348255 29.547968 57.462014
1500.860677 547.726648 30.773330 57.115871
1501.100982 546.048587 28.640147 58.204925
1500.355795 547.141972 27.258912 56.373766
1500.231515 546.328849 26.789439 57.892252
1499.276632 546.464083 23.926031 58.422675
1496.429486 548.105720 23.413398 56.507937
1496.048490 545.315332 22.561450 58.710851
1493.781663 546.912832 22.545428 55.363358
1492.795044 546.856172 22.047491 56.224465
1492.824341 546.309605 22.428908 56.618974
1489.375291 548.056390 24.993710 55.771540
1486.913558 547.992281 26.949239 55.334224
1483.975941 548.700161 28.382090 58.305502
1481.545624 548.540455 30.424750 57.279457
1480.245085 549.276105 30.697839 56.369228
1480.334035 549.577630 29.642600 56.334401
1478.091333 548.932907 31.137124 56.946519
1477.313847 548.612835 29.572081 57.650870
1476.820681 548.365653 28.783882 58.299710
1475.558675 549.095428 27.867364 57.842029
1475.894240 548.304214 24.538020 58.574976
1474.954459 549.506078 24.053381 56.979854
1473.302124 548.993747 23.439256 57.877850
1472.493910 549.682818 22.646326 55.517362
1471.022103 549.753501 22.690802 55.777781
1468.633568 549.350324 24.304494 56.717900
1465.577859 549.507217 25.860925 56.328390
1463.520066 549.343344 26.644860 57.217305
1460.381461 548.593650 29.831164 56.913023
1457.937193 549.782523 32.047666 56.540992
1456.544866 549.946583 31.831443 55.642143
1456.360563 551.138358 31.069136 54.876046
1455.845387 550.477708 30.348482 55.041444
1455.290080 551.260363 30.522485 55.112659
1454.475850 550.029110 29.553517 57.290951
1453.011006 549.061872 28.858093 57.555663
1451.417426 549.745125 26.775705 57.316796
1450.694930 549.541731 25.387824 57.677257
1449.922703 549.508638 22.800331 56.206527
1448.652427 549.534502 23.265130 56.726543
1447.551817 547.167629 22.436687 59.089531
1446.545918 549.677985 22.102804 56.242339
1445.759832 550.542438 22.043527 55.654572
1442.837187 550.842243 23.772787 57.621604
1440.571905 549.419091 26.043739 59.395059
1437.805717 551.534649 28.499344 58.110235
1436.902867 551.160024 29.082899 57.957972
1435.783061 553.134095 28.788865 57.511346
1434.962711 553.071477 27.139222 57.394864
1434.352449 553.386983 26.662369 57.613249
1434.046667 554.325901 24.878874 56.000222
1433.778662 554.011482 24.282927 55.721798
1431.750186 554.451783 21.608064 56.166982
1431.157035 555.684056 20.663458 54.918782
1428.923540 553.959522 19.991695 56.354080
1426.987456 554.041764 20.643607 55.437006
1424.754345 553.833252 21.634222 55.999829
1424.898690 553.899198 20.023003 55.729002
1420.296250 554.813908 23.382525 55.646157
1416.828599 555.945141 26.398074 55.136970
1414.252462 556.157868 29.088971 55.041512
1411.927443 555.306563 31.092590 55.786192
1410.901495 554.485415 31.669439 57.003625
1410.322259 555.980981 32.333376 55.164582
1408.949585 557.116867 32.834733 54.133130
1408.296438 556.122869 31.611276 55.915051
1407.669570 555.860304 29.154237 56.526614
1406.496811 556.499861 27.267159 56.379338
1406.072157 559.464060 22.771413 53.456587
1404.380289 556.258892 25.181923 55.977838
1403.221998 556.988453 21.296054 55.933045
1402.705964 556.521247 19.990397 54.328947
1401.406353 555.927068 19.437990 55.872857
1397.576731 555.429899 22.962580 56.708060
1394.386141 555.489266 25.334222 56.896696
1392.854130 555.607544 26.457162 56.545802
1389.620148 555.221769 29.089237 56.909303
1387.565435 556.009866 30.970433 56.510299
1386.162505 556.692029 31.817179 56.219972
1385.963541 557.851676 29.979408 54.848555
1384.850734 552.642757 29.085888 60.452742
1383.950675 555.546578 29.627053 58.467238
1383.304447 558.122589 27.394786 55.793825
1382.569413 558.721736 24.410681 55.565653
1381.627602 555.304160 21.842995 58.378805
1380.692639 556.299548 20.452608 57.417481
1379.729146 557.694091 20.702140 55.743316
1378.727883 557.206299 20.799623 57.456428
1375.809445 556.429509 21.519989 57.575033
1372.423385 554.385447 24.295203 58.113848
1367.488249 554.299583 26.800249 59.197330
1365.001858 555.580321 30.192728 57.433009
1362.655044 555.315390 32.466464 58.016601
1363.520964 556.206911 30.859967 56.507854
1361.995574 558.196927 30.981105 54.111029
1361.320605 556.036845 30.940474 56.120097
1360.143245 555.582980 29.986567 56.852744
1358.496329 558.210469 28.041968 54.519252
1358.868076 559.112093 24.236118 51.433613
1356.775679 559.150609 24.943029 53.632480
1357.002902 556.438539 20.102372 54.544586
1354.331598 558.247631 20.077928 52.658795
1352.778344 556.307856 20.000752 52.044323
1350.520577 557.544740 20.454463 50.681593
1348.061434 555.239260 22.551446 57.285611
1346.983273 554.310029 23.879864 56.405052
1342.648829 554.202549 27.266410 57.752065
1339.636033 554.346316 30.662926 58.349986
1337.695712 555.269696 32.029037 57.401026
1336.687541 553.383473 32.907226 58.907598
1335.992362 550.682223 32.209261 63.441572
1335.516664 553.008710 33.987620 61.352775
1334.137268 555.573238 32.140735 59.082240
1334.291774 557.460112 26.823918 56.257351
1333.685145 558.386845 25.397375 54.312302
1331.241037 557.598077 23.076556 55.409884
1329.574266 557.715393 22.749414 54.316795
1329.280938 555.828653 23.109004 56.072722
1326.961830 556.826719 22.190282 55.038996
1327.995159 556.143062 20.190471 55.957726
1324.842766 554.719388 21.411783 56.910825
1319.695506 556.867948 25.424440 56.742270
1316.096633 557.420547 28.516062 55.221572
1316.231490 557.562876 28.372981 56.596628
1315.414988 555.509821 29.846085 57.392912
1311.019092 552.688909 32.813681 59.064568
1307.985949 552.439911 34.781443 60.683922
1308.650700 555.343263 32.238557 57.700420
1308.736696 555.747551 30.523078 55.150587
1307.484226 559.748953 27.367804 53.406709
1305.876761 558.844236 27.648468 51.622608
1357.576705 537.966342 22.823127 64.651285
1356.915407 540.871155 22.971958 63.075234
1357.404418 539.929473 20.529627 63.227527
1352.466863 541.656248 25.278661 57.703548
1353.906307 544.323828 23.561020 57.951083
1349.275253 544.529184 24.019117 57.521572
1350.136285 543.768290 23.966314 58.676186
1346.727641 546.531724 27.488825 59.873165
1343.838030 545.621872 26.332057 52.452625
1289.209979 557.995273 29.206015 56.131995
1287.494089 557.716380 29.504873 57.055747
1286.767403 560.034308 28.243946 55.643669
1285.648477 561.267781 28.079961 54.783043
1285.348694 560.816895 24.750974 55.517544
1285.641720 560.318893 22.396647 55.895764
1282.861772 560.427577 20.880326 55.472772
1283.491558 559.676811 17.993706 55.088180
1280.877493 558.122681 19.690247 58.563776
1280.082590 558.336374 19.834070 56.833960
1276.606544 558.030880 22.283608 59.928847
1272.425713 555.451130 25.839662 61.328214
1269.183080 558.350919 28.532941 58.490755
1267.341040 557.816339 30.225141 58.758153
1267.132785 559.403107 29.894016 57.845271
1265.100190 560.185833 31.738537 56.819939
1264.641014 560.335700 30.602048 56.955008
1263.052317 560.038788 30.385249 56.764153
1261.762427 563.085879 27.941961 53.454162
1262.442428 561.608140 24.177464 54.956326
1260.606124 561.306005 25.566092 54.942286
1259.732283 562.563934 21.188626 55.337761
1257.292726 563.404648 19.762928 54.985895
1254.434252 563.184763 20.826776 55.011545
1253.382032 562.794555 20.392658 54.346836
1251.147347 562.089083 21.168057 54.474398
1251.454331 560.877262 20.267840 55.558314
1248.859272 561.183262 23.504101 56.251245
1246.151354 557.997926 26.020865 59.284952
1243.710342 560.678531 28.626422 56.149451
1242.949601 561.255257 29.180592 55.892686
1241.767665 563.114834 28.921146 55.443992
1241.008018 563.139369 29.075846 54.325707
1239.509515 561.548398 28.185494 57.990700
1238.266359 561.935355 25.886804 56.818322
1236.815507 564.028577 21.703564 56.011264
1235.864308 562.832760 19.294147 55.262885
1233.274622 563.452321 19.935250 53.674756
1233.290609 563.943369 18.582746 52.588834
1231.551553 566.327076 17.969577 50.050186
1226.777710 563.030219 23.020571 55.242968
1222.169105 563.647411 26.823092 54.675412
1219.335800 563.361766 28.674523 53.949246
1217.701459 563.402000 29.770326 54.405174
1216.536578 563.106864 30.489201 56.887813
1215.002832 562.505198 32.765681 56.170429
1213.212416 562.366064 31.849399 57.579025
1212.697523 560.861625 30.219403 57.293816
1212.484163 561.539364 26.404561 54.877723
1210.449041 560.915212 24.486518 55.108672
1209.157977 561.974799 26.692702 56.831546
1208.590898 561.962881 24.417818 57.950008
1207.586273 561.299598 22.138379 56.215889
1202.264293 561.677171 24.742514 52.133494
1199.860860 561.666282 25.645084 54.330857
1198.716026 559.990593 24.893908 54.346979
1199.211904 560.067522 23.246771 54.427169
1198.248399 561.644615 23.752516 51.499561
1194.552010 561.961315 26.731486 52.376666
1189.855688 561.148694 30.505674 53.232449
1191.812077 562.077731 28.770063 52.764563
1189.776302 561.714733 29.316799 52.242610
1188.839488 562.329196 30.821572 51.750438
1183.380717 561.440975 33.059526 51.078194
1184.871233 562.902931 26.636996 50.446403
1186.101371 562.641566 27.466956 49.410159
1184.833590 560.958858 23.352487 51.753354
1185.905641 561.752034 21.597395 49.646881
1185.738628 563.652145 21.739802 47.873386
1183.773482 560.794337 21.943905 51.920744
1181.845919 562.596088 24.404180 52.092595
1180.985337 563.167629 23.019490 52.947747
1182.422108 562.041775 21.253770 52.528456
1178.940670 562.951523 24.752206 55.375716
1178.402618 562.085674 24.619079 58.187580
1178.128027 560.357038 24.726679 56.573596
1175.283438 560.052496 25.637334 53.206538
1176.400201 561.299795 27.956897 51.521837
1171.395544 561.290751 28.725023 51.501858
1170.741398 559.874599 27.482344 53.838131
1168.594999 558.817987 29.356833 54.923316
1166.380514 559.050461 30.122209 52.436081
1165.076182 559.016159 29.306199 52.682354
1161.422897 558.497353 31.415537 53.191682
1161.768681 558.643418 27.929997 51.564271
1160.522404 558.637145 25.255198 54.098253
1160.126278 562.252084 25.593966 54.256158
1159.117566 564.648425 24.492368 55.889676
1154.984305 563.909446 20.050653 49.702484
1153.285543 565.804158 21.289782 47.718772
1155.980634 564.161531 23.269171 49.287425
1184.030637 542.525590 24.889003 49.580064
1185.010206 538.450546 23.933487 61.424783
1149.429453 557.040545 21.125936 54.234690
1145.507665 562.240931 23.585333 48.757136
1143.880974 563.553528 28.663333 45.291936
1146.104422 563.273477 26.743338 47.845903
1143.479531 563.000891 28.287577 46.370898
1142.690083 562.568703 29.222534 52.915702
1140.271541 561.794824 28.571575 49.554568
1138.455376 560.577165 30.706595 51.076299
1136.230698 560.750698 31.760629 51.096256
1137.996598 561.302318 27.058759 48.264875
1136.029614 562.118414 25.824533 47.790175
1135.065184 563.126683 23.953917 46.358735
1133.983099 561.302567 23.415199 49.143222
1133.764971 563.023580 19.855347 48.444325
1131.210648 560.122870 20.154829 51.726822
1129.345912 560.868437 20.835958 51.433696
1129.814830 559.613555 20.040217 51.664174
1126.815707 560.974258 21.750212 50.253469
1125.824152 561.438878 21.430471 50.629413
1123.678137 561.914409 23.046943 50.308367
1122.423584 562.241771 23.442552 50.882961
1119.079569 561.780220 25.533215 52.637699
1118.880257 561.465715 26.541365 53.541781
1117.543719 563.878272 27.472257 50.451399
1116.094164 563.838849 26.996681 52.674136
1114.426359 566.298129 27.914075 51.592757
1112.927415 566.339197 26.813311 50.808444
1111.768680 564.823908 26.322196 51.880208
1110.567314 565.391520 25.776870 53.219495
1110.409128 565.569780 25.384218 51.778619
1109.455248 567.037666 23.893294 50.090664
1107.616804 567.380293 23.658863 49.997018
1106.067392 568.294225 22.343427 49.071009
1103.511862 567.503957 22.334165 53.104519
1101.131707 567.171707 24.016522 51.126386
1101.087979 566.339149 24.093262 51.542287
1099.094492 567.298939 24.714570 49.559152
1095.479493 567.575300 29.371354 49.611713
1094.351201 566.855000 27.775413 51.031868
1093.446090 568.457858 31.567111 50.411887
1093.299624 569.528847 28.988817 48.897587
1091.097431 568.266329 30.055043 51.333541
1089.696041 569.516493 27.434779 50.490084
1088.293796 567.774171 24.929491 52.843265
1087.156036 568.625122 21.731736 54.362388
1086.419492 569.847169 22.481148 52.559456
1086.304153 567.811952 19.789646 51.065882
1085.549771 568.058549 18.559701 51.454664
1084.307497 566.673223 18.785405 54.323634
1082.405639 566.048288 20.610138 54.237232
1077.911159 566.121276 23.446819 55.350964
1072.085702 566.070663 27.809875 54.523867
1070.105204 566.383206 30.145956 54.361165
1069.679089 568.142679 29.984313 50.758579
1068.117892 572.406060 31.258536 48.737987
1066.722073 565.676551 32.526804 53.671495
1066.731812 566.017737 30.810660 55.028003
1063.318132 567.169861 32.941341 54.719733
1064.229817 568.664219 27.502458 54.007074
1063.306283 567.389424 27.065982 54.495026
1063.465685 569.810857 25.147911 51.751336
1062.105008 568.254306 22.119947 53.331235
1027.289451 569.507589 22.796842 54.542581
1022.942795 594.666543 30.422248 67.236698
1022.055383 607.661757 28.984013 60.261908
1021.060304 611.647140 28.255027 52.239453
1050.021556 568.397476 25.853421 54.427151
1047.040480 570.114823 28.714553 53.566242
1044.336942 569.433894 31.041417 52.283287
1043.381473 569.168809 32.650279 57.597978
1039.532451 569.629328 33.825392 53.441982
1039.881110 568.776280 33.795608 55.684347
1039.457898 568.517174 32.646290 57.296699
1038.414411 569.340354 33.380259 56.577135
1039.026194 568.141429 29.553099 57.574380
1038.535058 568.028281 25.242830 57.214000
1097.894399 557.723037 29.563285 56.792926
1098.017593 556.883559 28.791724 54.808437
1094.144492 559.305748 31.105843 53.859230
1076.932062 550.921102 41.768624 65.340801
1086.367816 554.977808 29.561068 64.990695
1025.206663 568.330451 25.541639 56.417406
1025.588246 569.862201 24.242055 54.163924
1020.269069 571.674963 27.507461 52.362634
1018.073835 570.254477 29.835195 56.512033
1018.739747 570.858905 27.812189 55.386841
1019.045912 570.771336 26.909622 54.816172
1019.033379 570.771769 25.763476 54.433418
1015.851463 571.606510 28.500220 53.085513
1015.356026 571.050417 27.248475 53.776220
1014.601630 567.611019 24.592800 52.317677
1014.532105 568.525022 20.465959 52.860048
1013.382886 565.873527 18.694042 54.524507
1011.573251 576.789336 19.212074 58.830484
1054.294653 589.502963 19.330217 52.242795
1052.564458 592.683405 24.829332 45.989672
1049.415340 593.906818 27.443735 44.796790
1049.012677 595.124246 26.510803 43.385648
1047.163740 593.175021 27.781028 44.223804
1036.944199 557.203499 22.680318 55.667831
1033.313535 552.174728 29.169157 68.574074
1040.861734 556.160757 32.725167 67.659229
984.846752 573.650624 28.685527 55.048473
983.710864 575.846460 26.808980 47.651103
980.970634 577.295300 28.786846 52.162672
982.368127 576.936696 27.334881 49.852400
981.487499 574.051047 24.974043 51.710967
980.280856 575.960315 23.675225 49.800790
978.460424 576.428160 24.393524 51.357166
978.063004 574.746834 21.413471 51.287585
976.514970 574.839027 21.319020 51.013341
975.216928 570.841949 20.665008 52.935091
972.360934 572.496514 23.090490 50.875806
968.235892 573.729596 25.790197 52.430226
966.141775 572.449161 28.107946 51.591450
963.725733 575.652378 31.156312 52.448176
960.254791 574.209131 31.671472 53.624758
959.175124 576.497175 33.443590 51.260755
958.908293 576.497769 35.238599 53.726637
956.740739 579.355857 30.761473 50.139156
956.348235 577.611622 32.775856 51.681212
955.227005 577.480873 32.071975 51.341920
953.831297 576.886488 29.318011 53.663691
953.449465 574.328847 25.660586 57.681478
951.982471 578.219731 23.099462 52.828483
950.027492 578.412518 22.579752 50.804619
948.343527 577.910451 21.653997 51.692869
947.106269 577.197584 20.301262 50.938276
944.839918 576.398426 21.730231 52.854830
941.298009 577.977856 23.307355 51.604444
936.579707 577.218505 27.652849 51.295704
934.534279 576.692329 28.962585 52.503790
933.984591 576.920345 29.072805 53.665146
931.667140 578.832272 30.324869 51.169369
930.634817 579.882131 32.032914 54.636873
930.952795 579.303923 28.661941 53.171783
929.577552 581.111561 24.786369 51.037823
929.634746 582.206098 24.377779 51.934970
928.385523 582.379765 22.807140 52.211219
962.209353 547.207563 29.950016 57.391624
963.126687 546.604461 27.043802 52.785404
962.345799 549.574060 22.423614 49.305203
960.952056 550.595029 22.527726 53.268977
957.512046 547.899593 25.757919 55.907956
957.208088 546.956604 22.489805 58.297936
956.592342 575.682297 32.155074 69.477038
871.081843 621.812192 29.090999 65.409108
867.856272 621.575168 33.166896 67.684377
865.415587 624.638765 34.820739 64.784529
865.573001 619.989379 27.288076 69.603634
862.989886 623.650925 29.341310 65.563966
862.543507 620.597602 25.076630 68.774784
861.404366 619.670994 23.873572 68.554114
859.509053 617.990298 22.999080 69.780007
857.683516 620.843591 22.699724 66.638494
853.814319 620.072139 23.667900 69.963913
850.451712 623.019124 25.902820 69.378037
846.405611 624.651354 28.944466 64.080277
844.391632 624.887110 30.562599 65.988544
841.269600 624.643645 33.414826 64.971575
841.620749 630.660577 30.931364 59.749100
841.252484 629.803228 30.732090 62.954514
839.036328 634.856231 31.341395 57.973627
837.572789 635.410487 28.624914 56.455341
837.162494 633.792535 25.281917 56.842627
834.684254 635.448836 23.436067 59.503828
834.207734 633.805225 23.058838 58.585495
830.103323 633.904382 23.548451 56.909254
827.758831 635.642907 24.612279 57.480269
824.801498 636.497581 25.247422 56.197321
822.755015 635.274558 26.414845 60.157025
818.549895 631.863874 29.199027 62.818149
815.222694 632.007923 31.251137 62.811808
813.642514 633.216739 31.790611 64.427456
811.103437 632.914209 33.752838 65.724693
808.216023 633.133472 33.184406 68.871392
806.826567 633.511318 29.511784 69.180312
809.589953 633.909099 23.035956 68.963709
808.188328 637.121290 22.903934 65.584944
806.859724 637.160801 21.641822 66.200770
805.159366 637.847414 22.655166 63.495339
803.156918 638.814904 23.308791 64.216411
803.403014 640.816333 22.852695 61.824228
801.053321 642.877696 23.746579 60.692461
799.292770 643.951354 24.154278 60.058731
791.811289 642.804117 28.918215 62.263611
789.526640 644.980598 31.817590 62.375806
788.174677 646.897569 30.788603 60.852456
787.143144 647.795249 30.264895 57.001538
786.043119 647.205296 28.456730 59.060754
784.618866 646.922496 28.378314 58.878697
783.393609 647.847214 25.457860 60.289527
780.681406 647.727599 23.470082 61.711168
779.166286 648.071013 22.131206 59.783995
776.530180 647.235837 23.258338 61.427122
774.318857 648.426960 23.950477 54.561272
771.645229 648.049482 24.944849 57.601171
765.037953 648.324023 30.196129 52.689777
764.764631 649.592720 30.808732 57.983465
761.554913 650.811925 32.308567 56.067583
760.314248 650.720797 34.152961 59.435909
759.411655 651.543996 33.431620 58.007752
759.147714 652.647875 32.741950 59.664770
758.942588 651.806263 28.221420 58.958614
757.164844 651.898566 26.755417 63.162793
756.008077 650.840500 22.498604 62.195254
753.082154 651.288535 22.236597 63.269188
750.821518 652.140211 21.795014 63.607844
748.599640 651.642772 22.533304 57.369780
745.680086 654.892055 24.181808 60.287597
743.486363 655.281914 26.474536 59.123087
739.199614 654.160863 31.111369 63.507494
738.688382 655.767156 30.680713 58.735366
736.529836 653.644296 32.375653 65.847144
735.334370 655.515795 31.086886 57.317120
734.827997 657.020611 28.341289 55.866638
732.859103 656.146108 25.533239 60.065418
731.354278 657.036831 24.492358 60.890650
729.048677 658.796196 23.463153 61.557518
727.070746 659.288552 22.139479 61.108334
724.753506 658.963077 23.199389 60.890584
722.372539 659.875045 23.838987 61.888365
717.500129 661.283805 27.675047 61.183214
714.623661 662.345843 30.105051 60.776371
711.188057 662.948605 32.474459 61.093889
708.604600 663.396133 35.983127 63.461180
708.541620 663.886163 34.895597 63.008662
706.762039 663.677498 35.430963 65.547530
705.891335 663.603909 34.189068 66.947940
705.473465 662.976044 26.482173 65.093933
702.881174 664.373200 29.424445 66.780485
702.039179 664.184342 24.498633 64.203718
699.997171 665.175929 23.605465 65.121063
698.081003 663.881984 23.009473 67.169185
696.620823 663.474337 23.484894 67.645468
694.337467 667.051478 25.039699 62.061777
691.282327 668.246322 28.342638 64.045349
687.219350 669.616198 32.129641 63.407637
685.355821 670.349344 33.238889 63.130811
684.068007 671.165643 32.662561 65.421653
682.764761 672.208653 30.934668 59.140096
682.475717 673.284176 28.403837 66.398794
680.054150 672.356060 27.777873 64.094416
677.854346 673.191909 25.503174 61.440813
676.641080 671.822706 24.239166 64.643015
674.610650 672.671592 22.476566 63.834647
672.831241 673.417580 22.915953 62.194968
669.608948 673.351913 25.316629 61.651323
667.524670 673.185684 26.901366 64.067845
662.220391 669.370493 31.415548 69.195922
659.616680 672.617917 33.735400 67.710034
657.868762 672.119355 35.304229 69.132842
656.819238 671.200269 35.237966 66.773822
656.941884 674.337824 33.719873 61.514016
656.387182 676.875146 33.102054 62.753191
656.102668 677.061608 31.203900 66.007954
655.145555 673.283497 27.427154 66.104005
653.757293 675.102282 24.636232 64.197292
650.234603 677.809901 24.560266 63.358560
647.919628 679.182336 22.500819 59.700556
647.578398 679.771982 21.933932 60.831222
645.916168 680.789868 23.897976 60.589896
641.742523 682.100907 28.009729 63.378260
640.169779 682.207344 29.101803 62.736589
637.885682 681.947507 31.167316 63.755524
636.366670 681.083666 31.685121 63.187754
634.088793 683.070801 31.998664 64.019103
632.631640 681.344804 31.463131 62.775456
630.704845 683.066243 30.491296 65.954597
630.143738 685.136186 25.778482 63.035464
627.380856 686.477082 24.863653 61.977283
625.606115 686.974776 22.674566 60.373167
623.976331 686.111955 21.806171 63.233062
620.802504 687.540407 23.575799 60.237429
618.329843 688.188287 25.562912 61.199281
615.838517 688.855601 27.267025 62.523644
609.931369 690.299197 32.191497 63.346234
606.477135 689.704779 35.825796 63.937868
606.708265 689.426201 34.434850 65.504128
605.907955 689.620540 35.034193 65.974201
605.463614 690.976300 33.654999 63.429784
603.959098 690.362918 33.544010 65.896406
602.080274 690.488880 32.346463 67.629010
600.605914 690.817585 29.291160 64.358956
597.594483 690.474861 26.589641 64.857874
595.502161 691.121263 25.161056 63.874687
592.896472 692.352589 26.274812 61.912032
592.191774 693.129239 27.172052 66.112748
588.804428 693.887131 29.180820 65.321937
586.721416 694.530433 31.320639 67.403955
583.443172 695.373941 33.881986 66.304235
581.771722 694.406180 34.903205 69.373208
581.018847 696.243870 35.361251 67.124494
579.399005 697.542870 34.248947 70.858833
578.554533 698.372847 32.637108 66.619302
576.378390 698.596530 29.585072 69.146791
575.046765 698.790647 27.290062 65.844838
574.015181 699.509970 25.142750 67.661206
571.269005 700.529356 23.525339 64.583598
569.199518 699.957533 24.185058 67.366033
567.142596 700.290570 25.172419 66.520459
565.420147 701.415741 25.796405 67.909507
559.437324 703.072399 31.023795 64.868712
557.271279 703.988759 33.535997 66.044384
554.259243 702.095076 35.529014 68.940605
553.671326 703.221087 36.755746 68.175490
552.467329 704.464094 35.414305 68.354169
551.497304 705.262234 34.900978 67.412418
552.040611 704.812986 32.231863 69.333817
549.823630 706.301343 28.792306 67.631721
548.189419 705.254481 26.676020 65.829903
545.218717 706.559775 25.153936 63.698563
542.241303 707.304755 25.343821 65.171758
541.096553 708.034988 26.167171 67.448466
541.246310 708.384207 24.998995 66.323484
537.215741 706.061041 29.605282 71.190603
534.521979 707.939152 31.589937 69.279164
531.626361 707.519924 33.156091 70.140532
531.376245 710.691408 32.519052 66.674709
529.565537 710.166169 31.003503 64.510542
528.658544 706.543314 31.396533 70.580916
525.722428 704.815309 30.183765 73.607503
524.506150 711.843969 29.170667 70.060660
522.547116 706.809673 27.205555 79.676043
520.589268 713.454990 27.545932 69.743800
519.533628 715.576527 27.379201 74.081821
518.298677 716.058217 25.874692 68.130479
515.250932 711.123844 25.901299 66.698845
512.505156 710.104514 30.193722 75.321453
509.499029 715.009487 31.789914 77.953571
504.506697 706.557841 36.042438 82.305202
503.362938 715.245895 37.371588 75.340622
502.733763 709.884946 34.330651 78.733431
501.604892 722.296495 29.010068 70.674534
501.442015 723.189786 29.057714 68.440426
498.297797 723.948645 22.911682 65.210436
497.335895 721.539175 26.372382 65.590827
494.182248 721.881426 22.258848 62.160409
494.147374 722.586950 23.220684 69.098291
491.982572 721.978051 24.293241 67.636165
491.238378 721.299510 25.802705 69.126484
490.904778 726.859613 26.259388 64.059828
487.551908 724.751585 29.384092 63.245248
483.263323 728.044786 33.439512 61.015609
481.141196 725.875567 33.333324 60.183742
480.212130 729.217830 32.898935 56.149376
482.592599 726.260107 28.902545 60.174568
481.489958 727.520381 27.423326 62.654598
476.076940 730.062714 29.202640 63.887286
476.041840 724.505536 25.450576 68.332932
470.594470 729.682045 27.647180 74.994024
471.325036 723.626765 22.543010 67.975782
471.436709 730.854832 20.030299 63.258101
465.503844 730.612442 22.264898 63.004403
467.050924 731.812468 23.293302 68.154339
462.005354 725.463375 27.528521 65.406895
458.593914 725.270552 30.655636 75.933102
456.222323 728.494742 32.070886 75.994612
456.377615 732.425513 31.047813 64.603995
453.495518 726.429911 31.435463 72.900705
451.889711 729.798014 31.649951 73.394198
449.950173 734.601973 28.729711 64.322039
451.888587 723.209446 24.363017 72.867714
449.436651 723.427860 24.385999 73.582442
447.853226 728.013719 22.794935 66.363182
443.562424 725.705228 26.100257 73.019061
442.537139 736.688310 23.824119 69.682117
442.630671 729.975432 23.083725 70.437692
440.344531 740.358063 25.390852 59.192441
437.677102 740.816668 27.310930 60.968113
434.146428 738.090017 29.466882 59.289771
434.174754 741.810362 26.598230 63.073428
431.652774 736.409150 26.581866 58.668530
431.302796 737.159906 26.938171 56.803302
430.734929 744.307963 24.837072 54.754412
425.142802 730.418168 24.270309 72.829325
422.349921 733.362593 21.932312 71.900206
422.998476 735.554272 20.426145 70.032131
418.038654 738.313646 23.405789 57.142873
417.288534 733.110394 22.832442 62.355789
413.087683 738.492617 25.662823 58.486720
409.968234 738.302120 27.186092 63.147624
407.654642 738.168353 29.306934 62.833030
406.930071 738.679662 29.423379 61.882238
404.663639 739.221288 29.610835 62.922536
405.370640 739.495675 28.749915 59.647302
403.896016 744.985421 27.355883 60.721963
399.793414 736.652181 25.553849 63.428689
396.509240 740.251814 24.575932 60.901316
395.631467 740.691623 23.001566 60.505657
392.924347 741.033430 25.168081 56.740344
392.990780 741.920746 24.609952 57.055781
389.572727 742.105675 29.920912 55.635622
388.089422 743.132119 31.212442 56.530575
385.497456 744.628315 33.110468 56.557217
383.651202 745.602716 32.402267 58.126968
382.651923 746.780808 30.666921 57.298893
382.339157 746.334281 29.415107 62.427631
379.201820 746.858623 31.893054 62.409353
377.909914 747.569724 30.393668 60.140123
375.989004 748.401929 28.433346 62.300962
373.936510 748.099791 25.700035 60.648580
371.914223 748.998460 24.331413 59.309304
372.526062 749.194176 23.837619 58.880460
370.423403 749.199125 23.690288 61.592191
368.676533 751.639720 23.885625 62.127495
365.801454 752.727609 26.094869 62.079830
362.694531 754.007455 30.105946 65.501886
361.044620 755.899247 31.186754 64.057014
361.556792 755.510337 30.369504 64.926576
359.026671 755.953334 32.218182 63.535499
356.864089 757.678004 33.023968 63.130596
354.216917 758.472757 33.628539 63.854915
352.232679 758.805764 31.741853 62.586369
350.402963 758.203534 28.104242 65.161109
351.570373 758.170072 26.932844 64.727794
348.225039 758.225138 25.697632 64.682326
345.859939 758.247219 28.312533 65.964674
343.256415 760.356940 30.891442 65.503187
342.180961 761.603347 30.557985 65.149515
340.266611 763.323185 35.687003 68.252173
340.676129 763.646455 34.163637 66.713208
339.562816 764.077901 36.427630 68.240585
337.686850 765.196169 36.669615 67.574812
334.843441 766.575150 37.142813 66.353308
334.455595 766.768912 33.057588 65.781899
332.695070 768.277772 29.486018 67.330830
332.541428 769.413102 29.312641 64.618901
330.395586 767.852469 27.909254 68.770678
329.321189 768.694508 25.577496 69.146195
327.635779 768.235534 24.982562 66.939150
325.877878 770.579498 25.591751 64.841496
323.248985 771.837539 26.640741 66.358523
323.549018 771.581922 26.311479 68.464582
320.715706 774.041197 28.745326 64.306089
319.180748 775.456135 31.242509 65.465960
317.926667 774.735128 31.173320 68.948426
316.603142 775.703590 31.985712 67.409066
314.874681 775.727382 31.836432 68.534808
314.269841 776.220339 31.961464 68.271180
311.713133 777.424956 32.428910 69.027347
310.214717 777.819875 29.133125 67.890925
307.937137 778.159074 27.138342 68.509727
305.924813 779.159529 27.514951 65.918065
304.685658 780.479393 28.935818 68.425499
305.185007 780.085112 27.498293 65.718496
302.434544 781.450490 28.899522 68.489980
302.398153 780.981244 30.361771 66.043765
301.189438 783.718938 34.842751 64.825603
298.765830 785.433698 34.783917 71.513802
296.688302 786.305878 34.342613 70.461896
297.215415 786.248646 30.891414 70.964852
294.501634 788.729123 31.267517 68.743785
292.735569 788.940944 31.516872 68.613979
292.187827 789.976505 29.434694 71.381180
289.969206 790.486135 26.682267 69.582381
289.045366 788.274046 25.614671 74.158823
288.710659 791.250135 25.032194 67.635970
287.161464 791.310460 25.360517 72.902545
287.237429 793.170208 24.888646 68.974079
283.771169 794.655307 27.002243 69.859456
282.321187 796.642002 27.841286 68.353196
280.079200 798.859550 31.145895 65.404622
280.541421 797.856648 30.472069 67.852831
278.534420 799.171973 31.522371 66.740838
277.173267 800.392791 32.170851 66.362916
275.123429 801.370801 32.564366 66.197044
272.791895 802.764577 32.285776 65.834507
271.498705 802.522542 29.199746 66.547448
271.870072 802.645701 28.597302 67.977607
268.985392 803.497344 27.896641 67.774862
268.479639 805.085044 28.451367 64.395100
266.353084 806.830674 31.873139 67.793712
264.498415 806.745444 32.320645 68.899534
263.099735 808.262745 36.008953 69.835139
263.252773 808.159044 34.768621 68.946005
261.952141 810.630465 34.563408 70.439555
260.787113 812.216664 34.569359 70.399972
259.207378 813.648686 33.377457 70.709713
257.684453 814.679103 33.619056 67.837512
256.312035 816.043447 30.394776 67.658734
256.417154 815.974167 30.634271 68.609311
256.000922 817.050332 28.351853 66.460845
254.009254 816.658065 25.878716 69.233863
252.807334 818.465697 25.411342 67.014030
250.486306 819.257679 25.542548 66.253727
249.385657 820.379943 26.228335 70.072201
249.164004 819.858256 26.889430 69.882326
246.754933 821.745618 27.381881 68.477212
245.042145 824.144873 30.589082 68.160869
243.705979 825.418633 29.722432 70.354747
241.789483 826.776876 31.529324 68.241467
240.435780 827.450708 26.580008 70.866217
240.094473 827.296386 32.245605 69.345080
238.803237 827.747932 32.266972 69.111741
236.865881 828.793914 30.442089 67.064429
235.468869 829.700172 26.385489 67.081697
233.613752 832.067399 27.802575 63.475243
230.885890 832.488014 30.590710 66.276508
230.853493 834.769265 33.059915 65.554947
230.732982 834.386508 32.335932 65.489303
230.271649 835.876384 30.867000 70.190922
228.439856 837.139096 33.833992 64.812035
226.722138 838.663757 35.474035 66.844631
224.447064 839.475869 34.545721 68.703633
224.741203 841.009735 31.762166 67.829455
224.272461 842.224628 31.954517 65.644189
221.867738 842.189946 32.383240 67.551289
222.612203 842.999128 28.680025 66.831098
220.536673 844.018212 27.918769 67.205488
218.918098 844.719985 26.130377 63.752244
217.074245 844.995605 26.072401 64.695262
217.931179 845.379885 24.373239 66.895100
215.713058 846.901501 26.576055 68.754872
213.580535 848.433155 27.330540 69.633818
212.436649 850.301092 27.626142 69.774667
210.826284 850.847876 29.747305 67.728190
209.088440 852.696980 30.798042 68.839844
209.038698 852.964316 30.456140 66.293553
207.836609 853.256190 30.483077 70.115136
205.840028 853.413952 30.347601 70.778353
204.919667 854.647520 30.520897 65.631150
202.505644 855.346916 29.385251 67.272006
200.793787 855.273193 28.722830 64.140088
199.941367 856.351259 29.561985 62.814306
199.594217 857.819896 30.976295 63.799809
197.894957 859.046422 31.332903 63.839653
197.775038 860.952768 34.808205 66.938891
197.224441 861.428170 35.793122 68.599673
195.257346 863.990992 38.115085 70.505545
195.588550 864.049581 38.126438 70.877996
194.995506 865.337069 35.782504 69.718530
193.359329 866.509286 36.357429 70.012755
191.445158 868.265328 35.652274 68.646717
190.433674 869.106885 33.251336 68.044965
190.763643 869.796741 31.259776 68.423479
189.653993 869.894133 32.156864 68.724223
189.214717 870.416709 30.459987 69.063366
188.467840 870.588340 27.869775 68.492835
186.648310 872.035973 27.371093 66.122951
184.993804 873.783261 27.787149 67.773766
182.999373 875.810777 29.314871 66.978657
183.542791 875.925905 28.790603 69.392900
182.137492 876.743891 30.394840 72.343739
181.335201 878.728203 29.236209 70.652859
178.850030 880.359128 32.163749 69.706794
177.299912 881.107475 32.863164 71.752800
175.662122 881.360511 32.876490 71.922129
175.625258 881.846334 32.650908 72.342535
174.428335 883.230104 32.417927 71.420077
173.002819 884.252770 29.625800 69.768191
171.696767 885.856622 30.257541 66.505803
170.913355 886.835112 32.263191 67.180456
169.816507 888.022358 34.701511 69.442986
170.160231 888.179234 34.406647 68.604522
167.858207 889.607140 37.602171 71.688656
168.512845 890.842931 36.700427 71.804086
166.849644 892.182908 37.554643 72.050569
165.831405 894.308203 37.034707 71.946948
164.538104 896.270761 35.989238 69.791194
164.449170 896.019077 35.672440 70.345524
164.485084 897.861129 33.666659 67.752261
164.612114 897.796736 33.086927 68.840914
162.874758 899.024210 32.657018 68.611394
162.533738 899.494828 29.404809 68.470074
161.845980 900.392156 27.606532 67.316424
161.842452 900.073644 28.046959 66.363244
159.715703 901.796513 28.865684 67.283622
158.064094 903.169952 29.820800 69.312552
156.920715 905.216948 30.006501 71.941040
156.181447 907.842940 29.381346 71.526893
155.353934 908.725806 29.391229 72.680712
154.407510 909.414699 30.830927 72.107269
153.251933 911.277369 30.946047 72.030951
151.723000 912.868969 31.402564 70.247730
151.070974 914.569122 31.183133 69.491550
150.148639 916.060076 29.643675 67.913205
149.352103 916.253453 29.574614 67.641465
148.839052 916.159083 30.123709 67.915863
147.271648 917.414274 31.697820 67.739111
147.115785 919.794658 32.456651 66.490058
147.276181 921.666179 34.389181 70.389438
144.959522 922.609443 35.710763 71.748801
145.301892 925.075431 36.323506 71.985641
144.080968 926.422803 37.412855 70.407437
143.223553 927.559398 36.764129 71.862793
143.572000 929.065306 35.580965 71.652099
141.980691 930.924939 34.873317 71.252783
142.475642 931.951227 33.172641 69.488658
140.740673 932.650900 33.992554 70.550098
141.293745 932.580000 33.005256 70.061477
141.701487 933.273785 31.383346 70.089137
139.463611 934.819833 31.708199 68.496423
138.183081 936.066978 30.473536 68.125983
137.483640 936.900608 29.046019 69.714959
136.526453 938.522532 29.864260 72.278258
136.593980 939.144802 28.855320 71.555943
135.746891 940.894150 29.499953 72.497395
134.635703 943.107471 29.962981 72.638737
132.984456 944.467707 30.716881 72.806310
132.987205 946.146862 29.889289 72.182341
131.126588 947.187424 31.077637 71.485247
131.384692 947.446448 30.466413 71.162211
129.612111 948.692285 31.421477 69.858566
129.256531 949.306218 30.740510 69.946865
128.921382 950.307750 29.738096 69.367228
126.585324 952.215481 32.870967 67.847338
126.744626 953.174149 33.651539 69.098451
126.737622 953.183226 34.087049 68.656168
125.892105 954.909329 34.035080 70.435400
124.971392 956.876892 36.869198 71.604335
126.309022 959.775475 35.625200 71.433920
122.538388 960.751122 36.782737 72.229390
122.822237 961.614613 36.040010 73.247973
124.302638 962.098034 34.736433 73.621891
121.242371 963.193752 36.068762 72.393200
124.467357 964.606511 30.981176 70.525975
122.824826 965.646037 32.601699 69.685303
122.204115 965.349679 31.145125 70.832720
121.471212 966.378444 29.230292 69.393571
120.982188 965.803380 30.514325 69.503636
120.949084 970.907458 26.355893 63.009016
118.939280 970.088855 27.975554 69.269435
118.400616 971.220247 27.609649 72.438777
117.426439 972.921135 27.733074 73.547528
116.695459 973.585861 28.120389 75.174884
117.233158 973.874746 27.123782 73.516032
116.109597 976.545089 27.870111 73.648737
114.160797 976.860489 28.651593 74.219968
113.203755 979.409945 29.031699 71.575544
111.121046 979.511394 29.916072 71.832055
111.055151 981.307148 29.440002 70.475627
110.211745 981.602884 30.215454 69.468395
108.594890 983.022531 30.902661 68.048748
108.008343 984.200624 31.835046 66.482261
106.203768 985.055786 35.009457 68.352282
108.455168 986.947861 34.043182 70.062108
104.825764 989.021727 36.872907 71.833710
105.561918 989.404206 36.263875 70.972750
105.171506 990.153647 36.198988 71.422184
