1396.000000 933.000000 82.000000 147.000000
1411.136686 931.415839 70.332661 148.584161
1416.303991 929.127643 70.255093 150.638289
1420.715614 926.479240 70.343560 153.214498
1424.389578 923.758107 69.676001 155.931512
1428.771095 921.511370 69.227185 158.187223
1431.230876 919.978077 69.651748 159.355565
1434.087582 915.851557 69.979728 163.694059
1436.512322 912.895885 69.404779 166.341638
1439.192735 909.386671 68.771247 167.761289
1442.567801 906.633371 68.335868 168.944311
1444.969517 903.399683 68.101199 168.484297
1447.862743 901.933393 67.615314 163.028044
1450.699135 899.301370 67.942615 163.724204
1453.482221 896.020298 68.029611 161.144506
1456.082970 892.501043 67.778752 157.139961
1458.167496 891.446201 68.760025 154.738400
1460.746562 888.722078 67.860382 157.095824
1463.197474 888.381600 66.614917 153.346556
1466.010711 885.990035 66.426436 152.777289
1468.527421 883.146417 66.910644 155.633344
1470.689639 880.598614 67.516499 156.786604
1472.307418 879.461238 70.597728 157.728801
1473.733382 876.958546 73.413109 160.526798
1475.578575 876.042990 74.294573 159.140910
1476.865524 873.467491 76.455125 162.547103
1478.305901 872.178396 78.466416 163.766153
1479.838105 870.580055 80.790049 162.868578
1481.354527 868.929401 81.381955 161.979599
1489.341587 866.937698 77.119323 152.349486
1494.378167 864.062960 75.102548 146.724997
1499.161483 862.081257 72.858283 144.572139
1502.602354 860.154863 71.639491 143.783035
1506.622971 857.395816 69.943524 143.784041
1509.207334 855.516384 69.605136 145.316271
1511.800142 853.829059 68.643299 147.784718
1514.128462 851.362118 67.686028 149.823360
1516.298584 850.069638 67.270034 150.473315
1518.140017 847.131546 67.428659 153.958971
1519.714269 845.292009 67.217034 155.443906
1521.927318 843.292745 66.761733 156.667259
1523.586903 842.477710 65.733264 156.917324
1526.253925 839.384995 63.739930 159.164638
1528.480947 837.505278 63.795052 160.282747
1530.005567 835.526771 62.483297 162.112893
1532.172883 833.618864 61.088529 161.576295
1534.218970 830.190448 60.237248 164.070427
1535.963598 826.730866 60.057845 165.316784
1537.754196 824.250173 59.360138 165.791060
1539.902429 818.653750 58.071612 165.417894
1541.139278 817.453819 57.227071 164.321995
1542.962437 816.150553 56.699822 160.274239
1544.813115 814.146013 57.271504 155.559810
1546.364895 811.402462 56.662949 152.487608
1547.488299 808.987233 56.566724 148.465232
1547.614636 806.452566 58.486320 150.058625
1547.786336 805.267223 60.057766 149.034454
1548.390882 802.997581 60.564765 148.170227
1549.066735 801.894086 60.409083 147.763435
1549.638599 800.313133 62.077057 151.966671
1549.812838 798.534444 63.943935 154.153996
1550.369887 798.069644 65.258354 155.781849
1550.661917 797.715138 66.690942 157.213615
1551.913472 796.272950 67.762630 159.533338
1553.150095 795.928284 68.761135 160.585064
1553.912579 797.040873 68.834766 158.567779
1554.588672 794.464997 70.147377 160.487304
1556.623672 793.162199 70.707710 162.395663
1556.690549 791.043496 72.157155 163.491219
1557.507528 790.482742 73.361235 159.176845
1559.302908 789.504723 73.172324 157.791641
1561.508953 788.715300 72.766365 154.051115
1563.661686 787.508213 71.655138 149.436714
1565.735811 787.362373 70.494064 143.782297
1566.432198 784.545510 71.268789 141.299532
1567.755280 785.947761 70.946486 136.562743
1568.676386 781.859300 71.087437 139.386923
1569.921969 784.739222 70.977148 136.468401
1571.087828 784.594476 70.166002 136.189846
1571.510106 781.877752 69.943586 142.109220
1572.418137 778.221070 69.476219 145.903423
1573.395836 776.351513 68.837047 149.488351
1574.191711 776.598177 67.189565 150.703473
1574.542536 774.184991 67.002880 154.532318
1574.585406 775.574290 67.089432 153.486035
1574.590410 771.521828 67.930130 159.751602
1574.565214 775.261401 68.012892 156.356962
1575.192536 772.356968 67.360722 161.241691
1575.190124 772.748344 67.359930 161.210028
1575.190124 772.088241 67.216048 161.648986
1575.305102 770.131408 67.169998 161.995349
1575.656906 768.256252 67.234463 160.975652
1575.064896 768.143458 67.256920 157.035870
1574.861245 766.902815 66.704384 151.625675
1574.040790 765.296247 67.504580 149.497810
1574.220964 765.072130 66.512082 145.200438
1574.032662 765.218600 66.977865 148.072040
1573.973993 765.311660 66.290852 147.094728
1574.040447 765.059786 66.381687 146.985807
1573.671151 764.733348 67.240793 147.395273
1573.775180 763.820293 67.792718 147.178468
1573.481449 763.127364 68.500733 149.861503
1573.387342 764.410842 68.075907 149.612319
1573.044533 764.888636 68.418061 150.201901
1572.581637 764.672931 68.542021 152.468092
1571.920388 764.570219 69.940984 154.810233
1571.832138 766.437332 69.467911 153.964371
1571.993918 765.040326 70.360623 158.023964
1571.829811 767.771054 70.216937 156.981974
1572.240500 769.037807 70.598778 156.956379
1573.410859 768.565757 71.248277 159.583518
1573.781144 768.799021 71.943454 158.693751
1575.723868 769.070326 71.419830 157.316436
1576.596693 769.917661 68.818438 151.422774
1576.730695 771.995914 69.757621 148.469318
1577.867382 774.304390 69.988913 142.482131
1579.491509 774.793615 68.781698 136.389848
1578.023349 776.871350 69.082979 132.996518
1577.961917 777.654911 68.034444 131.009044
1578.125569 774.802327 66.908282 136.068290
1579.181766 768.177403 64.983666 140.182879
1578.466676 762.789029 66.285528 147.570474
1576.929926 763.937860 65.952688 148.702415
1575.432171 764.526684 66.193775 148.905858
1573.934731 763.954400 67.391591 150.105331
1572.183603 762.422267 67.542776 152.910310
1570.951359 763.952167 67.997344 152.435660
1570.109128 766.260014 67.758072 151.607711
1569.132794 767.293295 67.162380 152.594144
1567.383818 767.721604 68.051133 155.578784
1564.717824 766.628465 69.851940 157.598672
1562.800604 765.788009 68.916218 159.990602
1560.260228 768.294861 69.548031 158.570916
1558.380819 767.803077 68.318851 161.821098
1554.665804 768.047197 68.508889 162.701733
1551.528378 766.159808 68.421082 166.172125
1547.600786 765.711022 69.032456 167.365606
1546.220174 763.979134 68.576629 168.084741
1544.300377 763.683357 67.190281 163.104601
1541.306680 764.269782 67.586813 161.703819
1537.525418 762.141802 67.422290 157.972929
1534.992317 763.322779 68.468886 156.987100
1531.992872 763.287114 68.022152 152.598623
1527.390829 764.281617 69.220796 151.409291
1524.665553 762.292838 68.835873 151.362415
1521.196342 762.502032 68.510640 146.598941
1517.149126 763.533863 69.083986 147.217226
1513.515101 765.204019 68.853777 145.565859
1510.004011 766.669897 68.209579 144.016606
1506.011345 765.494194 69.425942 144.498423
1501.262740 767.524586 68.292640 141.006530
1497.949565 767.497363 69.527008 142.325379
1493.847011 770.531160 69.443140 140.549833
1490.738523 770.611842 68.923971 141.716029
1487.206429 771.727397 68.807645 142.060019
1483.864283 772.987236 69.778809 141.999020
1480.729401 775.723217 69.609256 140.607390
1475.061741 774.890745 72.856217 143.027165
1472.115963 774.536213 71.473715 144.509606
1468.841492 775.270826 71.745693 144.843660
1464.568227 774.865764 71.721156 146.372099
1461.612805 774.590714 71.345053 144.615092
1458.115922 775.936965 70.001333 144.479272
1454.560935 775.200748 69.296018 146.744175
1451.237759 773.348693 69.335532 145.251742
1446.302670 772.120371 71.289154 143.064193
1442.348075 775.422080 71.380512 140.077099
1437.729741 772.951787 70.987591 139.994432
1433.184076 776.019517 71.406671 138.060200
1429.201691 776.944549 70.552456 135.484844
1424.609801 777.984319 70.791892 129.810631
1419.741307 779.991023 69.803877 127.195996
1414.434692 785.690764 69.773376 121.519802
1409.587304 783.605930 68.366846 121.860443
1404.962278 786.548676 67.360921 120.859551
1399.470784 789.141776 66.977125 117.255411
1392.973557 787.816031 67.857177 120.863576
1388.126029 787.433505 65.193579 122.342320
1381.739155 788.923058 65.608597 123.921803
1376.586847 786.925300 64.172150 123.616309
1370.128663 786.060936 64.085384 127.227256
1364.771829 784.362968 62.232314 128.152175
1359.780098 783.095035 61.812414 132.094383
1353.109652 782.820256 60.976503 132.538821
1346.522165 783.526283 60.123670 131.569709
1340.083725 780.781995 60.072936 135.377727
1333.189881 782.460744 60.706832 134.403249
1326.694265 784.337386 60.386847 132.742719
1319.521455 781.943181 59.884168 134.892008
1312.376716 785.664445 60.831373 130.245882
1305.212670 782.977353 60.326590 132.042325
1298.231446 783.140678 62.062241 134.993857
1290.961453 784.486332 62.554647 135.990448
1283.834534 785.216852 63.084456 135.497534
1276.569278 786.528080 63.321547 135.963531
1269.499352 786.099010 62.497780 136.489921
1261.569234 787.160439 62.803191 136.211833
1254.877362 787.333450 61.990712 137.579598
1247.736221 786.982959 61.492550 138.729958
1240.794303 788.005006 60.362171 138.816441
1232.499394 788.086963 61.792892 139.046382
1226.517675 789.795813 61.030311 138.135819
1219.157532 791.115837 61.261993 138.319068
1211.830419 791.802330 60.894278 139.606977
1204.338341 793.223977 62.236799 138.969557
1195.981056 793.090172 63.892901 141.061494
1189.596324 794.891660 63.233769 140.543819
1182.371023 796.272653 63.602789 141.651907
1173.744456 796.940022 66.055444 143.018418
1167.285639 798.981628 65.593939 143.230602
1159.658734 802.256953 67.290593 142.493200
1152.462810 803.461010 68.178051 143.135445
1144.144223 804.423437 69.340519 143.109380
1136.317816 805.314424 70.507787 142.445578
1129.823508 806.938082 69.786170 141.890490
1124.575169 806.970930 68.047679 142.889610
1116.172928 805.963974 68.749127 146.271935
1109.000577 809.288551 68.998070 143.583744
1101.719797 810.185354 68.665860 143.270681
1093.900831 812.915348 69.063521 142.128677
1088.617681 811.763705 66.444650 144.021772
1081.169716 818.882122 67.189547 138.951639
1074.598334 822.086874 65.714051 136.507724
1066.982646 823.012658 66.553624 137.273587
1058.696391 820.246889 66.343400 141.632919
1051.651007 821.960551 67.798774 141.400578
1044.658765 823.206723 67.641022 141.067105
1038.011522 824.367316 67.288263 141.745377
1029.888622 823.535476 69.263565 142.680851
1023.530409 825.304031 68.012453 143.269091
1016.266969 824.120271 68.933787 144.821658
1009.040564 825.819193 67.904299 142.536038
1000.614343 827.125686 68.535815 141.998391
992.931753 826.404329 69.488093 142.015282
985.395196 827.065002 68.371785 141.926941
977.667467 828.091624 68.901912 140.230091
969.710151 829.502334 69.579101 140.384496
961.841751 830.941297 70.227403 140.269503
953.915570 831.678382 70.575868 139.635766
945.375446 832.325413 71.125842 140.981379
937.174422 834.399674 71.796374 139.537802
929.764925 836.994024 72.245996 137.831088
922.034349 837.429813 71.528746 138.649827
913.414774 838.176162 71.436277 137.411208
904.513780 840.938956 71.633315 134.666784
896.713702 841.904128 70.678818 134.510499
888.476324 842.855112 71.565731 135.102518
880.489780 843.283544 70.762501 135.437338
873.198677 844.902508 71.124812 134.516001
866.232251 845.038991 71.841268 135.212408
858.936415 848.013652 73.304123 132.054265
852.055543 848.771623 73.945799 131.382538
844.803918 848.949038 76.273099 129.533534
838.758434 849.680160 78.080411 133.753053
833.717619 849.438187 78.991620 130.122965
828.476991 850.993605 79.017347 130.556644
823.797827 851.331903 79.304763 129.669681
818.919109 850.354098 80.721894 132.273811
815.429498 849.880875 79.929067 130.571931
811.095614 851.290711 79.590590 131.323364
806.926469 851.000175 79.425153 132.501652
802.620459 851.012900 78.655295 133.380995
798.490189 851.281013 77.094055 134.197167
793.933884 851.393408 76.304595 134.657320
789.029062 849.598621 76.434400 136.448754
784.480093 847.454538 76.645834 137.963700
781.236551 848.583755 75.358844 137.990042
776.810907 848.272176 75.332436 139.086211
771.918846 847.037756 76.144717 140.549247
769.144862 846.243296 74.962237 140.560720
765.742368 843.058434 75.050632 144.545074
762.317517 842.019316 74.628778 146.041418
758.129875 843.026133 74.639401 145.025244
753.759177 843.092727 74.290289 144.212832
749.082909 842.437117 74.728085 145.711722
743.944968 842.282243 76.071143 145.919627
739.783772 841.387835 76.126675 146.539343
735.344083 843.532371 75.232231 141.176432
730.106555 843.772689 76.375886 139.014827
725.481066 846.375435 77.004451 135.386437
720.340240 845.460814 77.576035 135.769055
716.330775 846.203105 77.825483 136.582325
711.912846 847.326360 78.585243 135.208487
707.915170 846.978827 79.426760 134.912235
704.797964 847.052906 79.387540 134.515134
701.191004 849.602471 77.547797 130.880435
698.301768 846.251524 76.689825 134.754443
695.071087 848.596478 76.420924 133.585031
692.868969 844.837288 74.216162 136.888897
689.127253 846.688319 74.223121 133.690588
687.415715 843.366755 72.290053 134.957760
684.166168 844.421012 71.947724 133.166415
682.275898 841.687034 70.568329 135.304938
679.117300 840.546766 70.682255 135.956374
676.630464 839.878768 70.693265 136.584493
673.776628 838.963931 70.868373 135.633428
671.018472 837.659684 70.974683 136.603223
668.503563 836.433066 71.918960 136.369350
665.571730 835.668563 71.011804 136.056414
662.679516 833.655894 71.838096 136.430644
661.135444 831.882900 70.731666 137.085666
659.615294 827.342664 69.793098 141.431688
656.139988 824.427769 70.120512 142.628243
654.076413 823.699657 70.087780 142.332712
651.507116 818.645353 70.114996 145.436798
650.333841 819.433578 69.586733 143.425181
647.619346 814.793386 70.560952 145.651288
645.116191 813.890283 68.968413 144.077473
643.667867 809.720791 68.897669 144.930767
641.899458 807.895331 67.815176 143.478561
640.420820 806.360006 67.763243 140.460109
638.426178 801.026462 67.475696 140.638716
636.089971 798.007662 67.359015 137.004005
633.695330 790.118124 67.558527 140.753514
631.760318 783.936232 66.757646 142.962309
628.662682 778.775945 67.868455 139.935925
627.510986 775.674187 66.465748 136.554588
626.035417 773.401934 65.792511 135.644673
623.971702 770.068511 66.620574 135.161073
621.723412 765.937832 66.376722 136.750168
617.729545 762.753579 67.368133 134.192151
614.121486 760.953076 69.371400 134.363351
611.692649 756.947642 70.048706 133.967404
608.329640 755.622938 70.698237 134.736612
605.117298 751.431409 71.874010 134.149568
603.178768 745.664460 71.394042 137.025512
600.017220 747.351259 71.565627 131.991500
597.458940 743.424238 73.091767 132.139211
595.112081 739.412471 73.128960 133.364744
594.106897 739.573528 70.477622 129.659476
590.826958 734.654859 71.183613 131.401552
589.863617 731.150567 67.039294 130.281040
587.488530 726.606697 67.193270 132.430978
583.608962 721.596489 68.066140 132.923076
581.138057 716.355710 69.297336 135.261409
577.642331 712.728848 69.557458 130.845176
574.790279 707.998450 70.802814 133.911582
572.347643 705.904362 70.439340 130.029687
570.730799 702.206936 69.222586 129.800632
568.996823 697.157419 69.877652 130.050274
566.384327 693.206920 70.468916 129.138537
564.702152 689.507992 70.120247 128.557103
562.930955 686.098205 69.882186 126.968994
562.486933 681.848630 69.683881 127.427944
561.741476 676.877543 68.634552 128.173027
559.129077 671.543426 69.619642 128.252395
558.520034 668.003158 69.423329 129.495195
557.169429 662.966032 69.545440 129.832649
556.040095 659.927839 70.074713 131.315423
554.852714 656.127232 70.686110 131.597803
553.188968 649.911414 70.550998 133.990870
551.855287 649.244223 71.046276 132.295846
550.593967 643.274145 71.546518 134.110657
549.499092 640.939668 72.064433 133.506060
549.585673 637.269102 70.484120 133.951775
547.372110 632.727132 70.978235 134.280936
545.821919 628.902036 71.256682 135.406696
544.274374 625.732108 71.146592 133.415411
541.550232 621.184690 70.983059 134.553110
538.396762 615.914442 71.637690 136.393574
536.413751 612.389383 71.999208 137.714110
534.044441 604.154193 70.851134 138.111870
531.570252 600.248686 69.351055 140.551250
528.733554 599.165732 70.400168 135.501851
527.932136 594.304080 68.193576 138.298370
525.466925 586.439887 67.782266 142.284013
522.316574 583.704357 69.737649 140.931531
520.987522 581.092307 68.869261 140.626976
519.500581 575.188705 68.489474 141.494838
518.257329 570.056075 67.374605 142.637350
514.930431 564.638043 70.002533 144.267718
513.658041 559.049576 68.804709 143.451636
512.336758 558.814493 67.964260 141.431528
511.173699 554.078290 67.130979 141.547883
508.503649 549.098620 68.081156 142.050111
506.585148 547.234669 68.332764 139.185498
505.011691 543.818061 67.525576 137.631663
501.415944 540.091650 67.907893 135.669759
500.284356 533.177385 67.022378 138.958938
496.982971 525.338347 67.907094 141.841834
493.861043 518.856129 67.443381 141.906087
490.891775 512.647755 68.230004 141.399675
490.173704 506.810160 68.009971 142.004671
488.084110 501.915181 67.947403 140.069125
485.496822 496.639806 68.760600 136.270146
483.728725 490.981406 68.600854 134.636860
481.367779 484.954876 67.732881 135.732234
479.705841 480.970631 68.415888 133.531090
477.295025 472.048304 68.813406 134.759430
475.494144 465.640795 69.669973 134.100898
472.099299 459.039508 70.243028 132.166617
471.504079 453.195058 68.402839 129.137869
469.405584 447.103236 68.135199 129.825656
466.316162 442.635154 69.261200 129.351735
462.872236 439.286645 71.951864 127.711081
461.001776 436.040686 72.137723 121.783120
457.184413 434.666740 74.247986 118.426802
452.255493 429.669570 75.354720 118.518956
449.610649 425.650933 72.705058 116.942286
447.117015 419.603568 74.007450 120.108770
444.491186 415.489148 74.607387 119.372638
443.056821 407.318171 73.706387 121.179766
443.744429 404.175583 71.239855 119.273895
441.640896 397.584719 73.383369 119.183340
440.668831 393.133383 72.284303 118.047843
437.746875 386.584716 73.177064 117.719352
435.956729 380.294713 72.976043 120.449624
432.214746 374.977917 75.251311 121.799947
428.670064 373.463713 78.608774 117.847888
431.575009 366.514440 79.404997 119.759297
430.600768 363.529229 77.342551 117.053110
430.827805 358.568061 78.195272 115.248956
430.147934 353.195325 78.063532 114.616318
429.433330 345.741341 77.091647 116.066245
428.353363 338.538808 77.406322 116.017564
426.654958 331.226003 76.787723 116.640597
425.926748 327.315751 77.168744 116.956114
425.456435 319.708291 74.745760 116.904711
423.681795 311.975030 73.929934 117.302468
420.323948 304.329654 79.218222 116.494970
421.221464 297.304375 76.839659 120.577801
417.381001 289.537022 75.055768 118.303842
412.828462 280.527337 78.377944 119.132321
408.474448 274.703096 81.224105 117.014285
406.798031 266.905932 81.875455 121.769899
404.589457 261.138248 84.225740 119.500297
401.405223 258.064310 86.363464 116.699812
402.218120 251.839171 85.444634 117.368239
401.569615 247.478059 85.508178 115.870413
404.944462 243.810126 82.445413 112.913618
404.018615 240.333600 83.172621 111.075541
405.095381 238.098214 81.751691 106.714558
405.517955 230.726175 80.557615 110.159798
406.322467 228.028121 79.563940 106.397266
406.462911 224.347650 78.134037 104.752799
407.505984 219.780353 76.509289 104.887027
408.067324 213.235401 75.178489 105.092859
408.086022 206.542888 74.917098 105.674374
408.495945 203.266763 72.847911 102.864389
409.156945 196.679014 72.925295 104.152247
408.261109 189.170774 73.154903 105.921660
408.307019 183.222818 74.351340 105.123681
408.047295 177.552433 74.233235 103.721307
408.306714 171.430561 74.726459 102.550511
408.342604 167.108898 74.698760 100.573891
407.991212 160.406526 75.055765 101.707703
408.301881 154.918922 74.787316 100.600277
408.761281 147.528689 73.999231 102.632048
408.825325 145.329041 73.764902 100.069991
408.001718 139.262990 72.985154 99.092274
408.071835 135.434907 71.729841 96.741902
407.723042 131.712357 71.213402 95.192326
406.820075 126.874295 71.318057 96.469155
407.886218 120.983700 71.654464 95.322415
407.937996 113.374965 70.972956 96.393595
409.734768 108.215554 66.242619 95.216114
409.169625 102.328078 67.188611 94.425535
408.564478 95.423983 65.933171 95.823246
408.771125 88.305395 64.958054 96.675577
408.444248 83.614037 65.335418 95.012752
409.323906 77.829308 63.409529 94.012733
408.964914 72.550083 64.328656 92.054423
409.763694 68.144965 62.805672 91.971627
409.781666 61.294059 63.301152 93.969989
410.199163 55.795391 62.344428 94.153202
409.238766 48.179693 63.107719 95.740809
410.413089 43.321495 61.965172 96.029898
410.385567 36.314485 61.181412 97.402529
410.688532 31.113394 61.302498 95.267565
410.778195 24.694355 60.518892 95.507263
409.928011 19.401968 62.401023 93.979403
