1107.000000 409.000000 30.000000 107.000000
1104.083667 412.498314 34.228178 105.320020
1103.252542 416.004081 35.660911 106.010901
1103.826878 418.784327 35.487624 106.473649
1103.537350 420.065309 35.071990 106.834062
1103.811011 420.076587 34.421917 107.795364
1104.125403 420.018529 33.998172 108.353303
1104.481872 420.263765 33.366256 108.992566
1104.981964 420.634719 32.989944 108.911011
1104.775151 420.321355 32.661681 109.481719
1104.334207 420.620614 34.177089 109.858527
1104.166329 420.534903 33.992735 110.544239
1104.665210 420.919035 33.699590 110.608927
1104.523523 421.118480 33.228239 110.814190
1104.624579 421.018549 34.182462 109.585638
1104.631398 420.583810 33.924274 110.316110
1104.777971 420.873378 33.933410 109.961796
1105.638705 421.376570 32.962350 109.814376
1106.109109 421.385031 34.143015 110.829915
1106.637217 421.276228 34.009591 110.465536
1106.118605 420.969732 34.499978 111.063994
1107.543707 420.681066 33.522514 111.624678
1108.423893 420.631918 33.548156 111.406443
1109.395109 420.805523 32.922915 112.400150
1110.101405 421.425495 33.106655 111.888177
1111.319050 421.694274 32.673840 112.314948
1111.538522 420.605552 34.393053 112.678261
1112.008400 419.521805 35.770313 113.678278
1112.213561 419.385059 34.942387 113.825140
1113.297021 419.466643 33.743741 114.665067
1114.131148 423.132845 33.917075 113.972731
1114.563369 427.068909 33.830760 113.435007
1114.795940 430.676421 34.227908 113.848791
1115.535698 434.534605 33.436456 114.512169
1116.159504 438.447130 33.281886 114.368824
1116.438042 442.531043 33.627354 115.199928
1117.178465 445.934461 33.381616 115.505185
1118.228424 449.261866 33.236500 115.496958
1118.791204 452.486981 33.202837 116.005217
1120.271818 456.139904 32.847592 115.901905
1121.061187 459.412040 32.892085 116.712993
1121.433471 462.765251 32.791783 117.016611
1122.046229 465.626440 33.251376 116.911414
1122.364208 468.816274 33.113913 117.038520
1123.487727 472.472270 33.238922 116.560611
1124.270714 475.359619 32.885242 117.178242
1124.641467 478.397775 33.186580 117.721816
1126.061006 481.826140 32.257513 117.977673
1126.535027 483.298229 32.620930 118.399235
1127.395581 484.086098 33.065792 118.843806
1127.883246 484.735701 32.702414 119.283412
1129.036056 485.080891 32.782872 119.955356
1128.975495 485.036529 33.258471 120.927040
1129.770850 484.986250 33.695843 121.175449
1131.157624 484.653560 33.505642 121.826096
1132.462185 485.049623 33.366996 121.400826
1133.040375 484.986250 34.182091 122.078920
1134.540984 484.727173 34.251143 122.420531
1135.494128 484.920857 34.556049 122.460313
1136.480151 485.579475 34.828920 120.874540
1138.326991 484.643138 34.313956 123.793553
1139.503900 484.358111 35.091318 122.901822
1140.936126 483.900984 35.149665 122.317619
1141.689723 483.057605 35.530291 122.469220
1143.430468 482.063322 35.485813 122.320828
1144.054755 481.709934 36.133713 122.089896
1145.900138 481.230010 35.963634 122.096286
1147.122519 479.792660 36.065961 120.996398
1148.441282 477.973234 35.727308 120.843850
1148.935710 475.807680 36.417041 121.200241
1149.958849 473.840371 37.115547 121.060599
1151.050434 471.876815 36.699142 120.595526
1152.901257 470.166092 36.926589 120.414900
1153.956892 466.911983 36.619240 122.391387
1154.919339 464.629977 37.549688 123.187027
1156.017383 462.216609 37.984087 124.191482
1157.552853 459.894572 38.578842 123.521629
1158.304570 457.788062 37.849717 123.730962
1159.820853 455.794991 38.363445 122.944119
1161.302870 453.461661 39.193258 123.358891
1162.916567 451.536070 38.471665 124.166907
1164.401851 449.509650 38.972042 123.557636
1165.946859 447.621109 38.876023 123.323561
1167.319815 445.453861 38.884312 122.679709
1167.944075 443.843598 39.077809 121.328575
1167.708552 442.179394 41.165164 121.963842
1169.189348 440.948521 41.825006 122.077299
1170.147406 439.311333 42.206623 121.948163
1170.823925 438.006312 42.755956 122.139508
1171.877060 435.871119 42.499141 122.874933
1169.408975 434.234463 45.816130 123.482623
1168.685434 433.158549 46.336060 118.345882
1168.699573 432.093597 46.196744 116.510520
1166.537560 430.398741 48.484137 115.219773
1163.669840 429.212528 50.477879 112.837724
1160.377775 428.426056 53.215826 110.234476
1159.595134 428.080379 53.043677 109.009546
1159.324189 425.935448 52.343450 109.617616
1158.814544 425.710580 52.273880 109.841270
1157.763279 425.022999 52.780208 109.025590
1156.249656 424.077647 52.923569 109.053195
1156.385403 423.560387 51.420849 109.568716
1155.791018 424.803166 51.287861 110.154795
1154.504438 425.985622 50.944272 110.299169
1153.025504 426.835124 50.789783 110.682102
1152.475301 429.699716 48.334727 107.323018
1148.986925 431.296041 47.757338 107.329066
1142.878565 432.461508 49.300405 106.394066
1141.092676 434.183668 47.454337 106.141212
1137.087257 435.075586 47.106489 107.985883
1133.163880 436.208459 45.964413 107.839340
1124.926900 436.689535 49.304269 109.723531
1123.588114 439.551037 45.305882 105.718809
1111.134868 439.668682 52.445578 109.950372
1111.377201 441.820848 47.236974 105.841660
1106.030111 442.818060 47.587325 108.567282
1101.653559 443.244088 46.884659 109.007987
1093.580265 444.574518 49.809083 109.160145
1089.963977 446.994226 48.579756 106.345009
1081.801672 448.319691 51.797552 108.088923
1081.174103 449.282818 46.989518 106.877435
1068.377912 449.604162 55.478016 108.243412
1070.825761 451.110246 47.193084 106.029860
1055.041636 451.470026 58.251243 108.498891
1056.085041 451.487133 51.587336 108.688296
1053.624765 451.989612 49.184876 107.888763
1044.005220 452.158899 53.792039 108.691951
1044.124630 452.504546 48.127189 106.365167
1036.043828 451.598750 51.733230 109.522501
1033.347742 451.202542 49.388541 109.264124
1028.015410 451.219080 50.314752 109.453573
1022.955236 450.865726 50.714979 109.362860
1018.960229 449.979269 49.707533 108.774455
1014.924866 449.830958 49.425112 109.549623
1006.862479 449.051138 52.604926 110.672010
1006.096360 447.849303 48.548328 110.391237
999.140863 446.722866 51.082123 111.522559
996.838663 446.734481 48.652035 110.384379
988.259479 445.120212 52.713762 111.857920
988.054732 444.603668 48.092678 110.200481
984.288660 443.575147 48.126827 109.481964
981.958177 442.292318 46.416259 109.786557
980.402548 442.298995 44.827339 109.802648
976.909126 439.925274 44.692859 110.582865
973.599564 439.987676 44.597443 111.420943
970.740388 439.508259 44.365440 111.418052
968.082792 437.631389 43.503874 112.643541
963.130640 438.020831 46.281203 118.873073
960.114640 436.659304 45.850221 116.183091
957.949445 438.077007 45.714666 114.216783
955.228439 436.771868 46.493821 113.803475
953.167193 437.073154 47.366569 113.208925
953.328863 435.707891 45.952247 114.019680
952.171268 435.028501 46.371100 113.043072
950.880442 432.950667 47.697497 116.238903
952.019948 433.311220 47.864463 114.478865
951.692631 431.330333 47.973861 115.802899
951.435015 431.669845 49.280881 115.213375
952.041292 431.231570 49.167745 114.855591
952.254761 429.546716 49.294313 115.918494
954.313746 429.156052 47.661143 117.244604
955.079404 427.777272 46.915836 116.983949
955.073999 426.484323 46.955282 116.824656
955.464415 426.508938 46.861548 117.971446
955.073816 425.365621 47.232151 118.396995
956.757331 425.111845 46.287221 117.632463
956.584196 424.465652 46.033605 119.830649
956.637400 424.579091 46.086000 116.325289
957.666896 423.453173 44.721008 120.704150
957.159523 423.058150 45.526808 117.643991
958.903547 423.629369 44.790206 118.818787
958.248940 422.215183 45.565663 118.253975
959.590409 423.828528 44.224194 122.059908
958.731146 421.584975 45.523855 127.014986
958.862083 424.371984 45.441999 120.994464
958.962608 422.197407 45.525851 125.581295
960.122735 424.080810 45.060245 126.588531
960.450481 421.546450 44.877077 129.836681
960.632810 422.330627 44.673794 128.568966
960.273553 421.417237 45.126018 129.857645
960.762325 421.202871 44.897729 135.649617
959.829616 419.674715 46.380862 141.895179
959.146937 419.074712 46.403160 148.003967
959.296621 417.122652 45.851920 148.028159
961.383037 418.282685 43.895016 145.966342
954.234166 415.962695 52.489858 149.391897
959.217787 418.769126 48.638509 147.083499
957.902417 417.101769 49.817646 149.286926
956.941749 419.020316 51.308390 149.532528
957.860929 418.898690 51.372955 149.735150
951.340343 419.298920 59.586171 150.574915
954.905105 420.770799 56.291718 149.946370
951.765537 421.183452 60.661985 150.582629
954.824096 421.877287 57.665534 152.156418
954.337385 422.826294 59.438545 151.943708
949.752531 424.199143 66.466950 153.767596
954.274480 427.040895 62.730480 152.446959
955.467326 427.942313 60.979004 155.602510
948.883648 431.619804 69.420510 156.649201
946.811119 436.747277 71.934201 153.787855
947.030350 440.995982 71.313495 153.832694
947.015782 445.904011 71.616183 153.832117
948.546780 451.591627 70.789364 155.147763
951.211084 456.397565 68.011778 156.653859
955.828430 461.078064 63.871765 158.785767
957.865324 465.575238 62.836962 160.789566
959.452483 471.186514 62.369997 161.032081
961.825568 475.978269 60.386134 161.395757
963.369234 481.106760 59.003894 160.888268
964.702549 485.740463 57.849342 161.432423
965.118943 490.740460 58.503164 160.089755
965.504356 496.877786 57.451086 158.158896
966.125768 501.146194 56.272211 158.345448
966.550393 506.372350 56.047785 158.059973
966.840871 511.602498 55.840990 157.573036
967.329249 517.224466 55.026908 157.987816
967.964443 522.089177 54.367061 158.203600
967.377147 527.408111 54.465693 158.332237
967.882007 532.814130 53.648237 158.146181
968.007905 538.032499 53.060938 159.404064
967.385906 543.814128 53.382595 160.364386
967.042404 549.433921 53.032254 158.888553
966.655764 554.778021 53.186678 160.398505
966.114313 560.528638 52.525021 159.647028
965.304111 566.639647 53.455537 158.944595
964.233435 572.286086 53.417994 158.634794
963.377638 578.134037 53.681714 161.234395
962.203454 584.626454 53.296030 159.503302
961.740812 590.611409 52.638199 159.601606
960.878880 596.538805 52.515269 160.979284
960.139280 601.602116 51.606943 160.131405
958.956517 605.495531 50.980697 161.017870
958.182474 609.184376 49.438648 161.295984
956.468592 612.862833 50.070616 161.833260
955.306437 616.602727 49.314700 162.721636
954.110122 620.548559 48.550024 163.035677
952.478006 624.224277 48.820658 162.954360
950.917762 627.806339 49.213083 163.296393
949.620935 630.574691 49.175133 161.418870
948.283871 634.175426 47.407373 157.259130
946.586827 636.403500 47.011650 153.673188
945.087583 637.503489 47.524857 152.452559
943.955200 634.437535 47.037377 154.465613
941.998312 626.514398 47.939179 156.516590
941.189428 613.461233 48.634066 162.655247
939.757551 596.251299 47.841227 164.719769
938.086036 578.435559 46.698234 161.872423
936.410335 558.266021 48.059674 167.319410
934.639945 540.005743 47.200589 166.013975
932.581256 520.385098 48.005390 163.314858
929.642299 501.912177 49.433049 160.274211
922.963575 482.665130 54.185857 160.661212
916.583984 463.316240 59.171223 161.863436
909.166149 443.426725 65.059457 162.092501
904.026250 425.407993 67.106628 161.159093
901.628749 406.552883 66.663439 161.759392
899.571065 388.675283 66.445806 161.810762
898.259191 372.542395 65.001875 163.968081
895.743726 360.320288 65.441973 165.418106
895.066710 353.009146 63.813396 165.589146
893.945992 351.912443 65.712735 165.923823
892.602238 351.537089 67.307975 168.722934
891.324881 356.792802 67.172038 167.931591
890.214112 362.785689 65.279817 167.843818
889.107283 368.280542 62.680312 167.396740
888.540485 376.995836 60.843763 164.951228
887.186576 381.766938 59.575876 166.453273
886.222084 387.839184 59.122752 166.622498
884.790495 391.042984 58.230214 169.325514
884.259497 396.440343 54.411003 170.706613
882.847569 402.519302 52.320272 173.203934
881.032257 409.279572 50.213135 174.389252
879.755994 414.658792 49.424864 179.264749
878.348977 420.732668 48.953873 183.411393
876.877549 426.543551 48.461126 181.562721
875.377249 432.295509 48.813391 180.362262
873.824898 438.282929 48.747970 180.122231
872.403013 444.268352 49.291721 180.542144
871.106927 450.499754 49.083511 181.187143
869.799328 455.916687 49.347754 180.284963
867.944467 462.480697 49.525868 181.440520
866.101364 467.543493 50.461537 180.036054
864.315149 473.215064 51.250382 180.217977
862.932230 477.627570 51.347904 181.896885
861.771692 484.402608 51.694370 181.091060
860.696526 489.739990 51.554048 182.390615
858.311842 493.959976 53.777144 181.298695
856.808539 499.981403 54.285062 180.430694
855.446471 504.669658 55.585844 180.775611
854.201367 510.321582 56.062974 180.286694
852.969592 514.928522 56.034431 180.911077
850.555506 520.026569 58.072455 180.566533
846.088768 524.909292 62.099313 181.183334
841.646378 529.576023 64.992113 183.040077
837.825688 534.231821 68.973356 184.476329
834.870687 539.328929 70.992199 185.222890
834.939379 544.530562 70.214586 184.009559
834.317956 549.384922 70.346464 183.947551
833.293129 554.304786 69.970080 184.828321
831.835183 560.343085 70.360603 184.529562
831.808398 564.258572 68.553782 186.210011
831.198258 568.610861 68.047219 186.924971
830.076897 570.475252 68.517603 188.083170
830.265131 569.807842 66.220351 188.936380
829.966785 568.823705 65.286809 188.280936
827.960353 563.064247 65.151648 188.762866
827.099105 559.984801 64.041065 189.241321
825.998388 552.928158 63.389963 189.434630
824.832568 549.096962 62.743855 190.591302
823.863452 543.362530 62.604011 190.294797
822.403805 536.752392 63.091139 190.825789
821.096220 530.347829 62.609693 190.850365
820.434242 522.812263 62.282627 193.429480
820.068236 516.982995 61.382879 192.719648
818.841651 510.107531 61.212648 194.249124
818.624972 502.993317 60.789656 194.341924
817.869908 497.787709 60.340667 195.300295
817.206143 493.208687 60.361799 192.894870
817.120820 487.178823 59.977195 194.343947
817.000009 480.394706 60.948625 193.907046
818.166429 475.650797 61.321917 193.065671
819.621512 469.822361 61.727611 188.169790
820.345248 465.049783 63.713498 193.163052
822.594943 460.792854 62.402244 191.825833
822.460401 457.669014 63.070596 192.282866
822.688523 455.536496 62.605381 192.212625
821.735880 455.545054 63.598562 191.401523
820.744761 455.033584 63.888818 192.109783
819.959052 455.081046 64.848328 191.651741
821.198048 454.733868 64.358696 189.997256
823.543943 454.996833 65.319024 188.897661
825.299148 456.278928 66.473271 187.123288
827.460360 457.462529 66.741359 185.740252
829.619033 457.980296 66.960470 185.091408
831.884075 460.073198 66.426328 182.884114
833.705643 461.064255 66.827314 182.470388
834.364394 461.908609 67.833366 183.467139
836.080134 462.361577 66.557286 183.342502
836.113842 463.545355 68.179268 182.864662
836.671650 464.427304 67.793027 181.899593
837.027600 464.819771 67.695118 181.834109
837.113796 465.876163 68.179268 181.532152
837.420374 465.982790 68.621183 182.299333
838.325560 466.182081 68.210072 182.963979
839.527411 467.018351 67.805765 183.191055
841.430264 467.863712 68.275851 183.104765
844.637324 468.827998 67.683951 182.685796
847.431104 469.789614 67.159514 183.001967
849.828199 470.300672 68.492425 184.002068
851.652649 471.137150 69.361408 182.608764
854.577813 472.154839 69.707472 182.106492
857.890167 472.392699 68.750056 181.796980
859.152164 471.221443 69.825804 183.548118
861.693895 469.128155 69.149597 182.882193
862.969622 466.686455 69.531910 183.950526
863.925398 464.441901 69.944328 183.613416
864.751180 461.600239 70.195829 183.415356
865.225235 458.768949 69.554554 185.027668
866.009239 455.715165 69.898166 184.285509
866.303238 452.234302 69.791210 184.639507
867.617535 448.715176 70.551712 183.198227
868.657351 444.923581 70.212398 183.486152
870.272254 441.008300 70.144349 183.341051
871.838367 437.093019 70.147411 184.166093
872.833574 433.149327 69.961071 184.176785
874.009243 429.234324 70.125520 183.910016
875.706438 425.319218 69.125727 184.006907
876.230901 421.189261 69.572193 184.151045
877.532959 418.093010 69.793175 183.558547
878.751178 414.274054 69.736240 183.884387
879.137081 409.988329 71.004376 184.784423
879.864900 405.738756 71.488183 185.672092
881.160749 402.012765 70.907157 184.839425
881.775930 397.738753 71.149880 184.640054
882.239073 393.477282 70.709725 185.302844
882.864867 389.990068 70.120668 185.647840
883.207715 387.103560 69.623850 185.661101
882.808400 388.805727 70.315977 184.493705
883.255216 390.300029 69.869161 184.642471
882.293084 392.715406 69.835525 184.382989
881.137022 394.820856 69.559582 184.073655
879.888472 396.662304 69.891592 183.933580
878.039388 399.150897 70.792486 184.028285
876.927040 401.528407 70.268736 184.452024
875.812997 403.633714 69.982976 184.855225
875.358031 406.283567 68.261251 183.982074
873.397487 408.127252 69.599341 184.054124
872.526701 410.008247 69.569691 184.393961
871.498384 412.066091 69.745264 185.061523
870.110390 414.715397 69.424712 184.904043
869.588363 416.575159 69.759603 185.291496
868.837905 418.628605 68.375731 186.006227
867.498382 420.896453 68.997142 186.971872
866.849658 422.047350 68.577747 187.750835
866.740537 424.529511 69.126568 186.955890
865.849673 427.025460 68.413561 187.183843
865.962892 428.877941 70.506840 187.445159
867.180035 431.735455 70.066579 186.613978
868.807608 433.517930 70.461407 187.720428
872.259457 434.728629 70.804733 189.568660
876.039331 437.003996 71.784387 190.604995
881.116531 440.134464 72.463844 189.614771
886.948309 442.390787 72.394202 192.169743
893.326824 445.258468 72.582017 190.363493
899.861784 447.460173 70.870433 191.972839
905.966198 450.206517 71.430215 193.662785
912.839835 452.720499 71.029176 194.919480
919.039111 455.325429 71.267772 195.648823
925.500782 457.240937 70.869977 193.579072
931.542826 461.359177 70.244234 194.414071
937.111162 460.868998 69.146067 195.154057
942.542770 465.844548 69.839273 194.235201
946.884025 466.336502 69.348834 192.081694
951.340906 471.821937 68.781991 192.393011
955.966816 472.036350 67.638085 190.755056
960.490079 476.718955 68.325113 188.517853
964.512949 476.909302 69.174183 189.884783
969.212076 481.036550 68.968231 187.373406
973.744549 482.615877 68.853000 189.256195
977.672380 485.478171 70.007546 188.153433
982.008711 487.777925 75.222365 187.189512
986.502149 490.768999 75.037011 186.240955
990.755816 493.603345 75.232655 186.644719
993.832052 495.755684 75.144771 186.400281
994.480529 498.504617 77.061968 186.337752
994.724554 500.359428 79.687169 187.793465
995.079012 503.607937 83.405404 188.315740
996.413224 506.645373 85.159885 189.093307
998.267779 508.922151 85.387287 191.040048
1001.380545 509.650359 83.342350 192.696831
1004.018508 512.276685 84.264522 193.838450
1006.479072 513.809153 83.515815 200.420494
1010.457970 515.876659 80.664130 216.512285
1012.876074 516.665206 80.828433 225.312194
1015.076135 518.684347 79.060944 234.360972
1014.573792 521.862900 82.974474 235.028248
1009.650541 524.513791 90.242879 237.462387
1008.291354 527.217138 94.333818 240.608337
1010.768832 530.348145 97.699761 243.500461
1014.730719 532.728769 95.113473 242.117083
1017.089942 536.826675 98.567386 244.466439
1021.777608 537.784637 90.721635 241.794808
1024.160043 539.240481 90.235208 245.383470
1026.802994 541.155046 88.827342 245.262402
1030.047261 544.431065 87.638075 246.158564
1032.492107 547.064191 84.744353 245.692879
1032.918400 547.894241 85.375052 248.907989
1034.626046 551.058136 84.857318 248.538103
1034.900540 552.234055 87.029956 248.854242
1034.981794 556.817347 89.411907 249.090144
1031.184840 558.043912 95.893947 255.568718
1025.437354 561.008251 101.439383 255.253035
1023.649451 569.984016 100.538875 255.426223
1022.188193 568.708186 104.045842 262.501835
1018.993853 569.292769 106.614623 265.703961
1018.331324 569.508741 101.541645 267.265057
1014.442642 570.761467 109.684068 271.155508
1011.533356 569.944254 109.447877 269.922989
1009.682783 574.117996 110.904699 272.781439
1006.506116 582.193278 109.219539 267.959892
1004.983822 596.965792 85.946357 256.780485
1000.513264 596.728021 100.135905 259.822328
999.682303 603.610804 108.320133 256.348972
999.903236 612.885182 97.117701 248.015511
997.436101 597.321821 97.603881 255.600157
987.127308 678.917382 80.034286 193.752925
980.015299 677.969141 74.034394 186.509921
972.786166 680.966837 74.429013 189.282806
968.939381 682.461889 73.463372 189.951105
964.009554 687.375016 74.402599 189.504500
964.405141 697.727800 70.666752 178.868761
961.968643 701.692972 69.556541 178.705866
957.686087 705.769462 71.214492 175.769298
951.927394 710.616345 75.417102 174.612145
937.840584 713.372523 84.398154 170.725304
926.748462 716.839673 82.290920 167.440055
922.021175 718.338875 78.174445 168.077130
916.556955 722.484197 79.838983 174.243938
910.277703 725.497906 81.026414 177.257546
907.592001 728.740919 75.254626 181.795358
900.177787 732.138521 77.762242 181.129480
895.114359 734.978365 76.960942 184.386685
891.623069 738.858972 72.152860 183.334720
887.632976 741.604153 73.270889 181.398540
881.024847 745.077111 68.445892 180.833378
876.410568 747.686310 65.677228 179.979220
868.296979 750.551029 65.642169 182.934910
862.566146 754.876486 64.586736 186.233802
853.976949 759.388544 66.940658 187.094904
847.946277 763.244742 66.517670 186.904746
838.185075 766.756571 71.989974 189.398444
826.332410 769.999407 77.686385 191.522190
817.490273 772.458590 81.506950 191.101680
809.380080 775.734558 84.940992 190.923932
802.840138 778.306364 88.239960 191.825668
797.125058 780.109630 89.423440 191.221490
790.913189 781.357945 90.676859 191.329655
784.765629 782.642223 89.456625 191.371890
776.207494 783.224780 88.163670 190.518745
770.303849 784.209383 84.314004 189.541795
759.651151 784.626119 82.638054 189.781268
751.552058 784.518202 80.680239 190.771267
740.995943 784.559036 79.472114 189.131113
732.566207 784.551708 77.895007 187.612254
724.498769 784.872708 77.372345 185.321413
715.598853 785.347454 78.740689 184.459210
707.312568 785.090741 80.486676 185.409707
696.575243 786.009248 86.502939 183.105044
678.215707 785.949293 98.298802 182.594879
669.145677 784.703031 104.651629 182.538697
658.393163 784.578654 109.212878 182.709063
653.393323 783.920064 110.374625 185.014731
646.634087 784.125677 111.929962 185.283496
640.921668 783.791495 111.151674 184.791731
634.790909 783.220642 109.556713 184.901310
628.619650 782.176138 105.095923 184.501524
621.425728 780.207345 101.318896 185.813125
614.362624 779.612475 93.853013 184.236018
606.599524 780.054581 86.415125 184.244204
598.339465 779.019463 79.924510 185.223245
589.055955 779.366483 76.425122 184.204895
580.607559 780.186679 75.555588 187.496987
573.486029 780.792399 74.763678 190.517873
565.457212 781.397447 75.607110 197.186041
558.169871 783.275757 76.163350 200.728385
549.307211 784.192550 76.612858 200.609831
541.650563 785.361448 78.919225 201.467211
533.095367 787.133936 82.832037 201.625742
526.107288 787.873963 84.832698 202.807710
521.050901 789.497697 86.039965 201.671313
516.303222 790.106723 84.780665 200.325444
510.804555 791.324748 84.222366 198.752114
505.532719 791.971374 82.118176 198.185179
497.069529 792.328994 81.700674 196.958663
491.852265 792.259802 79.042784 197.741577
487.510258 793.425389 76.944095 195.438165
480.437313 793.144398 79.849841 192.651907
478.300913 793.089442 78.113314 189.348710
476.398950 793.730543 77.462426 188.660483
472.877524 794.155088 80.450543 189.824435
471.096219 795.677841 83.195599 190.573087
467.734545 796.492505 87.583503 193.133541
463.583138 797.633152 93.320159 196.308889
461.070391 797.389576 97.892415 197.285746
461.646333 798.403476 98.925848 197.614509
462.315025 799.024949 99.548113 197.855275
463.206632 798.910824 101.159298 199.502890
463.561594 798.977611 102.110195 197.960145
460.896301 799.300904 105.432110 196.737080
459.987802 799.057721 105.077136 196.991596
464.413158 799.393258 96.438069 196.748580
460.398962 800.379426 97.110332 195.451117
462.270031 799.699047 90.030409 196.035694
462.976306 800.575488 82.979862 194.369457
459.836413 799.496356 80.069397 196.797578
457.112355 800.737430 80.244358 197.796309
456.533237 802.178305 79.493370 202.024591
457.338871 803.901712 77.790814 205.792650
459.130663 805.377497 74.511591 213.699941
460.234770 806.669855 73.090807 214.261072
460.187617 809.362290 73.590298 213.001655
458.696942 811.253054 75.032097 213.996806
458.093223 812.992236 77.935914 214.205910
458.008438 814.410616 79.618598 210.645648
459.080985 815.747612 77.646302 211.328967
457.824839 817.354155 76.338886 208.108502
455.237081 818.178665 77.234197 208.546991
454.036073 819.371092 73.311162 207.354565
452.737544 820.306910 69.276194 207.854701
451.056643 821.553235 67.641712 204.893985
447.453027 823.535055 67.471896 203.479451
444.579221 825.540632 68.329951 198.338198
441.530833 827.663620 68.903850 197.437955
436.311782 830.618610 73.328519 196.492118
428.035226 833.256117 80.640715 198.172466
420.402132 833.859456 88.637667 202.081588
414.437807 837.361598 96.177251 199.988722
410.734270 838.342474 102.423640 200.973362
410.218086 839.143006 102.632735 201.237929
405.041286 840.110328 106.671868 205.141426
400.973981 840.650063 110.300798 207.838142
398.674336 842.194964 109.064298 206.694383
399.136928 842.813481 105.203923 205.529818
397.629688 843.104096 103.249776 205.125476
396.178074 843.659282 97.481048 203.641185
393.829173 843.826415 89.487509 203.922211
391.047197 844.606003 81.131414 201.976173
385.403712 844.095454 76.116424 201.898716
382.498063 842.955854 70.773255 200.739980
377.961958 842.556449 69.415909 205.191842
373.712529 841.868744 69.761405 209.435564
367.960183 841.101664 70.252390 215.169029
362.844366 840.674240 71.258983 217.896402
355.654769 840.104590 76.317970 216.865208
349.082702 840.521195 79.531734 215.205367
343.359492 839.831555 81.759634 214.043499
337.476493 839.829341 85.276219 214.577564
331.460194 838.826817 88.423201 215.515827
326.536656 838.573779 88.874505 214.505546
321.612309 838.448360 87.395373 212.006011
316.290773 836.904712 86.478731 212.539560
309.189965 835.397937 84.470357 211.605706
303.172868 834.444994 80.493885 210.488223
296.906629 833.540010 77.159142 209.793566
289.913527 831.947275 74.207057 208.944476
281.613720 831.583507 73.738433 203.582150
274.659099 831.127301 74.527005 202.188185
267.079265 830.189937 78.441160 203.950182
257.808585 830.668478 83.931944 201.649064
246.187368 830.429569 93.947185 201.076472
236.856506 829.488737 101.917391 204.512775
227.461588 829.929417 111.254631 202.795072
225.135173 828.313834 114.249693 203.948506
219.993906 826.760327 118.265299 207.327686
218.394968 825.731247 120.473892 207.906858
215.004965 824.410598 121.709541 208.047160
211.796027 822.734804 122.742140 207.848752
204.570977 820.906593 125.082297 208.213849
199.588062 819.264313 124.100658 206.666532
197.513855 818.599461 119.061567 204.912448
199.008267 818.195149 106.562307 203.603196
198.227708 815.479130 97.106234 204.901981
195.357218 815.492575 90.350307 202.282952
191.964109 815.510480 86.058908 207.047015
186.023342 815.380924 87.689207 211.726402
188.966402 815.853757 85.389096 219.024174
184.754957 816.426801 90.299880 222.545374
180.431844 818.069146 97.537116 223.342886
181.110752 817.978271 97.843800 222.048499
178.546412 820.137172 101.368726 221.442741
177.498763 822.524086 103.010553 217.759566
174.399543 825.296323 107.596234 218.147020
167.887951 826.923278 113.346217 216.719990
163.043353 827.904715 116.202473 216.456937
159.192694 828.954781 113.190778 218.197858
154.834362 829.884672 111.875214 216.448138
152.497825 831.109103 107.978808 215.640913
147.750764 832.407583 103.408751 215.270354
144.223789 833.066796 97.891352 212.299973
140.449085 834.639911 95.320548 209.065350
136.191604 835.924804 95.848626 203.603971
135.446094 837.335295 94.508768 202.684282
130.254021 838.171444 97.905287 203.727814
123.794824 838.879028 102.653078 204.431158
117.558560 840.170933 108.476749 204.451661
111.054524 840.737776 116.591130 205.233905
104.765363 842.743242 120.170704 204.503346
100.574693 843.309773 125.437411 206.687568
96.953171 844.210721 126.706857 209.869645
93.223936 845.026330 130.654072 211.920332
87.308047 845.378552 134.731234 212.917193
81.966353 846.155555 133.987037 210.214378
77.063468 846.067013 130.506842 210.350767
75.379406 849.351212 125.582421 209.504534
70.678774 848.678653 123.347643 207.977299
64.825421 848.651499 117.619399 208.739450
58.379087 849.364583 113.962242 208.471409
56.939156 850.232539 104.036319 206.996387
55.401112 851.521195 94.754582 209.871813
52.073015 852.237904 92.496987 215.394356
47.754330 853.562086 94.976592 218.273358
46.309228 855.595874 95.671191 219.951611
42.249727 857.912139 100.453211 216.913647
39.408221 859.167712 104.828110 218.789334
36.605126 861.505569 107.255858 214.619809
31.722250 865.962154 112.121509 211.263375
26.587924 868.399268 118.476804 209.082716
23.207649 869.819970 122.219146 208.935235
21.892109 871.299318 121.719845 208.379648
18.479660 874.452968 119.200687 205.547032
14.595079 874.141347 116.517381 205.858653
10.759290 876.757656 112.749840 203.242344
8.483035 877.918186 101.262718 202.081814
6.240070 878.105142 102.302503 200.469296
3.939234 879.729460 95.904436 199.879513
3.701607 879.689250 91.671857 197.865889
3.106927 882.273902 91.911967 194.668135
2.801383 884.301840 92.340530 194.124178
1.199234 885.354359 94.050915 193.478488
0.000000 887.224854 94.631863 191.832991
0.000000 888.670743 94.909981 190.752455
0.000000 891.320615 94.909981 187.777651
0.000000 891.788989 95.741948 187.582194
0.000000 891.979495 97.406433 187.040552
0.000000 891.807170 96.135941 186.504136
0.000000 893.737728 94.157485 184.146725
0.000000 893.238204 92.439395 185.764021
0.000000 896.413374 83.997482 183.586626
0.000000 894.588750 74.882545 185.411250
0.000000 894.078123 63.715200 185.919251
0.000000 897.652979 62.127148 182.347021
0.000000 898.000745 57.584899 181.909814
0.000000 901.825105 46.720770 178.091240
0.000000 897.859434 39.360356 181.303954
0.000000 898.143886 38.433594 181.086869
0.000000 901.950402 37.664445 174.088073
0.000000 902.503130 37.068007 173.870718
0.000000 905.286507 39.127571 170.623433
0.000000 904.626297 40.598149 170.093748
0.000000 906.656949 42.024120 168.779354
0.000000 907.685315 40.714679 169.807905
0.000000 914.829318 41.991606 161.506100
0.000000 915.492484 36.004815 162.459156
0.000000 913.823999 27.810400 162.986447
0.000000 928.867381 26.057048 145.225854
0.000000 1000.139590 19.256960 79.860410
0.000000 997.739061 10.957706 79.245688
0.000000 984.338608 14.921236 95.661392
0.000000 990.857022 16.107799 89.142978
0.000000 963.292329 21.902103 106.590176
0.000000 928.721826 29.680954 114.474326
0.000000 923.796599 35.468479 131.921733
3.174147 910.098812 39.707789 106.876583
2.427988 861.840797 42.994550 115.429468
0.000000 840.036789 36.776339 142.852051
3.879631 843.781885 46.048848 104.237131
6.681326 813.478223 45.054311 100.610053
0.000000 781.069703 44.926251 113.662837
0.000000 749.184042 39.156536 123.923881
6.883669 732.902004 39.596734 93.868890
4.680149 691.579866 41.300293 103.192899
0.000000 668.488824 34.552494 137.985689
3.892345 662.083683 43.548550 108.669300
1.014782 618.680802 41.658457 106.225344
3.112614 570.564709 37.722941 107.587446
0.000000 529.381935 37.088350 94.227220
0.000000 496.484214 33.903720 95.323593
0.399010 471.107257 35.890806 116.979300
7.374077 449.612637 58.715869 101.716405
24.774231 405.974995 51.327458 126.636111
14.330102 338.156031 59.612094 143.076752
25.196566 228.677398 59.283791 168.930724
22.779537 184.082733 59.794250 202.758527
24.266401 184.757065 58.549738 212.339327
26.072604 190.272248 57.233271 210.592615
23.828914 184.564452 59.787668 207.297295
24.292645 187.052261 62.023309 205.034946
25.033246 191.640867 62.753851 195.353953
18.257920 179.210102 73.861292 203.973632
25.196169 179.516391 75.848258 193.547268
28.184913 182.891262 77.106324 194.432233
31.203125 185.413497 71.767279 189.590695
31.359433 192.609846 82.495788 197.595949
40.524751 189.874054 74.173140 202.821682
46.570928 193.033429 75.026916 187.472582
56.136704 193.037178 73.017806 224.432651
30.505314 188.823102 85.188063 221.195605
40.094975 191.340238 76.285508 203.430919
47.426432 182.465110 79.507611 184.294604
44.626887 207.515478 79.059610 185.260171
35.404510 202.909975 90.682936 214.906043
59.666154 189.849454 74.180306 225.433975
55.003874 187.477453 84.692320 228.117522
55.696271 190.701114 82.332260 231.122160
64.225785 202.415788 71.241110 199.491156
61.038329 194.577659 80.894920 209.893804
58.064812 206.736494 80.136445 208.171536
72.692328 198.960192 70.158493 199.944841
51.129878 189.890203 101.776406 222.277773
73.075316 203.289502 69.729611 212.205516
72.968639 190.928907 74.790987 222.500898
75.977808 195.878171 65.489999 221.878856
81.177108 199.619497 67.863248 209.797411
80.083990 190.559780 71.778008 211.250756
82.436496 195.347418 72.727826 201.946082
85.075487 203.974306 65.646305 161.960176
87.085221 184.772382 63.819387 154.667822
73.849567 195.274489 76.669627 176.872477
95.914885 205.872733 55.700717 181.978107
90.617966 186.473356 64.380141 192.451022
108.311295 195.020280 61.466710 195.409309
98.731372 207.528664 69.525724 207.088330
93.289265 197.033679 71.884620 197.054513
106.384581 245.051731 58.857048 161.779364
114.765664 224.727608 50.695654 184.402090
105.235823 199.601469 58.003599 198.801392
86.694206 182.917124 77.137193 207.470585
109.905843 197.100092 66.384270 214.492073
91.572693 186.143420 81.238407 225.536793
109.795397 212.379086 64.309471 208.267159
111.607143 190.079937 64.518279 214.351279
115.392349 189.581678 64.835466 157.809382
112.857279 186.943353 66.025859 154.403347
115.796872 204.998613 69.486760 149.240953
144.209997 196.550898 51.877615 121.429341
135.163721 200.825401 61.431313 120.335073
140.100129 211.059823 56.160822 117.736510
137.806199 197.519545 59.960091 129.548712
140.358825 207.439031 57.848120 137.715460
141.221586 191.401361 57.805659 140.776342
135.780122 201.497876 65.631581 129.106678
137.749894 201.485480 74.255276 148.075467
136.098866 196.040965 72.165938 181.175179
142.777644 199.251896 71.135813 195.234798
143.076450 210.628570 69.415032 225.229519
147.047713 209.912540 71.013984 215.633523
149.467353 205.567157 69.253546 199.606200
150.071387 200.405290 67.100914 191.384525
150.788874 213.486870 68.243311 179.410499
161.256976 205.915578 55.371778 145.689799
162.018366 223.853003 60.534931 139.312112
164.534111 202.497602 59.174016 146.897650
168.232897 221.305690 59.102988 163.111458
169.004249 207.282527 62.770435 160.168365
172.151672 210.217675 64.900925 203.371621
162.662892 194.864277 85.763138 214.585590
168.040014 205.094343 71.931303 211.589548
173.382304 209.844409 69.039647 229.095665
173.497617 206.506532 71.277658 178.848262
174.171862 213.543053 67.032467 199.308088
164.466537 209.456988 79.863403 180.691788
162.370230 221.977440 82.131353 196.881855
198.570470 221.898643 55.196485 227.730761
185.737100 226.021053 68.277666 227.694241
178.017255 225.126886 71.709952 245.837678
189.073189 222.621573 63.564310 234.126500
180.498442 220.034146 70.372311 204.952644
178.866846 224.393422 69.047862 220.519344
184.315441 223.050167 70.860399 228.417395
179.955607 220.649486 67.785069 218.693523
185.261107 230.612543 58.160321 223.867050
172.131243 219.340293 61.780607 225.887624
165.872582 214.665888 68.535391 227.248662
160.181110 221.576416 70.986148 222.507697
152.446459 219.845788 79.794620 238.481900
149.392603 222.447310 81.641887 247.622463
149.553248 227.687737 79.202980 237.745348
147.392465 226.013250 88.273997 245.688945
146.020446 233.014143 79.645085 246.503552
144.306748 236.557743 80.342987 223.794210
142.935560 236.396895 71.474749 216.703772
140.401138 236.049407 69.379761 229.481008
136.375495 231.917831 78.592941 233.925348
130.322285 236.578648 84.712593 242.448342
123.374526 236.494372 94.364599 248.594482
120.856301 233.399300 101.652529 236.053818
114.826693 237.629476 102.304748 234.500769
107.721432 237.021844 106.573220 232.371819
111.902593 238.442153 90.074723 231.912193
114.317312 239.117398 85.980025 221.805158
111.611161 246.421137 83.721776 212.748298
117.728795 241.929687 75.989824 189.026170
117.166653 264.816536 75.895682 211.048065
118.509559 244.337648 70.131945 216.957871
122.870831 251.875007 68.138748 240.189170
121.477426 247.453518 75.928230 258.743149
100.904223 247.810867 94.487968 257.663363
116.263867 254.270103 77.124876 254.652228
112.014271 249.001354 79.639355 226.910933
106.116892 259.375118 85.274379 241.346541
100.808350 252.051987 93.651098 247.506290
100.919319 256.322382 92.829327 241.289931
104.136486 257.506007 82.013187 237.221491
106.055583 258.966005 82.321688 227.931717
101.687404 263.359220 80.317267 231.289853
98.618003 260.422913 81.822571 252.615799
90.008173 263.447742 86.281624 249.444137
86.867956 264.892836 90.830068 249.420889
88.923246 266.942737 98.470660 248.876151
84.639527 269.044127 107.086560 254.397786
85.444256 272.288126 99.174769 238.316230
79.732745 271.987944 98.309127 248.357999
78.785829 273.637308 106.476467 241.467737
76.705696 274.029086 100.498341 234.787801
73.693319 273.105624 94.993956 236.759817
70.605497 273.876781 86.200001 250.639124
67.013999 275.439397 87.615114 228.300869
59.411105 275.161884 80.064503 241.903263
51.950619 274.685178 82.631398 222.608341
58.342643 285.047819 73.855298 230.248371
81.366817 296.504122 65.829453 241.442162
73.969646 290.789202 74.280222 242.379637
81.803802 296.902150 77.857219 248.829431
98.890404 312.227944 62.240224 232.970283
74.806621 300.426361 80.809834 232.459293
91.318288 326.393557 67.468628 219.199194
100.149788 320.200717 57.440934 192.748486
85.876855 326.145625 72.161483 199.112266
100.252177 325.243426 60.965788 189.250054
99.273848 339.602282 61.507370 156.248544
111.614301 353.208292 50.859565 143.520813
94.649958 325.893737 62.962727 140.458914
85.878694 330.331431 76.025398 153.551006
88.427533 342.267263 68.846149 197.746506
94.720300 336.274557 58.313351 197.113954
82.766266 329.299602 72.963794 207.845762
75.504128 333.909752 80.854831 222.174801
64.644362 331.368216 93.086042 216.997644
66.730563 326.964741 82.888215 221.880633
66.622177 340.166647 92.886356 218.435469
70.669823 332.270555 91.902365 224.030696
71.063570 331.178434 81.471603 222.696437
66.691245 343.535928 98.589760 224.842636
74.073353 328.710616 102.582731 229.119369
68.507263 342.800878 91.607219 235.898888
73.121015 340.643277 97.466911 236.298782
80.147755 341.269974 92.511300 227.940612
73.290883 339.949680 97.303915 224.372113
74.498075 336.071411 90.522726 225.288506
70.383302 337.414098 87.731544 229.744056
56.171541 334.240398 99.410544 231.522161
59.427651 342.285181 94.254625 223.111845
59.037574 340.853445 94.033138 224.839414
58.315871 348.434456 86.864186 218.543360
67.467741 353.049497 88.177441 241.476650
66.524677 349.481446 78.923623 232.832979
59.497126 352.910104 91.058639 242.773891
62.891565 359.066998 94.408478 245.636873
73.694730 363.238788 84.569808 250.613492
70.785231 356.754896 85.857773 238.214827
64.937464 362.988408 90.426040 252.696290
64.871305 360.464403 75.720626 211.476807
53.261131 376.815700 83.505507 214.483814
51.905790 368.157921 77.772025 223.817985
54.198863 376.525455 77.536011 221.499456
47.633155 375.640459 81.307102 225.772349
47.454228 380.887524 75.362030 214.928513
40.709796 379.973507 78.789075 218.803984
26.393227 385.303060 81.309985 219.829322
24.306633 388.322095 82.822563 212.773076
13.075442 394.408464 80.977619 221.640204
6.550658 398.294854 84.149946 233.162729
10.618155 384.550801 78.621717 206.720209
0.843151 400.118322 78.338160 212.858770
1.606273 404.734587 78.939935 196.033612
2.939503 418.306909 87.639785 197.394921
0.000000 411.585101 65.663696 209.519212
0.000000 413.946470 67.960830 200.926750
0.000000 426.825890 61.698896 208.959691
0.000000 418.345709 63.228443 181.224505
0.000000 428.829721 42.469934 189.301375
0.000000 437.780510 50.994680 187.398170
0.000000 449.852630 47.118423 171.060751
0.000000 455.151533 40.943029 173.173917
0.000000 442.310836 33.977475 180.720761
0.000000 443.933539 43.568750 178.359730
0.000000 450.620446 38.648046 161.868074
0.000000 460.367888 38.540856 151.576721
0.000000 473.477392 38.526216 148.418815
0.000000 474.320882 31.636988 144.772955
0.000000 482.421474 25.673446 142.022203
0.000000 484.560266 19.011912 145.048341
0.000000 466.657476 11.312514 171.196948
0.000000 484.152298 17.026007 160.833095
0.000000 495.959549 20.181770 151.708694
0.000000 514.296433 30.302150 163.481304
0.595573 521.779209 47.033171 117.717362
9.239418 482.241462 33.363994 137.871773
0.656958 454.439075 43.508195 131.759716
2.358784 440.333290 37.180049 146.594238
5.256416 467.077607 40.799952 130.008921
0.000000 445.463056 39.383089 146.254527
7.032721 478.938863 41.626060 131.719846
2.430399 452.848463 46.211373 129.408389
0.000000 428.741916 41.943680 151.461923
7.832482 433.527190 43.328548 122.013851
0.000000 392.930137 43.982771 126.882794
4.401902 367.509048 43.197355 124.117329
1.499680 329.664075 46.316520 130.440122
0.294086 304.593311 41.700968 137.127724
5.963865 288.277739 50.599749 112.112521
2.050782 257.131578 53.606797 107.657529
0.000000 230.036012 45.622156 134.755412
4.332393 197.253757 44.523200 129.802549
0.000000 159.726062 49.435274 126.385683
0.000000 120.728576 36.857141 143.931261
1.488619 111.558087 46.283721 118.148629
0.000000 76.814428 38.881045 128.705342
3.427622 66.297660 47.212202 99.723128
0.000000 29.029748 41.155629 95.586113
0.000000 10.289582 34.394476 83.954097
0.000000 6.829074 30.700951 93.065544
0.000000 10.168332 31.239283 92.106948
0.000000 13.160373 27.967008 95.919951
0.000000 16.058174 29.090433 94.431185
0.000000 14.750955 32.180650 86.657652
0.000000 14.142158 25.832079 98.139193
0.274009 20.765897 30.832717 90.405208
0.000000 14.946896 31.346334 95.687818
0.000000 7.667358 33.265826 87.448837
0.000000 11.318141 28.898519 92.867803
0.000000 9.060334 29.571418 81.781338
0.000000 11.003102 28.209413 81.580318
0.000000 11.107330 26.489549 88.709913
0.000000 7.364427 22.595109 78.524383
0.000000 6.091606 21.331098 75.606105
0.000000 5.305296 19.190310 74.541594
0.000000 11.704956 19.650900 69.743287
0.000000 12.238586 21.608067 73.135580
0.000000 12.415618 23.527140 74.619106
0.000000 5.044048 22.545726 54.775147
0.000000 5.802397 23.619033 61.508190
0.000000 7.008681 21.265877 65.474539
0.000000 4.750692 24.705426 58.764599
0.000000 5.762398 22.486862 66.278665
0.000000 6.024898 26.506223 61.309614
0.000000 7.534194 24.849644 72.644760
0.000000 3.635146 24.753315 84.626373
0.000000 6.536062 30.995439 96.851455
0.000000 7.227807 38.694410 91.913030
1.399763 9.631451 36.227949 107.633056
0.000000 10.263752 40.439327 126.531606
7.292339 21.378015 45.143686 114.394416
3.584874 23.443557 46.187980 120.024981
2.247741 25.414444 43.328467 112.301575
1.770801 23.318893 42.217424 131.363316
4.597848 26.418409 44.311113 104.579825
0.937512 16.103666 43.154185 91.774996
0.000000 17.141985 34.237747 113.110732
0.000000 15.328742 41.207843 80.065857
0.000000 13.308451 31.393216 95.740992
0.000000 13.985247 35.295880 88.986868
0.000000 13.454970 27.871803 98.434442
0.696941 12.684239 34.419390 92.407433
0.000000 7.097292 31.152162 88.423322
0.000000 3.943943 35.925243 93.930093
0.000000 5.451099 38.039117 81.270039
0.587113 4.924331 33.762441 80.814836
0.000000 7.459958 30.559287 107.213019
0.000000 11.286093 37.648963 113.269425
0.000000 10.359317 37.788200 109.467128
0.000000 27.032116 36.787958 143.076510
4.210786 43.801930 44.082512 120.551229
0.000000 37.494866 47.072940 93.725479
0.000000 24.267521 33.827334 117.273462
0.926593 26.408428 40.903565 104.540245
0.000000 37.420417 25.723377 111.944052
0.000000 43.743799 31.553218 116.777627
3.438251 40.639713 38.965547 77.884588
0.000000 38.912040 33.192835 135.776530
1.183411 44.248527 47.170911 124.654069
0.000000 35.049407 43.592241 137.321239
0.000000 31.331372 55.259376 97.106079
1.709345 24.097378 49.413222 99.725739
0.000000 20.132092 40.071564 123.592316
4.492040 25.596914 47.452562 85.764282
5.189404 11.772805 40.100367 94.431419
4.498728 3.929249 42.348233 71.427336
7.901383 8.012483 35.959532 85.503401
5.891853 8.454881 36.229887 87.397140
4.714163 10.608145 34.356414 99.162875
1.249294 6.948050 38.354691 82.905457
1.122458 8.677233 33.528440 93.194141
0.000000 13.081270 28.165984 115.695923
2.039377 16.949318 38.714190 99.032283
1.901512 19.125484 37.262685 95.076307
2.238320 13.352879 37.584074 75.222627
2.598047 7.040657 37.768226 70.817986
1.962373 2.078780 35.512535 88.098581
0.000000 6.288453 36.224216 84.498650
0.578631 6.859110 37.233230 71.071594
2.072140 4.664028 31.576668 70.766883
0.699518 5.793967 30.950892 72.038324
0.000000 13.331692 23.793839 97.406472
3.444368 26.500187 29.386329 102.253175
0.000000 16.408323 31.392165 98.090824
1.222868 18.263020 40.646243 76.723275
0.461335 13.488614 35.984580 100.758391
0.000000 13.302825 35.423165 92.104799
0.000000 12.699063 33.383519 100.649609
0.000000 16.662811 38.072041 87.971745
1.165906 16.559414 33.411606 112.146015
1.197460 19.042465 41.402944 73.517838
3.462439 12.840165 29.981136 97.074924
0.094916 13.522501 30.279692 106.650604
3.500677 17.441145 37.502348 93.430625
3.049122 13.256524 40.157823 92.582709
2.236070 14.519460 39.183450 74.931451
1.688435 12.892970 33.407044 92.036122
0.000000 12.559306 32.405788 74.058510
0.000000 9.354188 25.663363 82.129116
0.000000 12.371987 29.546743 73.895135
0.000000 8.059499 23.344626 81.728433
0.671715 6.979533 26.199887 66.528239
0.000000 5.378357 21.180831 75.104728
0.689958 7.800725 28.296916 57.626096
0.000000 4.792189 23.161385 64.785225
0.000000 8.584619 22.192829 72.364976
0.000000 11.563652 26.888478 56.640062
0.000000 7.603118 19.846593 71.075059
0.000000 8.046096 26.699780 61.787948
0.000000 5.429315 21.464457 82.739759
0.620553 10.851105 28.885566 66.322161
0.000000 7.605310 22.560570 70.826553
0.000000 9.658934 26.777374 54.057978
0.000000 7.568986 23.272747 50.407103
0.000000 5.298115 19.335242 62.178734
0.000000 10.108127 26.896165 55.320477
0.361777 5.962182 23.432730 58.796952
0.000000 7.215854 21.127535 69.394292
0.000000 10.292004 27.800045 45.002344
0.607194 2.670395 22.611457 46.402869
0.890365 5.228845 19.252275 56.536045
0.000000 7.224704 18.249732 61.550449
0.000000 8.202998 20.588371 46.164199
0.045117 7.394127 16.960768 50.487992
0.000000 7.717471 17.456263 57.305028
0.000000 8.062346 19.314330 36.763195
0.000000 5.851957 16.554611 47.743116
0.000000 7.124046 18.431634 49.990388
0.000000 7.942360 19.695711 55.481917
0.000000 10.810311 21.916299 60.900288
0.000000 12.676218 24.687114 61.849103
0.000000 12.567474 22.514031 71.904646
0.257022 12.868512 29.752031 48.636299
0.745962 9.242152 22.701343 63.164647
0.000000 11.316415 21.589764 72.512328
2.503587 13.725172 26.412659 68.891885
0.860141 15.077164 25.780055 80.886442
2.044149 18.647687 29.512840 71.603377
1.168528 12.546620 28.777647 63.997255
0.211793 13.371734 27.073101 64.260574
0.000000 13.738619 25.128951 72.156432
0.123321 15.352482 28.053485 73.040106
0.573903 13.985828 27.992815 65.134846
0.777027 14.537131 26.294239 70.968074
1.423622 12.776368 24.576811 66.998189
1.597565 14.129683 24.550741 76.862885
1.794476 13.615251 27.428118 74.597633
2.828142 12.605223 26.844652 78.097899
0.000000 10.803285 28.365127 94.552416
3.088566 15.361973 34.834427 84.087877
5.336750 10.334676 33.606652 61.596291
7.009452 5.115809 30.399089 58.795490
6.344421 4.043226 27.183344 46.409386
4.964032 3.338044 21.801808 74.173335
0.738380 5.371760 22.556908 73.412353
0.233490 10.186835 24.893699 75.450146
0.283081 14.251300 25.605098 77.982589
0.776481 15.617211 27.279208 80.950963
1.088831 13.742721 26.999373 89.013586
4.499479 17.787597 27.188243 86.191898
3.886711 12.051623 29.321091 63.894555
3.257615 6.180818 24.604848 56.307866
0.142515 4.869691 23.722212 52.050853
0.000000 7.211341 21.376436 66.728706
0.000000 10.214518 26.497764 54.433458
0.000000 7.321472 20.520554 73.879978
0.070859 8.436552 29.140368 59.993742
2.139578 6.894149 23.351712 80.422475
1.452212 16.767143 28.467252 87.334803
1.976031 12.854346 30.239778 98.260451
2.757333 18.149871 33.261571 104.463784
3.760047 17.774124 33.193149 87.079694
4.102088 8.271770 31.784326 60.812356
4.106373 4.430037 26.046827 75.684773
2.124708 6.868445 27.372345 73.784265
0.636843 1.861131 25.815858 101.599129
2.476387 10.986713 35.140616 73.378226
1.064762 8.559138 30.449113 89.258977
0.000000 10.612753 28.618978 91.555031
0.000000 15.682591 32.949349 73.959152
0.091250 9.097785 26.020510 84.862224
0.000000 14.992839 32.319673 66.678337
0.926895 9.280378 22.390860 74.817675
0.000000 10.988289 22.594798 80.152093
1.550188 9.062510 26.139273 54.312281
0.733109 2.624321 20.434075 68.422693
0.000000 6.336404 24.508109 67.322356
0.000000 6.427403 19.296236 78.595170
1.070044 6.388295 24.156354 57.903321
0.586888 4.688923 20.549687 60.673766
0.000000 4.416529 21.259781 62.528229
0.000000 5.736708 20.030280 68.267746
0.365610 2.066722 24.738134 61.560315
0.000000 5.820147 17.043326 78.653022
0.433962 5.042907 19.905346 66.036947
0.000000 3.668727 22.610514 73.134458
0.000000 4.310317 26.381439 68.369375
0.000000 5.390683 20.061123 72.696914
0.474178 2.315949 23.957200 71.887464
0.000000 9.959858 21.463286 84.886869
1.797740 14.608542 29.424661 72.111578
1.239993 12.661234 27.747320 71.372901
0.000000 11.426103 26.036559 97.570052
0.000000 11.905677 26.653784 74.689514
0.000000 16.582290 27.429267 80.700685
0.000000 13.576135 29.089149 90.320881
0.000000 23.037982 37.933463 97.942835
0.000000 11.978360 36.353606 101.412519
0.000000 12.724453 34.437730 105.518826
0.000000 14.980448 40.699015 88.519598
0.000000 8.716671 35.364567 96.614906
0.000000 11.081562 35.781716 90.223533
0.000000 12.069872 30.890181 105.264566
0.651888 16.203970 38.191516 84.822158
0.000000 8.834606 34.472135 98.897669
0.000000 15.223509 34.320803 104.540981
0.000000 24.385982 38.061621 103.900389
0.000000 24.164413 39.993403 116.745648
0.000000 26.088826 43.292790 105.433650
0.000000 20.833963 41.524418 116.309276
0.000000 26.946412 43.218990 115.380462
0.000000 25.300105 43.660246 100.851128
0.430330 20.751838 41.374413 115.382660
0.051516 21.342349 45.268636 111.241140
0.396931 22.536038 42.084842 126.316619
0.000000 21.100747 45.415901 108.051286
0.000000 20.013654 42.070496 119.302604
0.000000 20.823626 41.856851 118.141438
0.614023 20.438429 44.243760 115.507702
0.531061 18.770975 43.870952 123.051016
0.000000 17.678936 43.674988 110.034446
0.000000 15.829747 41.187227 122.790116
0.000000 17.438038 42.534827 126.996681
0.000000 17.947416 46.493853 121.984831
0.000000 17.499853 44.963976 105.943978
0.000000 11.497500 39.575011 97.880212
0.000000 11.888450 36.384743 107.272492
0.000000 17.118240 38.687620 120.194409
0.902423 19.264633 47.783200 88.896167
0.537671 15.356590 40.491358 112.589328
0.000000 16.597501 38.066244 117.507064
0.701992 18.815669 47.983345 97.921836
2.235873 7.400224 39.788974 94.486367
0.000000 10.617894 38.279546 104.902547
0.000000 10.669744 37.114140 119.340936
0.000000 24.480245 45.910473 116.731637
1.148403 29.032758 42.728792 127.192978
0.932310 25.770260 43.911173 135.401104
1.042037 22.646618 50.108311 115.139821
3.358599 17.535787 43.687699 118.791204
2.930512 19.243300 42.970374 122.954329
1.869931 17.389446 45.046705 114.917296
2.074883 13.905317 43.352686 103.807001
0.420229 8.110640 41.963739 80.128881
0.054765 3.033304 32.630609 73.813080
0.000000 7.135999 25.914108 80.141806
0.000000 6.511758 22.863276 75.016974
0.000000 4.679126 22.282585 70.664804
0.000000 3.271839 24.039733 58.231667
0.000000 3.563539 16.231963 75.678413
0.000000 8.921660 20.259049 53.474882
0.000000 7.119033 14.935580 71.115533
0.000000 11.056519 19.361669 72.375919
0.128828 25.131431 21.371174 97.313247
0.483128 26.837382 28.986924 105.866402
0.007057 31.985910 33.797863 119.845961
0.860210 33.963757 38.795300 122.419094
0.000000 32.022106 36.193260 136.964909
1.511601 32.919661 38.473540 124.980358
0.000000 29.797638 33.329720 145.331554
3.980778 40.324767 40.818532 101.756813
0.000000 28.762490 37.445693 125.408317
0.871295 29.479826 38.798175 130.217261
0.000000 38.491532 41.920369 121.559127
0.000000 32.691236 37.810270 140.512062
5.220391 56.862518 41.932862 147.419295
1.885132 34.108570 50.413337 133.227657
0.000000 21.515458 53.258834 114.766811
2.214233 30.385680 48.100624 149.872030
2.841464 29.830169 53.242888 125.830225
2.248415 28.394089 46.963703 150.273768
0.000000 30.694292 50.341364 124.671845
4.950957 20.521277 47.994819 94.929953
1.386831 10.322129 41.604400 66.811738
0.843773 9.299671 32.338062 109.024044
0.000000 24.871899 31.675776 122.601715
2.635249 21.021296 36.019432 95.677197
0.000000 17.329103 34.715409 113.798306
4.242924 22.766157 40.526462 89.610147
5.730455 16.527756 36.988362 120.690984
4.167097 20.579774 37.405544 127.743674
6.261605 16.688464 40.542542 75.958777
7.223708 11.523188 33.979009 83.549732
4.645715 3.628659 32.724761 61.429826
0.779298 10.053077 27.964565 88.938233
0.313222 12.930856 26.306627 100.160632
1.256922 17.164698 30.853309 100.329666
0.648999 14.481382 32.388227 90.937121
0.000000 14.312692 28.563629 107.142321
2.134203 21.917584 31.750122 91.225369
2.194794 9.490845 31.228574 77.870574
0.000000 8.755491 28.376575 93.153602
0.000000 11.987069 33.646807 77.828049
0.000000 10.264053 25.662344 104.433756
2.005404 18.000456 30.567441 109.503910
0.000000 15.915518 39.197704 93.132459
0.000000 11.388803 32.502339 112.388467
0.000000 12.674086 37.478906 104.693320
0.000000 14.027591 36.004822 119.190057
0.000000 18.050067 38.762851 86.998410
0.000000 13.789271 30.123613 120.029300
2.829131 17.972486 35.724127 89.147352
0.000000 15.862133 30.840538 119.774620
0.392568 44.570029 37.130342 126.665653
4.424019 39.938607 43.077453 96.576248
0.000000 20.402372 35.599656 134.949858
0.000000 21.994253 41.438660 119.056987
2.661795 13.533061 42.800127 67.088540
3.595066 0.000000 36.861210 46.082019
2.810691 4.740445 35.339944 63.346058
2.568316 12.603140 36.259567 85.010189
3.456628 7.178369 38.326826 92.716049
6.445356 0.000000 36.323588 92.758145
6.220597 7.711888 42.512464 77.063913
8.027733 11.779201 39.500732 85.281776
8.908932 4.030599 37.253305 74.277856
11.078516 6.868574 36.419325 68.146771
1.024831 3.477355 25.529263 92.700032
0.000000 18.564229 26.399507 113.874934
1.501845 18.308816 37.502841 74.366340
3.526363 9.211064 29.662438 82.437016
0.574242 0.549711 24.764573 88.758936
2.124712 8.369715 33.490930 58.041331
2.686342 3.066555 24.540695 81.775197
0.588967 5.234038 27.406801 70.775882
0.342406 3.630630 21.766300 103.460058
0.670300 14.344993 38.338148 60.960301
2.688696 4.551541 26.420402 82.569544
2.713602 0.724687 27.105075 69.894299
1.653181 2.757934 27.186722 92.134112
3.561354 5.438988 34.136612 58.148305
8.163673 6.656275 27.342279 62.518426
7.300647 0.213623 29.817603 55.113232
3.247059 2.919468 29.022516 62.772946
2.475425 7.453751 20.988632 86.102872
2.226605 5.803969 30.083665 81.236665
0.939393 14.663944 25.566947 92.083048
2.641247 14.467895 35.654896 53.774375
6.405114 7.759625 23.745331 70.252691
1.930630 5.489514 21.939234 81.062835
0.000000 9.464227 22.714286 90.553446
1.675301 14.699234 28.634697 61.846268
0.000000 12.475135 22.559292 83.109295
1.615426 11.745479 29.728845 56.941188
1.685237 5.793468 23.532106 73.540955
0.000000 5.254295 21.121165 92.302495
0.167160 14.737770 27.689865 66.039253
0.740747 9.238305 24.860132 75.738734
0.152982 8.788164 25.635815 64.203172
0.372038 3.873737 20.370376 66.766985
0.008135 0.000000 24.397817 52.010731
0.000000 5.324758 18.852840 68.389331
0.477902 2.963893 19.437240 56.120364
0.523467 7.201227 16.084940 70.524015
1.370226 15.139951 16.127451 79.269078
0.438923 11.634941 23.109922 53.623921
