1007.000000 398.000000 26.000000 61.000000
1005.772431 399.978372 26.528773 60.970785
1005.994931 399.741879 26.813280 62.429960
1006.070972 400.687439 27.033137 61.605747
1006.899818 401.481623 26.318647 61.135759
1007.212113 401.079842 26.555265 61.683454
1007.560967 401.883650 26.424262 60.945172
1007.869862 402.182332 26.426781 60.608740
1008.066791 401.868376 26.777712 60.894920
1008.492492 401.699594 26.427806 60.980470
1008.297937 403.104600 26.787037 59.326614
1008.513132 403.466888 26.956153 59.304913
1008.538422 404.360698 27.240152 58.646752
1008.831254 404.709213 27.120714 59.667218
1008.678105 404.965352 27.292284 58.894802
1009.025972 405.209779 26.918707 59.343857
1009.384315 405.809569 26.772571 59.788608
1009.736654 406.290953 26.497304 59.200803
1009.669006 407.128357 27.078329 59.442061
1009.904374 407.587440 26.808526 60.144786
1010.667670 408.143994 25.899982 60.838097
1010.926342 408.692243 25.840590 60.677360
1010.894853 409.676485 26.277390 61.236535
1010.950562 410.375348 26.398609 60.296936
1011.130866 410.652061 26.361423 61.129597
1011.556916 411.223957 26.100737 61.182298
1011.685233 411.739216 26.249880 60.751535
1011.710765 411.647832 27.102532 60.830648
1011.689651 411.904307 27.570466 61.065477
1011.680769 412.212527 27.966241 61.178321
1011.996121 412.853430 27.778392 60.618942
1012.212821 412.709228 27.860084 60.454342
1011.857925 412.870493 28.428236 60.351145
1012.203999 412.977321 28.185339 61.031245
1012.694206 413.163265 27.984083 61.519520
1012.558658 414.053780 28.071869 61.331929
1012.996175 414.204880 27.200608 62.109687
1013.129047 414.318517 27.297423 62.851771
1013.150940 414.923018 27.501574 62.491409
1013.487562 415.888981 27.331353 61.640496
1013.835014 416.687434 27.106680 61.349540
1013.748031 417.254093 27.355702 61.934107
1014.162091 417.404059 27.171728 62.250222
1014.781205 417.786066 26.929024 62.154223
1014.867713 418.770552 27.620452 61.181307
1015.304847 419.325496 27.390818 60.796723
1015.591013 419.502225 27.783637 60.578881
1016.147015 420.133562 27.628960 60.031823
1016.425541 420.416352 27.546524 59.880443
1016.568981 421.325633 27.262772 59.078027
1017.222100 421.973818 26.843114 58.306545
1017.535920 422.698049 26.077613 57.700595
1017.651150 423.060673 25.769557 57.478428
1017.682599 423.563650 25.400958 56.922291
1017.680303 424.052384 25.293445 56.543473
1017.960687 424.281643 24.699784 56.681917
1018.050876 425.007329 24.364757 56.463470
1018.166734 425.279257 24.161102 55.813099
1018.048293 425.204758 23.877297 56.414022
1018.077868 425.531029 23.925793 55.887933
1017.355315 426.681994 24.941815 55.000932
1017.077463 426.808800 24.745337 54.885892
1017.176601 427.087301 24.436277 54.836623
1016.934317 427.385853 24.799457 54.585308
1016.934317 427.552846 24.785929 54.141810
1016.923477 427.172532 24.776256 54.184115
1016.843169 428.178357 24.795452 53.472246
1016.923101 428.736035 24.656341 52.591829
1016.927021 429.167524 25.061600 52.931021
1016.851537 430.432483 25.086202 51.428184
1017.201712 431.360929 24.834605 50.090305
1017.537609 432.291234 24.524319 49.940079
1017.753141 433.628237 24.374913 48.450736
1017.835769 434.155854 24.952361 47.748764
1017.748791 435.898701 25.347867 46.005916
1017.703089 437.097129 25.654702 44.888831
1017.392248 438.315042 26.351123 43.926769
1017.175462 439.516073 26.537482 42.340775
1017.267439 439.869974 26.632550 41.805792
1017.037966 440.350368 27.322544 41.814763
1017.053827 440.314337 27.820474 41.438788
1017.133931 441.239479 28.058791 40.539955
1016.947887 441.093292 28.280077 41.137904
1016.728434 442.609952 28.417825 39.412803
1016.592799 442.765764 28.844320 39.424341
1016.524023 443.241240 28.668050 39.162055
1016.671263 443.621204 28.765857 39.311082
1016.539062 443.978713 29.265775 39.658864
1016.336995 444.403708 29.190621 39.488105
1016.428721 444.309555 29.202036 39.388413
1016.380915 444.415983 29.400006 40.587255
1016.085608 444.571357 29.787633 40.353073
1016.202077 444.571357 29.700282 40.035027
1016.775726 444.435943 29.104938 40.448560
1016.979536 444.446471 28.694257 40.224180
1016.668904 444.259027 28.953721 40.573275
1016.620359 444.193242 28.889193 39.709396
1016.650460 444.415983 28.541613 40.265861
1016.590758 444.065522 28.648713 40.294694
1016.396863 443.954038 28.564842 39.979721
1015.912709 443.795122 29.389586 39.980419
1016.393017 442.922242 28.806295 39.566440
1016.508170 443.229282 28.630302 39.237136
1016.131378 442.705000 28.979139 39.745683
1016.062382 442.037712 29.382915 39.992446
1016.282028 441.278041 29.097547 40.179433
1016.426486 440.757312 29.117627 40.936558
1016.504817 440.883930 29.039697 40.564663
1016.442474 440.362461 29.157028 41.116127
1016.460442 439.606560 29.161449 42.023159
1016.255688 439.448866 29.386475 41.826120
1016.466366 439.218435 29.474410 42.076861
1016.612646 438.569596 29.608791 42.658739
1017.012700 437.656134 29.366827 43.596171
1016.940671 436.956984 29.727481 44.594963
1017.124987 436.065218 29.614423 45.464324
1017.774579 435.469637 29.203591 46.056341
1017.126737 434.669304 29.750136 46.834569
1017.606075 433.712471 29.577306 48.065382
1017.973283 432.452739 28.625354 49.427225
1018.285230 431.612106 28.264523 50.548528
1018.389826 430.423728 28.373600 50.925126
1019.221156 429.138073 27.801381 52.541538
1019.838980 428.044790 27.526295 53.179087
1020.413222 427.011496 27.051978 54.438361
1020.976252 426.684623 26.667194 54.829458
1021.492881 425.956290 26.350528 55.861552
1021.523274 425.352889 26.360832 57.008151
1022.025410 425.119195 25.867782 57.473122
1022.423057 424.448826 25.470135 58.330238
1022.512726 424.043156 25.427821 58.190579
1022.807957 423.794917 24.992248 58.767138
1023.122953 423.268666 24.385293 59.212605
1023.148605 422.670415 23.733809 60.080685
1023.361792 421.846927 23.266078 60.823057
1023.242744 421.774428 22.801294 60.411608
1023.019391 421.133146 22.748133 61.454992
1022.934153 420.589152 21.948797 61.733618
1022.543381 420.125672 22.232921 62.395476
1022.223021 419.837032 21.632194 62.581166
1021.595928 419.589145 22.031822 62.312059
1021.074448 419.351005 22.060126 61.917021
1020.526043 418.825526 22.556693 61.882105
1019.742312 418.716203 23.257333 60.902916
1019.341618 418.712075 23.394207 60.310402
1018.396206 418.774428 24.480840 60.275274
1017.653559 418.914726 25.314709 60.492700
1017.053802 418.665159 25.794304 60.518064
1017.039654 418.477038 25.649974 60.651129
1016.960093 418.467025 25.667554 60.558222
1016.867884 417.693949 25.633143 60.971217
1016.798900 417.778486 25.752288 61.107949
1016.612073 417.396628 25.751430 61.501167
1016.328018 417.206847 26.018805 62.028990
1016.092569 417.129812 25.859881 62.123144
1015.767180 417.002320 26.347193 62.222258
1015.602166 416.864669 26.045553 62.457039
1015.441526 416.720769 26.053221 62.868236
1014.579559 416.390565 26.776807 63.390134
1014.150990 415.659930 26.840028 63.098128
1013.321829 415.232425 26.959130 62.809939
1012.843550 414.778428 27.202803 62.393372
1012.524650 414.101226 26.758237 62.374165
1012.237671 413.628527 26.650035 61.619861
1012.245641 413.068164 26.606066 61.288584
1011.579070 412.745741 27.596165 60.832475
1011.341564 412.390358 28.021825 60.416634
1010.892839 412.150077 28.532801 60.511783
1010.932766 411.743849 28.892468 61.512758
1010.598316 411.634214 29.467115 61.397249
1010.581712 411.700266 29.317021 61.485603
1009.963566 411.470740 30.020365 61.715129
1009.675048 411.325248 30.150188 62.203325
1008.948211 410.973746 30.207748 62.386890
1008.613433 410.713993 29.987515 62.342289
1008.377965 410.488798 29.992529 62.015512
1008.020253 409.559769 29.783333 62.543276
1007.269066 409.382205 29.064937 61.578344
1006.764161 408.447972 28.889974 61.546612
1006.311927 407.468045 27.780641 61.197860
1005.966873 407.268317 26.962116 58.984114
1005.657083 406.623466 26.765753 58.908793
1004.935981 406.058476 27.362467 59.332552
1004.426472 405.855590 27.578302 59.467930
1003.946736 405.286273 27.866576 59.787811
1003.301405 404.800820 27.550804 60.024899
1002.336322 404.634466 28.265675 59.806800
1001.446168 404.378412 28.974251 60.144497
1000.921517 404.308662 28.713771 60.245839
1000.415262 404.058960 28.843961 60.607184
1000.008057 403.553189 28.654214 61.168874
999.629474 403.262552 28.050578 61.467143
998.973251 402.406513 27.255899 61.815885
998.181533 402.562311 27.459980 61.248039
997.275261 401.886041 27.991977 61.530249
995.709265 401.764971 29.261306 60.539285
994.780145 401.451874 29.514218 60.157716
994.168762 400.975271 29.306617 59.531604
993.500932 400.874126 29.909973 59.324465
992.858513 400.267194 30.449023 59.266952
991.717142 400.135813 31.102159 58.868937
991.215106 399.613728 31.542728 59.716046
990.807766 399.531085 31.750106 60.609585
990.710472 399.099545 31.646892 61.175070
990.533033 398.885281 31.417251 61.540034
990.162301 398.671034 31.371486 61.954167
989.979109 398.282311 31.361821 62.007548
989.370286 398.002602 31.562176 62.287257
988.726589 397.636888 31.603943 62.549525
988.463160 397.268894 31.301636 62.743479
988.373674 397.121113 30.998613 62.208151
988.030707 396.567211 30.517579 61.613710
986.923376 396.552561 31.066570 60.673764
986.961305 395.665675 30.248415 60.016756
986.149971 395.117617 30.138871 59.768502
985.455781 394.430911 29.769527 59.683244
984.652765 394.225653 30.269585 59.554607
984.102127 394.197219 30.331050 59.467760
984.145275 393.888982 29.657610 59.803719
983.498486 393.556266 30.002987 59.859034
983.598363 393.756837 29.141994 59.824350
983.484905 393.499562 29.323188 59.753688
983.275210 393.225672 28.983971 59.940126
982.390452 392.936100 29.574667 59.922775
981.895482 392.451889 29.108407 60.798552
982.368419 392.178034 28.403868 61.241016
981.556889 392.325803 28.748915 60.672835
981.558627 392.204877 28.313214 61.392385
980.619204 391.384811 28.397849 61.697610
980.349052 390.601220 27.376341 62.241942
979.670965 390.060440 27.730730 61.998538
978.452539 389.079301 28.057237 62.367911
977.021989 389.164396 28.695353 62.350108
975.628817 389.762550 29.149211 61.711286
974.466506 390.762553 29.467859 60.036348
973.765442 391.604949 29.305147 59.793305
973.265013 392.841446 29.705189 59.500090
972.368005 393.880659 30.027460 59.404244
972.120735 395.327572 29.865898 58.816016
971.778534 396.423387 29.859878 59.133267
971.670728 398.437573 29.556224 58.740560
971.752966 399.724332 29.506032 59.511279
972.112345 401.142608 29.296185 59.325456
972.105953 402.827752 29.029623 59.457637
972.409799 404.527776 28.629626 60.063871
972.105953 405.453983 28.859202 60.419461
971.973243 406.997973 28.657251 61.044147
971.705577 408.939371 28.978898 60.577859
971.636274 409.842451 28.815807 61.558868
970.912366 410.736431 29.301010 62.197233
969.972204 411.489977 29.850286 62.891247
969.941340 412.518914 29.417507 63.509769
969.019326 413.518900 30.150442 63.240375
968.696468 414.791938 29.955919 61.469155
968.648651 415.857917 29.395556 60.396705
968.462133 417.299480 29.323741 58.950961
968.585988 419.144760 28.498842 59.200053
968.509479 419.839499 28.433480 59.961165
968.480162 421.085946 28.075973 61.033762
968.592572 422.710660 27.802859 60.641917
968.605551 423.949644 27.848750 60.831062
968.896316 425.829791 27.122034 60.848744
969.505269 427.157668 25.955967 61.506092
970.002798 428.782187 25.248117 61.254050
970.027416 430.260530 24.734020 61.634176
970.184571 431.809575 23.966754 61.397867
970.326986 432.568540 23.483043 62.237589
969.807150 433.589096 23.717267 62.131076
969.210803 434.175328 24.195707 62.373375
968.407092 434.925841 24.564892 61.912307
966.812388 435.998436 25.949045 61.037930
965.756115 436.820821 27.145042 61.037715
965.224003 437.254091 27.628966 59.964616
964.153024 437.410496 28.454682 59.581555
963.328345 438.118087 29.270760 59.429978
962.146994 438.989438 30.577743 59.231009
962.462127 439.441436 30.045565 58.837266
961.652780 439.709680 30.974620 58.983241
961.196339 439.562770 31.783274 59.407985
961.432897 439.138095 31.313981 60.184498
961.314203 438.739736 31.531798 60.499025
961.387377 438.534939 30.833730 60.647887
960.917695 438.618391 30.720692 60.395289
960.715274 438.407805 30.423106 60.530777
960.539061 438.344756 30.337828 60.426232
960.133952 437.814145 29.562398 60.568137
959.708942 437.472842 29.759093 60.553714
959.319743 436.887395 29.763784 60.164598
959.111744 436.367888 29.566476 59.801034
958.417479 435.297097 29.539614 60.046538
958.365759 434.786066 29.102273 59.857302
958.028149 433.303576 28.758956 60.082787
957.134346 432.936089 29.605495 58.962974
956.700612 432.522797 29.503449 59.093305
956.586019 432.223540 29.486312 59.276516
956.310287 431.791304 29.328081 59.298129
956.554375 431.419741 28.608366 59.250814
956.750932 430.759322 27.942061 59.818885
956.785155 430.634468 27.262084 60.108601
956.433377 429.551152 26.945484 61.184414
956.656812 429.320037 26.575998 60.865493
956.693396 429.015312 26.041294 61.054446
956.310422 429.203162 26.146964 60.810734
956.087062 428.845120 26.039631 61.355810
955.433354 428.826288 26.066506 61.271424
955.064866 428.826288 26.249886 61.692674
953.955523 428.810077 26.896694 61.236740
953.135558 428.518310 27.207098 60.921449
952.231480 427.810094 27.703766 61.209045
951.310304 427.687422 28.569244 60.560947
950.229057 427.120213 29.594033 59.860324
949.571179 426.992075 30.231670 58.767535
949.550829 426.494561 30.334472 59.176166
949.012021 425.847615 30.623242 59.761975
949.347870 425.387398 30.020130 59.360952
949.798148 425.053767 29.388690 59.472885
949.621758 425.059630 29.598844 59.605681
949.372568 424.903394 30.122545 59.790689
949.311874 424.743986 29.524780 59.948700
949.566833 424.412073 28.500067 60.393995
949.484921 424.099004 28.015949 60.815312
949.613346 423.940975 27.626868 60.999977
949.031865 423.835867 27.805266 60.881691
948.830216 423.645797 27.760008 61.419575
948.795252 422.734809 27.492591 61.292917
948.409860 421.542205 28.696652 62.070715
949.065617 421.142868 28.833180 61.578562
949.608136 420.485513 29.089784 60.290386
950.456391 419.891306 29.267470 59.100604
951.579502 419.024785 29.080390 59.023434
952.258791 419.153700 29.453520 57.813979
953.775972 418.595848 29.349333 58.342852
955.780903 418.314678 28.878064 58.367167
957.653228 417.861531 29.124004 58.641340
960.116066 417.537901 28.930426 59.342998
963.538098 416.898973 27.978720 59.608423
966.661928 417.144934 27.335215 59.646149
970.010254 416.731117 27.660118 59.701188
973.915998 416.119811 27.311344 60.311414
976.948504 416.036240 26.268417 60.477789
980.146978 415.626992 25.997892 60.879345
983.363492 415.606119 25.899744 61.011741
985.733408 415.354561 27.098496 61.068297
987.989674 414.831493 26.327612 60.911573
990.309784 414.079854 26.933618 61.076404
992.023972 413.313350 27.613453 60.991378
992.747145 412.714614 29.110014 61.477928
994.046456 412.612997 29.269803 59.915774
994.250635 412.163259 30.878426 58.292949
994.150765 411.658806 31.277010 58.252357
993.756246 411.360260 31.818220 57.832520
994.571178 410.623232 30.791581 57.973699
994.032098 409.874120 30.861924 58.431826
994.012034 409.638315 30.535413 58.380565
994.415184 409.345858 29.974413 58.880049
994.028127 408.791308 29.917843 59.434599
993.752102 408.638310 29.112837 59.749189
993.727123 408.432710 28.629464 59.760730
993.761522 407.940967 28.164556 59.784121
992.984954 407.530019 28.541861 60.103080
992.345289 406.624536 28.170364 61.065165
992.077666 405.995584 27.749628 61.308653
991.623622 405.786070 27.818167 60.684869
991.066422 405.197449 28.007175 60.473121
990.450070 404.497030 28.065590 60.309982
989.892820 403.624519 28.210851 60.018807
989.371101 403.233306 28.155688 57.910545
988.845056 402.608479 27.733512 57.107171
987.895679 401.810288 28.506802 57.998633
987.423684 401.551100 28.394168 58.312910
987.190509 401.143986 28.123598 58.318392
986.542657 400.446383 28.596305 58.966170
986.405946 400.314656 27.914000 58.908329
985.777026 399.814148 27.820901 59.373730
985.602693 399.780038 27.347285 59.102852
985.514856 398.757372 26.402125 60.141345
985.262375 398.590519 25.874365 60.406919
985.010341 398.487638 25.535408 60.288023
984.677604 398.054776 25.854715 60.553460
984.306065 397.524175 25.239683 60.865832
983.721871 397.329901 25.561297 60.496558
982.904329 396.799576 25.672099 60.480797
982.048089 396.350958 25.928049 60.502826
980.177475 395.820657 27.370944 59.645663
978.979921 396.041316 28.031448 58.075895
977.977694 395.405987 28.738631 57.967027
976.849248 395.151099 29.305637 58.308447
976.710651 394.719247 28.713430 58.449352
976.399250 394.020744 29.059342 59.113016
974.885855 394.314257 30.673478 59.125498
974.607445 394.441438 29.943543 59.473566
975.008060 394.391417 28.863746 59.968311
974.415251 395.108473 29.670650 59.448185
973.460997 395.789890 30.378277 59.710564
973.562716 396.362036 29.290092 59.725990
972.390485 396.689586 29.779329 60.489554
972.141952 397.101390 29.662367 60.441683
971.388972 397.469917 29.900658 60.448581
970.721133 397.325376 29.467349 60.932816
970.070004 397.695598 29.321896 60.194714
970.111834 397.137848 28.059261 60.470728
968.807966 398.513684 29.055565 57.320081
967.962709 398.875844 29.375750 56.343752
967.290067 398.948088 29.635095 56.904293
966.902868 399.496879 29.252039 57.266275
966.418496 400.369855 28.886573 57.308141
965.939979 401.158753 28.465388 57.476700
965.557749 401.967313 28.400895 58.023466
965.370360 402.718975 27.570854 58.316199
964.707612 403.482676 27.918448 58.371108
964.904299 404.246321 26.971414 58.474065
965.166321 405.148484 25.699941 58.827075
964.595012 405.995330 25.362655 58.815481
964.113797 407.014880 24.826891 58.768494
963.847382 407.766282 24.339898 58.875989
963.070557 408.633785 24.458389 58.954351
962.237944 409.006502 24.916694 59.121358
961.632872 409.621141 25.034974 58.834309
960.557161 410.410022 25.410220 58.205977
958.958752 410.962896 26.198806 58.111126
957.644589 411.586103 26.262462 57.573422
956.361340 412.374160 26.867402 57.485319
955.176878 413.170839 27.614400 57.662251
954.507710 413.987718 27.571922 57.141937
952.786954 414.728758 29.175693 57.238930
952.390384 415.071461 29.271691 57.394864
952.640443 415.950526 28.033855 58.361216
951.983229 416.757814 28.533881 58.168057
951.811131 417.485435 27.909264 57.974109
951.216322 418.188158 27.663613 58.532228
951.175027 419.188159 27.603559 58.421852
950.974228 420.071469 28.384515 58.208915
950.457529 420.660785 28.360405 58.401989
950.541429 421.485427 27.231988 58.604939
950.505612 422.108530 26.996348 58.690595
949.873111 422.219125 28.031208 59.590817
949.204725 422.436627 28.072813 60.167461
948.196834 423.193919 29.461631 59.412308
947.013684 423.588929 30.922702 59.519979
946.263738 424.061080 31.714316 59.185199
946.539008 424.540074 31.787636 59.091731
946.064623 425.040119 32.195275 59.263644
946.763281 425.678317 31.382337 58.282104
948.062679 426.279816 31.422228 58.164022
948.762440 426.782508 30.270251 58.577226
950.769474 427.773336 29.606871 58.252068
951.658182 428.295729 30.554133 59.001064
953.196294 429.338735 29.451353 58.437185
954.709221 429.947380 29.689704 59.161796
955.627009 430.802175 28.853285 59.031930
956.322197 431.744468 28.133208 59.168881
955.975095 432.801894 28.455896 59.267862
954.872518 433.604447 29.513891 59.325774
954.878830 434.344993 29.052358 59.578532
954.740946 435.226980 28.679471 59.526885
953.602398 436.236651 29.749596 59.902844
953.276110 436.783848 29.473288 60.344122
952.868518 437.723731 29.116625 60.261626
952.487502 438.286427 29.056127 60.682552
953.656187 439.197217 27.125071 59.997151
949.462266 439.932587 30.438920 60.246749
947.905787 440.499668 31.617513 60.030180
946.885676 441.160885 32.011055 60.093721
947.035219 441.799584 32.035183 60.189413
946.764876 442.183369 31.712820 59.891146
947.967379 442.761914 30.206443 59.732534
949.083030 443.481542 28.142361 59.634824
949.656838 444.038794 27.268114 59.677540
951.038186 444.692243 25.853347 59.564069
951.744382 445.658003 24.570531 59.873752
951.465451 446.838366 24.767936 59.524288
950.915354 447.640980 24.969033 59.749473
950.876002 448.322181 24.455058 59.985047
950.529151 448.735187 24.692129 60.961588
949.992151 449.630131 25.086535 60.957576
950.093371 450.282763 25.011856 61.437258
949.673035 450.996735 25.473674 61.104121
949.091572 451.135152 25.532138 61.646503
948.248930 451.626983 26.008565 61.835487
947.225375 451.889418 26.558375 61.292232
946.568999 452.554755 26.778865 59.409971
946.074780 452.795184 26.689737 58.778846
945.555747 452.834619 26.259568 57.926172
945.307545 452.759586 25.537039 58.289057
944.929385 452.895050 24.947633 58.559342
943.984480 453.208403 26.145185 58.517242
943.115415 453.720096 26.646300 58.220639
943.301551 453.910323 25.334370 57.871967
943.027224 454.083099 25.713379 58.743595
942.848779 454.322161 25.685822 58.645532
942.889964 454.621133 24.679039 59.080049
942.450926 454.915041 24.943588 59.080248
941.663024 455.141255 25.486255 59.532560
941.451796 455.790251 25.184063 59.617181
941.077526 456.060482 25.001731 59.777770
940.395463 455.894039 24.722711 60.211234
940.020548 455.686514 24.967459 60.118505
939.076593 455.519456 24.616385 59.825244
938.723798 455.198764 24.012010 59.768923
938.102275 454.898756 24.241493 59.020910
937.197485 454.905021 23.979041 58.634091
936.832612 454.486096 23.580549 58.626514
935.590970 454.065354 23.237046 58.425996
934.559991 453.788712 23.470832 58.419689
933.423274 454.036330 24.466470 58.138696
933.228389 453.843780 24.842541 58.767557
933.209877 453.864336 25.473286 59.968856
932.643078 453.997141 25.441369 60.061467
934.042593 453.435047 24.926065 60.309433
935.853117 453.237778 24.565272 60.848541
937.336169 453.279322 23.518385 60.228430
939.669829 453.350967 23.209911 59.965768
942.010518 453.205639 23.375532 60.682238
943.979319 452.889723 22.989955 61.269034
946.218628 452.695048 22.503404 60.869450
948.302714 452.133150 22.545003 61.454992
949.897774 451.953728 23.231271 60.581398
952.532539 451.649589 22.210072 60.237011
954.913110 451.133531 22.505975 60.688657
956.443364 451.577948 23.674907 59.469201
959.967456 451.318357 23.231096 58.599776
963.401083 451.554295 23.204792 58.659175
966.143762 451.453498 23.549923 58.960524
969.562990 451.459646 23.625441 58.366646
972.707727 451.229378 23.904817 59.558882
974.964750 451.379465 25.220609 59.744945
978.346868 451.910353 24.976023 59.112869
981.539274 452.141265 25.772643 59.450547
984.843600 452.406628 24.958931 59.100026
988.080579 452.934996 25.271770 58.654036
991.902213 453.272299 25.169980 58.560057
995.069544 453.328869 25.039487 59.096137
998.755199 453.329874 24.932509 59.070749
1002.281964 453.855032 24.613551 58.384722
1005.232096 453.460749 24.153959 58.298891
1008.438286 453.618782 23.827357 57.968383
1012.114087 453.890365 22.714007 57.527857
1013.896856 453.553735 22.950636 57.926932
1016.927180 453.948721 21.947985 57.114675
1019.682830 453.497910 20.874443 57.622731
1021.416463 453.546247 20.608973 58.300069
1023.515874 453.801712 21.628416 58.416732
1025.768428 453.835566 21.165815 58.304804
1027.061148 453.377573 20.966160 59.578602
1028.618201 453.726897 21.268961 58.832433
1028.931739 453.875615 23.017241 58.448700
1028.324378 454.073089 24.716644 58.794105
1028.941296 454.127804 24.126201 58.731537
1029.708809 453.773351 24.063106 59.132887
1029.395497 453.392364 23.842156 59.253245
1028.955531 453.359114 23.544137 59.225366
1028.532685 452.928398 23.647265 59.388403
1028.708743 452.365465 22.967584 59.632138
1028.334041 452.112691 22.881927 59.873686
1027.573299 452.010895 22.489561 59.386034
1027.176291 451.651291 22.171022 59.417913
1026.533112 451.768293 21.506196 58.887063
1025.710393 451.418575 21.364425 58.231284
1024.445691 451.438073 23.036677 57.656691
1023.444137 451.454104 22.988467 57.402034
1022.015202 451.394184 23.704142 57.981779
1021.007762 451.394788 24.366747 58.155026
1020.205652 451.459646 24.574884 58.767904
1019.270110 451.388885 24.884608 58.310040
1017.999926 451.147953 25.729081 58.284899
1016.991478 451.449238 26.280063 58.247776
1016.366234 451.660774 26.207064 58.011342
1016.336902 451.720102 23.910674 58.059284
1016.601962 451.229378 23.437291 58.576226
1016.288079 451.319666 22.655205 58.854181
1015.993420 451.052883 21.308110 58.576076
1015.287488 450.995583 20.721997 58.280536
1014.996246 450.841830 20.351630 58.089938
1014.405385 450.872805 20.560841 57.718376
1013.766399 450.812738 20.174342 57.675875
1013.291045 450.579371 19.714594 57.074165
1012.524968 450.967765 19.760337 57.515553
1012.105217 450.344173 18.835981 57.728656
1011.082411 450.298408 19.469623 57.343747
1010.296982 450.521372 19.938402 57.573035
1009.727461 450.400093 19.843624 58.046548
1009.146905 450.440025 20.210391 57.826339
1008.934297 450.270146 19.986589 57.475302
1008.060194 450.423412 20.656208 57.774399
1007.543183 449.984111 20.731973 58.316181
1006.823005 449.397939 21.225028 58.404080
1006.275796 449.517842 21.335850 58.332969
1005.982585 448.873787 21.192616 58.767249
1005.562709 448.634542 21.155909 59.166065
1004.810672 448.715120 21.771829 59.218631
1004.867735 448.144685 21.680885 59.706390
1004.858321 447.710978 21.933442 60.327687
1004.912472 447.400129 21.822239 60.120534
1005.324542 447.357013 21.635432 59.802985
1006.063916 446.835060 21.022134 60.351653
1006.555345 446.794032 21.007594 59.077539
1006.988586 446.935536 21.524190 58.283545
1007.408508 447.114674 21.788832 57.790218
1008.260644 447.547947 21.853475 57.566164
1009.047588 446.955045 22.241415 58.269212
1010.604244 446.991566 21.714846 58.097780
1011.808381 446.875580 21.716316 58.739195
1013.180233 446.890043 22.560136 58.407594
1014.311057 447.033566 23.434825 58.285519
1015.387066 447.879185 23.261846 57.508248
1016.308090 448.027056 24.480046 57.506025
1018.062060 448.076084 24.856130 57.493624
1019.895755 447.777004 24.173518 57.704243
1021.181145 448.016417 24.305945 57.920805
1023.272654 448.274079 23.811723 57.531552
1025.094144 448.428796 22.581692 57.468984
1026.559520 448.312446 22.659313 57.670818
1028.535762 448.074981 22.201113 57.621646
1030.926294 447.835548 21.353770 57.809144
1032.194871 447.458852 21.035625 57.930405
1033.850622 447.357950 21.246312 58.096412
1036.106286 447.874003 20.722868 57.558167
1037.146222 447.546263 20.707578 57.239950
1038.686101 448.010409 20.593961 56.838191
1040.287757 447.380129 21.060656 57.757909
1041.413548 447.021513 21.041203 57.806416
1042.586606 446.961736 21.450990 58.022019
1044.435283 447.041413 21.030155 57.890345
1045.378179 447.001601 21.336645 58.452760
1046.611471 447.015290 20.988339 58.388030
1048.225637 446.873775 20.930706 58.741092
1048.494342 446.546494 21.189620 58.963886
1049.283296 446.513238 21.258464 58.890082
1049.921844 446.634507 21.275532 58.479604
1050.852904 446.371130 21.145522 59.005826
1051.310322 445.692086 20.673236 59.605872
1051.435607 446.213703 21.504225 59.032914
1051.702802 445.971294 21.612412 59.168941
1052.019838 445.890048 21.267497 59.170542
1052.271125 445.991572 21.410565 59.495282
1051.947118 445.773304 21.246980 59.308344
1051.789043 445.562873 21.498292 59.312425
1051.789043 445.511523 21.610081 59.259336
1051.628839 445.041808 21.320513 60.164120
1051.465441 444.950664 21.321290 60.240229
1051.691098 444.732608 20.836955 60.336169
1051.805567 444.448469 20.496861 60.100811
1051.604278 444.566663 20.215496 59.543319
1051.099055 444.139989 20.944590 59.743075
1050.884623 443.523208 20.989746 59.795870
1050.298939 443.459864 21.439919 59.073191
1049.728815 443.432151 21.936297 58.031296
1049.693414 443.606542 21.752276 57.116068
1049.689184 443.140692 21.493928 57.531919
1049.382654 443.001593 21.872346 57.826328
1049.145400 442.975455 21.707906 57.669237
1048.584645 442.834656 22.249516 57.545462
1047.824354 442.696479 23.035001 57.866131
1047.455484 442.206114 23.318700 58.717891
1046.776328 442.229392 23.759380 58.628811
1046.254902 442.319653 24.267342 58.426790
1046.307711 442.439670 24.094683 58.200511
1045.998827 442.598921 23.757463 57.908812
1046.024037 442.534405 23.570149 57.778790
1046.005481 442.494582 22.786357 57.976227
1045.843097 442.354173 22.360839 57.943449
1045.202655 442.454112 22.712544 57.765291
1044.248250 442.553711 23.461962 57.561613
1044.195441 442.934520 22.827935 57.463991
1043.603298 443.007475 23.106875 57.237986
1043.221221 442.830766 22.982726 57.545206
1042.830737 442.652964 22.936625 57.436367
1042.538877 442.474061 22.665120 57.615270
1041.634577 442.751889 22.811078 57.233659
1041.366017 442.664977 22.243914 57.005660
1041.097381 442.001591 21.810129 57.439046
1040.337565 442.264620 22.031395 56.881922
1040.007601 441.479117 21.578724 57.171481
1039.462197 441.612593 21.799110 57.215323
1038.950475 441.180312 20.965605 57.699492
1038.777368 440.721398 20.628325 58.106518
1038.153719 440.266500 20.398454 58.267022
1037.885776 440.326664 20.572391 58.284856
1037.561669 440.366711 20.566011 57.985301
1036.853452 439.902932 20.138312 58.500874
1036.525294 439.266459 19.880386 59.345061
1036.037228 439.255298 19.998019 59.568324
1035.785290 439.721396 20.052115 58.996416
1035.393311 439.721396 20.210340 58.706679
1035.158603 440.001586 20.116585 58.584315
1034.711358 439.678593 19.951763 58.777051
1034.704171 439.781657 19.545046 58.804244
1034.044737 439.429511 20.282515 58.990461
1034.123074 439.418237 19.845645 58.983586
1033.824990 439.050394 20.012410 59.141919
1033.467560 439.009242 19.728722 59.497671
1033.047845 438.719688 19.973771 59.524912
1032.296525 439.015851 20.178789 58.599011
1031.599756 438.617120 20.753587 58.890421
1031.366181 438.146484 20.569289 58.394564
1030.412679 438.001582 21.398671 57.259435
1029.764263 437.902057 22.349406 56.960902
1029.299795 437.795212 22.926884 57.222048
1028.411894 437.633170 23.587554 57.404282
1028.401729 437.837982 23.885543 57.349063
1027.866559 437.234391 23.973642 58.553264
1027.387358 437.199111 24.682661 58.760520
1027.453284 437.168107 24.373435 58.610941
1027.007962 436.986205 24.613046 58.766120
1027.087075 436.884663 24.686666 58.760921
1026.901413 436.803171 24.437009 58.603154
1026.783502 437.003548 24.589283 58.688436
1026.476866 436.700992 24.427795 59.158324
1026.331978 436.741912 24.376074 59.251459
1025.651188 436.598461 24.407494 59.341238
1025.168985 436.472206 24.930227 59.333054
1024.596971 436.125359 24.197236 59.463665
1024.472791 435.649582 24.043714 60.020409
1024.216976 435.271962 23.778272 59.941033
1023.697813 435.101394 23.930087 60.026447
1023.294683 434.815915 24.040288 59.477398
1022.963518 434.474971 24.155016 58.325563
1022.711533 433.814181 23.932246 57.932708
1022.566609 433.372225 23.831425 57.497082
1022.563946 432.971849 23.527387 57.949656
1022.204365 432.254496 23.848334 57.771145
1022.276002 431.736343 23.613791 57.728927
1022.587880 431.653536 23.453381 57.712125
1022.337618 430.951546 23.310814 58.492939
1021.907780 431.155425 23.804139 58.178791
1022.169727 430.876687 23.793408 58.563971
1022.100625 430.588985 23.759407 58.681240
1022.138580 430.379712 23.602865 58.847813
1022.056161 430.479555 23.677694 59.179734
1022.342670 430.442370 23.813100 58.975395
1022.269412 430.359099 23.825771 58.295160
1022.495100 429.879808 23.999670 58.700488
1022.540774 429.709893 24.193059 57.578547
1022.354307 429.394769 24.590664 56.907027
1022.172815 429.164139 25.037107 55.627838
1022.503299 429.011503 24.522671 54.587361
1022.452731 428.206379 25.062173 55.263372
1022.730065 427.861670 24.370248 55.037050
1022.814231 427.674397 24.404390 55.276949
1023.328695 426.827590 23.981558 56.180370
1023.328629 426.587036 24.197788 55.703088
1023.537768 426.305288 24.076310 55.797098
1023.607113 426.013180 24.344641 56.943927
1023.760881 425.791574 24.341718 57.357385
1023.810083 425.294604 24.243194 57.652882
1023.736395 424.916693 24.363021 57.496429
1023.829169 424.716218 24.120267 58.010636
1024.110236 424.167983 24.008127 58.480234
1023.742812 423.895634 24.368528 58.164527
1023.965211 423.683112 24.556705 57.787347
1023.867186 422.895635 24.772647 58.216961
1024.055442 422.743464 24.931826 58.174663
1024.271050 422.501300 24.676275 58.231966
1023.976299 422.052085 25.106792 56.520828
1024.414399 421.613874 25.490374 55.699256
1024.535911 421.008017 26.050888 55.682706
1024.492867 420.451114 26.886427 56.650441
1024.593863 420.371308 26.848977 56.298609
1024.656817 419.884411 26.653831 57.290179
1024.678011 419.488338 26.566720 57.752081
1024.557098 419.247468 25.899158 57.855184
1024.763658 419.266015 25.087760 57.878933
1024.747048 419.319417 25.181791 58.017626
1025.148592 419.208399 24.546395 58.039133
1024.943845 418.826177 24.668842 58.318006
1025.232409 418.629791 24.075550 58.168195
1025.347116 418.280168 23.700157 58.641727
1025.438146 417.367816 23.667860 58.934185
1025.686977 417.013647 23.992126 58.787242
1025.559811 416.503082 24.324826 58.838518
1025.353872 416.254192 24.923611 58.034242
1025.813932 415.763216 24.680684 56.740432
1025.524299 415.673344 25.629107 56.398293
1025.333263 415.372560 26.119167 56.651441
1025.661440 414.923755 25.958805 56.690214
1025.491726 414.281006 25.717745 57.268124
1025.196851 413.662952 25.981381 57.676666
1024.979031 413.428871 26.019057 57.450233
1024.431288 413.687254 26.353128 57.270550
1024.122002 413.488703 26.607926 57.442844
1023.601804 412.974883 26.584886 57.971361
1023.662503 413.405273 26.417629 57.456957
1023.168129 412.634015 26.288188 58.285645
1022.869225 412.402192 26.506419 58.350336
1023.049122 411.790483 26.062571 57.732077
1022.915352 410.981345 26.082767 58.357233
1023.016268 410.591707 25.849573 58.468400
1023.042570 410.020033 25.855127 57.540688
1023.148605 409.588155 25.805533 57.395907
1022.849279 409.188279 25.994085 57.247473
1022.994484 408.746538 25.838171 57.659796
1022.626263 408.168116 26.328666 58.000199
1022.985147 407.761976 25.677349 58.458735
1022.626263 407.411298 26.018863 58.588192
1023.145702 407.301114 25.581079 59.189490
1023.079943 407.100142 25.590979 59.110037
1023.269820 407.262001 25.359969 59.030305
1023.702760 407.302133 25.615943 58.584771
1023.401515 407.060503 25.334533 58.907205
1023.605494 406.816858 25.582460 58.855262
1023.655900 406.240390 25.067139 57.697507
1023.813890 405.642807 24.888104 57.880099
1023.813890 404.956577 23.867785 57.894487
1023.930697 404.675947 23.213177 56.453229
1024.059170 403.964436 23.177084 56.059288
1023.545368 403.994329 23.626886 55.097686
1023.460074 403.519506 23.651701 55.480306
1023.801662 403.222909 23.575384 55.490101
1023.738447 402.815727 23.521310 55.802279
1023.864320 402.801322 23.453990 56.011774
1024.344378 401.956919 22.879226 56.088853
1024.256071 401.980709 22.646005 55.594168
1024.108466 401.848351 22.859517 55.589393
1024.117680 401.671588 23.160858 55.347124
1024.231381 401.392396 23.085754 55.588543
1023.923492 401.374645 23.359945 55.281317
1024.059720 401.096058 22.879634 55.884750
1024.344377 400.884304 22.731698 55.564666
1024.344377 400.468709 22.522840 55.568907
1024.400610 399.662167 22.406385 56.014153
1024.484639 399.494110 22.591436 54.944936
1024.597407 399.172485 22.556524 55.397259
1024.231231 398.778714 22.621957 55.671767
1024.596057 398.519506 22.198949 55.746028
1024.375865 398.449283 22.454906 55.694545
1024.568272 398.214641 22.458083 55.660663
1024.347029 397.893971 22.840441 56.037994
1024.516528 397.632101 22.984310 56.603329
1024.283666 397.407168 23.375217 56.733868
1024.516129 397.277397 22.909917 56.613482
1024.831086 397.011321 23.225093 56.671610
1024.914421 396.742860 23.037333 56.670124
1025.145429 396.665618 23.055956 56.708348
1025.109421 396.458976 23.208895 56.993071
1025.026815 396.199358 23.321762 57.389833
1024.855572 395.574993 23.670883 57.820108
1025.218125 395.159344 23.397432 57.579399
1025.787405 394.839342 23.075447 57.091563
1026.060182 394.571720 23.234518 56.083611
1025.851849 394.214471 23.466473 55.945033
1025.827815 393.254215 23.433807 55.953601
1025.864332 392.853467 23.929017 56.192295
1026.125991 392.691374 23.796142 56.103887
1026.501297 392.355304 23.688682 56.459052
1026.768310 392.195500 23.907639 56.446901
1027.379548 392.092123 23.356534 56.319286
1027.728779 391.749797 23.371517 56.409695
1027.951041 391.407172 23.782219 56.407188
1028.048293 391.607760 23.903226 56.300121
1027.989002 391.492587 24.027738 56.467070
1028.430901 391.195506 23.539634 56.563110
1028.312864 390.830779 23.876223 56.665018
1028.680972 390.124718 23.767252 56.981708
1029.002362 389.754524 23.709109 57.062378
1029.489177 389.493718 23.328080 56.940412
1029.887773 388.728334 23.155240 55.945354
1030.513329 388.377625 22.773672 55.546531
1030.718549 387.902032 23.100720 55.998318
1030.886408 387.404848 22.980144 56.480035
1031.030363 386.991749 23.320655 56.359293
1031.739633 386.794288 22.490869 56.579678
1031.914555 386.534490 22.913285 56.420284
1032.109376 386.470565 22.774062 56.226055
1032.400844 385.964202 22.525951 57.170819
1032.573902 385.913299 22.744369 56.718400
1032.858346 385.637038 22.082497 56.917945
1033.142590 385.404843 22.340861 56.595198
1033.509573 384.807675 21.887872 57.250141
1033.836945 384.280420 22.306195 56.576823
1034.252880 383.828761 21.945405 56.956586
1034.509575 383.197992 22.176156 56.763599
1034.350117 382.859908 23.133338 56.475035
1034.688591 382.665613 22.846751 55.562936
1035.344425 381.957480 22.343756 55.260539
1035.402908 381.599379 22.662521 55.463539
1035.605021 381.188247 22.909764 55.362011
1035.775005 380.639277 23.148662 56.063381
1035.738433 380.521619 23.579863 55.562005
1036.000197 380.060110 23.793126 55.572674
1036.316040 379.342701 23.906689 56.704759
1036.538824 378.988530 24.257499 56.499670
1036.438191 378.752867 24.365488 56.642236
1036.806458 378.624393 24.627120 56.959933
1036.990737 378.482541 24.740303 56.676924
1037.041314 378.261265 24.634517 56.973309
1037.403388 377.922225 24.576334 56.642520
1037.609858 377.752442 24.709565 57.091123
1037.960735 376.904389 24.884439 57.546639
1038.235706 376.333283 24.602651 58.287001
1038.923347 376.057887 24.105209 58.555777
1039.323639 376.078107 24.022329 56.538672
1039.710400 375.830777 23.711988 55.451447
1040.030418 375.477160 23.757762 55.721514
1040.485331 375.206363 23.566367 55.966988
1040.681757 375.011318 23.759901 56.162033
1041.458229 374.858961 22.979829 56.039441
1041.799537 374.585060 23.178973 56.146993
1042.036739 374.470558 23.135450 56.400922
1042.540186 374.240129 22.836796 56.167437
1043.339713 374.248235 21.858591 56.315217
1043.785208 374.330992 21.954492 55.244839
1044.331693 374.236070 21.901982 55.484556
1044.817058 373.813291 21.941320 55.857244
1045.384924 373.739921 21.581623 55.411287
1045.640991 373.159664 21.862507 55.385888
1046.249735 372.305409 21.742693 55.916861
1046.735599 371.199627 21.829049 57.049912
1047.097944 371.239645 21.680837 55.535709
1047.503690 371.229228 21.914602 55.287855
1047.844301 370.599499 21.890074 55.771684
1047.946228 370.092090 22.103330 55.800932
1048.044930 370.147245 22.264891 55.403566
1048.485336 369.843142 22.399950 55.537866
1048.971309 369.690325 22.744961 55.803771
1049.276381 369.646268 22.662995 55.906862
1049.722386 369.392385 22.739035 56.276612
1050.209040 369.265806 22.739997 55.535150
1050.203046 369.071423 22.798621 56.188653
1050.430083 369.349401 22.782107 56.116120
1050.998676 369.045236 22.332261 56.322686
1051.252917 368.596175 22.549402 56.726643
1051.372641 368.068261 22.738168 57.028135
1051.916004 367.697886 22.619286 56.960024
1052.145196 367.515703 22.697465 56.987898
1052.597282 367.329348 22.601102 55.768684
1053.076011 366.783929 22.180693 55.642947
1053.410515 366.343820 22.358230 55.680079
1053.761942 365.970103 22.057083 55.448544
1054.188245 365.901010 21.976227 55.735844
1054.312963 365.690324 22.253611 55.653096
1054.642426 364.861961 22.478019 56.678410
1054.927520 365.096066 22.412843 56.922260
1055.303942 364.827586 22.447058 57.259117
1055.485335 364.645917 22.321591 56.723350
1055.942618 364.585060 22.388330 57.017668
1056.202261 364.515707 22.822017 56.681824
1056.513312 364.317077 22.269803 56.457135
1056.871651 363.492430 22.292346 56.830388
1056.801685 363.223903 22.541266 56.776133
1056.858190 362.801661 22.956767 56.036810
1056.801685 362.430618 23.182239 55.145656
1056.721448 362.348825 23.535277 54.547594
1057.344435 361.974173 23.050595 54.650488
1057.026878 361.775579 23.792345 54.485164
1057.472767 361.046114 23.441692 55.241026
1057.535957 360.823137 23.620413 55.290249
1058.026653 360.740042 23.544798 55.342095
1058.545231 360.363034 23.067076 55.464754
1058.458950 359.922923 23.228676 55.651970
1058.688152 359.922923 23.604468 55.803533
1058.827753 359.801323 23.825196 55.702289
1058.856835 359.648974 23.676486 55.873874
1059.001548 359.572605 23.323796 56.008048
1058.856835 359.291459 23.822954 56.463346
1058.973373 358.936616 23.698016 56.379107
1058.899734 358.922583 23.884915 56.705912
1059.166769 358.230264 23.353467 56.276382
1058.780051 357.723864 24.145557 56.972761
1059.255234 357.311428 23.424276 56.677069
1059.107422 357.066249 23.234826 57.083282
1059.548880 356.519351 23.097076 56.454721
1059.659960 356.521605 23.061529 56.369371
1059.711001 356.011313 22.615085 56.288875
1059.511476 355.456407 22.886028 57.107049
1059.610063 355.588238 22.845018 57.676562
1059.552058 355.334163 22.727783 57.290009
1059.745725 355.213749 22.680321 57.379097
1059.633987 355.154365 22.734800 57.077076
1059.745725 354.895603 22.789618 57.464590
1059.859457 355.163628 23.079099 56.925704
1060.140699 354.553741 22.631275 56.837181
1060.252259 354.623524 23.066007 56.228481
1060.457171 354.322746 22.829837 55.598008
1060.440150 354.213797 22.642852 55.767129
1060.565921 353.906028 22.005416 55.183906
1060.542024 353.728010 22.192360 54.209280
1060.386883 352.984264 22.942526 54.629693
1060.026910 352.974928 23.304114 54.206899
1059.777818 352.574512 23.175487 53.955095
1059.719931 352.349614 23.320429 54.225392
1059.632775 352.150797 23.495737 54.893178
1059.538602 351.873545 23.426180 55.107390
1059.331658 351.696883 23.487397 54.466158
1059.143947 351.524470 23.572357 54.837745
1059.288034 351.199753 23.093979 55.295618
1058.859339 351.174743 23.548758 54.580624
1058.597317 351.099634 23.466365 54.881297
1058.182472 351.132081 23.470499 55.145757
1058.080403 350.696879 23.519419 55.721682
1057.543631 350.611580 23.656818 55.739455
1057.856829 350.496095 23.404725 56.258699
1057.652334 350.342088 23.347456 55.983516
1057.710989 350.264609 22.571170 54.956611
1057.375884 349.594148 22.787993 54.981906
1056.879555 349.468095 23.536577 55.258560
1056.513369 349.134277 24.012080 55.871409
1056.508033 348.820278 23.577582 55.772929
1056.236682 348.611590 23.313799 55.536439
1056.197682 348.702577 23.097428 55.841025
1055.873407 348.748787 23.256934 55.750525
1055.593493 348.748787 23.693491 55.725351
1055.086065 348.802481 23.328789 55.396204
1055.226885 348.696266 22.799710 55.128983
1055.085473 348.787729 22.547145 55.420016
1054.836139 348.829641 22.417107 54.696465
1054.974535 348.482920 22.578992 54.938021
1054.893038 348.316389 22.664221 54.909453
1054.921736 347.880233 22.872742 55.722619
1054.567959 347.677182 22.765104 55.298420
1054.462187 347.430243 22.880950 54.079575
1054.122378 346.804229 22.875178 54.108699
1054.007631 346.388220 22.400004 54.513143
1053.410787 346.331257 23.130121 54.373820
1052.611555 346.238375 23.731571 54.710568
1052.538572 345.848648 23.688844 55.606456
1051.873321 346.199035 23.945491 54.595949
1051.513358 346.019064 24.510111 54.931439
1051.386212 346.348585 24.429280 54.673017
1050.934348 346.441623 24.301902 55.113352
1050.503203 346.204753 24.291834 55.489961
1050.568778 346.338060 23.336498 55.331258
1050.458933 346.646272 23.041875 55.384872
1049.714183 346.791612 23.374412 55.536817
1049.688132 346.768183 23.295777 55.405085
1049.001916 346.388991 23.364626 55.386262
1048.813840 346.363025 23.293291 55.719103
1048.415947 346.438844 22.888167 55.161268
1048.026865 346.505904 23.160612 54.471678
1047.864325 346.182141 22.918112 54.592386
1047.690938 345.956024 22.913112 54.893172
1047.375945 346.031608 23.600529 54.593980
1046.879616 346.037940 23.710111 54.837368
1046.859287 346.000177 22.923766 55.328248
1046.479644 346.150867 23.232107 55.228177
1046.212349 346.300727 23.312965 55.408838
1046.168407 346.400953 22.915594 55.477584
1045.961177 346.747426 22.610099 54.802829
1045.748870 346.937092 22.855141 55.539270
1045.830348 346.810638 22.799172 55.341017
1045.548027 346.753517 22.954370 55.549608
1044.694186 346.427589 23.355290 56.537886
1044.622036 346.858973 23.567996 55.405994
1044.516485 346.916379 23.984301 54.057783
1044.062256 347.085105 24.114335 53.818282
1043.790644 346.936837 24.028608 53.843164
1043.217851 347.122049 24.359304 54.453772
1043.458918 346.982279 24.241227 54.592605
1043.146670 347.496568 24.317370 53.977564
1043.122420 347.319399 23.941197 54.580961
1043.168400 347.431160 23.868288 54.770932
1043.343243 347.833473 23.169851 54.439858
1042.909126 347.918230 23.266565 54.934522
1042.801352 348.282047 22.993651 55.351038
1042.486621 348.549517 22.889489 55.459319
1041.938625 349.094454 23.284460 55.208659
1041.888152 349.132073 22.811770 55.859056
1041.361279 349.325028 23.256561 56.218577
1041.107370 349.342694 23.282586 56.007436
1040.943862 349.496089 23.510837 56.181160
1040.445700 349.598063 23.505410 56.390610
1040.400185 350.128267 23.473778 54.986017
1039.728075 350.375335 23.785824 54.300084
1039.945874 350.560954 23.281570 54.339398
1039.777838 351.176608 23.065139 54.098083
1039.398412 351.557572 23.031996 54.288533
1039.542023 351.628762 22.586489 54.470224
1039.064124 352.099659 22.705616 54.721310
1039.234527 352.536331 22.173059 54.914759
1038.974551 353.210300 22.454208 54.786833
1038.979016 353.757622 21.884484 55.022926
1038.779230 354.007116 22.311780 55.446151
1038.803219 354.316369 22.117775 55.637507
1038.915495 355.158914 21.793487 55.278496
1038.835249 355.140527 22.446687 55.680438
1038.915495 355.562494 22.512949 55.518138
1038.915495 355.694105 22.201439 56.257870
1039.146236 355.638919 21.819530 56.635545
1039.060635 355.867643 21.709513 56.458509
1038.775037 356.278310 22.519840 55.322591
1038.547048 356.694094 22.621649 54.906807
1038.649004 356.766139 22.631014 55.207775
1038.397780 357.269251 22.940380 55.166076
1038.576569 358.342586 23.242703 54.636625
1038.576569 358.221113 23.307802 55.029620
1038.301910 359.182387 23.662866 54.323506
1038.548036 359.903770 23.362518 54.508063
1038.026926 360.597547 24.399425 54.967980
1038.236747 360.916376 23.452371 54.803336
1038.114782 361.690120 23.730461 54.739618
1037.634076 362.240707 24.258335 54.841432
1037.483035 362.718782 24.255208 55.375999
1037.711042 363.029811 23.848743 55.423097
1037.652387 363.847130 23.533425 54.887071
1037.479690 364.132074 23.928401 55.373802
1037.266727 364.441623 23.563990 55.834503
1037.176634 364.897424 23.654082 55.250592
1037.109745 365.400952 23.666726 55.885681
1036.749977 366.086334 24.175595 54.985806
1037.021441 366.385855 23.640943 54.208702
1037.173117 366.647219 23.194277 54.753409
1037.375921 366.694097 22.752723 55.717738
1037.540490 367.319400 22.623510 55.569158
1037.036814 367.731593 22.908372 55.705831
1037.531854 368.199762 22.637793 57.039861
1037.458247 369.010936 22.919753 56.343149
1037.608842 369.445021 22.989944 56.348619
1037.943844 369.916387 22.898819 56.307872
1038.087891 370.495585 23.022927 56.462168
1038.264068 371.355439 23.112976 56.954451
1038.378461 371.948205 23.396503 57.762158
1038.382155 373.011504 23.929861 57.122804
1038.587849 373.415245 24.277051 57.290136
1038.442575 373.820767 24.476026 57.583975
1038.561003 374.383015 24.841803 57.237272
1038.985518 374.820760 24.023767 57.123034
1039.284650 375.741854 23.724802 55.380819
1039.002896 375.699808 24.242960 55.554841
1039.549889 376.355426 23.790562 55.535556
1040.087903 376.668995 23.591945 55.580418
1040.573864 377.329946 23.370687 55.148445
1040.974636 378.056384 22.737174 54.670065
1041.234567 378.665637 22.856070 55.267773
1041.789466 379.132075 22.476313 55.884745
1041.576516 379.787726 22.827392 55.369136
1041.668958 380.224739 23.041763 55.794738
1041.970641 380.801746 23.052805 55.800993
1042.231374 381.500689 22.721073 56.279414
1042.343241 382.172213 22.904336 56.410867
1042.750503 382.775954 22.276735 56.666422
1042.914493 383.248233 22.309465 56.889934
1043.082432 384.404457 22.320772 56.630664
1043.276384 384.239652 22.629037 57.381319
1043.688574 385.101586 22.785814 57.710965
1043.710377 385.427224 22.819188 57.805009
1044.004965 386.247092 22.576130 56.882762
1044.287635 386.688106 23.102063 56.148819
1044.487727 386.953131 22.891307 56.789008
1044.728815 387.598074 22.726266 56.176145
1044.914497 388.248890 22.811059 56.604976
1045.173737 388.851992 23.113268 56.471356
1045.157338 389.508058 23.249111 56.258431
1045.145375 390.704372 23.617891 56.523751
1045.716963 391.330704 23.593238 56.297805
1046.109374 392.129603 23.534216 56.814076
1046.413723 393.548870 23.382592 56.089226
1046.534513 394.589803 23.563860 55.582611
1046.975666 395.236518 23.460278 55.344020
1047.942600 396.037874 23.173968 55.044253
1048.203038 397.019334 23.114117 55.280971
1048.531816 396.999297 22.929600 56.197059
1048.548148 397.901625 23.938483 55.740435
1048.972721 398.305300 24.093058 56.421706
1049.137197 398.759846 24.150127 56.626846
1049.157475 399.190016 24.124332 56.736655
1049.777492 400.145701 23.770367 56.049780
1050.225025 400.533334 24.112969 56.933159
1050.166759 401.010516 24.134043 57.095553
1050.593701 401.466817 23.670373 57.662931
1050.623419 402.182376 23.766734 57.382884
1050.800758 403.010523 23.835237 57.599726
1050.771312 403.466823 24.353970 57.724055
1050.960739 404.233546 24.316229 58.303354
1051.145248 404.861175 24.335687 58.508761
1051.175089 405.214013 24.526892 59.002574
1051.663809 405.487453 23.914630 59.161566
1052.025468 405.869693 24.227488 59.638883
1052.002479 406.302972 24.174190 58.582962
1052.175155 406.492279 24.038268 57.358358
1052.623469 406.476536 23.766734 58.268982
1052.537721 406.372223 23.745346 57.548583
1052.800809 406.585377 24.240781 58.132127
1052.952720 407.401270 24.062121 57.478297
1052.810071 408.027561 24.269157 57.574991
1053.080419 408.411858 24.510190 57.736680
1053.627385 408.954005 24.512014 57.106149
1054.169696 409.473769 23.729697 57.632874
1054.313991 410.415978 24.402981 57.239388
1054.653099 410.994785 24.685471 57.499210
1054.960713 412.143268 24.410338 57.164911
1055.712328 412.855965 23.858194 57.011239
1056.018371 413.126568 23.978053 56.955067
1056.372524 413.152700 24.023392 57.640364
1056.504240 414.319664 23.860481 56.908349
1056.082493 414.895936 24.575594 56.428790
1055.748424 414.428808 24.511944 56.870039
1054.406197 414.912810 24.317644 55.620360
1052.845324 414.820275 24.725070 55.925267
1050.094406 415.107429 25.399370 56.502925
1047.172138 415.433423 25.520015 56.084035
1044.154311 415.836976 25.243953 56.607505
1040.521129 415.588022 25.210231 56.955560
1036.226370 415.801830 25.343336 57.932803
1032.670127 416.868578 25.174764 56.883755
1028.649112 417.109880 24.734723 57.171212
1024.355743 417.313528 25.021805 57.676437
1020.633449 418.326028 24.846248 57.581668
1015.553341 417.915967 24.775473 58.512459
1009.898118 418.188265 24.437339 58.377449
1004.288111 418.594799 24.780170 58.692761
997.789022 418.228496 24.588987 59.878730
990.913961 417.947947 25.092379 60.208821
985.719091 418.628333 24.753039 60.189075
979.861298 418.914726 25.219279 57.504454
976.049344 420.292963 25.242203 56.320705
974.029570 420.646426 24.727792 57.114740
972.817991 421.357652 24.943219 57.083034
972.960714 421.036322 25.176957 57.376803
972.648965 421.708174 25.602841 57.492498
972.776672 422.216428 25.644057 56.978284
972.990737 422.439830 25.893349 57.413084
972.944653 423.216422 26.233558 57.830697
972.915384 423.761065 26.184447 57.532263
973.481775 424.099709 26.099212 58.055076
973.813394 424.586087 25.733138 57.922100
974.087059 424.845097 25.551786 57.827170
974.179244 425.041156 25.653368 58.032865
974.325954 425.173506 25.600278 57.560461
974.259372 425.379449 26.008418 56.777646
974.874559 425.182228 25.288781 57.157398
974.586251 425.574328 25.779626 56.485834
975.447625 425.784348 25.019353 56.171150
975.505297 425.663371 25.326377 56.069942
975.492883 425.912819 24.671958 56.321756
975.311444 425.760510 24.879759 56.486643
975.748368 425.493735 24.385016 57.432943
975.409358 426.109888 25.054667 56.985729
975.311327 426.535971 25.060900 56.786930
975.627713 426.898465 24.716306 56.280773
975.396151 427.260223 24.915866 56.480568
976.034644 427.588997 24.146940 56.750423
975.928785 428.107408 24.172071 56.424850
975.657590 428.607745 24.351793 56.119370
975.710417 429.101266 24.399789 55.729040
975.263089 429.261951 24.872502 55.789850
975.207732 429.336308 24.923661 56.404490
975.324154 429.931762 24.829217 55.989751
975.283011 429.857288 24.639083 56.831272
975.324154 429.968831 24.745185 56.719267
974.680562 429.732682 25.101607 56.517861
974.842287 429.470701 24.993178 56.501663
974.897397 430.214085 24.857980 56.839251
975.172791 429.693131 24.016696 57.856664
975.288079 430.016400 24.233218 57.085134
975.263751 429.851006 24.139112 57.777935
975.288079 430.214819 24.164557 57.016273
975.263751 429.772177 24.151870 58.281140
975.537728 430.555153 24.037051 57.324414
975.830140 430.534415 23.911868 57.517292
975.682697 430.234393 24.207610 58.210111
975.597568 430.855816 24.308210 57.651906
975.443694 430.916676 24.519384 58.099651
975.296512 430.723348 24.983695 58.380398
975.543758 431.080210 24.777134 58.020732
974.849343 431.241536 25.469978 58.289274
975.179238 431.348888 25.227145 57.034982
974.898142 431.362672 25.496485 57.118592
974.173618 431.497116 26.395720 57.288891
974.205836 431.663994 26.058575 57.175991
974.044473 431.746546 26.319044 57.132553
973.428584 432.060682 26.825986 57.081270
972.827842 432.193301 27.352700 57.197809
973.439051 431.970188 26.031833 57.705760
973.030550 432.488427 26.603415 57.511063
972.342616 432.916971 27.033097 57.196035
972.068528 433.537675 26.884848 57.161234
971.326180 434.030993 27.368493 57.128515
971.458529 434.014885 27.404233 57.550191
971.773821 434.346344 26.726465 57.462596
971.752756 434.741671 26.331893 57.364447
971.278759 435.138673 26.742181 57.267671
971.128924 435.780428 26.405675 57.059565
971.182404 436.467643 27.001045 56.463896
970.428604 437.151316 27.462187 56.202033
970.526601 437.880619 27.437289 55.932831
971.287114 438.375308 26.571403 55.503782
972.972928 439.307764 24.566898 55.261927
971.439672 440.381134 26.358937 54.542799
971.189709 441.451973 26.274420 53.748215
970.934161 442.421446 26.382323 52.885735
970.540078 443.475322 26.832606 52.244395
971.371597 444.560752 25.918006 51.364169
972.012648 445.734867 25.187579 50.741719
972.201733 447.321149 25.045688 49.389850
973.454286 448.424085 24.089662 48.505078
971.980301 449.800203 25.372173 47.238920
973.304292 450.818751 24.122054 46.288984
972.729771 451.999536 24.998893 45.556157
973.802930 452.727201 24.187718 45.305467
973.620248 453.772168 24.267273 44.443751
973.768025 454.339822 24.568608 43.876247
973.898227 454.996745 24.098315 43.579086
973.973971 455.418819 24.296905 43.454663
973.959640 456.482555 24.001940 42.701474
974.150867 456.736178 24.009555 42.856262
973.936473 456.707050 23.876747 43.232802
973.964430 457.208979 23.464669 42.983189
973.919236 457.510043 23.678223 42.827276
973.571439 457.398690 23.461180 42.970828
973.640613 457.996379 23.942921 42.820439
973.521148 457.959881 23.458427 43.334693
972.805082 457.949977 24.104646 43.703498
972.533059 458.106298 24.681192 43.602679
972.254695 458.310167 24.908568 43.407279
972.942939 458.398969 24.615746 43.754369
972.098802 458.293704 25.144262 43.766354
972.281572 458.648473 25.051886 44.009823
972.368172 458.291267 24.702399 44.670193
972.149968 458.712673 24.920604 44.312227
972.031259 458.816686 24.822906 44.484470
972.281572 458.369558 25.110781 45.402779
972.517864 458.435813 24.797512 45.424169
972.451696 458.202453 24.507542 45.953812
972.465796 457.745423 24.829804 46.766392
971.863419 457.659081 24.572109 46.962246
971.311974 457.385546 24.771423 47.769942
970.950281 457.237409 24.756644 48.094816
971.716588 456.475845 24.655379 49.243079
971.249241 455.865394 24.503924 49.892017
971.777322 455.880614 23.727913 50.244803
971.104486 455.218638 24.199488 50.838886
970.361021 454.447769 25.255680 51.878616
970.008891 454.410436 25.369327 52.283741
970.374720 453.480720 25.346345 53.676597
970.169048 453.142734 25.591976 54.476802
969.150276 453.269996 26.463765 54.690665
967.648048 452.415987 28.432572 56.065682
967.841059 452.576012 28.322744 56.037015
968.210292 452.267865 28.224584 57.137156
968.125074 452.515434 28.386156 57.043388
968.175063 452.423966 28.302677 57.214770
968.191668 452.502262 28.793886 57.243177
968.498889 452.755164 28.108448 57.204477
969.240355 452.219104 27.540688 58.339715
968.707556 452.345453 27.852530 58.018504
969.573305 452.599808 26.790213 58.336163
969.714606 452.202664 26.720362 58.446745
969.473747 452.439393 26.798946 58.469624
969.210808 452.815883 27.033846 58.120183
969.972722 452.629347 26.041317 58.877308
970.859837 452.548557 25.542579 59.420014
970.758996 453.444475 26.002677 58.415009
970.751807 452.898285 25.592291 59.177362
970.903653 452.938935 25.472069 59.109705
970.903653 452.776037 25.630949 59.326641
970.788468 453.424881 25.847396 58.955000
970.019482 453.487797 26.367081 59.018842
970.386504 454.029901 25.792232 58.666401
969.807075 453.550590 26.410988 60.013908
969.522695 454.119701 26.766529 59.407665
969.528213 454.242946 26.672865 59.501534
968.935929 454.058451 27.039828 59.686029
969.335042 454.287133 26.704815 59.582849
969.203725 454.344939 26.737494 59.920964
969.085230 454.978180 26.530484 59.466718
968.751346 454.852120 26.743083 60.331108
969.100990 455.409286 26.025675 60.460467
968.827776 455.260035 26.214460 60.487980
968.477644 455.384399 26.295735 60.919641
968.484638 456.041325 25.958443 60.632404
968.492708 456.197654 25.802449 60.550362
968.421422 456.590521 25.873735 60.185143
968.341940 456.477015 26.251227 60.404132
968.129863 456.467017 26.101774 60.308646
967.980156 456.280795 25.968048 60.301646
967.838889 456.569968 26.009209 60.233366
967.780605 456.549404 25.877462 59.868040
967.960085 457.419461 26.451615 59.088279
967.655793 457.405974 26.439036 59.066357
968.079488 456.769150 26.231524 59.083223
967.894225 457.379507 26.442577 58.882405
967.894225 457.098255 26.633856 59.245452
967.968521 456.914160 26.525875 59.206745
967.997045 457.835590 26.596005 58.562736
967.909566 457.528337 27.137267 58.762523
967.750567 457.809558 27.355282 58.446194
967.853394 457.608472 26.905093 59.054207
967.896757 457.949465 27.061920 58.550014
968.136501 457.909559 26.943180 58.807650
968.342935 458.246955 27.001318 58.798716
968.283720 457.976114 27.474800 58.796044
968.032166 458.400661 28.196306 58.173378
968.337951 458.038918 28.473190 58.508181
968.638585 457.992356 28.546060 58.630938
968.574743 457.963078 28.991372 58.404834
969.824768 458.104621 27.873873 58.236338
970.010316 457.689076 28.144621 58.431829
970.341048 457.692261 28.643765 58.225578
970.981924 457.792648 28.377663 58.260017
972.993944 457.287150 26.920556 58.496255
972.175048 457.259307 27.610806 59.111704
974.311467 457.184973 26.147136 58.517975
974.278032 457.402185 26.192849 58.998796
975.349647 456.414610 26.021177 60.281724
975.100142 457.260527 25.848074 59.211857
975.489121 457.017899 25.781423 58.844338
975.938450 457.302109 25.478885 58.665575
976.217040 456.816835 25.143528 58.402129
975.957497 456.974874 25.265772 58.614142
976.231973 456.875036 25.141902 58.445078
976.362339 456.654165 25.335637 58.585589
976.512788 456.855032 24.995521 58.117823
976.352903 457.221763 25.519076 58.148429
976.294715 457.127784 25.574552 58.146152
976.263370 457.586086 25.340486 57.440029
976.228154 457.359770 25.362564 57.584818
976.661437 457.769753 25.139291 57.387151
976.491706 457.319661 25.174225 58.559924
976.450721 457.067196 25.166867 58.233201
976.556521 457.408873 24.881924 57.706710
976.630793 456.936290 24.863820 58.386625
976.783523 457.516672 24.495891 57.933761
976.586204 457.539324 24.464773 57.915522
976.657200 457.319661 24.552275 57.871693
976.567647 456.691573 24.899307 58.159509
976.630793 457.241524 24.223717 57.597267
976.474477 457.254330 24.311626 57.472516
976.593711 457.115780 24.337571 57.768742
976.474477 457.646493 24.336650 57.290714
976.444430 456.931229 24.541792 57.705163
976.241661 457.420554 24.984369 57.113612
976.566553 457.529414 24.750547 57.460534
976.719079 457.698018 24.584615 57.205239
976.642414 457.509853 24.608059 57.243235
976.840258 457.704836 24.330551 57.179685
977.020629 457.494559 24.350397 57.219402
977.233527 457.975530 24.575585 56.961677
977.111966 457.574149 24.432516 57.217514
977.504303 457.607515 24.386054 57.356046
977.474559 457.490280 24.151252 57.658249
977.142429 457.763068 24.480456 57.438437
976.749443 457.956281 24.841127 56.980926
977.080380 457.712909 24.807969 57.052849
976.618233 457.801823 25.451157 57.135384
976.773908 457.777039 25.091316 57.074043
976.742745 457.638616 25.162986 57.657953
976.569374 457.618778 25.245556 57.598865
976.507764 457.847161 25.508628 57.336361
976.476887 457.259466 25.183216 57.826920
976.196849 457.536223 25.243385 57.780551
976.352903 457.388891 25.114470 58.017439
976.259415 457.208377 25.317497 58.251022
976.388465 457.588135 25.381971 58.030811
976.270029 457.488687 24.812479 58.050412
976.352903 457.419711 25.182758 57.929561
976.630793 457.805707 24.850194 57.547634
976.269519 457.934412 25.814250 57.335833
976.228154 457.607987 26.130243 57.771837
976.357263 457.700322 26.177455 57.465617
976.745345 458.467635 25.256142 57.364908
977.174739 458.063232 25.528035 57.749166
977.783499 458.241545 25.247456 57.439048
978.205304 458.261283 25.364053 57.656843
978.661389 458.221785 25.253602 57.274886
979.021562 458.401288 25.893158 57.585085
979.512788 458.208370 25.975890 57.775665
980.633891 458.390405 25.505708 57.956564
981.213059 458.107602 25.710083 58.245732
982.212901 458.429659 25.124078 58.159388
983.048709 458.388884 25.296237 58.336728
983.784626 458.348869 25.629240 58.430176
985.000322 458.402181 25.318416 58.323513
985.842403 458.785991 25.778219 58.368769
987.322260 458.634021 25.368051 58.498802
988.062812 459.153709 26.125825 58.543320
989.402546 459.080694 26.005300 58.752383
990.105902 459.060473 26.508071 58.424486
991.136000 459.365990 26.333041 58.629900
992.697695 459.202650 26.192647 58.819829
994.491575 459.598549 26.310853 58.445902
996.011933 459.950235 26.720704 58.072243
997.785247 460.049780 25.878113 57.785769
999.302363 460.094213 25.935968 57.798865
999.574630 460.390375 26.193872 57.929739
1000.031754 460.561573 25.719887 57.498513
1000.039575 460.508632 25.962231 57.897724
999.979092 460.877069 26.238486 57.658056
1000.388465 460.935011 26.024041 57.587675
1000.745369 460.845110 25.997264 58.148291
1000.750576 461.114088 26.380193 57.461333
1000.787326 461.074388 26.716615 57.553835
1000.850583 461.229074 26.638274 57.443013
1001.105860 461.311739 26.631082 57.554819
1000.869296 460.994829 26.665299 57.475191
1001.105860 461.248461 26.870298 57.289889
1001.655971 461.390405 26.321130 57.423075
1001.787356 461.488441 26.312444 57.245548
1001.851454 461.311739 26.292302 57.290072
1001.723063 461.468860 26.075460 57.265129
1001.763627 461.147978 25.998350 57.391704
1002.423007 461.506111 25.905937 57.166169
1002.270040 461.575275 25.980296 57.237095
1002.449041 461.568298 26.409455 57.258411
1002.493202 461.915666 26.415120 56.950892
1002.257304 461.786017 26.536792 56.727648
1002.932451 462.021625 26.052272 56.648290
1003.071132 462.135489 25.930694 56.756172
1002.944659 461.993203 26.100916 56.857875
1003.228141 462.021625 25.994753 56.831272
1003.321776 462.078068 25.665519 56.866514
1002.806935 461.539320 26.343781 56.948152
1003.507750 461.594787 25.820329 57.562111
1002.953605 461.368911 26.269661 57.301003
1003.543749 461.586116 25.688672 57.413387
1002.829100 461.468775 26.677621 57.384122
1002.929413 461.488441 26.444354 57.192631
1003.388465 461.527551 26.024041 57.179980
1003.461468 461.162403 26.074854 57.623586
1003.212425 461.488441 26.389649 57.060612
1003.167314 461.370761 26.402931 57.231049
1003.334034 461.114088 26.334317 57.593443
1003.624341 461.429658 26.142138 57.145762
1003.524889 461.201992 26.084523 57.163753
1003.493195 461.235846 26.249418 57.356484
1003.365961 461.054521 26.141295 57.389189
1003.365961 461.274621 26.112343 57.237918
1003.397842 461.429164 25.727079 57.030261
1003.290611 460.963668 26.159299 57.402077
1003.091590 460.805732 26.069222 57.653692
1002.797297 461.002070 26.255498 57.113538
1003.842375 460.845110 25.312794 57.667429
1003.227407 460.803661 25.964609 57.719217
1003.481774 460.805732 25.430225 57.680232
1003.321776 460.904072 25.380244 57.475778
1003.507750 460.642779 25.236414 57.827654
1003.445947 461.002070 25.397444 57.750286
1003.134082 460.903764 25.484305 57.566668
1002.836646 460.642779 25.655624 57.358434
1003.041714 460.653256 25.636525 57.423935
1002.656801 460.667474 26.021439 57.553646
1002.346344 460.786023 25.939576 57.276926
1002.449041 460.268701 25.433067 57.689111
1003.085481 460.555776 24.686932 57.734341
1002.341883 460.618753 24.882116 57.128112
1002.197798 460.568517 24.871491 57.316029
1002.507737 460.934387 24.357530 57.732326
1001.995201 460.575064 24.423856 57.526491
1002.169679 461.148173 24.107252 56.973904
1001.718228 460.968853 24.422227 57.318123
1001.566568 460.693153 24.591095 57.698795
1001.805568 460.816437 24.432161 57.532809
1001.658226 460.716229 24.849299 57.618814
1001.617657 461.129879 24.209120 57.457256
1001.504283 460.453528 24.537272 58.090066
1001.507760 460.757271 24.398038 57.829864
1001.357114 460.914768 24.644030 57.540053
1001.144256 460.973602 24.314965 57.666562
1001.228979 460.716229 24.487875 57.853484
1001.205305 461.071377 24.253916 57.701641
1001.080402 460.534606 24.566059 58.087435
1001.174806 460.993182 24.596823 57.726650
1001.296532 461.285280 24.395733 57.647646
1001.235764 460.856706 24.248982 57.922654
1001.296532 460.756430 24.343300 58.022930
1001.052326 461.110390 24.587506 57.529775
1000.836164 460.856706 24.446930 57.817719
1000.840279 460.954000 24.890729 57.659650
1000.680342 460.914768 25.091287 57.805064
1000.507732 460.642779 25.166283 58.011463
1000.507732 460.982498 24.986850 57.743147
1000.569343 460.783607 24.952581 57.949631
1000.813898 460.763524 24.386352 57.759354
1001.080402 460.973602 24.317748 57.746229
1000.842296 460.311101 24.468984 57.661277
1001.238748 460.743700 24.225292 57.219886
1001.414444 460.574179 24.117038 57.608079
1001.534140 460.534412 24.194574 57.283219
1001.414444 460.514504 24.013976 57.070265
1001.653103 460.624374 23.813791 56.622748
1002.031328 460.163617 23.600205 57.107903
1001.988594 459.929066 23.616942 57.316385
1002.418963 459.430391 23.120990 57.765085
1002.225789 459.507208 23.848862 57.679826
1002.830195 458.829504 23.010065 58.773041
1002.444460 459.135607 23.490341 58.225181
1002.405746 458.615429 23.738779 58.612573
1002.775973 458.167961 23.969084 59.299337
1002.633838 458.236649 24.340513 59.509143
1003.153002 458.022575 23.933412 59.270752
1002.995386 457.598459 24.512898 59.502458
1003.122985 457.329904 24.875135 59.638193
1003.461443 456.800666 24.526399 60.301996
1003.332746 456.811230 24.833069 60.048270
1003.457970 456.119039 25.407900 60.986265
1003.480993 455.862781 24.786409 61.162459
1003.561469 455.748384 26.123915 60.738804
1003.448059 456.246319 26.478914 60.176545
1003.513124 455.778479 26.956153 61.024855
1003.689694 455.277868 27.393340 61.804985
1003.929426 455.583197 27.669408 60.581439
1004.409012 454.745728 27.415825 61.523224
1004.604706 454.510645 27.949963 61.859252
1004.828885 454.616868 27.754091 61.273353
1005.405284 454.415671 27.886275 61.366424
1005.592637 453.736079 27.543932 61.512297
1005.761681 454.576782 28.258118 60.285364
1006.204019 453.940971 28.039035 59.838703
1006.258809 454.375728 27.666109 59.229929
1006.215536 454.287133 28.143369 59.445641
1007.035695 454.151227 27.451468 59.564334
1007.047911 453.710310 27.672457 59.858326
1007.124491 453.902177 28.135600 59.144528
1007.602720 453.881852 28.076429 58.892126
1007.708842 454.348246 28.214136 58.220393
1007.960171 453.998443 27.669492 58.467878
1008.208302 453.876660 27.477091 58.859424
1008.513132 453.425730 27.631934 59.310353
1008.775944 453.752524 27.194445 58.462463
1008.985934 453.588294 27.043375 58.856924
1008.927193 453.547884 27.478727 59.033129
1009.058804 453.571312 26.991324 58.860984
1009.041291 453.568101 26.654470 59.176394
1008.992205 453.202063 27.055769 59.080716
1009.091578 453.260521 26.734182 59.294373
1009.156977 452.789915 27.360132 60.173421
1008.903335 453.069150 27.091349 59.618902
1008.761553 453.429576 27.597146 58.758303
1008.794792 452.937608 27.516909 59.342761
1008.433878 453.082425 28.073431 59.159657
1008.331894 452.759628 28.250695 59.671588
1008.273087 452.087366 28.215222 60.108427
1008.273087 452.003866 29.054497 59.885184
1008.204904 452.203103 28.846646 59.711219
1007.723877 451.997932 28.162068 59.722605
1007.751002 451.945608 28.756273 58.468037
1007.570242 452.104602 29.044390 57.994558
1007.708842 452.091667 29.787881 57.960988
1007.156693 452.491769 29.736989 56.681921
1007.502935 452.439257 28.499220 56.946427
1007.555696 452.443562 28.624716 56.560136
1007.387953 452.419341 27.935483 57.032258
1006.842595 452.522768 27.741967 56.363536
1007.560924 452.383833 27.112945 56.124663
1007.319862 452.293957 26.986916 56.089894
1007.169442 452.429132 27.608457 56.032554
1007.036086 452.448380 27.255906 56.091277
1007.238012 452.390579 27.615917 56.071107
1007.069296 452.621073 27.001321 55.762778
1007.395390 452.727257 26.376461 55.118324
1007.559956 452.396689 25.790618 55.522188
1007.835711 452.798986 26.592435 55.502829
1008.164534 452.898247 26.751071 55.460102
1007.883162 453.199523 27.108522 55.133042
1007.720073 453.478870 26.703430 54.725023
1007.944705 454.223791 26.777944 53.924440
1007.538505 454.415520 26.608588 53.784648
1007.918013 454.769806 27.807046 53.612228
1006.979105 455.043140 28.081152 53.345237
1007.881462 455.704986 26.590127 52.608143
1007.515514 456.196074 26.649806 52.554564
1007.378328 456.903674 26.318615 51.727035
1007.481410 458.241922 26.049496 50.863975
1007.616598 458.326546 25.974079 50.652539
1007.074579 458.167527 26.700504 51.165116
1006.513576 459.143229 26.794569 50.160268
1006.892752 459.877995 25.918716 49.336442
1005.907121 460.340915 26.039404 49.137798
1006.216140 462.149903 24.071234 47.562477
1006.087793 463.211768 24.495303 46.787131
1005.114955 464.238398 25.226639 45.961106
1006.088885 465.450288 24.300411 44.639599
1005.969683 467.237483 23.775736 42.624626
1005.834444 467.510077 22.678597 42.240104
1006.143086 467.910356 21.874702 41.838086
1005.476602 468.152762 22.520835 41.531163
1005.364410 467.864960 22.847141 42.014112
1003.847670 469.226565 23.526107 40.544255
1003.671530 468.229041 24.291934 41.552766
1004.144945 468.660297 23.249544 40.857431
1003.507798 468.112019 24.212702 41.343916
1003.289174 468.182109 23.654098 41.355194
1002.393293 468.356773 24.485876 41.492613
1002.352225 468.010474 24.427264 41.683888
1002.739264 468.325405 23.788686 41.727204
1001.998333 467.981727 24.348752 42.009184
1001.566572 467.634059 24.621872 42.214438
1000.611744 467.619431 25.173935 42.408487
1001.115923 467.270565 24.921002 42.547840
1000.616584 467.208978 25.419075 42.881112
1001.136731 466.923117 24.624728 43.198432
1001.514389 466.475508 24.289729 43.707644
1001.902519 465.217554 23.590943 44.801591
1002.697208 464.424348 23.078455 45.992991
1002.580785 461.260249 24.116201 48.807016
1003.483661 461.442190 23.439393 48.844813
1003.109972 460.171764 23.793828 50.082723
1003.210946 457.499033 24.927874 52.489043
1002.811435 456.702504 25.541248 53.430335
1002.877494 455.630732 25.775532 54.343435
1002.861577 454.858984 26.244656 55.205221
1002.165266 454.798991 26.607806 55.247160
1001.166820 453.801849 27.950012 55.683063
1001.465314 453.582838 28.518413 56.139295
1001.371090 452.669653 28.927880 56.697941
1001.181558 452.793870 28.543755 56.685263
1001.817064 452.198993 27.828637 57.325071
1001.257763 451.649524 28.286981 57.132534
1001.469526 451.499177 27.283915 57.792057
1001.519399 451.037601 27.983713 58.067246
1001.861081 451.502229 26.408559 57.753527
1002.073739 450.653289 27.023517 58.433270
1001.953176 451.129018 26.375703 58.160108
1002.269770 449.737360 27.021063 59.481624
1002.287174 450.678831 26.553352 58.383069
1002.335772 449.728127 27.160009 59.294350
1002.513122 450.079326 27.019967 58.819380
1002.439906 450.057827 27.168582 58.716193
1002.538413 450.286395 27.177914 58.567401
1002.863536 449.976847 27.346691 58.367776
1003.051398 449.989333 26.404294 58.374605
1003.016296 449.264010 26.464281 59.242644
1003.436330 449.588304 26.724922 58.317669
1003.070741 449.487812 27.334224 58.294493
1002.906811 449.874876 27.415543 57.818330
1003.278874 449.279361 26.134324 58.252631
1003.337491 448.999790 26.094097 58.538595
1003.014119 449.020045 26.220208 58.198945
1002.948850 448.816860 26.106669 58.296160
1003.111741 449.383843 26.384040 57.935626
1002.948850 448.837249 26.670341 58.222873
1002.824080 449.306991 27.253347 57.475329
1003.014119 449.326677 27.432190 57.642352
1002.455218 449.326677 28.673634 57.349289
1002.012726 449.227235 28.797038 57.198795
1002.493883 449.088698 28.298977 57.310805
1002.354267 448.527656 28.437490 57.845356
1002.291004 448.380693 29.201690 57.924544
1002.015197 447.983329 30.117644 58.035536
1001.771644 448.118104 30.110004 57.590631
1001.700100 447.839515 30.251181 57.761702
1001.592390 447.829783 30.446615 57.759131
1001.822966 447.672184 28.712622 57.998382
1001.811115 447.611696 29.339625 57.877366
1001.815377 447.405581 29.412962 57.989271
1001.640575 447.104607 28.612298 58.155609
1001.295162 447.367878 28.471561 57.819993
1001.594641 446.590528 27.395068 57.838811
1001.555719 446.598552 27.307789 57.987128
1001.185001 446.259302 27.370754 58.031951
1001.694924 445.630146 25.760775 58.634432
1001.782007 445.601281 25.522205 58.501376
1001.465473 445.593668 24.177435 58.726477
1001.753015 445.010882 23.989859 59.013203
1001.904811 444.823607 24.088503 58.848681
1001.507708 445.162424 23.864387 58.556450
1001.627435 444.486060 24.456400 58.889546
1001.543769 444.501294 24.047490 58.788821
1001.417516 444.562023 23.978290 58.435569
1001.567691 444.359715 23.765274 58.466561
1001.387338 443.997149 23.945627 58.802489
1001.326846 444.017409 23.796622 58.942238
1000.995343 443.609541 24.762903 59.083735
1000.941930 444.014721 24.445277 58.601284
1000.813898 443.216196 24.141299 59.287797
1000.872007 443.288755 24.463089 58.704622
1000.904835 443.288755 23.608355 58.463576
1000.810054 443.138664 23.767105 58.528043
1000.627369 442.732465 24.237855 58.854664
1000.691999 443.162427 23.856941 58.502648
1000.686934 443.118477 24.300454 58.707777
1000.507732 442.884669 24.334262 58.894384
1000.633851 442.823574 24.588475 59.169802
1000.759150 442.905009 24.469590 58.981081
1000.753298 442.925327 24.483031 58.853727
1000.538563 443.408874 24.010377 58.370179
1000.805502 443.078087 24.617943 59.015291
1001.062842 443.428856 24.665605 58.618261
1001.025366 443.528515 23.868609 58.304028
1001.228979 442.895616 24.333829 59.010610
1001.025366 443.348877 24.288257 58.323379
1000.661406 442.956563 25.340401 58.816449
1000.750576 443.282054 24.362712 58.122947
1000.923339 442.814150 24.174288 58.746487
1000.904835 442.983622 24.811188 58.413321
1000.714017 443.359789 24.464852 58.144228
1001.055450 443.158822 24.802204 58.216787
1000.932464 443.594811 24.234290 57.508942
1000.900584 443.153836 24.717893 58.106921
1000.813898 443.516691 24.639874 57.693458
1000.836164 443.638585 24.597633 57.869125
1000.898162 443.836123 24.249628 57.830584
1001.020650 443.776493 24.229621 57.714839
1000.930669 443.896694 24.359641 57.594638
1000.930669 443.534583 24.045228 58.113621
1001.020650 443.934381 24.216315 57.732326
1001.110208 443.836653 24.494315 57.916431
1000.773974 444.420544 24.217314 57.672834
1000.960709 444.155429 23.925993 57.834515
1000.930669 444.568488 23.930763 57.527117
1000.771302 444.153861 24.845633 58.080727
1000.753039 444.730962 24.823841 57.532456
1000.680342 444.757286 24.158064 57.776891
1000.840279 444.635613 24.834267 58.143717
1000.844259 444.642800 25.128509 57.958859
1000.588136 445.544462 24.494395 57.234584
1000.990705 444.675931 25.014041 57.998464
1000.461488 444.823737 25.831123 57.672928
1001.087064 445.255211 24.517073 57.177642
1000.461437 445.095922 25.791140 56.953890
1000.965219 445.343354 25.094970 57.005908
1000.491773 445.056185 25.774259 56.993628
1000.753039 445.650896 24.768885 56.777527
1000.597174 445.214811 25.334644 57.146210
1000.460172 445.401278 25.140579 57.027145
1000.381992 445.274054 25.194692 57.139049
1000.627728 445.362681 24.770422 57.118592
1000.535925 444.796545 24.312905 57.930289
1000.746308 444.993197 23.700123 57.753243
1000.653078 444.653551 23.956637 57.949018
1000.658232 444.635613 24.127892 57.907952
1000.719101 445.071392 24.054567 57.568788
1000.682702 444.331460 24.527202 58.081642
1000.476856 444.379721 24.749673 57.969540
1000.874570 444.419701 24.647354 57.929561
1000.617680 444.319651 24.828817 57.819170
1001.145269 444.536218 24.349313 57.514398
1001.580890 444.076066 24.307481 58.045983
1001.597588 443.854933 24.403556 57.944009
1001.687000 444.362659 23.978998 57.757514
1001.712307 443.916680 24.511812 57.888932
1001.716713 444.032296 24.408800 57.900624
1001.535919 444.095929 25.454186 57.683408
1001.556539 444.201992 25.256876 57.795579
1001.569319 444.261256 25.331281 57.524733
1001.600053 444.003516 25.358217 58.047100
1002.087057 443.721457 24.427385 58.367785
1002.025398 443.983598 24.718724 57.908064
1001.959940 443.783607 24.719162 58.267009
1002.145245 443.903764 25.032929 58.093807
1002.392701 443.602416 24.843615 58.607709
1002.392701 443.785999 24.109012 58.368769
1002.387314 443.903764 25.108782 57.908607
1002.039618 443.683086 25.578793 58.235013
1002.137477 443.855047 25.397969 58.038046
1002.453267 443.785999 24.825231 58.126893
1002.352913 443.338705 25.196486 58.420903
1002.137477 444.119184 25.316739 57.820521
1002.259426 443.602416 26.205853 58.130823
1002.465470 443.660754 25.257637 58.011342
1002.569385 443.785999 25.316932 57.832949
1002.476898 443.568280 25.627389 58.077311
1002.850718 443.508607 25.607396 57.791791
1003.209871 443.528515 25.125204 58.010585
1002.721470 443.607988 25.732320 58.117633
1002.787387 443.451918 26.686013 58.044409
1002.791875 443.916958 25.756323 57.621400
1003.056222 443.388892 25.538522 57.937966
1003.301499 443.528515 25.133583 57.798343
1002.944659 443.750390 25.177314 57.834082
1003.392694 443.277513 25.455005 58.062088
1003.109154 443.548400 25.456399 57.937540
1003.362343 443.962884 25.320814 57.629422
1003.039594 443.582220 26.020614 57.757381
1003.357262 443.308805 25.512004 58.124055
1003.137507 443.766273 25.717569 57.772827
1003.419615 443.408874 25.350820 58.183432
1003.605525 443.627827 25.806981 57.725515
1003.461468 443.428856 25.831123 57.950969
1003.728520 443.548400 25.518756 57.725537
1003.461468 443.368893 25.873601 58.037438
1003.388465 444.069378 25.466611 57.546642
1003.813916 443.175244 25.666706 58.086038
1003.496468 443.973408 25.654254 57.588677
1003.619656 443.368893 25.220330 58.196815
1003.556526 443.448815 25.637823 58.170133
1003.231972 443.667450 25.468620 57.791950
1003.321776 443.308805 25.394266 58.097526
1003.294715 443.268676 25.546193 58.137655
1003.105921 442.945639 25.706720 58.381220
1002.787387 443.780443 25.871595 57.754713
1002.932451 443.006483 25.459618 58.346859
1002.267544 443.722296 25.974277 57.678358
1002.357232 443.208378 26.146739 58.251022
1002.144060 443.402184 26.259038 58.056107
1002.046684 443.382199 26.370655 57.889836
1002.240999 443.241888 25.760335 58.269762
1001.787356 443.362190 26.981145 57.777270
1001.630015 443.814272 26.581427 57.746488
1001.907260 443.100898 26.571232 58.012096
1001.727237 443.659177 26.295156 57.631658
1001.496499 443.221793 27.038188 57.864745
1001.499701 443.542273 27.134017 57.453460
1001.335695 443.462065 27.905447 57.439726
1001.387975 444.090075 27.998664 56.961663
1001.354271 443.796202 27.937760 57.149500
1001.252865 443.776493 27.930043 57.222198
1001.522276 443.914131 28.555256 57.217305
1000.872118 444.051076 29.354501 57.133559
1001.222969 443.934677 28.990650 57.129956
1001.120525 444.032448 29.075912 57.058865
1000.948763 443.836563 29.111266 57.281419
1000.636310 443.757812 28.706680 57.735406
1000.946743 443.816895 29.186102 57.676324
1000.988846 443.530887 29.002590 57.665729
1000.706111 443.829856 29.004786 57.821872
1000.912909 443.651993 28.868464 57.412345
1000.460901 443.797214 28.819607 57.054646
1000.737600 443.871092 28.788848 57.384684
1000.601333 443.993382 29.109563 57.017960
1000.810411 443.915085 29.524355 57.202897
1000.463160 443.895475 29.683291 57.249223
1000.879034 443.821553 29.975244 57.519395
1000.321011 443.939255 30.985798 57.186712
1000.752965 443.829769 30.417180 57.379969
1000.466133 443.869027 30.968061 57.259880
1000.822993 443.869027 29.890414 57.448707
1000.815354 443.978379 30.270422 57.308735
1000.411810 443.900077 30.858888 57.360144
1000.788003 444.005490 29.385955 57.760409
1001.161037 443.591502 29.433644 57.790977
1000.988846 443.841205 29.464681 57.688702
1000.988846 444.095407 29.985804 57.353414
1000.502280 444.194583 30.327474 57.680638
1001.135533 444.021332 29.226505 58.079238
1001.057880 443.759636 29.879982 57.621951
1000.700117 444.247792 30.060867 57.748629
1000.628363 444.315406 31.485826 57.636213
1001.048319 444.386374 30.172288 57.902967
1001.055688 444.314274 30.323727 57.760831
1001.292565 444.354268 30.402947 57.882464
1001.220940 444.414162 30.745774 57.822570
1000.932291 444.334277 31.293977 58.118857
1001.229007 444.411267 30.674394 58.563807
1000.939261 444.505821 30.590704 58.247041
1001.380331 444.305146 30.663669 58.108068
1001.142821 444.246684 31.156574 58.143492
1001.120754 444.366413 31.132463 58.195011
1001.192976 444.226305 30.548704 58.526556
1001.084564 444.266415 30.891522 58.349624
1000.902803 444.286437 31.275803 58.521270
1001.076071 444.258475 30.812272 58.555521
1000.939261 444.446158 30.946045 58.060713
1000.902803 444.565343 30.785531 58.297284
1000.866284 444.565343 30.964920 58.187519
1000.829716 444.525672 30.858618 58.145055
1001.120754 444.505821 30.656652 58.247041
1000.939261 444.426240 30.784604 58.381467
1000.793087 444.485945 30.806967 58.184781
1000.706717 444.585163 31.414618 57.921708
