920.000000 986.000000 68.000000 94.000000
921.335553 986.366112 66.580760 93.158224
920.505419 985.358721 65.973937 94.493722
920.085129 983.613982 66.054703 95.589454
919.604974 982.619812 66.422855 96.947300
918.968301 981.497298 66.551658 98.502702
917.894843 980.572408 68.496620 99.427592
917.445358 979.861785 71.247217 100.138215
916.482568 978.367554 75.189049 101.632446
914.997721 977.853894 79.913949 102.146106
913.730147 976.483319 85.177156 103.516681
912.306303 976.031229 88.404055 103.968771
912.428204 974.915040 91.598565 105.084960
911.299184 973.882778 93.760155 106.117222
912.328701 973.533237 92.908267 106.466763
912.943863 972.960541 93.617521 107.039459
914.489771 971.896054 92.661053 108.103946
916.936880 970.796371 90.817817 109.203629
918.433190 969.991575 89.339273 110.008425
920.591977 968.796388 86.848449 111.203612
921.038435 967.331910 84.729135 112.668090
921.568658 965.627745 83.958660 114.372255
922.774950 964.305550 81.060946 115.694450
923.038037 962.576145 77.730746 117.423855
923.373177 961.574881 75.298214 118.425119
922.904539 960.720970 73.672649 119.279030
922.475041 960.235259 72.796956 116.969997
922.957531 960.237014 72.181723 114.479060
923.043598 959.779968 71.646139 117.509839
923.366141 958.847819 71.298381 120.779363
923.499513 958.316155 70.832352 121.683845
923.573151 957.194688 71.310560 122.805312
924.195175 957.246595 70.422912 122.753405
924.991988 957.146596 69.830764 122.853404
924.871465 957.659549 69.435773 122.340451
923.832747 955.965440 70.464297 124.034560
923.580868 957.198393 68.560992 122.801607
923.592264 954.242861 68.544622 125.757139
923.526512 954.068494 67.887919 125.931506
923.319657 953.081984 69.503094 126.918016
921.671761 953.572445 71.128274 119.955144
921.812665 952.550489 70.821058 117.588790
921.433291 951.423583 72.863269 115.391221
921.210456 950.787706 75.966238 112.969373
920.076898 950.038622 80.113171 115.832341
918.965398 949.523675 84.166889 120.495966
918.567845 948.509387 87.205807 123.091096
918.485574 947.956417 89.297852 126.207161
919.945600 946.481022 89.571457 128.903042
919.784529 945.690627 91.110262 132.462617
919.587964 943.986315 92.188101 136.013685
920.685528 943.206150 91.452416 136.384491
922.802021 941.147208 89.631006 138.852792
924.313245 939.789547 88.344861 140.210453
925.418882 938.074349 86.543361 141.925651
926.708718 936.326799 84.713781 141.753712
927.195001 935.280489 82.030413 139.829136
928.308224 933.157616 78.720434 140.412177
928.803952 932.934762 76.827876 135.519503
929.100566 931.093819 74.742856 127.366630
929.775337 931.306775 71.685131 118.325380
929.184813 931.287924 71.330792 114.973383
928.506772 931.259578 71.146013 116.256612
927.863303 930.354139 70.706928 119.542645
927.095434 930.217008 71.420189 125.304952
925.537846 930.456216 71.552958 125.166803
923.763456 929.689214 72.584831 129.758811
923.672902 929.310834 72.150809 128.893449
923.326982 929.288468 70.968741 130.470005
922.779069 928.683057 69.617824 130.267314
921.406350 929.799163 71.023429 131.293272
919.227944 928.465955 69.592782 131.564907
917.350353 927.743005 70.208943 128.622035
914.957586 927.232877 69.745455 123.933264
912.280600 925.697581 70.587164 119.242016
909.890610 924.740844 70.911809 118.539931
907.915819 924.606021 72.736686 117.518555
905.366940 924.183804 76.028465 114.498367
902.218760 923.792844 80.249203 111.977711
899.083645 923.619935 84.112511 118.481888
896.783607 922.734777 87.367113 117.856895
894.211696 922.417963 90.113371 122.392740
892.724443 922.234822 91.354799 125.340962
891.096679 921.561409 92.081127 127.801298
889.691243 920.915259 92.460503 130.689471
888.826594 918.762746 92.442247 135.383933
888.045157 918.128426 91.963771 136.463698
886.958151 915.766537 90.401990 139.233591
886.496913 914.751073 87.876321 139.548805
885.435391 912.414157 85.739742 138.587364
884.140288 911.818184 84.173677 135.101336
883.343548 910.121868 80.608751 133.098520
881.886256 909.811708 77.699762 128.286717
880.497796 907.778440 74.828614 125.150304
878.134805 907.878274 73.033496 122.576199
876.909189 907.077788 71.900243 116.456668
875.667897 907.182466 71.044560 113.616089
874.124740 906.252422 71.468467 120.330968
873.622771 905.643425 70.427466 121.928844
872.733669 905.195564 70.263599 125.943522
870.682185 904.980993 70.839268 128.288645
869.338874 904.870901 70.936767 131.960279
868.184627 903.876662 71.045570 135.461101
867.325307 903.462836 70.014645 135.983964
866.420928 902.758128 68.934738 136.814052
863.720137 902.057866 69.735644 135.361506
860.678515 902.320322 70.332133 133.765321
857.911937 901.816109 70.724487 132.774429
854.943943 901.212517 70.565258 128.442821
852.296523 900.454586 70.863457 121.571686
848.937429 900.182557 73.420546 116.794258
845.969247 900.336945 76.885037 114.060974
842.465377 899.129314 80.647200 114.444127
839.198444 898.700024 83.602331 115.295777
836.522723 898.349989 86.089792 119.625082
833.114690 897.701800 89.257083 122.358798
830.800624 897.090042 90.517423 124.699790
827.769957 896.071060 92.085363 128.425991
824.796900 895.030256 92.732666 131.867261
823.533374 893.418396 91.883328 135.357422
820.952254 892.289069 91.185182 138.111247
820.003753 890.355175 89.410463 139.691274
817.769405 886.340123 87.953817 143.764964
815.583989 886.192088 86.532875 141.340440
812.865622 881.963146 84.580113 144.043528
810.180792 880.186055 82.318091 139.843971
809.084645 878.319385 78.703079 136.592483
807.216485 876.857123 75.015841 133.597845
804.606601 876.084683 72.213245 131.856964
801.677931 873.858462 70.867134 132.013947
799.692421 874.091242 70.733355 123.674156
799.008015 873.570675 69.913887 119.431637
797.343577 872.161497 69.362839 122.038487
797.193519 872.145869 68.326203 124.679366
794.253407 871.618537 68.983290 127.709697
790.057056 871.677314 72.208511 128.751175
787.064384 872.252782 73.069894 128.035691
786.557644 872.730086 72.552931 130.432248
785.962075 871.360486 70.864447 134.003762
785.021750 870.981992 69.316656 130.608746
784.032573 871.485729 70.821462 129.940425
781.744161 871.704964 70.927962 125.038436
778.654850 870.893756 69.929288 121.622840
775.471755 870.040963 68.369925 118.009747
773.683906 869.760256 66.086955 116.039595
771.152107 868.521775 64.357868 115.684661
769.718294 868.415580 62.708500 118.554774
767.492721 867.728089 62.394236 121.260973
764.239392 866.284151 63.973069 124.002082
762.311975 866.146284 64.570087 126.200701
758.889066 865.526095 67.203760 129.928088
756.909700 864.994480 68.703475 132.612921
755.830475 863.398904 69.952532 136.899837
755.043701 862.416274 70.856818 139.389405
753.971857 861.060389 70.530598 143.066675
753.071469 859.719209 70.790129 146.630442
753.366833 857.714863 69.014479 150.206500
754.300745 856.285668 64.879315 151.308929
754.543713 855.039374 63.228497 151.386731
754.187235 854.363132 62.057951 148.981144
754.129860 854.126058 62.080336 144.032643
753.955466 853.601445 62.752104 141.446019
754.109065 853.515690 62.950469 138.937025
754.423571 853.143291 63.235093 135.595842
754.912282 852.843052 63.038510 131.381338
755.826314 853.459745 62.929884 125.303436
756.395738 853.181975 62.757509 124.084166
757.754753 853.323026 61.792481 129.326820
755.777342 851.353184 63.779291 131.888079
755.418658 852.098528 65.124986 133.794025
756.240276 851.737181 63.284532 136.463518
757.101178 851.875662 63.136555 139.350867
758.295869 851.598454 62.170897 141.837309
758.338990 852.097454 62.303874 140.912851
757.879706 852.001255 62.920285 139.498634
757.380887 851.681251 62.911262 137.878508
758.023857 850.694326 62.562996 136.150401
758.353050 850.037700 61.999662 133.283481
758.178539 848.828871 62.098924 128.346429
757.414962 846.839045 64.323510 123.119128
754.747256 845.359325 69.693627 117.579330
752.219631 845.231049 74.626529 115.141743
750.272054 844.044664 79.764153 118.220326
749.632652 842.239594 84.269043 121.711700
748.594810 841.320422 88.593276 126.015223
749.214486 840.464220 91.776759 128.294946
751.529445 838.567137 91.832277 132.605103
752.527032 837.418396 92.123878 136.750305
755.546287 835.375837 90.681478 140.045780
758.597932 833.661902 88.875758 144.546055
759.744268 833.078638 88.219320 144.060805
761.486512 830.247072 86.891288 143.299220
763.884491 828.350798 83.343132 141.376109
764.340865 826.762878 81.019389 136.640869
764.446452 824.799844 79.080092 132.436522
766.596257 823.934874 76.103580 128.693763
768.133389 822.716695 72.927313 125.322841
768.716517 821.437370 71.355948 121.365884
769.881352 820.663580 70.205285 119.409500
770.375766 819.612589 69.547957 122.361922
772.302717 818.415424 68.395074 124.170519
770.646509 817.493857 70.390717 129.280382
770.343517 817.062170 72.121735 132.777771
770.443318 817.044214 72.266249 134.730387
772.172055 815.824632 71.643132 134.962436
771.513200 816.240663 71.778510 136.479832
772.008409 815.655697 69.982830 135.282781
771.358145 814.502872 72.552771 137.759442
770.272386 814.585915 73.144242 133.741391
768.957329 812.904240 73.278954 129.646428
766.683700 811.561079 73.927341 124.674614
766.212832 810.349185 72.142994 121.292956
765.883504 809.219060 72.020600 119.537315
765.308768 807.562292 72.389023 118.875972
763.801837 807.001040 74.787208 120.115339
761.641886 806.369402 77.981910 122.180936
761.274511 805.116706 80.193754 125.549690
761.194312 804.080421 81.944311 129.127298
761.278443 803.231480 83.550027 132.789806
761.561866 803.202337 84.485929 135.368153
763.142997 802.320620 85.316768 137.393539
764.058492 802.060965 84.501973 138.467592
764.313695 800.552229 85.119808 139.495006
765.500411 799.161728 84.603032 141.011337
765.602260 797.394236 83.872009 143.203408
766.241392 794.866019 83.556759 141.781429
765.991056 793.928587 83.034629 138.620633
766.939943 790.597911 80.576848 136.142608
767.359882 789.742258 78.348072 132.776577
768.004221 788.759276 75.743248 128.488819
767.490961 788.608842 74.060136 124.698744
768.630424 787.278773 70.624273 121.035464
769.388306 787.106546 68.228370 116.300083
769.756023 787.622105 67.423761 117.281678
771.102477 787.286469 66.310268 119.180365
770.242910 786.447086 67.384488 121.998545
767.524309 786.068023 69.916048 126.493637
767.872168 785.360753 70.333417 131.108836
769.518310 784.257571 70.047075 133.801728
770.911742 785.934578 68.163012 133.223475
770.946280 784.527362 68.892152 134.824397
770.449309 786.102106 69.544824 132.692956
768.497966 784.236871 72.450766 133.831589
767.697442 785.668605 71.068162 127.529584
766.302941 784.262258 72.032981 124.391088
763.332476 784.008523 74.056353 118.643026
762.521466 783.966828 74.313419 116.659012
760.211084 783.498710 75.220208 117.032641
758.105412 783.152305 76.342390 118.137965
756.036858 782.804619 80.030003 120.623129
754.709973 783.660078 85.142726 122.663856
753.119748 784.175258 88.771756 124.443570
752.858305 784.741658 90.670282 126.684174
753.252009 785.196175 91.733263 129.673321
753.568278 785.345368 91.904636 132.165325
752.972818 785.222348 93.266407 135.471551
753.546731 784.963110 93.193220 138.322771
753.756384 784.194759 92.814832 140.700016
754.503392 782.513488 91.072578 142.659887
755.447118 781.230213 88.308569 143.263100
755.906575 780.136537 86.047605 141.091942
757.561973 779.031362 82.457621 139.831490
758.672713 778.126558 79.271013 138.131443
758.933016 776.743121 76.780781 136.696510
758.072045 775.259434 75.004103 133.701153
757.778091 774.834584 72.382359 126.324690
757.756777 774.589311 70.735002 120.896585
757.342974 775.026882 70.645728 117.354784
757.725435 775.052351 69.951269 120.904222
758.253812 773.990887 69.385259 125.682969
758.472512 773.324367 67.956537 128.826701
759.444242 772.852351 66.597831 130.480306
759.702794 771.600803 66.728545 134.236700
760.061383 771.420764 66.693128 136.836849
760.549105 770.687443 66.460315 138.404991
760.941298 769.996722 66.821308 138.063209
761.227834 768.407680 66.791928 139.687951
762.097755 769.080667 66.800124 137.887424
762.704560 768.088854 66.820806 137.835856
763.546113 767.474327 67.216501 132.738213
765.388254 766.151616 67.407213 126.893097
765.845882 765.489133 71.152061 123.900997
766.341800 765.792711 74.664878 117.737933
767.250643 765.297314 79.253218 117.237198
767.138276 765.236752 84.059638 119.474124
767.566043 764.794518 87.055699 122.136707
769.002385 764.568368 89.550282 125.186933
771.780776 764.346466 90.043966 127.348266
773.092411 764.939979 90.349403 130.701555
776.171292 764.661461 90.393389 132.744757
778.044927 763.900008 90.498795 138.213523
780.296357 763.293618 89.340374 142.136001
782.619777 762.738224 89.523417 142.137539
785.414716 761.877044 88.607845 142.650776
786.591892 761.188663 87.542509 143.751819
789.066786 761.187859 85.916749 142.372039
791.290704 759.826880 84.470804 140.407660
793.223230 759.785896 80.648522 136.729785
794.149787 758.537087 79.008398 133.049401
795.038431 758.463912 77.350634 128.530532
795.678772 756.985713 75.580749 128.043136
796.593954 757.762858 74.054215 121.927956
797.316224 757.303961 73.208602 118.478875
798.628471 757.845600 72.306704 122.484837
799.421667 757.741159 71.833885 126.186867
801.043050 757.788572 70.770303 128.195720
802.150218 757.443611 70.260156 131.962726
803.579722 757.499179 69.617013 134.686940
805.067914 757.192661 68.960914 138.103528
806.383794 756.938915 68.365212 139.177233
807.303664 757.465053 67.760808 137.371001
808.124357 757.223918 67.827639 138.262425
807.999147 755.881167 68.196663 140.011422
808.482133 755.545134 67.926394 138.311852
808.884283 755.952546 67.549717 132.488591
808.308775 755.645953 67.929390 128.073705
808.557428 755.406949 70.577660 125.524523
807.181643 755.153378 73.803795 120.186617
806.743589 754.721550 76.547074 119.444571
805.440027 753.704004 80.545151 120.817755
805.385967 753.282314 82.992549 122.724703
805.212377 752.715666 85.671534 127.841880
805.397503 753.184211 87.498971 130.612426
806.085118 753.376103 87.606751 134.550878
806.297707 753.356456 88.365324 136.466558
806.469145 753.181562 88.998912 141.360136
807.359163 752.660575 88.745205 144.344655
807.308992 752.358673 89.361729 144.250751
808.097016 751.563946 88.613405 146.135212
808.503262 750.692218 87.546617 147.119726
809.714829 750.411506 85.004060 145.717540
810.106646 750.051916 83.242121 144.677183
810.903899 749.691509 80.660953 141.055498
810.081661 747.627461 78.963541 140.623030
809.354741 748.084843 77.863024 135.463999
809.262770 746.665973 75.152840 129.364940
808.550250 746.775083 73.504723 123.219931
807.766785 746.941957 72.782686 121.774912
807.503412 746.576714 72.545379 127.087529
806.924278 746.221062 71.791814 130.877535
807.785160 745.931582 70.146786 133.737940
807.115202 744.305101 69.709536 139.232874
806.590914 744.595362 68.555376 142.520169
805.756746 744.221296 67.748741 145.139046
804.926186 744.211019 66.844404 148.595068
802.513633 744.651556 67.225828 145.810291
800.927569 744.541695 66.686937 144.445141
798.752438 743.828669 66.789249 143.485333
797.173206 742.907947 66.682731 140.136447
795.431703 741.732105 66.915822 135.502937
792.210419 741.499624 69.597832 127.620742
789.359162 741.750617 74.065851 125.643150
787.205216 741.230071 76.452062 122.569193
785.183072 741.656453 79.304519 122.703964
783.347089 741.689409 82.518427 125.683230
781.179258 740.850579 85.688677 126.903675
779.688180 740.464152 88.220085 132.349969
779.728153 740.408062 88.339572 135.357743
780.068069 740.534058 88.299789 139.143280
779.266439 740.247213 89.344610 142.751691
778.329123 740.660193 90.553221 145.441075
778.509800 740.470286 89.922538 147.020320
778.370916 739.476158 88.794342 147.811668
777.471123 737.997464 87.953225 148.088453
777.451388 736.870465 85.263468 146.726671
776.789538 735.723962 83.641121 140.123789
775.683891 733.265259 81.674465 137.530365
775.216809 732.018279 79.267639 136.421453
774.474204 729.733899 75.922552 132.013597
773.911991 728.840432 74.082330 126.195424
773.014011 727.914657 71.391896 120.065184
771.994180 727.521710 71.062797 124.475390
771.744195 727.027934 71.157013 127.635770
772.057901 724.785562 70.686000 131.929582
772.607710 724.065042 70.430244 134.324387
773.746689 722.955353 69.366193 137.624065
774.335218 722.165631 69.413828 140.433497
774.914835 721.822178 69.973608 140.385934
777.048585 721.481085 68.881985 139.252875
777.739722 720.763238 68.485231 140.643284
778.885607 719.572988 69.640434 141.495590
780.080473 717.441316 68.623999 136.724265
781.544183 715.552977 67.748322 131.655799
782.728866 714.386485 69.038997 127.142426
784.184335 713.362650 70.549075 121.865614
785.122473 711.016890 73.574244 121.015283
785.547890 709.813630 77.183543 118.643014
785.985898 707.952193 82.270411 125.818255
787.104135 707.378738 86.213169 130.907297
788.263785 706.421351 87.717235 133.936494
788.622122 705.817061 90.721735 135.990758
789.424346 704.835996 91.266852 139.167957
790.583235 703.660571 92.298351 144.748311
792.804508 701.855833 92.194889 146.772102
793.383170 700.700874 92.428710 150.358604
796.664134 699.951903 89.855355 147.982914
798.375923 697.946773 88.451925 147.182578
799.995584 695.889731 86.490465 145.040902
803.156448 695.011934 82.378142 139.016150
804.989326 693.518645 79.488319 135.930223
806.478753 690.535177 77.405282 130.337049
807.897469 690.470737 74.329818 128.761053
809.870918 690.042421 72.122378 123.653399
810.590078 688.715038 71.870881 126.563479
811.988205 688.642347 71.572958 130.713964
813.776852 688.425971 71.078617 133.406545
816.147893 687.399785 70.350310 136.238068
817.740963 686.605764 69.933733 140.296670
819.727121 685.627391 69.585510 143.885543
821.080773 685.339279 69.777913 146.850558
821.942029 686.067801 69.955210 145.364715
823.427813 685.115415 70.315122 147.616028
824.371724 683.962337 70.823974 146.610452
824.778721 682.496664 70.106572 148.869545
825.131383 680.208209 69.897294 141.357852
825.752516 679.088642 70.776045 131.798702
825.729866 679.078165 71.142508 124.778995
826.004316 678.598695 73.947857 124.492495
827.511099 676.808121 75.792183 124.989331
826.852629 675.382858 79.029807 123.689691
826.870698 674.097283 81.998381 126.493119
827.763846 672.848860 84.420557 131.403534
829.931728 671.208525 84.551833 136.861626
831.176033 670.575526 85.640470 140.828686
831.565969 670.364063 86.795838 143.572294
832.266171 669.951177 86.829371 148.199720
832.915856 667.478279 87.328226 150.291909
835.110848 665.526430 85.037198 151.732828
835.362575 663.619795 84.213271 150.120121
835.864213 662.212717 84.061624 149.249322
836.546809 662.799197 82.822616 144.106983
837.662454 662.263152 80.175121 140.842848
837.433497 661.845437 78.810480 136.123927
838.195495 661.390723 76.272558 134.621810
840.840459 661.018583 72.520051 129.529341
840.629291 660.784388 71.163063 126.231710
841.362657 661.033376 71.983741 126.295924
841.239364 660.815618 71.874344 130.168252
839.571575 660.200916 73.152782 134.072949
837.513347 660.226196 74.154385 137.518476
834.906434 659.643360 77.583564 141.710708
832.080039 660.093164 77.647263 144.248521
830.334712 660.320125 78.383246 145.801041
828.187500 660.196915 77.158954 144.529495
825.128883 660.306511 74.642424 139.851586
822.694517 659.079211 73.218090 139.899862
820.184398 658.756339 73.139213 133.166360
818.179056 658.281149 71.118571 127.160682
814.489686 658.031976 73.660241 125.462563
812.073122 656.752935 72.620333 122.294635
808.638020 654.871594 73.848340 117.925252
808.109307 654.097892 72.859055 119.704066
805.154962 652.873110 74.243205 122.625723
802.977022 650.919187 74.778174 126.091940
798.969407 650.077423 76.801399 129.988933
794.743772 648.351864 79.715010 132.795061
794.776518 648.788327 77.409285 135.492604
791.771683 646.708949 77.900783 141.281973
792.084016 646.155574 74.206422 142.770262
788.681592 643.305091 74.617182 148.491814
787.257060 641.562389 73.649227 149.756541
788.271933 640.898731 69.540895 149.613864
788.216998 639.008494 66.870476 151.371852
790.120883 640.030965 64.701271 146.393723
793.036972 638.333272 62.884878 148.353224
795.335269 639.226516 62.813799 145.909170
799.352149 638.227729 60.364848 141.375134
802.199288 638.876062 60.558888 137.683270
804.876251 639.112187 59.603101 135.562299
807.658894 638.922550 59.871517 133.680864
810.796914 637.829404 60.345575 133.886645
810.038284 637.735218 63.540686 133.687730
810.559503 638.682011 66.868444 135.648075
811.605499 638.562698 68.852719 138.342408
811.588922 639.218113 71.459378 137.266538
814.464815 639.256973 71.353584 135.881223
819.375501 640.124326 69.952656 136.839468
822.018941 638.840651 68.784780 138.874344
825.806378 639.465068 68.144498 140.439076
828.149920 639.289754 69.984111 139.538052
830.205505 638.751743 68.722262 136.760522
832.018919 639.366639 66.164733 133.006796
833.470011 639.916198 66.103311 131.441113
834.597423 639.914314 64.498901 132.117682
836.997932 638.644749 64.840074 133.927932
839.155812 637.799878 67.673802 135.663797
838.790549 637.989645 69.009992 137.514795
840.227252 636.840648 71.185810 142.134160
842.251800 636.246559 73.565153 146.305080
844.479461 635.708973 74.132245 149.987644
847.276494 638.234390 76.413545 151.310654
850.919871 635.159749 75.006547 157.458789
856.507900 630.405080 71.798647 164.352385
862.388440 631.682892 69.204327 164.454263
867.208095 631.400996 66.413789 158.704306
872.544256 631.637641 63.084027 154.740969
876.544970 632.422239 61.715538 150.182152
879.667604 628.030925 61.641303 148.791814
882.280850 627.837508 60.781606 143.715928
884.519159 628.141732 61.090852 140.680573
887.925791 627.911302 60.133971 139.706729
887.900491 629.633411 61.731091 137.658693
888.228094 628.475673 63.390172 142.470653
889.145615 626.052169 64.417560 148.570138
888.800943 627.272855 66.783477 148.079526
887.977486 628.743591 68.838773 148.176502
887.275397 628.457768 67.815899 145.402985
883.400901 628.304653 69.179462 150.631138
878.753781 627.236759 71.611074 153.652680
877.001877 627.209136 71.037043 152.557317
872.955453 626.537167 75.110567 148.315119
871.001435 627.458538 74.044485 139.418295
868.125617 628.524395 77.409903 136.813905
868.114551 626.331436 80.033421 136.708596
868.407712 625.773593 79.892136 138.384404
868.537617 625.671032 81.616791 137.488320
871.988046 626.438009 80.359960 138.402460
872.662878 626.073008 82.183611 140.503265
872.159667 626.002613 84.920472 144.785506
874.056769 626.676770 85.243243 143.621034
876.905125 627.735822 84.564263 139.897164
877.280849 627.641986 84.649881 144.865306
877.942040 627.232211 85.686248 145.508850
880.080897 625.343948 82.561335 148.270334
882.170830 623.311622 80.981205 151.271009
882.046991 622.069583 79.913444 147.075856
883.632165 620.341822 77.992683 147.195228
885.774400 621.259230 74.922832 145.868838
885.788297 619.862281 74.314450 145.565631
886.861423 619.714550 72.870143 138.896064
887.667326 619.722152 71.766619 139.288100
888.089106 618.669848 72.950649 136.475853
887.733563 618.560779 75.036477 139.769425
888.728043 618.784551 76.336612 141.825605
889.978741 617.876081 76.509396 146.270801
891.247569 617.565417 76.743208 149.909533
892.293678 616.862887 75.554254 153.525984
892.741686 616.626240 74.072739 155.612401
892.961046 616.931427 72.732327 155.466293
893.628780 616.463546 71.668758 151.787276
894.344965 617.600887 71.915520 146.197617
895.375822 615.465721 70.853806 142.532072
896.094892 613.854058 70.674808 139.678632
896.673411 612.769958 70.800504 136.950624
897.668994 611.886544 73.836401 134.923134
898.756577 613.192217 75.101894 129.530338
899.852301 614.513529 76.017554 128.103840
899.958291 614.195668 78.177847 131.976449
900.869246 614.972674 79.032264 134.180997
902.150722 615.340568 77.729431 136.184475
901.800133 616.046276 78.481490 139.721972
901.751745 615.810169 78.736387 143.125437
901.491981 615.035385 79.240982 147.905414
900.742694 614.666486 80.836542 151.118681
899.903739 615.513431 81.165828 150.629771
901.093277 616.523874 81.089049 148.869555
901.082527 615.613580 79.730483 149.236107
901.448562 615.149903 79.179869 145.093754
900.391190 615.878326 77.792587 138.341766
898.931716 615.846434 76.938954 133.532327
897.823541 615.867887 76.464635 130.362608
897.116174 615.599895 75.623543 125.278201
897.500606 616.581205 73.733534 122.190180
896.888258 617.844234 74.065350 121.378313
895.524101 616.908821 76.070055 128.497391
896.682286 617.256747 74.999154 130.948047
897.126189 618.162467 73.743133 135.725528
898.086474 619.339856 73.319758 137.697145
898.913110 619.807662 72.486662 138.979958
899.082857 620.047426 72.402722 143.290403
899.333820 620.667708 72.063240 144.078579
899.263484 620.398953 71.842083 144.669463
898.835856 619.717518 72.734403 145.484187
899.870701 621.077153 72.081253 143.545123
897.335001 619.253723 75.349468 143.681932
898.071823 619.621349 76.549741 136.651551
901.512930 619.096534 74.994955 132.215452
903.929772 619.475756 74.050096 127.726897
904.337307 619.414078 75.599228 126.226025
904.740989 620.062060 77.448359 124.721343
906.021858 620.622834 79.392844 125.055196
907.457787 621.011659 79.413479 129.056110
908.645739 620.496899 79.847975 133.105898
909.983288 620.846797 79.077433 136.396865
910.296822 621.414395 79.635154 140.085930
911.300709 622.610054 79.724671 143.547022
911.406088 622.403683 80.478041 146.667133
911.710550 621.752736 80.034128 146.580046
912.518189 622.073367 78.546448 146.628333
913.367249 622.159517 77.751904 144.671638
914.519847 622.072943 76.846091 142.324998
914.498720 622.344351 77.069551 140.109871
913.881580 621.942660 76.494386 136.002395
913.161312 622.058767 75.682107 127.688634
912.954340 621.934768 74.378074 125.302611
912.001769 621.349835 74.269512 122.692114
911.529302 621.053997 72.941184 124.084173
911.664813 622.223847 72.540074 130.121002
910.729563 621.746525 73.086292 133.876254
911.178689 622.727856 72.126640 136.340217
910.780852 622.760602 72.603073 139.277022
910.742037 622.591783 71.984054 142.638876
910.159116 621.463001 72.112748 147.233516
910.111639 622.409961 71.784812 146.974805
910.018497 621.512525 71.510001 149.799045
909.870474 620.958209 71.139495 150.209032
910.322558 621.027520 69.766411 146.763555
910.192992 619.330740 69.492122 144.286806
910.672623 619.472761 69.350232 138.048157
910.593759 618.695186 70.744314 134.866665
910.503715 617.604812 71.823223 128.488480
910.657962 618.395449 72.526861 127.454485
911.118721 617.914701 74.181883 126.023333
911.772343 617.958693 75.841822 127.253886
911.726624 617.813634 77.678345 136.011544
912.470698 616.387521 79.193237 137.095995
913.155137 617.147785 78.867349 139.447877
912.921248 616.859415 78.871517 142.939217
912.989352 617.183247 78.870838 148.486577
913.114876 615.071990 78.753927 153.107328
913.029794 615.832767 78.598605 152.257530
913.292072 615.138010 77.983257 151.027468
913.449923 615.247993 77.946133 149.517641
913.114876 613.949011 77.928483 145.281451
912.543930 615.470517 78.016636 142.886841
912.129819 614.367516 76.904443 137.412360
911.552162 616.416355 76.241417 131.912087
911.458559 615.828111 74.547000 127.549909
911.559670 615.012160 73.681957 125.419433
911.206685 614.886444 73.045016 126.704255
910.613206 615.516551 72.855799 127.669416
910.854247 614.762062 73.355510 132.095359
910.895703 614.607269 72.964051 135.606980
911.079582 614.861771 72.644190 137.731283
911.413723 615.277113 71.976015 139.867990
911.071369 615.003202 71.822951 144.537786
911.263438 614.129330 71.468469 147.917865
911.879206 613.705988 71.224037 148.018049
912.374792 613.431001 70.451832 146.003451
912.696355 612.373362 70.659632 144.939548
912.851372 610.094729 70.674147 143.155515
913.596629 609.726034 70.715462 140.385535
914.339830 608.233975 71.405033 135.931582
915.424892 607.828602 72.161144 131.666775
916.517715 606.664794 72.948042 130.642882
916.269145 606.543383 76.151905 127.017427
917.100557 606.405679 77.751938 125.862743
917.911907 605.618118 78.269202 128.787811
918.772468 605.019435 78.908356 132.006110
919.455939 604.080613 78.632196 136.142998
920.334979 603.578280 78.730519 138.891636
921.125837 603.051254 77.081323 143.154127
920.847903 602.350056 76.837783 146.863255
922.313373 600.672969 75.321414 152.057296
922.663902 599.366815 75.522693 154.569994
923.160315 599.718533 74.657008 151.743563
923.628382 597.262378 74.524316 152.121785
923.222882 596.989049 74.901246 146.655750
922.512784 597.218128 75.248544 143.531336
921.346619 596.342303 76.611094 141.829759
920.857556 595.145450 76.012037 134.977056
919.939009 594.645002 75.831960 130.929380
919.162763 594.841424 75.249732 126.427709
917.578927 594.545617 75.328098 130.222527
917.225201 594.146305 75.572700 136.298874
916.179582 592.943528 75.335170 139.522915
915.334992 591.567380 75.870709 144.239319
915.839283 588.864040 74.609904 150.183786
915.554737 589.919314 73.350132 153.238829
915.493762 590.087016 72.755995 153.345201
915.581514 590.424379 71.900340 152.615645
915.670611 589.546539 71.554583 156.645538
916.139791 588.674636 69.432155 151.633875
916.320022 588.046990 69.347935 147.514659
915.518517 587.305115 70.563583 142.078737
915.426280 586.322953 71.646073 137.923316
915.102492 585.887400 72.227891 134.678782
915.206091 586.853106 72.036846 129.947047
914.672878 585.475251 73.884176 129.141914
915.273120 585.793788 74.685864 130.929908
915.676077 588.557528 75.162808 129.732772
915.687287 590.124920 75.996448 131.268898
916.317723 590.762006 75.060649 135.521715
917.441654 591.784857 75.599639 139.921518
918.120245 592.896558 75.086377 142.811465
918.460126 593.990979 77.710248 148.104943
918.917397 592.956296 76.696854 150.443727
920.089179 594.813474 76.193098 149.272753
920.507581 594.468078 75.764755 145.939629
922.375343 595.035382 77.530512 145.913251
921.088044 593.544958 79.597924 144.709949
920.950653 594.352875 79.196838 141.009613
921.349953 594.964008 76.438661 136.642695
922.906819 595.492536 74.779901 136.281428
922.280984 595.679314 75.575398 131.380743
922.773685 599.219624 77.091996 128.428550
922.469390 600.385443 75.687222 126.755849
923.284357 601.687690 74.522519 127.627584
924.644577 602.018930 74.634804 133.712006
924.593866 603.972802 74.508700 136.177991
925.014975 605.172131 75.265737 140.275374
926.248024 604.236682 74.683447 146.552223
927.523313 604.111399 73.806282 150.114821
929.344915 603.011320 73.395455 151.610618
928.596632 603.183292 74.581211 150.634885
929.480183 605.371805 75.243471 148.376483
930.456130 605.337309 76.076210 146.123397
933.331929 604.826370 74.238245 149.515033
935.877268 604.570226 71.600124 145.609928
938.197980 605.273838 69.990771 141.068561
941.164050 606.646810 69.918495 133.322222
942.414268 608.131282 72.860255 128.762035
943.302359 609.933956 74.278439 124.433562
945.337878 613.250544 73.565995 121.860863
946.352362 612.750509 73.122685 125.110874
947.134601 613.696770 71.595331 129.142763
949.026721 610.352078 70.779463 137.303406
951.520849 611.478225 68.744377 140.389888
952.805242 610.276955 71.235476 145.746657
953.359835 610.535327 70.143456 147.343323
953.282228 611.871630 68.576710 148.251482
953.940106 614.913401 67.626581 144.227548
954.715124 617.415400 66.940867 137.160258
956.067813 617.113955 66.270206 136.857327
956.130094 617.049180 68.221614 133.466014
957.003256 616.131015 67.651890 129.533439
959.937894 617.810248 64.887248 128.514264
960.638462 617.908669 64.969005 133.157600
960.862605 620.562237 66.415441 126.218122
965.023382 619.272377 64.726311 128.810044
961.460240 619.949071 65.451896 130.230684
959.925183 621.204143 70.427048 134.423239
957.141792 621.382391 76.497998 139.547401
954.225696 622.165893 81.256390 143.130646
953.882843 624.597088 81.585632 144.500999
956.377200 626.778711 79.783456 147.386982
959.131338 628.741426 75.236486 147.236335
961.996003 630.523375 71.350489 147.758051
964.287843 634.612078 70.378840 145.751604
965.272879 632.623355 71.800017 147.671835
967.629856 634.824114 72.286063 138.952270
968.234584 633.669870 75.265381 130.706466
970.602001 629.030716 74.000464 135.300648
974.466911 627.961267 70.039739 138.726767
976.464795 628.067760 69.953032 136.838671
976.085302 631.566805 73.896223 132.152053
978.082098 632.358794 70.566144 131.966283
981.956657 634.703475 65.708317 133.527936
983.926210 634.484416 65.242301 138.813380
987.799213 638.317772 63.034447 137.787746
988.798402 640.233647 63.415459 140.863563
990.323156 637.624731 66.598703 147.286239
991.047842 635.607155 67.287086 150.736721
992.566572 639.543771 66.701492 148.523036
993.158809 640.657812 66.824125 150.599052
993.185428 643.938725 70.619194 146.683279
989.521816 646.604369 73.159754 146.780618
990.268257 650.756020 72.391030 145.891242
990.633478 652.077667 72.475255 143.519736
990.642123 652.537789 70.333268 130.811887
990.021206 651.562420 67.820476 132.905926
990.800293 652.733569 65.867544 130.292705
987.807825 655.071706 69.415017 123.496226
986.009621 658.870887 69.234515 123.056001
982.368423 663.522677 72.230841 122.406129
976.888144 667.157104 75.507407 123.569699
976.701774 668.874327 75.444102 125.657002
976.216788 664.499741 72.921683 136.245624
971.510618 664.311407 75.786061 140.247375
970.915700 665.211262 73.981562 143.481479
967.974272 669.989654 73.992836 139.362739
967.967239 672.019016 72.472401 134.998727
972.256567 670.362503 66.060701 141.432754
971.963540 672.359502 63.727228 136.869954
971.068133 675.359287 64.579446 120.300592
967.524670 681.260857 67.766077 116.862809
969.422310 682.634635 64.668288 120.792303
969.474497 693.442652 64.101683 107.631752
969.518915 685.803622 62.219369 115.079260
967.760023 689.261984 64.549093 116.718812
966.164946 676.769686 64.718251 130.709086
964.414099 687.984865 65.893758 122.017498
962.615897 687.954788 68.348704 127.769855
959.819335 685.569986 70.074231 132.592735
957.731086 684.441661 71.647390 137.851362
955.551541 685.473517 71.142121 136.785090
955.033200 686.587331 67.660798 138.890608
953.168260 690.047974 65.701184 137.377492
953.758227 693.685564 63.970373 136.301074
952.514658 694.718276 67.785304 133.945356
952.119003 694.683280 65.840032 136.828997
952.134536 695.741202 64.088141 137.380478
950.009042 695.889708 64.618346 131.648452
954.426942 693.836330 60.373489 132.359365
951.870431 694.564084 63.500597 131.733481
954.505507 706.600137 62.279445 108.896181
955.492134 705.161374 60.175666 110.556574
958.091076 704.091167 57.454925 115.242045
958.366809 709.042377 57.135253 112.638636
960.519175 719.360501 55.911458 107.130392
961.449402 721.988321 55.692537 107.683438
959.812538 723.941328 58.180667 112.154257
961.802971 726.848207 56.872000 111.772193
961.952531 730.615751 56.389612 112.141590
963.347345 734.117574 53.815809 110.246708
962.866653 728.343968 53.260443 118.068447
960.666002 709.083838 52.655867 134.892109
962.068876 704.456879 49.030524 135.825483
962.808231 704.432962 48.029157 135.666625
963.292172 712.018600 48.730107 131.582783
959.743388 718.058133 53.232401 120.619855
958.067853 726.696472 54.607468 111.630831
957.926948 731.329647 56.430710 108.860512
957.513687 730.130351 56.454514 112.320894
956.190993 733.010851 61.032926 112.679824
955.925256 740.503443 62.796018 108.129597
955.535300 741.840376 62.787944 111.081651
954.473474 745.348275 65.360525 112.523017
954.169210 746.956843 75.239784 109.173358
952.166689 748.257706 69.788692 114.885262
952.367328 751.085554 70.116990 111.824857
953.022861 755.830750 71.358547 114.348188
954.338631 761.247381 76.448870 94.640730
956.273834 754.725981 69.779484 97.487724
959.531949 754.050049 72.457447 101.372590
960.720829 755.033300 68.004791 97.970044
964.210747 754.195633 63.894980 99.078990
963.894501 755.106276 61.348780 97.962139
969.709032 763.469535 56.666509 95.354674
976.828206 771.579036 55.566340 90.205426
972.787172 751.401901 63.757395 113.417379
971.440315 759.480971 64.319420 114.842687
967.631499 736.241631 68.409940 133.531521
964.422852 729.420605 75.349151 147.320830
966.771094 723.493189 66.713609 145.799802
968.562690 723.414111 63.916782 122.176654
970.517951 728.111545 60.398476 111.372809
968.251740 732.095755 59.671483 109.607891
967.534466 738.039285 59.165470 111.766976
967.947004 737.846856 57.750991 116.428674
965.405924 733.697770 60.864814 122.466955
968.926154 740.781936 55.371631 121.299350
964.985989 738.073400 59.819102 126.328391
967.486670 731.404065 57.861317 129.934632
967.226740 737.597287 57.285102 121.849643
969.716865 733.422051 54.438625 106.560311
967.871829 737.567360 57.251393 110.595000
964.958332 743.707581 60.868688 112.243672
965.264112 752.766379 62.947381 101.355735
966.746662 758.497331 60.206101 96.254954
967.541935 763.386085 56.928742 92.275343
967.137241 763.598263 57.364444 90.581738
965.423672 758.314995 60.485600 97.223112
967.276589 772.603151 60.829585 90.821696
967.664593 779.926688 61.876550 89.067264
964.286389 784.120273 64.389265 88.264385
965.086663 785.090515 63.758395 91.968304
970.588129 776.548306 58.076484 104.954417
969.763297 793.723264 54.196264 86.336993
968.946982 778.884739 53.410029 99.445435
972.167204 768.972098 53.580532 114.612600
969.674097 761.251991 56.073347 124.142071
969.618340 763.336954 57.285876 125.192944
968.530413 764.315000 56.629720 128.905706
967.971355 788.234930 56.134503 111.289317
964.271484 778.977369 52.353712 122.687706
968.828224 785.420315 54.814600 121.143428
964.939867 793.042150 63.619287 119.315565
963.530370 797.776326 62.044994 122.999684
964.154116 803.709357 61.309485 116.804562
961.275283 799.698641 68.237988 120.203319
960.219952 767.768793 68.206902 119.822769
962.391925 769.024147 62.122384 89.270862
962.338240 763.503689 65.198383 89.048363
962.267446 769.117748 60.341657 92.049956
959.800447 774.425492 64.912373 97.123057
958.071035 777.835663 64.149288 101.218295
956.869798 784.210845 64.193763 103.636512
954.329996 787.138332 67.374731 102.914964
952.124820 783.810391 60.246904 106.204261
950.361728 787.278370 62.443487 102.376681
950.077378 801.962640 63.915258 89.710524
949.514094 818.855476 71.738991 78.791876
948.827057 818.838340 78.741547 83.740376
941.547853 818.597100 77.455819 87.432253
938.090151 828.270596 77.858445 79.215685
939.553264 831.095554 75.813172 77.088831
937.045105 840.303310 75.003989 68.531555
942.830930 840.791662 73.823435 75.919214
946.919444 826.594741 70.212650 88.002623
943.716960 812.921424 72.376399 90.261661
947.224115 821.312693 68.646085 84.743331
951.703654 818.240905 75.546998 75.370238
956.838029 839.599515 69.428909 63.640039
959.441217 848.882243 62.170599 57.287403
958.451485 842.778206 60.585689 67.734135
959.246122 849.334001 60.528953 64.589981
958.350383 836.563623 60.157648 77.528422
958.332644 824.760385 57.112566 82.680019
954.294257 827.480695 59.244241 84.363736
951.011967 829.841589 62.737985 80.463925
957.609044 829.294705 60.179583 88.971462
947.189667 837.985147 66.363709 83.813960
950.576301 840.575322 64.747022 82.151458
962.981919 851.238337 57.563676 82.076689
951.612554 850.102212 61.510848 95.361985
956.713656 847.416627 59.119576 89.025156
965.223187 867.454732 55.202875 77.516461
959.548463 877.201909 63.409394 67.322766
953.717850 869.651427 68.271862 65.262177
963.651183 849.871898 59.428785 80.040378
974.767785 849.002902 49.081477 88.810881
976.059281 847.428667 50.276632 98.393488
981.215778 849.079252 48.210943 85.621531
983.136368 851.874085 46.465775 84.743109
976.918324 843.434198 42.879643 86.049498
973.407642 858.751131 48.706822 73.858022
974.471729 851.983688 48.510510 75.883755
975.113356 853.001721 50.469789 78.876544
974.751657 852.087898 56.835669 82.078187
973.451212 855.011369 57.637984 81.982545
974.083810 851.851870 57.677611 89.285163
971.684792 854.804787 57.656392 90.773765
968.554225 850.842074 60.926129 97.792778
968.031723 849.383103 62.268592 103.088307
969.340438 846.659695 61.177076 110.635350
971.415132 848.682410 60.381706 111.299119
973.663847 848.550619 55.251009 115.781543
973.447239 850.248838 53.162899 117.307572
972.802988 852.599052 55.254621 118.802577
971.520344 853.818414 56.557928 121.782469
968.369667 856.656223 60.730131 122.941796
967.504586 858.025791 62.379063 126.788209
967.130483 860.368378 63.243321 129.125835
963.097850 857.977012 70.348195 135.020970
964.743257 858.647835 69.333143 140.431073
966.866232 856.434157 68.988304 126.608410
971.121264 855.815825 61.210142 100.685758
977.557220 857.301735 53.646386 103.308759
981.801290 861.026104 46.225400 103.504995
980.870201 869.863012 48.190759 96.913850
980.259340 885.189418 46.736477 83.501877
978.622673 889.264232 45.155727 91.684721
976.626250 894.410564 47.804589 88.483996
972.885427 890.941851 50.378480 93.038904
968.525887 895.747111 53.069658 86.475562
967.094369 904.292179 53.462104 81.067704
958.846955 909.451285 69.422650 79.917006
956.442618 910.239268 70.098688 73.029551
950.382677 889.606117 66.477701 103.485366
947.622213 891.065025 66.326415 102.474122
945.663071 893.432050 67.664418 100.202002
944.401392 892.259791 68.735271 100.578173
942.744456 898.190749 68.998693 95.585811
936.263185 899.209421 73.380372 98.188784
936.915000 900.210725 72.602429 97.575814
937.576555 902.025579 71.850637 97.614999
942.235681 892.276374 63.834346 110.766758
943.574009 899.527247 54.016675 100.976271
943.924913 895.575198 52.021477 107.093823
944.746610 903.252655 54.545482 104.229738
938.199586 900.451125 58.028065 111.965192
938.217913 910.720275 56.640671 109.314420
936.531166 912.407896 54.139693 110.380958
933.952272 916.361673 55.171862 110.586540
931.392696 923.283933 56.834569 108.810823
927.121867 918.669880 57.720374 117.842266
924.070760 924.592319 61.020757 115.011813
920.695474 911.635534 61.519909 125.837575
919.643622 913.872733 63.248866 116.496262
923.675515 918.159302 64.884663 106.305981
918.166279 912.829606 62.334260 112.479415
918.216476 908.920137 60.481419 112.706646
917.082545 912.989398 58.626351 106.171542
913.257813 914.773478 58.924642 108.661099
911.491846 913.535996 65.007027 103.763919
909.588336 914.240728 62.505726 109.992478
907.696871 916.127771 58.701917 111.851683
904.589573 920.103622 58.437479 110.271350
901.489391 921.720012 59.132936 110.146771
894.047114 925.000008 60.189170 108.939439
892.864914 924.082723 65.851567 109.960998
893.164698 935.936165 72.325004 98.696646
887.985249 934.321750 66.805222 103.755320
886.197652 933.115107 72.107756 99.685255
886.269436 926.840065 75.911926 104.499195
883.738241 931.862916 64.661276 102.236888
881.909869 938.450642 71.999856 98.158860
878.713200 946.690559 69.633728 94.612696
875.678455 939.915945 72.970181 104.318586
873.690693 951.462548 73.794953 94.483541
879.078300 949.099080 66.502140 91.652444
878.476941 957.220915 64.090068 91.627955
874.594028 951.895260 63.682577 101.629161
876.772570 930.985317 59.597866 106.612219
870.487276 927.022724 62.962799 109.126622
867.702925 930.411223 61.916683 104.120677
864.290679 931.061153 62.267823 100.899306
861.684271 933.236855 61.019407 105.764277
861.127436 930.396654 60.477510 100.085094
859.567346 932.181064 59.784242 103.985140
857.259945 934.417608 60.545392 101.027252
857.013673 935.838039 59.428167 102.885540
854.028501 933.617146 59.485038 101.159581
851.824733 939.680965 58.625557 90.955762
846.329106 935.433134 60.731200 100.086024
846.584557 943.218125 59.299912 103.983618
842.981110 933.003148 58.567964 101.268555
840.871967 934.193945 59.695959 108.577474
837.697990 936.853416 59.049203 101.033314
838.459585 929.456544 56.469826 95.926553
833.835929 932.369963 55.721649 93.503301
829.513280 939.279741 57.092662 93.802952
827.587281 942.473549 60.737591 96.990520
822.247751 943.567799 62.533911 98.060344
818.255940 944.429161 63.095666 100.245597
816.423201 941.280773 63.161437 100.498132
812.910891 939.060705 62.566218 104.181017
813.056686 945.863304 61.449757 100.034975
809.543627 941.017045 57.901108 102.886914
808.213462 939.358990 58.705321 102.487201
804.171355 950.020601 59.830628 93.474970
803.652437 945.291318 59.333097 97.722232
800.493202 945.020232 56.333211 110.906838
796.205120 943.324444 57.815751 100.720721
793.189021 942.116912 59.467539 104.369541
788.480237 940.723699 64.696410 104.385296
787.075274 950.802907 62.404523 94.046128
786.380706 948.920686 58.492567 96.891703
781.464165 945.703664 56.673530 100.999802
775.862769 944.940125 57.870262 105.655291
773.560468 940.849888 58.968538 108.597898
768.558540 936.499133 62.329283 114.727558
765.214963 933.436001 63.532839 122.420018
763.551680 935.267324 63.589066 121.969957
760.535667 937.381901 67.116197 126.720003
760.033150 937.326984 64.873333 130.059966
759.078106 940.675108 63.023980 130.183489
760.048803 939.662252 60.552461 134.148674
757.469580 936.375748 60.751427 138.195462
753.949236 935.661066 64.062944 141.013004
751.812472 927.722193 64.738046 141.189007
750.175403 929.754959 65.395595 132.669616
747.091452 929.311131 68.433279 132.807960
744.722301 929.292178 69.691356 132.574333
743.857235 933.032737 72.396210 127.131513
745.227415 932.885027 70.913165 123.119142
741.752931 935.837084 70.684216 122.686694
741.317375 936.596263 71.106685 121.902588
740.539230 937.138972 69.405377 122.993641
744.091446 929.248700 67.857556 130.346770
739.695213 929.112433 70.759095 136.081594
738.672358 927.874901 68.465759 139.709085
737.593481 928.753069 69.894464 136.397742
736.876591 931.259215 68.979786 133.188216
736.207679 930.712196 70.011490 125.155485
732.763310 930.367638 74.117420 130.659865
732.534890 930.437993 73.249628 132.196207
731.943545 929.590235 73.513341 131.465509
731.866646 930.772185 73.531362 129.954076
731.460306 932.460916 75.878512 122.216949
729.485666 931.095952 78.502444 124.700848
728.835376 928.924465 75.294755 129.345215
727.071288 930.396372 76.875754 124.482194
726.515722 931.176045 76.234696 126.701221
724.129831 932.302136 77.799370 124.973644
722.027200 934.646783 78.543511 125.464864
721.089740 936.626471 80.633507 127.187271
720.442483 930.169367 77.607150 134.312237
718.085454 925.837988 78.730621 141.224138
724.053690 924.133723 72.127266 141.507421
726.829931 924.341783 68.406560 142.652586
721.556934 925.662746 71.436366 140.582988
723.753353 923.683301 67.162909 142.055707
721.614929 925.840735 68.020350 139.447762
720.815300 925.866253 68.607257 127.552216
720.037983 924.998580 69.175532 129.754892
718.306203 919.819062 69.451167 137.344562
716.545070 919.161130 70.306796 136.481598
713.179103 920.548364 70.960039 131.775494
713.026012 918.235793 70.516568 123.932759
709.108094 920.564517 69.190319 125.691448
707.453643 917.512393 70.424710 125.624885
704.868144 917.668768 68.393552 120.760605
705.051482 920.596686 67.654057 121.759186
703.387665 917.737793 64.997478 124.836811
700.187520 919.175485 69.818188 127.891290
697.509607 918.940237 73.967328 132.767217
693.872000 919.492256 76.251480 135.466438
689.679715 920.835364 78.550538 134.316926
692.513372 920.841785 76.270140 129.499086
691.755228 921.671498 75.019980 127.213986
692.239229 921.087046 73.298503 128.376927
689.833264 921.922119 73.607253 125.385408
693.031237 919.703278 70.045351 124.344490
694.689963 921.743566 67.915301 115.140214
694.735297 919.543099 68.352025 114.906205
692.387348 919.690246 69.760966 113.952761
690.187287 917.752232 72.676553 114.013636
688.770175 919.668575 74.580990 114.223187
685.561959 919.551523 79.361140 114.055703
684.948814 919.994870 78.928704 116.121612
682.352039 920.331440 80.970524 119.414788
681.122960 920.906533 79.976810 122.460340
680.385941 920.124913 78.700794 125.068000
680.489986 919.881784 76.284950 127.159777
680.965924 920.974731 73.825458 128.922559
680.127504 918.206994 73.057598 132.347235
679.416631 916.944076 72.079663 134.156762
681.253709 915.852431 68.644197 136.043212
681.987817 914.958039 69.764952 133.215511
680.873305 914.204286 68.249022 130.563798
680.724374 913.039821 67.772030 127.480334
680.985183 913.569011 66.847083 124.697734
680.774738 913.068212 66.185321 121.763430
680.542754 912.977560 63.956836 117.446793
680.647463 913.163634 64.967726 118.485923
679.887025 913.430665 65.455775 115.429252
678.572608 913.722567 64.647467 116.309512
678.676189 913.868996 66.407635 118.805869
677.169578 914.408474 65.718344 118.864189
676.693016 914.696380 69.770885 122.888077
676.440604 915.452539 74.653249 124.153249
675.022723 915.815697 64.434606 127.343486
673.735422 915.789608 76.454999 130.584945
672.537891 917.609176 75.298224 130.202535
671.707783 918.086741 72.548896 131.678789
670.508663 918.831004 71.808795 129.142717
671.810071 918.767342 68.485676 125.553349
675.262216 919.038600 62.830356 118.593877
674.573076 919.444844 64.763972 110.993277
675.459674 919.070469 65.717683 108.818183
673.393224 918.999472 68.950917 108.762469
670.492393 919.045394 72.504634 107.371088
668.988002 919.343650 74.894998 110.344707
666.405203 920.469324 78.418468 112.219299
664.508809 920.143833 80.480476 114.295674
663.955140 921.342548 80.900853 116.536237
662.461558 920.761177 81.949295 119.655903
661.739518 920.746547 82.074410 122.680662
662.937556 921.325859 80.771531 124.635938
663.045870 921.183786 79.541618 127.688126
664.140371 920.379637 77.243177 130.707712
663.639606 919.741947 76.119673 133.020796
664.861026 918.712687 74.376656 134.979326
664.861026 919.166164 73.476308 133.569880
664.504394 918.150220 73.232985 132.970325
665.795157 916.646681 71.272730 131.286021
667.054890 917.212179 69.900173 128.278400
667.600460 916.724495 68.263119 124.952054
667.907941 916.732699 66.945190 120.725448
667.165899 917.389881 66.704906 116.156168
666.426110 917.595987 65.803870 112.820934
666.334836 918.105292 66.542915 111.612325
665.177983 918.785970 70.553687 113.922323
663.816106 919.645158 74.842966 117.136093
663.576883 920.769704 77.264573 120.186885
662.737115 921.561691 79.408633 122.780597
662.569686 921.533073 78.915150 126.338525
662.027419 922.169706 76.883460 129.564591
660.820286 923.811094 74.764166 129.698598
659.822789 923.888476 73.462513 132.049826
659.459463 924.004951 70.840411 132.594429
658.228920 925.278827 69.799199 130.002902
658.578938 925.729208 66.186319 126.943977
660.072872 926.793430 65.013344 121.683076
659.922535 927.155268 67.229034 119.506096
659.390250 927.343027 68.983422 114.681723
658.803277 927.112952 71.553945 111.555748
655.886693 927.537456 74.112924 108.127654
654.097144 928.509851 77.365345 106.045920
651.939079 928.608704 81.657958 109.201718
650.200149 929.347574 82.433806 112.964411
648.985343 930.104965 84.127409 114.618016
649.337330 930.706136 83.092984 117.765942
648.972024 931.922552 82.691222 120.286130
649.115582 932.478271 81.243098 123.522695
650.830586 932.006093 79.076923 127.229844
650.597694 932.355734 77.381739 129.151065
651.085738 931.521506 76.764113 131.932734
651.504434 931.292018 76.672583 133.533528
651.915116 930.879089 76.111732 134.706427
651.917452 929.954370 76.422887 134.752179
653.211647 928.790658 76.198319 134.155483
653.870340 928.804102 75.178153 131.756424
654.805268 928.451627 74.433923 128.386513
656.773341 927.361556 73.359082 126.318537
656.835688 927.325512 72.706561 122.117678
656.414212 927.487791 72.593319 117.372408
656.913305 928.594276 71.695957 113.763859
655.937565 929.037910 72.368187 113.328671
654.599314 929.687319 73.709195 116.468527
654.689381 931.139229 73.622946 118.266225
653.979439 932.753044 75.394161 121.003852
653.623615 934.498137 76.062531 123.979708
654.730786 935.400896 73.306895 126.773116
654.136555 937.013344 70.955893 129.188160
653.992432 938.039666 68.752125 131.661317
653.313033 938.691781 67.310196 133.717391
652.785106 941.811476 66.020767 132.343373
652.516378 942.689633 64.476668 130.530868
652.329047 943.538003 64.397470 127.827764
652.285315 944.280985 65.060103 124.087824
650.764868 944.314493 67.948525 120.373730
647.992006 945.230381 72.932171 115.753346
643.336256 946.204293 78.001669 111.946461
641.324462 947.095967 80.445568 108.633679
640.200936 946.834893 82.681171 109.011361
638.126661 947.528455 84.821585 113.806395
636.209948 947.993446 85.876234 116.493501
634.902067 949.082037 85.904234 118.456840
635.244230 949.958852 84.689820 121.601362
635.505494 951.031502 82.850463 124.343373
635.652131 951.485462 80.405277 127.288390
636.542993 951.174319 79.064844 128.812682
635.708390 951.284786 77.523412 128.715214
635.803834 952.160356 76.175577 127.839644
635.865433 951.058169 74.989750 128.941831
635.417705 950.224023 74.394942 129.775977
635.679121 949.383782 73.638580 130.616218
635.323128 949.077103 73.401749 130.922897
634.463217 948.853363 74.306923 131.146637
634.885900 948.994410 73.927755 129.206830
636.040757 950.160472 74.657295 124.532132
635.424566 950.999862 71.734233 118.713798
634.936122 951.881196 71.701708 113.996797
634.791250 953.953792 70.318828 112.369839
632.978266 954.728387 70.209974 114.948486
631.602007 956.084126 70.645750 117.625315
630.447183 957.202793 71.466981 120.635416
629.023154 958.407945 73.309547 121.390016
627.462458 960.145640 73.774644 119.854360
627.695022 961.528957 72.195013 118.471043
626.547661 962.729383 71.433270 117.270617
626.050934 964.292038 67.873492 115.707962
625.711346 964.310244 64.207538 115.689756
624.990249 964.701589 64.134883 115.298411
622.695909 965.719006 65.733335 114.280994
620.541422 966.050107 67.971001 113.949893
617.849059 966.164558 71.324335 113.835442
612.413339 966.405759 75.892166 113.594241
608.635526 967.520436 78.648879 112.479564
603.728492 968.521888 75.272743 111.478112
599.981028 969.341942 82.598610 109.781367
597.708471 970.627167 86.704903 109.372833
593.241810 971.583582 88.631382 108.416418
590.691595 971.793449 88.470493 108.206551
589.693788 972.437903 86.636153 107.562097
588.790914 973.573584 84.009495 106.426416
587.528640 975.357803 81.940357 104.642197
587.457307 976.496402 80.384367 103.503598
586.370080 976.641846 79.415078 103.358154
585.779369 977.556482 76.996540 102.443518
585.863252 980.222411 75.253169 99.777589
585.125847 977.037607 72.556168 102.962393
584.710626 976.574068 71.940605 103.425932
584.219850 977.443729 72.100515 102.394524
582.028915 981.496657 73.610486 98.503343
579.695179 980.008201 73.973964 99.779963
579.487132 981.351904 72.948622 98.648096
578.050581 980.525325 72.668662 99.474675
577.119359 980.811623 73.412272 99.188377
576.366374 980.892710 74.971252 99.107290
574.041139 982.939407 75.868326 97.060593
572.644510 985.199403 75.620824 94.800597
569.996388 988.690280 73.777278 91.309720
568.810556 992.608114 73.187588 87.242364
565.238035 993.578953 71.627910 86.421047
564.180325 993.700985 70.137346 86.299015
565.518061 992.363439 67.503726 87.636561
563.173249 993.729964 68.914430 86.270036
561.078034 994.731776 72.592879 85.268224
561.612582 996.300099 68.202261 83.699901
559.801666 998.955910 69.475770 81.044090
559.678319 999.654349 68.946288 80.097808
559.160711 1000.009866 63.582217 79.797004
557.578939 999.212864 66.634747 80.787136
550.389307 1001.482684 75.511799 78.517316
549.328659 1003.338126 72.048405 76.091986
546.986418 1004.975169 72.223764 74.546143
546.368520 1006.600193 72.067486 72.311253
547.012403 1009.081411 69.420262 69.993025
545.496160 1011.794694 69.000539 66.983357
543.477359 1014.420813 69.341168 64.482291
542.873063 1010.883853 68.278689 66.581316
542.201153 1012.632688 70.330429 66.929608
540.920086 1013.862533 64.396786 64.349327
539.409279 1014.700879 67.080718 64.790793
