966.000000 76.000000 28.000000 63.000000
966.739078 75.069574 26.203428 65.939985
965.704138 74.759075 26.748120 66.722179
964.505508 74.686879 27.688306 67.180846
963.020812 73.891908 29.728555 68.081074
962.245932 73.980547 29.418462 67.604194
961.593859 72.976568 30.008281 68.603264
961.268685 72.708387 30.043079 68.687070
960.968959 72.223289 29.365398 67.744544
960.142255 71.335618 29.396727 67.086549
959.173219 70.508214 29.806150 66.849801
957.798149 69.925848 30.677327 65.659704
956.525095 69.086903 31.159550 64.308095
955.113020 68.348391 32.112051 63.857297
954.014446 66.964833 32.314114 63.683129
953.465024 66.402664 32.306568 64.561905
952.677285 65.543236 32.534604 65.227091
951.881510 65.334810 32.837392 65.028221
951.396699 64.723548 32.648142 66.041522
951.227289 64.275631 32.438289 67.021340
950.442619 63.893739 32.591755 67.205010
950.573352 63.927389 31.969554 67.605424
950.116392 63.617438 31.848809 68.325061
949.690896 63.304659 31.765870 68.802336
949.615088 63.113232 31.522969 69.251494
949.305059 62.980495 31.457042 69.466922
949.074772 62.624631 31.112927 69.358720
948.921360 62.148636 30.479205 69.660205
948.725008 62.822390 30.361645 68.134666
948.674858 62.438449 30.066993 67.323520
948.275418 62.855564 29.854023 65.493516
947.887472 63.018221 29.456208 64.700055
947.198460 63.512410 29.542837 63.281501
946.650130 64.001402 29.426648 63.199817
946.377928 64.207035 28.792176 63.541793
945.730311 64.341299 28.486442 64.451124
945.085653 64.804907 28.424362 65.361582
944.178505 65.501376 28.462295 65.477109
943.034143 66.116077 28.251129 65.358832
942.251039 66.413373 28.381082 66.113766
941.671857 66.644295 28.439792 66.539219
941.488786 67.376219 28.297122 66.424107
940.994131 67.958667 28.277888 65.950490
940.357652 68.697458 28.654892 65.113165
939.632690 68.984484 28.906936 65.036602
938.852461 69.446479 29.517056 63.963970
938.214417 69.829179 29.562928 63.097665
937.169221 69.843609 30.126179 63.123358
936.546493 70.681382 30.405571 62.971422
935.621580 71.160510 30.824644 63.713839
934.980920 72.036660 31.153692 63.902276
934.510733 72.305306 31.050108 64.498185
934.192729 73.315279 30.290485 64.870503
933.962104 73.697706 29.758586 65.836962
933.789543 74.371141 28.892801 66.070149
933.912556 74.652727 28.722640 66.790257
934.408637 75.469762 27.688152 66.994855
934.625451 75.597177 27.631827 68.226453
935.031101 76.714344 26.980323 68.065576
935.225285 76.886699 26.844457 68.530930
935.768582 76.745798 26.501699 68.702868
935.871327 77.383506 26.541280 68.487999
936.104562 77.644424 26.564622 67.796004
936.340168 77.785906 26.308910 67.438691
936.808184 78.414290 26.060101 66.316191
937.024747 78.670068 25.829697 65.770668
937.615015 79.002664 26.043628 65.378552
937.983700 79.969256 25.709848 64.704771
938.590661 80.225072 25.607695 64.944100
938.855175 80.818158 25.408559 65.183572
938.894432 81.225071 25.498966 65.866641
938.079201 81.989573 26.821406 65.969119
937.755800 82.330964 27.495008 67.003925
937.274246 83.159144 28.519248 67.167094
937.816937 83.614313 28.092216 67.734626
939.239455 84.861753 27.460564 67.299439
939.871302 85.372377 26.555310 67.394975
940.315615 86.548199 27.113484 66.392033
940.895817 87.280060 27.027025 66.189005
941.212766 87.632761 26.826568 65.682719
941.553041 88.559765 26.398705 64.197771
941.768516 88.839919 26.688832 63.888577
942.079876 89.378847 26.469476 63.790322
942.541511 89.926777 26.420108 64.036280
943.088744 90.421553 26.960214 65.243488
943.585896 90.592968 27.734045 66.177332
944.413121 91.369099 28.169440 66.223193
945.239506 91.875582 28.556469 67.647549
946.129947 92.610439 29.133151 67.787595
946.722898 93.031941 29.959887 68.647677
948.026136 93.277087 30.015254 69.940732
948.967732 94.543307 30.200066 69.685772
949.896420 95.405268 30.494642 70.085770
950.744544 95.844989 30.306774 70.639913
952.042122 96.863061 29.673739 70.156460
953.003280 97.792880 29.556955 69.552959
954.248590 98.620489 28.952283 69.096967
955.143454 98.950805 28.246153 67.757796
956.234992 100.040010 27.440278 67.981387
957.302381 100.749274 26.439499 67.528471
958.701521 101.542325 25.483218 66.709807
959.666875 102.392362 24.583785 66.149219
960.792577 103.379900 24.468373 66.376194
961.176046 104.621690 24.952661 66.714661
961.140491 106.101246 25.894293 67.125580
960.773050 107.105782 27.120797 67.167656
961.003054 108.578214 28.289102 67.123733
961.597068 109.839337 29.218116 67.415652
963.291720 111.588587 28.833654 66.998724
964.927002 111.987511 28.767315 67.510819
966.635227 113.544790 28.682127 66.445318
968.400708 114.666102 28.081924 65.858724
969.500906 115.586355 28.157168 65.949358
970.506951 116.709385 27.583515 64.565041
971.830140 117.341301 27.336498 63.947733
973.143325 118.335959 25.662970 64.104782
974.032784 118.625520 25.940252 65.512214
975.364545 119.357140 25.334351 66.499504
976.421528 119.856193 26.335049 67.260895
977.355282 121.398343 26.857134 67.281657
978.533351 122.607760 27.224645 67.955154
979.756977 123.741831 27.690277 68.592118
980.998361 124.460630 28.264773 69.191799
982.197006 126.233722 28.576154 69.320163
983.434586 127.369091 28.633485 69.714650
984.672343 127.970148 28.844042 70.408907
985.836096 129.072547 29.079290 70.412090
987.097569 129.786898 29.289819 70.533909
988.145013 131.044442 29.277508 70.763397
989.425812 131.659173 28.962578 70.211608
990.561552 132.294875 28.037603 69.641526
991.901800 133.369095 27.323776 68.593663
993.030540 134.137852 26.798848 68.142467
993.967008 135.128865 25.930996 66.518233
994.819782 136.339658 25.856701 65.793264
995.850996 137.357885 25.183744 65.772181
996.410173 138.599278 25.410192 66.060347
996.166164 139.707823 26.252251 66.361774
995.650984 141.210883 27.978363 66.989552
995.018007 142.082362 29.528901 68.198691
995.958745 143.703476 29.909495 67.354503
997.276411 144.924444 29.964023 67.644618
998.199189 146.302084 30.240362 67.108629
999.691179 147.456265 29.939913 66.450786
1001.129974 148.588586 29.537989 66.495388
1002.128149 150.681386 29.193075 64.718767
1003.164421 151.787128 28.544045 63.664681
1003.785561 152.322707 28.405909 64.074970
1004.783807 153.616182 26.871643 64.124396
1005.391952 154.186852 27.154659 65.019989
1006.057577 155.413344 27.467653 65.683254
1006.783780 156.508765 28.252231 65.887499
1007.675415 157.648595 28.679320 66.515549
1008.431328 158.443330 29.140179 67.692643
1009.250137 159.728253 29.486333 68.172079
1010.213470 160.910708 29.905202 68.575665
1011.002090 162.115533 30.386976 69.120937
1011.114047 163.303979 30.413629 69.444395
1010.232417 163.981662 30.263574 70.124966
1008.108485 164.232056 30.186264 70.931707
1005.212816 165.100756 29.800346 70.997694
1002.644648 166.153517 29.357661 70.984330
999.552255 166.963251 29.175592 70.451915
996.336619 167.905902 28.634519 69.515387
993.761198 168.384995 27.807564 68.687584
990.917920 169.633008 26.613263 67.419655
988.074342 170.070286 25.375331 66.648259
985.815145 171.092633 25.302040 66.428044
983.587799 171.575712 24.990635 66.705390
981.564168 173.063380 25.300261 66.814655
979.293514 174.121870 26.469821 67.141285
975.664997 175.131820 28.790085 68.230869
973.879517 176.728248 28.985081 67.901854
972.441458 177.940030 29.377975 68.138829
970.338647 179.516791 29.334798 68.111616
968.577294 181.124939 29.022103 67.254168
966.301666 182.610466 29.265807 65.974711
963.995115 183.919272 29.228753 65.589801
962.069985 184.710464 29.079531 64.966252
961.887224 184.934119 28.296949 64.702890
962.255962 185.943706 27.741335 64.109072
962.776483 186.471438 27.036164 65.113784
963.251515 187.238663 26.255941 65.998716
964.008289 188.121866 26.492742 66.732213
964.311025 189.161498 27.289906 67.229825
964.869278 189.965369 27.651777 68.139745
965.436541 191.040011 28.486191 69.006306
966.060143 192.178780 28.902811 69.630321
966.713269 193.300389 29.425941 69.780482
967.324409 194.197332 29.938024 70.721059
967.818045 195.294140 31.230870 71.110687
968.637780 196.207621 31.191681 71.480079
969.224771 196.928739 31.277975 71.178606
970.443035 197.502278 30.572530 71.930819
971.262410 197.740268 29.718341 72.494001
971.795734 198.658264 29.149088 71.402402
972.325936 199.630149 28.962585 70.854755
973.074275 200.208173 27.641099 70.371110
973.697322 201.230258 26.730016 67.882806
974.591818 201.705822 25.441169 67.508271
974.796735 202.330012 25.319531 68.276380
975.457476 203.632757 24.996919 68.763339
975.963353 204.292124 25.027199 69.636979
975.850484 205.355785 25.247618 70.552368
975.280154 206.558716 26.050314 70.540550
975.736781 207.694493 26.720464 71.016959
976.559430 208.632988 26.828977 71.283776
977.595115 209.669008 26.366764 71.755898
978.618843 210.518133 25.821004 71.597964
978.831491 211.223402 26.349936 71.401924
979.523537 212.645425 26.403200 70.535423
979.319528 213.620209 27.447333 69.839818
979.560666 214.203116 27.062989 68.049799
979.601612 214.834064 26.335245 67.801258
979.336100 215.315273 26.866223 67.311776
978.887067 215.737362 27.329030 67.767072
978.652785 216.627627 28.302387 68.508345
977.890337 217.204119 29.460266 68.843378
977.491067 218.115530 29.885561 69.789903
976.543301 218.870727 31.234338 70.227807
975.805673 219.510625 31.895683 71.710302
975.048405 220.550458 32.495264 72.115105
974.623879 221.375883 32.643224 72.648768
973.710114 222.006856 32.937697 73.428942
973.103426 222.902474 32.761544 73.448301
972.398317 223.570715 33.130919 73.084527
971.504401 224.291705 32.461210 72.504831
971.043097 224.550586 31.504596 72.905634
970.380322 224.791643 30.466914 71.750991
969.688847 225.637357 29.883814 69.795868
968.849334 226.307411 29.255700 68.260032
968.789095 227.086589 28.390547 67.945943
968.551085 227.553937 27.629132 67.416428
968.712666 228.473300 27.235314 67.832010
968.889981 229.353812 26.988548 68.446382
968.894257 230.074264 26.584260 69.063390
968.170646 230.767905 27.426348 69.401848
967.711183 231.344377 28.530431 69.974415
967.793916 232.064894 28.630394 70.573068
968.721498 232.768334 27.995622 70.847210
969.751565 233.626987 27.573599 70.369328
969.961494 234.265765 27.960825 69.601924
969.749027 235.061476 28.364478 69.191354
969.922428 235.925609 28.433007 68.390330
969.900023 236.712268 28.559749 66.652377
969.912586 236.970456 28.264455 66.007578
970.026203 237.183177 27.956017 66.018961
970.233290 237.808159 27.539441 66.462578
970.095441 237.979689 28.070551 67.879987
970.391942 238.521915 28.833181 68.740869
970.433464 239.086574 28.873030 69.474023
970.250121 240.042853 29.914368 70.227572
970.536575 240.824392 30.145802 70.832055
970.543349 241.323347 30.770981 71.699668
970.860128 242.598987 30.932521 72.216652
970.801987 243.115149 31.314776 72.831756
971.006344 244.016436 31.416821 73.163179
971.118965 244.456374 31.479713 73.285760
970.921840 245.445372 31.781564 73.207022
971.390941 245.883624 31.076358 73.588139
971.583852 246.918000 30.653177 71.765099
971.723792 247.709092 30.125366 71.292801
972.075875 248.210545 29.424259 70.653178
971.687469 249.223632 29.112591 68.527985
972.113538 250.155339 28.051888 68.129034
972.288477 250.873969 27.553856 67.780631
972.499564 251.884163 26.997582 68.095130
972.397084 253.172837 27.001433 68.793092
971.324681 254.501216 27.639621 69.372352
970.040177 255.574841 28.884097 69.622890
969.752685 257.020846 29.065350 69.552282
969.857230 258.454578 29.136977 69.967027
970.525238 259.611238 28.839740 70.360862
970.800455 261.049248 28.843734 69.882261
970.893509 262.672693 28.779232 69.258820
971.002875 264.009328 28.945187 68.816258
970.897729 265.451600 28.796306 67.298986
970.586779 266.732871 28.770624 66.574156
970.273992 267.953336 28.690212 66.062242
970.065139 269.187283 28.355432 66.612424
969.666338 270.648601 28.373264 67.334490
969.443848 271.922421 29.055236 68.190760
969.615976 273.638052 29.327328 68.584228
969.503728 275.213142 29.711393 69.232069
969.464797 276.786201 30.008773 70.056198
969.304685 278.326027 30.735917 70.760951
969.336272 280.013233 31.063559 71.363440
969.262615 281.998110 31.456805 71.489938
969.254636 283.444231 31.985957 72.702922
968.982690 284.894580 32.206682 72.937737
969.228007 286.432965 31.850107 73.054994
968.921813 288.034121 31.850100 72.851790
968.842141 289.343300 31.268390 73.383839
968.647886 290.903842 30.890749 71.577433
968.688876 292.998113 29.956213 70.868838
968.633919 294.598002 28.720873 69.691664
968.395339 296.227029 28.226653 68.254960
968.261100 297.307329 27.156139 68.059497
968.017292 298.862287 26.985733 67.934349
967.797767 300.465710 26.623579 68.112298
967.259768 301.869173 26.637716 68.814908
965.258501 303.546502 28.193655 69.359257
963.240048 304.902543 30.326444 70.046694
962.525236 306.657858 31.138312 70.759296
962.265960 307.733366 31.173029 71.520973
962.877504 309.041758 30.972562 71.962532
963.251629 310.892370 30.955610 70.687786
963.147731 312.119368 31.377337 70.756517
963.342889 313.720485 31.011928 70.480534
963.336238 315.200495 30.922276 69.947736
963.305596 316.428709 30.350972 67.829541
963.119283 317.576461 29.389896 67.595979
962.816556 318.758293 28.652527 67.652226
962.693383 319.581298 28.148949 68.904801
962.292216 321.123926 28.874443 69.272866
961.818666 322.291381 29.931224 69.954135
961.536703 323.419556 30.766909 70.794977
961.523282 324.731110 31.594565 71.645572
961.101220 326.353399 31.979374 71.800433
961.113992 327.463717 32.435721 72.816419
961.226087 328.576767 32.874525 73.127428
961.123631 329.865091 33.170057 73.434219
961.031580 330.935537 33.226363 73.649968
960.881879 331.801648 33.120642 74.122455
960.958101 332.868582 32.831221 73.615242
961.152089 333.736845 32.120995 74.349042
961.071808 334.504128 31.495876 74.055233
961.279282 335.344987 30.481453 73.047095
961.037477 336.321400 30.260555 72.103564
961.284277 336.911762 28.908417 70.779877
961.072779 337.451479 28.229193 69.557051
961.108410 338.645039 27.584335 68.699580
961.288546 339.253959 26.718293 69.093393
960.859919 340.091294 26.765110 69.861200
960.345795 341.173192 27.052244 70.676194
958.822620 342.132356 28.463206 71.012085
957.748609 343.024498 29.320227 71.805185
957.528889 343.593744 29.597549 72.262190
957.966413 344.609691 29.138013 72.845939
958.899864 345.633995 28.243752 72.453115
958.719315 346.678000 28.615273 71.594515
958.536573 347.534225 29.194198 71.081221
958.391063 348.136403 29.435389 70.475190
958.060349 349.080922 29.702207 69.272675
957.877774 349.815313 29.187724 67.029953
957.687113 350.215695 28.771777 67.841163
957.400590 350.476848 28.934513 68.437843
957.398169 350.623088 29.530050 69.445510
956.877798 351.477076 30.630420 69.440809
956.949094 351.666681 31.127071 70.489597
956.689393 352.684359 32.165030 70.741802
956.521822 353.122600 32.887308 71.509390
956.482031 353.700648 33.525634 71.913819
956.662557 353.875111 33.721037 73.223405
956.591103 354.168843 34.170294 73.521544
956.301892 354.056313 35.104997 74.829837
956.529118 354.061532 34.625414 75.156964
956.697759 353.731782 34.552881 75.345605
956.823576 353.614378 34.292741 75.499274
957.073458 353.383867 33.704993 75.848639
957.019263 353.209160 33.768891 75.381252
957.715762 353.127362 32.254705 74.265468
958.327116 353.011528 31.363941 72.822029
958.654389 353.091027 30.485886 71.660294
959.136061 352.897676 29.954259 70.386145
959.171094 352.605566 28.614780 70.651579
959.288876 352.790621 28.819745 70.721471
959.318794 352.549210 28.356801 71.706865
958.455866 352.508176 28.864994 72.147192
957.382096 352.078567 29.729825 72.856498
957.300352 351.870106 30.137528 73.032466
957.350814 351.443413 30.343795 73.603901
957.872090 351.113843 30.052224 73.955831
958.270561 350.910569 29.998753 72.796073
958.375759 350.286746 29.903860 72.178710
958.541406 350.169431 30.383255 70.465222
958.305595 349.436515 30.445216 70.062890
957.845133 348.486013 31.171693 69.139882
958.073099 347.532543 30.605575 68.367004
958.681208 346.911334 29.896623 68.953701
958.857217 345.763521 29.650571 70.117809
958.964086 344.918161 29.864321 70.922940
958.985567 344.137983 30.302069 72.119215
959.224725 343.163935 31.100891 73.071252
960.108441 342.423612 31.478727 74.109485
961.471805 341.793200 31.340635 74.792286
962.868760 341.285942 31.525713 75.283716
964.375528 339.849142 31.905921 76.789476
966.259070 339.580196 31.923718 77.112279
967.915898 338.830017 31.707027 76.937123
969.110243 337.618313 32.133341 77.892212
970.935136 336.608563 31.788843 78.182254
972.373448 335.133799 31.742835 78.459999
973.411317 334.327468 31.165884 78.260269
973.743585 333.650033 31.347581 76.711992
974.602184 333.191907 31.410921 76.264583
974.400046 333.241299 31.666557 74.693516
975.057795 332.779031 31.369955 73.450978
975.429639 332.563600 31.550909 72.715782
975.696492 331.859603 31.424680 73.011574
975.972813 331.992398 31.333214 73.586773
976.000606 332.039513 31.301606 74.522599
975.120441 331.978876 32.494648 75.159602
973.737225 331.918535 34.022540 75.517447
974.034161 331.637718 33.941658 76.786254
974.542638 332.246324 33.412578 76.391954
974.637879 331.902516 33.330215 76.993393
974.950780 332.081413 32.932460 76.182624
975.510068 332.568492 32.776744 75.130931
975.135847 333.165695 33.175587 74.704247
975.299657 333.227005 33.246508 72.871897
975.326883 333.623706 33.148604 72.203158
975.484170 333.468884 32.691527 72.956911
976.202781 333.297519 31.567984 74.006984
975.927528 333.506686 32.330140 75.719029
976.103834 333.954106 32.701250 75.694356
976.370657 334.521893 32.918595 76.586759
975.962024 334.627636 33.553189 77.928540
976.814324 335.183120 33.191135 78.825456
977.204002 336.156242 32.637779 79.144524
977.373265 336.687710 33.152672 79.768553
978.303946 337.303731 32.341837 80.519821
978.512687 338.124142 32.849036 80.898602
979.165044 338.774128 32.325281 81.388135
980.053688 339.373665 31.899267 81.418211
980.818370 340.086790 31.667396 81.506075
981.621751 340.539373 31.365592 81.598861
982.229079 341.379225 31.423863 79.352899
982.855095 341.873778 31.269789 78.119207
983.251313 342.446566 31.804754 76.565017
983.883589 343.571272 31.607932 75.287381
984.172419 344.701112 32.041134 74.959529
984.640251 344.849366 32.139861 75.289639
985.029677 346.098843 32.086384 75.969582
985.222327 346.680710 31.842308 77.483418
984.391161 348.112204 32.630894 77.609410
983.978682 349.017005 33.618282 78.267702
984.597084 350.180206 33.467613 79.016266
985.533246 351.445662 33.193317 79.254607
986.363472 352.864265 32.350456 79.275642
986.893660 353.600409 32.336394 78.931745
987.463647 354.750584 31.940444 78.174192
987.603616 355.438751 32.193263 77.662952
987.383070 356.766492 33.117525 77.324630
988.130077 357.344371 32.108718 74.953053
988.133078 358.506749 32.951869 73.670987
988.824631 359.252002 32.565724 73.252010
989.163938 360.007106 32.973907 74.450421
989.795392 360.862703 33.085002 75.719477
990.530238 361.722398 33.216133 76.306009
991.302645 362.661139 33.160176 77.254313
991.930179 363.735963 32.922407 78.408775
992.694757 364.432426 33.291074 79.312156
993.431861 365.196060 33.171369 80.741210
994.405861 365.519567 32.906368 81.786010
995.116806 366.752787 33.259383 82.299396
995.982474 367.771991 33.173728 82.651815
996.902308 368.953095 33.157025 82.219313
997.862079 369.896055 33.063012 81.769456
999.156463 370.898301 32.750789 82.007991
1000.520028 371.970954 32.384071 81.041913
1001.215199 372.337130 32.792767 80.390770
1001.941642 373.362244 32.976605 79.008952
1002.814310 374.273270 33.191135 77.180054
1003.876059 375.354570 32.914229 76.181465
1004.786094 375.767471 32.525971 76.339097
1005.704823 377.129592 32.621011 76.004976
1006.594721 377.931920 32.969936 77.661347
1006.737703 379.301332 33.932910 78.397477
1006.747817 380.341053 34.924506 79.359229
1007.296937 381.172680 35.250875 79.831164
1007.744789 382.471979 35.431989 80.153893
1008.881164 383.538010 35.501004 80.655806
1009.454556 384.191992 35.239043 81.833741
1009.607022 385.396327 35.948524 81.534513
1009.683848 386.590359 36.748612 80.735664
1010.062896 387.644149 37.114053 79.981755
1010.462250 388.532009 37.389626 78.248980
1010.753956 389.462339 37.501918 75.682569
1011.166121 390.604643 37.662730 73.404737
1011.591592 390.473116 37.579650 74.613736
1012.108296 391.414492 38.052851 75.469007
1012.940557 392.054205 37.694727 76.262388
1013.673152 392.739366 37.962098 77.693526
1014.987098 393.465490 37.674448 78.579474
1015.990235 394.635880 37.802292 79.640347
1016.989315 395.298664 38.094325 80.704168
1018.144593 396.695936 37.968941 80.948643
1019.528368 397.076349 37.363105 82.100936
1020.602869 397.885611 37.642718 82.997995
1021.976315 398.960445 37.412526 83.366002
1023.161773 399.356353 37.417533 83.443817
1024.175746 400.103291 37.416647 82.449114
1025.474269 400.778199 37.049748 82.491392
1026.698678 401.017084 36.903921 81.436231
1027.371192 402.148583 36.925970 78.807685
1028.454578 402.570501 37.323162 78.106021
1029.111136 403.851452 37.517587 75.825370
1030.149562 404.089149 37.130118 76.227434
1031.130390 404.773850 36.918767 76.863889
1032.072722 406.156735 36.747613 77.891861
1032.899747 406.881955 36.770595 79.186769
1033.689135 407.606546 36.502718 80.055791
1034.264454 408.632302 36.418305 80.816507
1034.675821 409.123552 36.441136 81.353228
1035.414859 410.117257 36.194397 82.051803
1035.620561 411.301504 36.463025 82.129058
1036.058347 411.964554 36.171749 82.334029
1035.951181 412.514842 36.946726 81.595288
1036.443592 413.448251 36.515890 80.550515
1036.444434 414.396324 36.427305 78.747184
1037.372599 414.372254 36.059075 75.617609
1037.747936 414.737770 36.607736 75.069511
1039.142975 414.779289 35.089340 75.905710
1039.650871 415.413695 35.757557 76.982233
1040.776037 415.618802 35.227565 78.403531
1041.888032 416.031616 34.595174 79.280849
1042.511710 416.469618 34.167864 80.410486
1042.980890 417.260670 33.983944 80.908929
1042.605799 418.016861 33.750059 82.098975
1042.430871 418.399098 33.732555 83.210082
1041.592360 419.273194 33.519189 83.969824
1040.557878 419.959525 33.324254 85.087756
1039.458383 421.129851 33.009979 85.907249
1037.643671 421.648509 32.863352 86.128193
1035.553666 422.094032 32.820567 85.492444
1033.574372 422.743958 32.931302 85.006356
1031.394275 422.957978 32.820159 83.931450
1028.907017 422.924179 32.742936 81.610981
1026.849941 423.650347 32.847217 80.433055
1024.349028 423.976801 32.685685 78.641638
1021.564807 424.035200 33.130357 78.740707
1019.777580 425.025479 32.467552 78.037455
1016.446682 425.650068 33.611635 78.707064
1012.824615 425.906487 34.684387 80.007973
1010.080526 426.858975 34.451153 81.408336
1006.273267 427.809107 34.782499 81.951839
1002.548936 429.173694 35.342700 82.068171
999.267375 429.759726 34.761630 83.540148
994.642609 430.889874 35.352157 83.968773
990.591227 431.111473 34.525719 85.469278
986.548400 432.819294 35.420682 84.930578
981.676929 433.564026 35.614749 84.247529
976.465770 433.895215 35.831584 83.852351
972.256417 434.659483 36.255286 82.285435
967.497574 435.112297 36.583987 80.736659
962.947460 436.134385 37.077851 78.167260
959.536177 436.430877 37.044763 79.273793
955.985979 437.402660 37.086232 78.828398
952.987898 438.083580 37.473834 80.076088
951.443068 437.935249 36.796988 80.419664
949.576609 438.747337 38.163735 82.555127
948.122302 439.630958 37.806103 83.343661
947.481451 440.855797 37.506144 83.563941
947.380002 441.685608 37.057341 84.943410
946.996095 442.760497 37.409625 85.798621
946.793624 443.323452 37.803650 86.757669
947.175229 443.804356 36.723955 87.638320
947.266382 444.332664 36.090585 87.624615
947.503011 445.146729 36.387156 86.460846
948.310476 445.171593 35.915800 86.952615
948.559330 446.258809 36.341294 83.491814
949.345893 447.269184 35.810916 80.321085
950.722573 447.657410 34.612393 80.432472
951.862904 448.885829 34.687806 79.108173
953.165019 449.710692 34.802658 77.792923
954.793683 451.036556 34.598771 77.501592
956.600830 452.389908 33.991058 78.384262
958.150437 452.946035 34.485712 79.735834
959.650071 453.679687 33.947660 81.051301
961.228728 453.961921 34.364233 82.685559
962.482952 455.287454 35.142399 83.257036
963.734374 456.000265 35.085693 84.882762
965.126271 457.358335 35.230955 85.704772
966.575225 457.872955 35.086014 86.999585
968.359731 458.377052 35.032497 87.962391
969.897883 459.260776 35.156245 88.871359
971.342563 459.607347 35.207972 89.447102
973.570043 460.945539 34.651329 84.898365
975.135692 461.145516 35.125899 84.180397
977.053489 461.512338 35.907348 83.214724
978.805181 462.414051 36.086285 81.367468
980.754475 463.066315 35.363519 80.479079
982.700662 464.134768 35.377062 80.720999
984.853789 464.630060 34.626403 81.546018
986.972068 465.538741 34.151097 82.482169
988.928780 466.243515 33.780012 83.433135
990.753033 466.843728 33.695024 84.545425
992.283780 468.374762 33.608183 85.084551
994.117991 469.477220 32.607239 85.854747
995.665200 470.528765 33.356143 86.547953
996.937471 471.377618 32.866801 87.355566
998.531452 472.614267 32.753546 87.443610
999.937530 473.701382 32.040138 86.641388
1001.426537 474.863785 31.215695 85.808769
1002.399830 475.464672 30.157487 84.585655
1003.732293 477.093766 30.080330 83.487624
1004.864981 477.776906 29.360412 83.091425
1005.566718 479.367920 29.679585 82.121429
1006.493596 479.148020 28.909356 83.744430
1006.616684 480.616096 28.817184 80.124260
1006.050228 482.097049 28.997007 81.731299
1005.855927 483.608786 29.147490 82.521739
1004.856118 484.976676 30.088820 84.968640
1004.559961 486.502263 28.973952 87.933177
1004.014560 488.369205 30.459903 87.619427
1003.284929 489.056672 29.266200 89.398325
1002.393144 490.863061 29.305655 89.719447
1001.849965 492.258116 29.307562 89.765940
1001.326061 492.764555 28.968409 90.155899
1000.384563 494.296985 29.251718 88.343785
1000.218451 494.730393 28.701186 89.397690
999.202926 495.730388 29.200575 87.556806
998.318195 496.758152 29.079495 86.335647
998.231447 498.035300 28.561701 85.115534
997.503201 498.746583 28.573268 83.731661
996.886711 499.353592 28.619232 83.355331
996.693974 500.496582 29.175481 83.817078
996.195601 501.484484 28.652398 85.579264
995.824483 502.959078 28.884332 86.571657
995.401386 504.748600 28.729320 86.961785
995.195142 506.087008 29.267989 88.196483
995.386013 507.458906 28.798986 89.558917
995.288940 508.707814 28.940524 91.004950
995.720327 511.084991 27.843142 91.802078
996.120772 512.623345 27.618620 91.774305
996.501117 514.461294 27.579873 90.339605
997.361866 516.310150 26.778837 88.299902
997.803871 516.773951 26.916298 87.432982
998.411678 519.037588 26.187798 84.462619
999.039816 519.725271 26.147105 84.179195
999.468428 520.177850 26.338794 83.984605
999.869057 523.463973 26.253214 80.843385
1000.618561 523.323816 26.498755 82.593713
1001.081884 525.027142 26.455262 83.065127
1001.582391 526.793385 27.061865 82.844815
1001.874339 528.290261 27.923123 83.170867
1002.713650 529.858219 28.237778 87.674843
1002.762224 531.617668 28.779389 87.384257
1003.623938 533.276974 28.286264 89.633177
1003.499109 534.652236 29.463324 89.726864
1003.691247 536.625355 29.564448 91.147460
1004.218911 537.776223 30.220899 92.513277
1004.929637 538.815999 29.905908 94.327714
1005.688962 540.056002 29.385170 93.767000
1006.435613 541.351693 29.481399 93.918266
1006.963351 543.374758 29.805132 90.730393
1007.544679 544.587231 29.920210 87.379809
1008.146673 546.188319 29.520225 85.902444
1009.121603 547.277218 29.368601 88.529460
1009.241681 549.162045 29.480525 86.893046
1010.647170 550.769631 29.139358 87.633929
1011.258336 552.522364 29.294893 88.097646
1012.555457 554.052996 28.921421 89.791577
1013.894027 555.685918 28.634215 91.300415
1015.249496 557.421002 27.660881 90.611211
1016.243600 559.131804 27.489435 91.316189
1017.899499 560.540697 27.750208 92.321577
1019.199646 562.454169 26.905600 92.099199
1020.384394 563.328236 27.147965 92.001811
1022.146008 565.633067 26.988588 89.349747
1022.671654 565.883456 28.668146 88.253556
1023.886197 569.176199 27.405482 84.860854
1025.105623 568.693440 27.529587 84.759189
1026.402733 571.187363 26.030563 82.535934
1027.937750 572.514334 25.989348 81.373872
1029.300610 574.826351 26.790191 79.667348
1030.207789 574.412585 27.628736 82.346780
1030.904598 576.611407 26.720398 81.790867
1031.621824 577.942792 28.155816 80.634057
1031.989076 579.431815 27.705924 76.388436
1031.438723 580.795626 28.678426 76.740114
1031.252743 581.912518 29.147106 76.648739
1030.682512 582.758984 30.076401 76.787219
1029.658492 583.102743 30.748014 81.310542
1028.712448 584.439850 31.568878 78.439514
1026.735601 585.781535 33.129714 79.818816
1025.416897 586.168797 32.107671 82.074945
1024.261057 586.365913 31.315267 83.029534
1022.201860 587.871476 31.693881 82.367366
1020.379281 589.135565 31.479215 83.320815
1019.282262 590.093762 31.666109 84.626005
1017.403343 590.690534 31.063219 85.346503
1015.070117 591.163509 31.507273 87.472787
1013.503553 593.005751 32.028779 88.299998
1010.817592 593.994007 30.933560 89.286297
1007.849517 593.866104 33.296577 91.102323
1004.462406 595.797030 30.907719 91.986620
1002.743180 595.949234 32.503865 93.251149
999.086034 597.496406 31.515853 93.100014
996.290740 598.220138 33.895921 95.168997
993.942860 599.739086 32.364011 94.476413
991.741426 600.105939 33.941491 96.024661
989.047927 600.903327 32.396330 95.426782
988.484492 600.835593 31.335776 95.243482
987.368098 601.358900 32.197142 92.026418
986.456963 601.791866 30.306255 90.048674
986.284966 602.556722 30.146746 88.587864
986.355395 602.729637 29.280899 88.243883
986.302693 603.875642 29.150742 87.529207
986.753462 604.765879 28.961748 87.935214
986.495123 606.521133 30.137077 86.510349
986.362776 606.681352 30.789070 88.903643
986.671896 606.987363 31.258450 92.294700
986.385801 607.426525 31.507275 94.631486
985.974242 608.249298 31.674193 95.052283
986.217151 607.967275 30.936152 98.081113
985.906883 609.870204 31.382618 96.427769
985.529240 610.353104 31.889895 97.269421
985.878155 610.989406 32.312743 97.050091
985.561067 611.888664 33.370573 97.510969
985.560353 611.800985 34.337075 98.719013
986.582462 611.745383 33.399286 97.760509
987.576365 612.836348 33.321038 96.328784
988.460523 613.972333 32.471136 91.644435
989.704048 614.232734 31.090266 90.367945
990.542896 615.070194 31.051193 89.771412
991.544662 615.003937 31.123744 91.310136
993.148935 615.316798 30.754114 92.810632
994.502574 616.850572 31.064708 92.329361
996.338653 617.539410 30.833585 93.772769
998.053053 618.674236 30.778947 94.641652
999.532219 619.193433 31.526705 96.205351
1001.170301 621.178529 31.335937 96.401156
1003.192750 621.229928 31.628243 97.305673
1004.993051 621.547778 32.059518 100.660343
1007.330649 620.353064 31.911310 101.922426
1010.153447 622.480796 30.946627 101.171254
1013.097891 622.958167 30.807789 100.449840
1015.380966 624.901669 30.697066 99.053618
1017.741699 626.538278 30.994848 96.546555
1019.582686 626.985187 31.739861 94.400116
1022.384143 627.084876 31.358611 94.206538
1024.762982 627.353862 31.819232 92.218933
1026.585715 628.785618 32.918210 89.861944
1028.882871 628.688276 33.540896 89.835575
1031.356960 629.619348 33.943176 87.707455
1033.783364 630.760818 34.295585 87.195520
1036.167033 630.719468 34.804385 89.810655
1038.080473 631.284190 35.724329 92.595341
1040.381417 632.351484 35.654471 92.315055
1042.173656 632.873337 36.773410 94.102328
1044.992051 632.959539 36.944699 96.188064
1046.679830 633.568346 36.910737 96.358577
1047.919801 634.077050 37.495852 98.310851
1049.478754 634.709791 39.385904 99.174928
1050.784086 634.595288 39.817095 100.581280
1052.737812 634.346418 41.424732 102.017172
1054.482641 634.107033 39.410071 102.188174
1056.487651 633.879349 39.103000 101.973598
1056.973484 633.597639 39.779893 101.432614
1058.332543 634.299120 39.889264 97.578221
1059.494521 634.775386 40.370206 93.761898
1061.199269 635.698016 40.602543 90.099544
1062.719696 635.561979 40.823333 90.572311
1064.388098 634.887417 40.440836 91.545928
1065.538805 634.375548 40.977783 92.572668
1066.302105 634.465712 41.181630 93.102569
1066.583343 633.342831 41.545231 95.160459
1067.129850 633.398915 41.529144 96.020384
1067.398892 631.853385 41.425204 98.701519
1067.683967 632.043705 41.806220 99.505585
1067.611014 631.159550 41.174510 101.235320
1067.782810 630.647445 41.379015 102.448160
1068.026216 630.182932 41.437655 103.587598
1067.818203 629.465233 41.268517 104.641599
1068.358800 628.022647 40.558135 105.796381
1068.720152 627.962323 41.309516 104.465668
1069.031230 626.830593 40.282588 101.357551
1068.861279 626.328259 40.599908 98.806220
1069.445616 626.326304 41.475403 94.343531
1069.134947 626.486426 42.854643 93.023374
1070.156352 625.389708 42.326075 94.046275
1071.370872 625.072340 42.019519 94.983807
1072.608581 625.009176 41.418205 92.189186
1072.906958 624.893149 41.933450 95.497865
1074.383202 624.628391 41.716310 98.408612
1074.801915 623.762293 41.933965 101.095751
1075.780786 623.750130 41.466966 101.727046
1076.339022 624.316387 41.981356 102.257901
1076.880041 624.241643 41.526652 103.636896
1077.120093 623.932341 40.862935 104.789542
1078.217591 623.784086 40.538431 106.049469
1078.488919 623.297464 40.050898 102.321765
1079.074952 623.219340 40.035424 103.252942
1079.346809 623.118631 40.335907 99.678993
1079.491516 623.685475 40.184917 95.158967
1080.126746 622.178909 40.274810 98.443450
1081.261868 623.081110 39.684238 95.883103
1081.620896 622.289511 39.635240 97.752167
1082.005546 622.041039 39.232401 98.592816
1082.699084 621.648335 39.393850 99.936663
1083.071364 621.742789 38.982466 101.483119
1083.540953 621.368307 39.026415 103.814561
1084.311789 622.540506 38.262139 104.326465
1084.838363 622.768762 38.254318 104.375366
1085.293229 623.197537 38.632566 105.934583
1086.453223 622.693346 38.855915 108.085996
1087.184035 623.421762 38.925448 109.074099
1088.023994 623.482149 39.384237 108.159683
1088.460419 623.855315 40.961110 103.737226
1089.127884 624.367551 41.868042 100.720902
1089.632993 624.942232 42.271251 98.661737
1090.950277 624.737718 42.244971 97.911835
1091.748784 625.043698 42.594747 97.866009
1092.683967 625.844851 42.984962 94.198226
1093.080242 626.523831 44.075686 95.603579
1093.769202 626.868946 44.976075 94.753666
1094.326126 627.131980 44.979658 93.625736
1095.447914 628.566987 45.057684 95.338560
1096.264117 629.494368 45.120029 97.353570
1096.740371 629.979090 44.667353 98.681549
1097.636673 630.593498 44.351413 100.719536
1098.172106 630.849384 43.436803 102.218312
1098.295462 631.618938 43.484248 102.699704
1098.970405 631.898865 43.221729 104.253164
1099.366503 632.360630 43.060527 102.959270
1099.677010 632.383726 42.018617 102.797546
1100.660960 632.274442 41.160536 101.224287
1100.846407 632.339656 41.315377 98.891559
1101.256471 632.515822 41.447586 94.730261
1101.901256 633.071442 41.751447 91.504875
1102.934720 633.084166 41.652519 91.967060
1103.706684 633.199641 41.565936 91.894245
1104.512546 633.580633 41.707957 92.398387
1105.961864 634.415419 41.102449 93.209006
1106.406524 635.289044 41.352356 94.763143
1107.770566 636.039203 40.871425 96.410256
1109.451148 636.823667 40.648405 97.619934
1110.290132 637.389433 40.428889 99.161707
1111.709660 637.869295 40.021642 100.724625
1112.693103 638.737735 40.532840 102.336762
1113.633974 639.441428 41.009147 102.043437
1114.346822 639.891534 41.389309 101.497969
1115.546439 640.623910 41.946520 100.521480
1116.147447 640.934855 42.985355 96.862148
1118.129482 641.758747 42.395356 91.815237
1119.260749 642.517263 42.495394 88.626965
1120.511871 642.723378 42.382319 89.078159
1121.265055 643.895034 42.681668 89.421007
1122.638356 644.380223 42.788556 88.863754
1123.597043 644.587064 42.555777 90.074518
1124.400425 645.230676 42.073620 92.056698
1125.345499 645.499544 41.613600 94.049807
1125.694820 645.849799 41.249621 94.840829
1126.428212 647.091183 41.361106 96.118997
1127.085585 647.628907 41.279573 97.859926
1127.336621 647.780826 41.384097 99.441283
1127.755012 647.963712 41.050069 100.092169
1128.521902 647.956543 40.804876 101.588443
1128.503069 647.554705 40.524001 101.912963
1128.697428 647.522832 40.635279 101.034565
1128.904032 647.853301 40.133381 100.313503
1128.983376 647.934532 40.367116 97.121685
1129.182684 647.091541 40.284610 96.270102
1129.457291 646.978365 40.688845 93.691554
1129.079355 647.056128 41.590816 92.270809
1128.796085 646.355598 41.622135 92.692697
1129.007106 646.491429 42.114541 94.973982
1129.172110 647.017655 41.960883 95.814547
1128.912558 646.698931 42.129432 97.347118
1129.490080 647.198168 41.688466 99.344279
1129.372573 647.603814 42.169668 100.201712
1129.553775 646.971222 41.920347 101.949169
1130.282229 647.136934 41.656150 104.026753
1130.114420 647.222450 42.227678 104.638113
1129.919453 647.234214 42.716418 105.599829
1130.742696 647.390430 42.313256 102.672129
1130.361402 647.274421 42.768670 102.758441
1130.385842 647.573896 43.230278 98.712465
1130.670320 648.156916 43.287562 93.663699
1130.847693 648.530873 43.764544 91.121524
1130.329072 647.692640 43.648585 91.011530
1130.173128 647.576156 43.896493 91.985557
1129.682516 647.319959 44.551024 92.871870
1129.152717 647.455277 44.187721 93.328252
1128.962284 648.307240 43.956048 94.055472
1128.276145 648.159544 44.220047 96.073726
1127.257693 647.400799 44.232501 97.677163
1126.752241 647.291533 44.097452 98.180788
1125.482477 646.669476 44.731826 99.853538
1124.479456 645.970078 43.972663 100.977034
1124.015453 645.599803 43.331876 102.080278
1122.123522 644.894874 43.307143 101.652098
1120.847478 644.037832 43.242200 100.845911
1119.561056 643.077045 44.112892 101.465733
1118.320089 642.738619 42.627219 99.666239
1116.963114 641.854627 42.861797 95.539204
1115.588537 640.979638 43.398522 93.696955
1114.258148 640.005133 42.906469 92.316247
1112.738464 638.966473 43.230896 91.906039
1111.486280 638.512404 42.732281 91.821232
1110.479254 637.769225 42.565563 93.121857
1108.981124 637.679748 42.512396 93.642186
1107.293216 636.911190 42.426413 95.190453
1106.167647 636.364611 43.078515 96.261439
1104.161568 635.496450 42.658110 97.963539
1102.989687 634.393644 42.882396 100.049914
1102.571557 633.715273 42.384189 101.531264
1101.121161 632.615764 42.362209 102.894197
1098.873634 631.681323 44.256425 104.049285
1097.919404 630.008703 44.219121 105.320562
1096.892510 629.037268 43.856801 104.980186
1095.444395 628.358359 43.787938 103.333064
1093.686537 627.286618 44.896037 102.305914
1091.932708 626.996335 44.330390 98.333517
1089.742730 625.540526 44.651957 96.195109
1087.875180 624.885309 45.033571 94.536777
1086.206549 623.698014 44.774865 94.056340
1084.968793 622.738907 43.362783 94.506183
1082.779814 622.315875 42.722263 93.682021
1080.175462 621.127396 42.811714 95.735012
1077.179956 619.953951 42.975702 97.834027
1075.444073 619.196607 42.423045 99.742772
1072.704084 618.289069 42.356944 101.601348
1070.013115 617.255878 42.350646 102.746032
1067.663063 616.754235 42.767564 103.955236
1064.481845 616.789432 42.506024 104.786159
1061.428179 615.483912 42.060561 107.351117
1058.969365 614.118651 42.587292 105.475135
1056.461202 613.672206 42.357353 105.508373
1053.155870 613.132832 43.203797 104.008808
1051.179069 612.177888 42.864882 103.199286
1048.263208 611.030225 43.234798 100.689546
1045.591371 610.147642 43.755131 97.685981
1044.119236 609.537525 43.489236 95.246400
1041.691439 608.713317 44.397651 94.997207
1040.300842 608.824244 44.107217 93.742410
1039.138647 608.086417 43.954287 95.057532
1037.765391 607.539617 43.288389 96.139814
1036.316342 607.693082 43.158364 97.114342
1035.518917 607.088433 42.984752 99.565152
1034.580637 606.706476 42.700896 100.934851
1033.624306 606.118575 42.697325 103.052271
1033.935924 606.212917 41.410862 104.238398
1033.508433 606.823886 41.427058 105.297441
1033.217993 607.801178 42.153603 105.032873
1033.545806 607.840787 42.469896 105.565114
1033.609683 608.684983 42.762936 104.165431
1033.668112 609.223888 43.566143 100.357478
1034.384116 609.503000 43.742384 96.836627
1034.242521 610.538014 44.680778 93.711382
1034.608705 611.163463 44.751145 93.605581
1035.212188 611.314296 44.892672 94.011020
1035.346526 612.355056 45.377499 95.798697
1035.435165 613.307501 46.115981 97.498020
1035.482981 614.088235 46.645588 99.728843
1035.475411 614.744845 46.938438 101.609949
1035.180282 616.186206 47.155758 102.565075
1035.340697 617.297261 47.541354 102.899792
1035.607558 618.428882 48.328052 103.817575
1035.142608 618.815558 48.707940 104.983966
1034.879025 619.954012 49.595447 104.404120
1035.073212 620.094024 49.445312 104.863542
1035.073212 621.098091 48.623996 103.305777
1034.949863 621.815578 48.091702 101.552571
1034.994911 622.017346 47.313635 99.717574
1034.456651 622.682525 47.108057 97.928628
1034.529986 622.946168 45.564402 96.513002
1034.656009 621.977058 44.951934 97.121935
1033.883989 622.246673 43.654033 96.786331
1033.192355 622.571739 42.527061 97.691620
1032.947773 624.508877 41.658382 98.412903
1032.192253 625.790625 40.454082 99.434775
1031.295894 627.098568 40.009241 100.180933
1031.154837 629.708462 41.129140 99.628914
1029.662154 630.985375 42.620749 100.851919
1028.523914 632.558130 42.187836 102.063426
1027.618180 634.105786 42.029247 102.111120
1026.515051 635.954932 42.121252 100.232723
1026.095168 637.369781 42.431209 99.474550
1025.580022 639.328211 43.587197 97.736934
1025.457685 640.166884 43.976397 94.813269
1025.852646 641.464122 43.485433 92.183028
1026.238509 642.335399 43.344601 90.904682
1026.748293 642.667501 44.850562 92.404024
1026.336736 644.137942 46.371126 91.779970
1026.667547 645.358325 46.856063 92.358553
1025.736337 646.415480 50.166492 94.155425
1025.424884 647.976060 50.080813 95.146405
1026.235179 648.961343 49.561860 95.890898
1026.101712 650.486757 49.701095 96.949247
1025.460901 651.580936 49.628525 98.282828
1026.153149 652.626552 49.218636 99.058475
1025.438356 653.126403 49.525926 100.400874
1025.497776 653.558377 48.790342 101.094542
1025.609601 654.002245 48.387755 102.221335
1025.496454 654.065712 47.446876 102.063786
1025.107415 655.011542 46.782767 101.121167
1024.868207 655.461791 46.051901 100.725701
1024.895204 655.801033 44.687394 99.152221
1024.561104 656.367551 43.955180 98.175257
1024.681123 657.976347 42.498441 95.955306
1024.716939 657.698950 40.549535 94.629978
1024.248645 658.777858 40.770412 95.133831
1025.289109 660.362562 38.956580 94.827224
1025.612297 661.326851 38.439385 95.957038
1025.764466 662.983282 40.728775 96.021816
1026.157844 664.339083 45.097320 97.104525
1025.509585 665.686653 47.491441 98.249863
1024.865860 666.943647 48.080521 99.803572
1025.234302 668.058136 48.135276 100.790320
1024.716750 668.440368 48.005692 102.178339
1024.940439 670.476425 46.524627 100.268466
1025.473766 671.283720 45.846444 99.932200
1026.060243 673.765248 45.549031 98.010401
1027.452069 675.241102 45.245149 96.617956
1029.846408 676.611258 44.669038 94.097163
1032.495164 676.811394 43.883786 91.492059
1033.802395 679.486467 44.775735 90.124093
1034.565580 679.334288 45.376007 91.768269
1035.124865 679.674412 46.511793 92.501905
1034.819190 681.498384 48.409097 92.729566
1035.485610 682.302005 49.610268 95.296557
1035.874431 682.735591 49.217774 96.499964
1034.980999 683.539905 50.403536 98.421275
1034.476532 684.796471 51.489739 99.031381
1034.537148 684.320089 51.280376 101.756523
1033.636957 685.196200 51.136962 102.333768
1033.871377 685.565002 50.543242 102.960557
1034.738847 684.458520 48.671795 104.158181
1034.816792 685.021358 47.040863 104.029888
1034.789232 685.606120 46.162905 102.619418
1035.339099 685.479635 44.788579 100.403413
1034.422640 685.941371 44.760347 99.039142
1034.146120 685.503008 43.633362 100.579106
1034.417011 686.012242 42.725172 98.530441
1034.981201 686.812410 41.617428 96.144993
1035.113661 687.465205 40.523883 95.836043
1035.942508 687.549167 40.203593 95.605037
1036.181461 688.389443 39.283827 96.823191
1036.778775 688.697959 41.775719 98.019190
1037.988548 689.594550 43.538832 99.039690
1038.052419 690.023679 43.769946 100.870263
1037.841576 690.604170 42.660372 101.776042
1038.214386 691.018199 43.052751 103.163945
1037.313073 692.412817 42.609387 103.148362
1038.064505 692.642821 42.172682 102.433500
1037.924013 693.589130 43.180173 99.850870
1037.930770 694.564313 44.037997 97.860663
1037.805590 695.452883 44.802371 95.129222
1039.084467 696.416968 44.590825 93.595646
1039.873257 696.861440 45.379440 94.043508
1039.694270 697.088556 46.701886 93.826081
1040.444104 697.263961 48.292771 94.332709
1040.458028 698.445946 48.759473 94.322427
1039.619409 698.904306 50.068700 95.739619
1039.664548 699.414252 50.719394 97.039671
1039.618055 699.490476 50.933301 98.400614
1039.566077 699.682025 50.977153 99.701311
1040.078210 700.217187 51.052290 100.612092
1039.333860 700.423914 50.815212 102.031041
1039.216492 700.479639 50.025153 103.246490
1039.652811 700.287614 49.240333 104.181736
1039.483367 699.749836 48.521338 104.000599
1039.259699 699.094284 47.534626 105.005281
1039.321999 699.093495 47.010155 103.288147
1038.692957 698.848095 46.440094 102.850321
1038.208844 698.514967 45.667437 99.912060
1038.587638 698.130275 44.561042 98.156089
1037.874800 698.304437 43.861562 95.900442
1037.326069 698.251637 43.118120 94.696859
1038.157648 697.899715 41.921849 94.367225
1037.451879 698.392586 41.733937 95.039192
1038.056807 697.973697 40.230214 96.284591
1038.964493 698.061546 39.553370 97.032444
1039.587944 697.686173 40.366491 98.445090
1039.618486 697.343835 41.699206 99.333446
1040.583972 697.435485 41.370228 99.868068
1040.246673 697.059541 41.214495 101.439106
1040.351522 697.304864 40.982618 101.681995
1041.134172 696.941908 41.943877 102.442940
1041.859129 696.504087 41.600721 101.529473
1041.473189 696.107043 43.209493 101.264756
1042.946933 696.191266 43.334678 96.702293
1043.645633 695.597300 44.572181 93.060316
1045.127003 695.118967 44.539993 93.596966
1046.940229 695.127376 44.996801 92.019852
1047.240783 694.912012 46.396930 93.558686
1047.764276 694.219016 47.473420 92.857026
1049.400252 694.133803 48.883366 93.897696
1049.658024 693.516572 48.552809 95.281031
1050.118827 692.987334 49.107150 98.552011
1051.299227 693.049710 49.348853 98.204266
1051.746632 692.606559 49.252349 99.977906
1051.765696 692.379195 49.551173 101.780421
1053.015819 691.971313 49.344864 102.355867
1053.145460 691.900517 49.590751 102.238218
1053.682696 690.801969 49.462014 103.287682
1054.918514 690.345549 47.931540 103.127451
1055.536068 689.029557 47.738894 102.370691
1055.463241 687.704604 47.139501 101.875683
1055.676987 686.479189 46.456220 99.864600
1056.313041 683.312285 45.867888 101.701559
1056.747399 682.543647 45.300599 100.256768
1056.613771 680.788407 45.325975 100.798082
1057.242066 682.153229 44.912746 95.898947
1057.720945 681.679072 43.936668 95.362523
1057.928722 682.052793 43.205469 94.815205
1058.856070 680.765753 42.255561 97.522630
1059.239515 680.697996 41.119890 98.300029
1059.845397 680.598533 41.759292 99.036493
1060.178852 680.702483 42.528563 99.378991
1060.879972 678.237730 41.782270 102.333141
1061.068018 678.848371 42.444648 102.266123
1059.605057 679.311328 45.708930 102.155752
1061.059303 679.182058 43.572425 101.263712
1060.912157 677.683122 43.972526 99.981366
1062.498084 676.534248 43.262404 98.796928
1063.393684 675.254189 44.043777 97.594277
1064.097618 674.416871 44.047243 95.086396
1064.937510 673.880440 44.667788 96.149197
1064.257689 673.143279 46.321693 94.754314
1064.738545 672.762957 46.093429 93.702816
1065.416549 671.824219 46.190509 94.087186
1064.243496 671.251821 47.823706 93.592642
1064.874881 670.240220 47.654918 95.732021
1065.404537 669.328968 47.407483 97.542155
1064.678022 667.343532 47.913510 100.623220
1063.990866 667.748581 48.152018 101.018375
1064.580835 666.124569 46.969882 103.456813
1063.830937 665.450863 45.918662 103.637715
1062.816794 664.115579 45.036007 105.042226
1062.289208 662.297625 44.671384 107.586821
1061.453476 660.966911 44.020593 109.754333
1059.668164 659.961982 44.401544 109.460752
1059.622501 657.649642 44.023264 111.514171
1057.381880 655.512032 43.905542 113.012873
1056.579884 654.697984 43.334639 112.052981
1054.786127 653.475691 44.736626 111.232030
1054.153575 651.829738 43.892682 110.715413
1053.106711 651.012483 43.383760 105.945702
1052.463189 649.681202 44.112870 105.006112
1051.593092 648.642784 43.677130 101.240682
1050.605070 647.469111 43.105677 100.554658
1050.037874 646.112360 43.131642 97.460155
1049.076663 644.186681 42.725301 98.507292
1048.196762 642.646168 42.069644 99.300161
1048.194947 641.194470 41.309909 101.246106
1047.149362 640.090675 40.501947 102.845835
1045.952324 637.750215 40.285798 105.266898
1045.756316 636.907812 39.731239 106.020746
1044.979293 635.292746 38.832917 108.048630
1044.562701 633.731324 37.980018 109.613513
1044.756009 632.267704 37.297772 110.567328
1043.937904 630.574731 37.543459 110.797978
1043.089702 629.311261 36.891246 110.259415
1042.520592 627.766396 37.416913 109.474787
1041.150674 626.462751 37.360958 105.186947
1040.525903 624.870131 37.482932 103.062829
1039.454340 623.360234 38.552436 100.002106
1038.293749 622.695925 38.913688 96.754263
1036.900153 620.552920 40.001863 97.439562
1036.103226 619.158714 40.513524 97.399092
1034.520175 617.932674 40.500739 96.494380
1033.345777 616.669645 40.635545 98.562327
1032.680967 615.777300 40.873407 100.218613
1031.469423 614.773904 41.265919 102.771061
1030.346272 613.791683 40.801201 104.708161
1029.980779 612.738499 39.705914 105.935897
1030.354311 611.442779 39.531194 106.475723
1029.385815 610.538431 39.377390 108.500578
1029.123629 608.389180 39.984576 108.828842
1028.364045 607.990347 41.246048 108.358361
1027.215544 606.283133 42.218498 106.404189
1026.218204 604.952878 43.331778 104.785019
1025.744799 603.543033 43.822466 104.925464
1024.054403 601.896035 45.085679 102.313180
1022.948283 601.171973 45.806658 99.059922
1022.205653 599.599828 46.216109 99.745314
1021.395045 599.084024 46.291943 98.597126
1020.401966 598.200654 47.048462 100.504536
1020.186107 597.625023 47.369769 101.458174
1019.815798 596.869607 46.468106 104.178286
1019.013664 596.380344 46.656181 104.737973
1019.130359 595.847330 46.969719 105.522401
1018.797061 595.075055 47.515793 107.810864
1018.330747 594.152046 48.214674 109.935927
1019.086451 593.877687 48.030595 107.933668
1018.640701 593.388201 48.498700 105.266341
1018.355438 592.933275 48.654239 105.310004
1019.167866 593.039576 48.177962 100.499047
1018.877612 591.940460 48.841407 96.372177
1019.319232 591.687060 48.024413 94.037750
1019.394316 590.999922 47.452120 92.821356
1019.973339 590.202134 46.914233 93.133946
1020.230912 589.153357 46.293373 94.207991
1020.758359 589.842818 45.986954 94.906028
1021.306873 589.651569 45.523976 95.802243
1021.763565 589.339512 45.122185 96.965977
1022.388210 589.469831 45.161316 98.004527
1022.624342 589.558130 44.868627 98.938873
1022.492990 589.684835 44.611162 99.946824
1023.553282 589.432535 43.455438 101.619682
1023.975415 589.273897 41.453690 102.880094
1023.433547 589.539482 41.854623 103.114457
1023.965204 589.039527 41.889707 103.878990
1024.186503 588.645392 41.631916 104.273125
1023.883429 588.396154 41.837878 104.343092
1024.720161 587.493592 41.625702 104.212133
1025.392334 587.539125 41.494832 102.423066
1025.483762 587.604232 41.276296 98.994357
1026.652416 587.277299 40.725421 98.679017
1026.541009 587.361085 41.001044 97.606904
1026.890006 587.881158 40.726359 94.611862
1027.346707 587.934146 40.991221 93.972330
1027.202668 587.772248 41.672793 94.868283
1027.459684 587.976544 41.009565 96.309990
1028.333791 588.661414 42.277326 96.882937
1027.295176 589.495118 47.343403 97.999650
1026.874435 590.272382 49.394716 99.303740
1026.416483 591.208378 50.242582 100.347386
1025.475898 592.032445 49.985343 100.621001
1024.810062 592.615066 49.942090 100.202720
1026.022018 593.937929 48.500296 97.040064
1026.008902 594.047298 47.993995 95.491736
1027.371980 594.156660 46.230588 92.823747
1029.500067 594.625654 44.634245 91.497073
1031.278609 594.620150 43.168592 92.658584
1032.748467 594.349622 41.904215 95.185243
1034.778391 594.746633 40.510080 95.312651
1034.792359 595.203830 39.828639 96.254269
1034.704506 596.005323 39.622380 96.950280
1035.288529 596.461646 39.959559 98.384697
1035.016808 597.123191 39.446123 100.127186
1035.129476 598.437788 39.094817 100.539694
1034.659578 598.596031 39.564715 102.283763
1035.230916 599.429111 38.973989 103.347772
1035.575706 600.079574 38.224124 105.870219
1035.369520 600.359544 38.533591 106.329390
1035.926533 600.713044 38.555620 105.327026
1036.071103 601.182440 38.184491 104.883442
1035.504000 601.906489 38.768597 103.219969
1035.391124 602.619267 38.575892 102.329998
1034.382072 603.192748 39.289870 99.022201
1033.627705 603.543125 39.785998 98.000162
1034.546419 604.285964 38.612801 97.588570
1033.429474 605.006566 39.771683 97.335164
1033.329305 605.917422 39.986281 96.639604
1033.670732 606.898328 39.970363 97.982582
1034.107367 608.401719 40.190045 98.883884
1034.544600 609.937366 42.239000 99.841165
1035.099486 611.436496 43.728660 101.318046
1035.869947 613.053072 44.335048 101.906534
1036.677051 614.376097 43.026997 103.092727
1037.810436 615.655412 41.786082 103.861442
1039.004225 616.877902 41.503187 104.099421
1040.002373 618.343505 41.937435 101.593254
1041.664476 619.723730 42.157795 100.571482
1043.893438 620.967421 41.958574 95.837315
1046.784134 621.674704 41.320781 93.709302
1049.295353 622.910155 41.370800 91.895732
1051.512950 623.084168 41.126745 94.535145
1053.934663 623.978357 40.983403 94.679199
1055.820136 625.234736 41.366180 94.688208
1057.704362 625.849828 41.643889 97.041273
1059.696861 627.514968 41.608426 98.315211
1061.845651 628.428535 41.734187 99.524308
1063.700816 630.174110 41.585444 100.819410
1065.463631 631.932516 41.614420 101.744567
1067.635598 633.520307 41.574770 102.938609
1068.961706 633.996972 42.488740 105.316803
1069.955031 635.484731 42.255048 105.120700
1071.123628 635.898668 42.385762 106.664676
1071.343476 637.047463 42.546299 107.130449
1070.805395 638.269402 42.886404 105.473432
1071.449247 639.437320 41.636099 102.986094
1071.098949 640.920576 41.884086 100.524959
1070.991879 642.470644 43.127388 98.720454
1071.291646 643.674473 42.558010 98.811204
1070.797488 645.475675 42.168222 97.088805
1069.980167 646.364468 42.427900 96.229264
1069.925013 647.645138 41.757860 97.449986
1069.054306 648.364469 41.057155 99.221860
1067.439874 648.989401 41.413612 100.558794
1066.995216 649.485615 44.333608 101.509977
1064.321263 649.458945 47.177930 103.564433
1062.242396 650.731331 47.790288 103.396710
1059.808146 651.027694 47.311765 104.307659
1057.405770 651.151136 47.416859 102.893566
1055.335313 650.637976 47.088882 102.700435
1054.828432 651.016522 46.291504 99.644064
1053.613713 650.586217 46.103347 97.288944
1052.871371 649.881379 44.790027 96.653206
1051.865305 648.701990 44.344758 97.826443
1050.674225 647.532322 43.063836 99.400619
1049.446608 646.323877 41.773112 99.609072
1048.356309 645.229367 41.141843 100.166818
1045.675006 643.916997 41.353583 101.993336
1043.011865 644.002054 40.799096 102.618857
1040.724040 643.472284 40.753313 103.444757
1037.665236 643.065068 40.652798 104.179130
1034.423926 642.532981 41.222900 106.117805
1032.435270 642.152049 40.064925 106.625763
1030.177064 641.130241 40.248602 108.844710
1028.424310 640.877896 39.380309 108.325302
1026.255589 639.347435 39.041968 110.852004
1024.308276 638.017443 39.366591 113.423386
1021.849800 637.454508 39.784988 107.739979
1019.875166 637.003857 39.453275 105.682634
1017.965636 635.667077 40.291335 104.391564
1016.540166 634.374235 40.243812 101.356193
1015.621145 634.124590 39.781654 99.107420
1014.910892 633.354699 39.880486 96.438790
1014.429505 632.753230 39.811899 95.698058
1014.655386 632.077087 39.655278 94.602958
1015.192653 631.080212 39.643334 96.335510
1015.181448 630.440904 41.983137 97.796129
1015.555773 629.544759 44.756506 99.049382
1015.459670 629.105790 46.334200 100.111334
1015.318137 628.549831 47.362104 102.090543
1015.342712 628.124446 46.361126 102.084583
1015.597546 626.974858 45.865442 102.325833
1015.322560 626.895605 44.572787 101.637666
1016.079922 625.788891 44.714225 100.109924
1016.982804 624.783749 45.083842 97.463736
1018.732648 623.648478 43.896526 94.745333
1020.185445 622.339502 42.632954 92.743333
1021.878843 620.966920 41.508768 93.926448
1022.366632 620.020160 41.550313 94.586155
1022.857781 619.258747 41.430320 93.072527
1023.708426 618.251748 40.844905 95.083239
1023.748494 617.436216 40.720742 96.141343
1024.391596 616.518244 40.483744 97.151646
1024.902878 615.601834 40.190073 98.808497
1025.126321 615.094480 40.230847 99.442905
1025.278082 614.097083 39.598935 101.573808
1026.145073 613.065304 39.095307 102.695845
1026.405942 612.201850 38.648868 104.445385
1026.305588 611.067180 38.981482 105.245693
1026.553458 609.766049 39.380051 105.301761
1027.067265 609.019611 39.036807 104.426956
1027.338548 608.832740 39.016543 103.276966
1027.575763 607.877588 39.285376 99.305941
1027.016829 606.229375 39.396883 99.292113
1026.592901 605.638894 38.949832 99.152548
1026.597707 604.551742 39.013427 98.858353
1026.135652 604.229004 39.221283 97.553450
1026.045436 603.868729 39.147722 95.772184
1026.208676 603.515395 38.793414 95.394311
1025.717383 603.367025 39.085858 96.820144
1025.816015 602.939083 39.528621 98.435542
1026.205676 603.822132 41.935865 98.083883
1024.978956 603.515807 43.235101 99.794234
1024.301899 603.395782 44.612392 100.230453
1023.243564 603.659768 45.930167 101.267027
1021.849744 603.761875 46.439420 101.347014
1021.475018 604.469385 45.745389 100.905604
1021.160817 605.384957 46.048330 99.182319
1021.107065 605.000224 46.034455 98.872304
1021.578273 605.922305 44.490152 95.940040
1023.229809 605.658026 42.806021 94.530619
1024.201500 604.808492 41.716822 96.625960
1023.973838 604.566464 41.236881 98.329198
1024.947978 605.462803 39.677987 97.220924
1024.585785 605.521468 39.755925 96.670047
1024.041071 605.962832 39.322772 98.337066
1023.652655 607.267688 39.734592 97.710775
1023.418466 607.785672 38.986812 98.330278
1023.012848 608.565589 38.968445 99.593724
1022.518311 609.713305 38.670871 100.399665
1022.436683 611.170957 38.674802 101.092841
1021.525245 612.763115 39.127297 101.950286
1021.214503 614.413730 39.006068 102.570883
1020.962568 616.287409 39.435636 101.933430
1021.278741 617.558709 38.959350 100.773067
1021.975843 619.081822 38.549221 101.722959
1023.295692 621.133099 37.902355 99.242848
1023.324699 623.398612 38.390994 97.442703
1023.704347 624.943892 38.344497 96.648943
1023.616466 627.066306 38.665286 95.164205
1024.238360 628.369199 38.288771 96.257712
1024.249438 630.364153 38.606470 96.361570
1024.648740 632.745342 38.158573 96.395946
1025.239905 635.120212 37.909117 96.855013
1025.482618 638.284097 38.247628 97.263449
1025.630636 640.862166 40.504956 98.332949
1025.618499 643.495210 43.248663 98.746649
1024.953621 645.426243 47.700532 99.905239
1024.295411 647.716306 48.900025 101.656414
1023.517121 650.905554 49.176635 101.674271
1022.991935 653.838843 48.016689 100.552681
1022.879732 656.371265 48.548071 99.300234
1023.580763 659.240520 47.788768 97.969258
1025.110771 661.234819 45.490791 97.866250
1027.472489 663.578795 42.953273 97.253429
1028.801931 666.051511 42.006711 96.440791
1031.602742 668.130671 39.680346 97.228217
1033.117816 670.009366 39.181345 98.342167
1033.546383 673.258575 38.779917 99.270749
1033.577450 675.226631 39.432191 99.341482
1034.128410 677.079487 39.403427 100.543316
1034.656793 680.000565 38.918647 100.023274
1034.781093 682.583412 39.104314 101.504802
1035.308497 684.458592 39.157879 102.857433
1035.221066 686.932023 39.958441 103.833012
1035.210127 689.503200 39.871205 104.264460
1035.352545 691.273902 40.106316 105.493755
1036.002369 692.970255 39.494434 105.437338
1036.385417 695.018193 39.096735 105.713237
1037.507200 696.065036 38.494906 105.450346
1038.199997 698.594453 37.722771 104.307685
1038.341820 700.520151 38.098920 102.855830
1039.202685 702.098990 37.275618 100.797308
1039.404026 703.227142 37.833962 98.595201
1038.916124 705.009170 38.467200 97.480509
1039.582589 705.573492 38.229470 97.460878
1039.934657 706.276270 38.658518 96.171483
1039.948982 707.769204 39.215492 96.431624
1040.869788 709.480420 42.310984 96.004301
1040.740474 709.421482 46.047336 98.154946
1040.013063 710.514520 49.465255 99.944966
1039.539205 711.682057 53.300073 100.653442
1038.569049 712.369611 53.521878 102.297828
1037.245968 713.856671 53.013700 102.026719
1036.456708 714.764608 52.822332 102.022146
1034.923588 714.767036 54.398869 102.244192
1033.967724 715.307458 53.149508 101.658488
1034.433388 716.188331 50.724245 100.718093
1034.466861 716.236792 48.402771 101.159218
1034.755409 717.231324 45.934093 97.312834
1035.995485 717.926586 43.985635 93.898886
1037.075453 717.707199 41.585734 95.241668
1037.684365 717.780317 40.475046 94.843886
1038.376288 717.619340 39.068914 95.658030
1038.065037 718.294827 37.927752 94.777959
1037.576302 718.357431 37.665675 96.215339
1036.534250 718.742424 37.763112 96.963558
1036.668314 719.210147 37.371742 97.558936
1035.900000 719.090732 37.934505 99.252500
1035.383241 719.669643 39.019960 101.003885
1034.727177 719.181924 41.974372 101.860134
1033.779463 719.952087 42.684399 101.689037
1032.914051 719.719307 43.070270 102.353830
1032.833873 719.269387 43.081806 102.806370
1032.060209 718.966824 43.012475 103.138302
1032.875213 717.309965 41.626901 104.759718
1035.035981 717.356709 39.598568 103.557896
1036.254433 714.967531 38.913677 105.030413
1036.763136 715.329843 38.238655 105.672709
1037.867387 714.544243 37.892702 103.587598
