1241.000000 982.000000 90.000000 97.000000
1242.868395 972.947872 86.026109 107.052128
1242.139964 968.932676 85.942232 110.698926
1240.741172 963.186305 85.272780 116.813695
1240.231945 956.618106 84.462371 121.364588
1239.157151 953.177656 85.397309 123.732695
1237.161462 947.178256 85.837568 128.955281
1235.923171 941.925200 84.761887 132.380166
1235.178453 936.880986 83.536941 133.280723
1234.639998 930.861405 82.192252 133.727039
1233.977191 923.687292 85.347233 151.723847
1232.041791 922.635677 88.321345 154.914863
1230.871622 918.109997 86.656502 158.684253
1230.297461 912.512217 85.967638 162.600848
1228.967226 907.852132 85.926864 163.625488
1226.754773 903.652842 87.848595 161.361156
1226.014951 899.309302 87.488717 163.057867
1224.971704 894.880386 87.488978 163.077841
1223.660698 889.491245 87.850409 163.017373
1222.712692 885.197574 87.397191 162.646272
1222.149498 880.651579 86.740725 160.460790
1220.911026 875.974042 87.152645 160.086237
1219.215766 871.473060 87.780296 159.685774
1218.684721 867.194242 86.925416 161.103200
1217.864883 862.759484 86.867402 159.568740
1216.032941 857.883919 88.023827 159.985534
1214.936519 855.116522 87.100585 158.015336
1214.836069 850.036732 86.142190 159.015104
1214.043568 846.458044 86.171832 158.367433
1213.684043 842.651226 85.453912 157.307113
1211.926286 838.279010 86.506160 157.391262
1211.576746 834.123300 85.367584 157.732973
1210.905187 829.425371 84.965607 158.183468
1209.301394 826.368715 84.936275 156.925914
1208.720896 822.028693 84.835387 157.702178
1207.782553 819.849563 85.162247 156.918128
1206.932672 816.517087 86.379808 156.265931
1206.588039 812.935087 85.112882 156.788545
1206.182212 808.334102 84.565377 158.544846
1205.443784 804.719550 84.644882 157.304241
1206.903049 802.017069 81.689562 157.732485
1205.515911 797.170161 82.203706 157.846769
1203.480587 792.919590 83.853612 159.205926
1203.535410 788.811103 83.504476 159.111776
1202.293561 786.116623 83.930121 157.577438
1200.161009 781.997486 85.131306 158.759882
1201.343326 778.699595 83.262072 158.763572
1200.032603 775.710713 83.796651 156.391744
1199.189377 771.646855 86.075281 157.263281
1198.905144 767.354767 84.769288 157.753901
1198.443824 763.407532 85.186969 159.200427
1198.278854 759.111378 84.567125 158.641148
1197.452812 756.200362 85.172719 157.770470
1196.754703 752.463429 84.627759 157.575794
1196.132332 749.084667 84.128064 157.866873
1196.611219 745.009243 82.218020 158.007341
1195.387699 742.538335 82.822723 156.713937
1194.957279 737.676047 82.281484 157.339897
1195.316598 734.760383 81.053467 156.336292
1194.261734 731.612264 81.446082 156.907020
1194.103305 729.050676 81.954261 155.432680
1193.310300 725.107724 81.815352 156.345342
1194.341320 720.818635 80.716197 156.099044
1193.573724 717.228150 80.734819 156.917146
1192.310319 714.387295 81.628788 155.510307
1191.987222 711.002444 81.610561 157.161181
1191.901703 707.877809 81.693690 156.688955
1190.595333 705.050653 82.793791 155.858776
1191.199377 700.931390 81.189763 156.978019
1191.391155 697.660056 80.530483 156.450078
1190.861042 693.599971 80.217035 157.136448
1190.752132 690.946842 79.726306 156.358419
1189.746781 688.344221 80.811603 156.141166
1190.507997 685.339696 79.107816 154.822568
1189.885112 682.259109 79.093616 154.013465
1189.360236 679.260115 78.734564 154.054786
1189.202571 675.497789 79.171165 154.319591
1189.618027 672.405436 78.646998 154.352913
1188.962456 668.938404 79.670670 155.830106
1187.517373 666.299058 79.957470 153.269737
1187.658993 662.929711 79.420290 153.765061
1187.244295 660.370849 79.066523 152.971944
1186.946531 656.685382 78.743761 152.105304
1186.330752 653.143027 79.377148 151.467624
1186.212712 650.054357 79.310890 151.957884
1185.649330 646.690001 79.506153 152.974673
1185.265957 644.223117 79.643829 150.127655
1183.877917 640.269255 81.365814 151.719268
1183.887356 637.076998 81.245680 151.356871
1184.360241 634.497891 79.595571 151.137427
1183.764363 632.160082 80.405915 150.598605
1184.119166 629.015310 79.590433 151.189549
1184.540601 626.262888 79.147607 150.441966
1184.223676 623.173331 78.772200 151.663707
1183.798859 621.693325 79.841868 149.655589
1183.785048 620.346350 81.286168 148.250597
1184.056820 617.294232 82.337579 149.234222
1185.720209 615.677010 83.002290 147.996671
1188.232569 613.717555 82.426701 147.714867
1191.546075 611.575672 83.048598 146.704567
1196.204077 607.519762 82.469558 147.491013
1199.800873 605.771518 82.155465 146.934535
1202.750243 603.995826 82.554531 146.739131
1206.472928 601.607038 82.051560 146.695601
1207.707552 603.162398 84.748866 143.299918
1210.058929 599.344089 83.653176 144.459175
1214.007676 596.813337 82.542582 145.315734
1216.826725 600.293047 85.246917 139.191363
1220.862354 600.644128 84.916496 136.276918
1225.423441 590.101325 84.191160 144.918738
1229.004151 588.049838 83.245617 146.273373
1232.578551 585.346347 82.220188 144.943217
1237.596199 585.759415 81.313332 144.027576
1243.030373 591.198204 85.287276 137.007610
1253.318894 592.090500 77.259170 134.747450
1264.126844 581.128002 75.793337 143.150684
1274.038199 575.003634 74.260291 145.034456
1276.578558 573.404484 71.700360 146.040384
1275.804298 571.551833 70.000425 147.377477
1276.075096 569.708860 73.274729 147.084210
1275.002935 571.386704 73.534081 141.318604
1275.436605 570.999478 72.147261 140.550995
1275.156556 577.905095 72.321104 132.855010
1275.939230 583.322846 72.781523 124.460568
1274.205755 575.739915 72.405162 130.865460
1273.859220 580.742498 71.281290 123.124578
1271.730116 574.269872 71.113197 128.062974
1273.851415 566.098444 77.035440 135.973955
1273.740656 559.842511 72.831482 139.806925
1274.855742 552.350576 73.242566 145.439616
1274.568810 550.978711 70.930327 144.079758
1272.469819 552.629507 72.678793 141.170684
1271.467178 544.373674 71.355451 147.157412
1273.527359 543.085581 68.856218 149.142879
1276.627608 540.464196 67.393635 146.801104
1272.696906 541.670256 73.974639 143.535195
1271.934785 538.603275 74.153724 142.899722
1274.272644 537.796325 70.629410 143.796068
1273.672175 534.567455 70.866038 142.277572
1275.169927 534.737246 68.743031 122.769654
1274.582556 535.180309 69.730978 121.307665
1273.813729 532.621586 71.703302 127.994158
1273.582461 530.798580 71.881276 129.693052
1273.515201 529.548117 71.919526 129.674694
1272.377390 528.502888 73.975778 134.038975
1272.082801 526.207737 75.634049 140.647423
1270.968193 525.151050 77.293867 141.714419
1270.756987 522.930633 77.586973 143.315820
1271.877074 521.888645 75.796150 144.190907
1272.018216 520.874444 75.099237 144.152486
1270.772951 519.275930 76.979286 145.169629
1270.430844 517.726154 77.166773 144.879715
1271.031844 516.689609 76.175581 144.640219
1271.202794 514.856036 75.877185 145.006703
1270.486278 513.934924 76.548958 145.538129
1269.314633 513.536859 78.554676 144.537658
1269.608716 512.559320 78.072006 144.230486
1269.009245 511.424655 78.447554 144.377203
1269.815531 510.366890 77.708321 143.699748
1269.092788 509.491192 78.188898 144.324342
1268.629844 507.669120 78.736075 144.061430
1268.325955 506.724636 78.627316 144.481616
1268.467684 505.559308 78.576670 145.308051
1268.182297 504.280548 78.551193 144.759399
1267.641934 505.227050 78.807496 142.692702
1267.669971 505.250421 78.931427 140.734398
1265.759117 501.860714 80.803938 143.054450
1266.043411 498.795333 80.434067 144.625451
1266.282586 499.575303 79.132919 143.176007
1265.939129 498.982328 80.516554 141.850093
1266.256152 498.117575 78.002662 143.751709
1265.377896 499.398924 78.362823 142.011511
1265.082715 488.779350 78.476399 151.584369
1263.660717 483.991915 79.954297 154.122504
1263.360652 481.082646 80.451773 155.756543
1263.620883 482.546074 77.500327 153.013247
1263.610941 480.717942 79.909714 152.754873
1263.998067 487.135642 71.061844 143.399756
1264.780575 486.133504 72.804215 140.737318
1263.516140 483.602324 73.729508 143.354540
1261.022087 481.698136 73.777951 140.568843
1261.936788 480.271125 73.009047 142.544706
1261.192363 479.598409 73.388089 141.876319
1260.866489 478.351318 73.301382 142.057717
1261.141762 474.934425 74.177641 143.039354
1260.210292 472.193237 75.872376 143.346091
1260.397468 470.478021 75.678519 144.299779
1260.225743 469.564600 76.473526 144.880269
1260.734715 466.884329 76.456453 146.876267
1259.795498 467.360394 77.885145 145.937067
1259.670235 465.467318 77.688174 148.494527
1259.220868 463.079372 78.068358 149.754830
1259.161292 461.140753 77.337916 149.648140
1258.562093 460.520754 77.715027 148.980638
1258.380345 458.778718 77.675306 149.510610
1257.901631 456.845009 78.817117 147.925742
1258.334243 456.619124 77.994935 148.328757
1257.596339 453.443008 78.788676 148.824632
1256.806438 452.680006 79.016870 148.344881
1256.646498 450.425329 79.037929 148.225604
1255.949796 448.019530 79.424741 151.047470
1255.406747 446.010996 79.701260 149.077327
1255.423795 444.782129 79.156072 148.735359
1255.388424 442.088004 78.514222 150.737208
1255.726542 441.220448 76.531764 149.928566
1255.781327 438.814868 75.967383 149.882239
1254.644571 437.326846 76.163675 147.892162
1255.207657 435.437332 74.587967 147.956406
1254.564237 433.196539 75.365306 148.212431
1254.723781 431.690904 74.452401 148.654463
1253.439418 430.671327 76.163222 147.534897
1253.004483 427.906219 76.601707 149.098081
1252.229965 426.274552 76.578283 148.420503
1251.404192 424.299410 76.683132 148.483242
1251.457833 422.142308 76.571962 149.391775
1251.097693 418.586201 76.246686 152.212184
1250.081002 416.649155 77.092288 151.553159
1249.143373 414.781828 76.982748 150.460122
1248.682669 413.425326 77.379510 149.937962
1247.533142 411.267490 78.306075 151.624079
1246.504950 410.049604 78.490860 150.586145
1245.161030 407.485104 80.096707 150.968951
1244.676888 406.924667 79.182550 148.850585
1243.963996 404.613976 79.769521 150.767712
1243.518369 401.070337 78.961308 152.495952
1242.195490 399.400186 78.298129 153.250247
1241.516731 397.861764 77.829360 151.051732
1240.941752 395.048355 77.543411 152.628216
1239.080545 394.051262 78.791032 153.846381
1238.766335 392.368581 77.380242 152.362257
1236.424738 390.355793 79.317573 152.747574
1235.164835 388.077453 79.770467 153.977732
1234.400766 385.643822 78.005919 153.838866
1234.351207 384.255437 77.176432 155.537561
1234.309742 381.979689 75.895879 155.798987
1232.704426 380.071223 76.920947 154.444443
1231.661070 379.429178 75.850468 152.302478
1230.757142 376.348602 76.292381 153.161445
1229.818565 376.489215 75.376863 150.103513
1228.293921 372.774542 76.125564 154.942063
1225.669472 372.798000 77.345476 151.219523
1224.376259 371.412281 76.768040 151.366024
1222.893456 369.505111 77.867080 149.871899
1222.346048 367.393758 77.424623 151.160894
1220.725446 366.436598 77.459260 150.476299
1219.574683 364.281144 76.581792 149.505545
1219.165299 362.762659 76.091929 147.437370
1217.354544 361.308392 77.034744 148.595406
1215.996866 359.283372 76.989604 148.472807
1214.619602 357.639856 77.994672 148.807261
1212.913044 355.214817 78.509063 150.424865
1212.495102 353.736046 77.754678 149.505905
1210.662458 353.092563 79.896846 148.906051
1210.185085 351.574100 78.300088 147.300158
1209.188901 349.071600 78.877912 147.799812
1208.237923 349.274299 76.923894 144.515550
1208.690457 346.007380 75.960479 146.273232
1208.202065 345.233918 75.790500 145.176525
1207.513630 343.551578 75.663577 145.604168
1206.100952 342.566176 76.341177 143.987955
1204.812899 339.554276 77.616322 145.873639
1205.185113 338.945106 76.110816 142.902971
1203.757006 336.386826 76.963393 142.819742
1203.308380 333.722548 76.732260 144.740121
1202.280308 333.223999 77.281099 143.590247
1201.255940 332.814263 78.167716 142.009005
1200.906327 331.214406 78.018915 142.702770
1200.822207 330.227347 77.242666 142.013840
1200.956600 328.747766 75.206353 141.899233
1200.439394 326.180201 74.634018 142.500947
1200.521079 325.541222 74.417404 141.373336
1199.838047 324.335370 74.779555 140.651674
1199.342752 323.269648 76.064975 139.905149
1199.561699 322.994581 74.729481 139.264969
1199.466932 321.271115 74.565701 140.629677
1199.201946 320.269899 75.091059 139.545904
1199.727973 318.870161 74.126365 139.519740
1199.640444 317.270353 73.604026 140.489405
1199.206203 316.468888 74.298800 139.535975
1199.467143 315.005125 73.349049 138.883639
1198.490198 312.477678 73.740065 140.627873
1197.923916 311.404213 74.348127 139.466618
1197.688641 310.594952 73.997671 139.211525
1197.598025 309.332939 72.979290 139.906808
1197.742424 308.141568 72.573605 141.293177
1197.313749 306.938714 72.960198 140.254047
1197.313059 304.950469 72.707266 140.435911
1196.642373 302.808217 73.104274 141.859900
1196.917683 302.136426 72.313939 141.705575
1195.820668 301.137855 73.607166 140.105627
1196.157340 300.996546 73.173756 139.479081
1194.901767 299.735739 74.868227 138.715208
1194.460590 297.872260 75.044476 138.832402
1194.180324 296.137813 75.486611 138.612810
1193.827167 294.923471 76.428120 138.460283
1193.157543 292.669394 77.461175 139.285723
1192.931847 291.671171 77.952803 138.190366
1192.570009 289.670973 78.135439 138.443172
1191.568213 289.317142 78.773333 137.940640
1192.247103 288.002352 76.453396 138.786594
1192.415264 287.459531 75.524686 138.200240
1191.546342 285.270346 75.296414 140.394552
1191.680630 284.402483 74.690992 139.584557
1191.443877 281.804060 73.493767 141.665459
1191.055503 280.935937 73.730560 142.049779
1190.092847 279.735089 74.180626 142.624343
1189.770548 279.273844 74.299014 141.449463
1189.181296 278.270828 74.732601 141.656055
1188.593725 277.070208 74.603971 141.713086
1186.921148 276.537774 75.328908 141.581000
1185.797731 274.417198 76.167513 142.855390
1185.386687 274.353283 76.127646 141.628215
1183.672396 273.205420 77.997946 142.226394
1183.149557 271.350074 77.743077 142.614965
1182.483220 270.699842 76.965931 142.454192
1181.662823 268.326506 77.323981 142.602745
1180.740170 267.824128 77.833434 142.687133
1179.847510 267.131123 76.854305 140.720766
1178.750443 265.870627 77.182428 141.066152
1178.161763 264.278040 77.660544 142.043684
1176.811876 262.764443 78.797244 142.019171
1175.888820 261.834306 79.382503 142.208641
1174.544964 261.048812 80.557369 142.474267
1174.165298 261.143166 80.244894 141.051854
1173.144526 258.952297 80.318563 142.396290
1172.367392 258.446936 80.623376 141.408515
1171.488158 258.253827 80.035536 140.288372
1171.709819 253.708447 78.417399 143.798154
1170.100664 254.802044 79.514141 141.749243
1169.378201 254.864810 79.659866 140.882265
1168.830429 254.262879 79.296797 140.506726
1167.689247 252.261519 80.237726 141.062974
1166.816359 252.668839 80.501890 139.034505
1165.512573 251.196201 81.367174 139.736306
1164.769318 249.601348 81.650272 140.627580
1163.344086 248.962638 81.937060 140.513411
1161.890567 247.271187 82.289239 141.464496
1159.822861 246.555634 85.062943 142.147308
1159.972515 245.350055 83.014311 142.982352
1158.498803 244.979115 83.340108 140.681878
1157.054779 243.957626 84.212036 141.679337
1155.524284 243.616947 83.779713 141.439883
1155.237416 242.095213 83.605020 142.039956
1152.288280 241.189937 84.745135 141.983373
1151.904749 241.296673 84.525621 141.283532
1150.383576 239.713168 84.352008 142.508113
1148.731047 238.660438 83.683501 143.922550
1147.712178 239.031340 84.748510 140.628450
1146.431296 237.441416 83.618706 142.764379
1144.840973 236.189961 85.387428 142.542571
1144.536162 236.525460 84.275623 141.656977
1143.113166 235.189940 84.622360 141.458095
1141.352440 233.849587 85.780329 143.435864
1141.017817 232.991194 85.184086 143.138898
1139.017762 232.101541 86.338241 142.913164
1138.371699 231.471545 86.215737 143.532392
1137.649340 230.745976 86.543445 141.745974
1135.038948 230.193714 88.062146 141.484749
1133.596280 229.635126 88.767708 141.475725
1133.554683 229.048230 87.650537 140.058756
1133.047481 228.735629 86.702398 136.059726
1130.986078 227.807097 87.058138 138.057317
1129.484814 227.707485 86.709809 136.213131
1128.135762 226.852743 86.857013 135.666047
1126.736371 226.070931 86.305787 136.940930
1127.227056 225.669453 84.709994 135.756985
1125.984855 225.963196 84.887709 136.084714
1124.896124 224.814057 84.645459 136.457127
1123.470426 225.124984 84.243684 134.823435
1121.389004 224.251736 85.647600 135.191375
1120.548602 223.426054 85.344253 136.298724
1118.187914 223.238771 86.718977 135.038584
1118.909947 222.631390 84.150285 135.167695
1117.183688 222.530956 83.610327 135.492453
1115.293091 222.501300 83.592679 134.805395
1114.218151 221.330125 83.953153 135.772523
1112.745247 222.028910 82.361468 134.907850
1111.599106 221.781095 81.967921 135.205278
1109.416219 222.150265 82.879036 134.965037
1109.391387 221.002324 80.180022 134.277140
1106.957503 221.394848 80.318317 133.978840
1105.413059 221.165051 80.868557 134.017634
1103.144963 221.242209 80.674796 134.171308
1101.108692 220.967924 80.416828 134.317443
1100.408048 220.461914 80.791077 132.982926
1098.344267 219.776044 80.651700 135.221113
1097.354076 220.114750 79.710128 134.741216
1097.436301 220.118980 77.863544 134.509915
1094.174401 220.150988 79.639816 133.851975
1093.054248 219.926596 78.501899 134.835403
1089.730608 220.249404 80.720658 135.153092
1089.671425 219.915363 79.306675 134.023622
1088.448188 220.500627 78.870982 133.540182
1086.590051 220.564376 78.420855 134.073391
1085.189338 220.289069 78.568664 134.030819
1082.459101 220.616589 79.464489 134.324641
1081.154865 220.452408 78.664804 133.949524
1081.113525 220.107185 77.116114 136.186599
1080.167565 220.028931 76.932125 135.330680
1078.189375 220.933702 77.777843 134.099910
1076.882678 220.893062 77.496377 134.251518
1075.623998 221.905733 77.210343 132.872383
1074.934660 221.903453 76.394444 133.987920
1074.341671 221.576810 75.928121 134.116624
1073.359166 223.404403 75.796734 132.701133
1072.093253 222.001136 75.997617 134.756506
1071.033749 222.994103 76.168983 134.792424
1070.502413 223.146273 75.268543 134.325013
1070.824101 223.554222 74.100168 133.387152
1070.138993 224.067748 73.437562 133.423557
1068.586283 224.444213 74.741371 132.328749
1067.726038 225.124222 74.601647 132.273122
1066.772432 224.540013 74.852697 133.381512
1066.323194 227.291812 74.607429 130.804545
1065.131849 233.377608 74.432558 124.852252
1064.045332 239.105414 73.793844 119.796740
1063.559337 242.653294 74.466394 117.349353
1062.729476 229.695139 75.582226 130.199123
1062.857094 230.465843 73.813723 129.989365
1061.984341 229.030344 75.236050 131.130504
1060.886521 227.762008 75.220800 133.635175
1060.219784 229.003751 76.093046 132.374703
1063.508616 228.558403 72.352874 134.301842
1062.963342 229.648239 72.118207 132.464263
1063.107223 229.702962 70.926770 132.762684
1062.338401 229.385517 72.167495 134.167443
1064.660038 230.241221 68.639203 133.311120
1063.529575 229.982397 69.532031 133.770817
1062.184120 230.400982 70.371234 132.272302
1061.213683 230.561089 71.576019 133.410410
1060.089128 232.108856 73.224352 130.398936
1060.577857 231.484276 72.387685 128.677120
1061.104536 233.032214 72.746201 129.467376
1062.127675 233.583258 71.099967 127.333348
1061.930452 234.248626 70.895424 133.509297
1062.935125 233.632054 70.731336 136.701312
1063.038764 234.911472 70.699309 137.445759
1063.175253 235.760605 70.664755 137.211483
1063.261868 235.551968 71.288165 139.145769
1064.090211 237.108616 71.567126 136.465080
1062.548932 237.431923 73.869075 135.552365
1063.922233 237.955607 72.584425 136.275899
1064.924671 239.305379 72.347570 135.647673
1065.005659 239.397125 72.518370 137.240558
1064.581256 239.407226 73.343003 137.875721
1064.211651 240.436267 74.338768 136.593196
1065.328712 241.510961 75.234463 136.692501
1065.507108 241.929868 74.915504 137.556754
1066.124577 243.012580 74.428845 137.072755
1067.439719 243.543886 73.962406 137.473660
1069.089253 243.953010 72.505324 138.439583
1070.507061 246.082900 71.824651 137.220717
1069.823596 246.358436 73.331669 136.569433
1071.838858 246.792444 72.201803 138.427417
1070.987509 247.683014 73.651576 138.576028
1070.417674 249.855413 74.787453 136.826483
1072.173250 249.953014 74.575537 137.819377
1071.829067 251.717438 75.225495 136.704165
1071.235291 252.533014 77.229605 136.693782
1071.514819 253.545775 77.865456 137.268623
1070.068034 254.323205 79.544903 137.554746
1071.850333 253.562582 78.958331 138.714580
1073.578346 255.403131 77.762667 138.516390
1073.982334 256.397647 78.175498 137.546916
1075.781567 257.333117 76.106622 138.265973
1078.170701 258.020960 74.874236 139.557760
1077.745037 259.143902 74.874131 137.940746
1079.422695 259.420021 75.056423 138.439422
1080.125142 259.239776 73.820955 140.201967
1081.678740 259.577567 73.622429 139.706143
1083.345240 260.044411 72.912903 140.251488
1081.324554 261.806902 75.362442 138.292412
1083.847041 260.792172 73.684354 140.829681
1084.672189 260.467820 72.571393 141.480113
1085.678715 262.292571 72.456746 139.912882
1083.874517 262.318114 75.330636 140.658771
1083.282149 264.821119 77.583950 138.925168
1086.595263 263.272466 73.651994 142.821544
1085.770532 264.595972 76.018205 141.645488
1086.650839 265.931921 75.132173 140.173783
1086.066934 266.777245 75.885252 139.231958
1087.343001 265.918304 75.008194 139.763012
1088.040854 266.390924 75.399366 139.546815
1090.268965 266.301436 73.948943 140.036652
1089.952064 267.098046 74.516516 139.330361
1091.255694 266.456219 73.908266 141.034163
1091.599103 267.841264 73.781440 140.013351
1091.625601 267.594945 74.255417 141.026902
1092.084228 270.072362 74.383818 138.443023
1092.493907 269.392233 74.473294 140.282707
1092.670096 270.296188 74.386000 139.575703
1093.427930 269.716291 73.953194 139.510686
1094.687990 269.764030 72.069073 139.779797
1096.030834 268.981389 71.069176 140.166225
1095.600293 269.272618 71.810688 140.188416
1095.816569 269.319183 71.941077 140.481053
1095.938954 269.719044 71.639844 141.316845
1095.081639 269.867359 72.411200 141.096920
1096.744634 270.193791 70.246986 141.442836
1096.472101 269.279534 71.200283 141.545795
1096.855696 270.084027 70.550863 140.917164
1096.025022 270.751023 72.061904 138.553904
1097.026632 270.982719 70.800418 139.667108
1096.610251 270.013976 71.552966 139.881556
1096.816608 271.550775 71.094130 138.320183
1097.154011 270.982838 70.255588 139.217477
1096.822480 272.398013 71.507859 137.672635
1096.646448 271.648750 69.227889 138.497577
1095.063803 271.599239 71.674314 139.228443
1095.067046 271.558911 70.759085 138.924060
1093.843183 271.696148 71.816014 137.894222
1093.696962 271.505272 72.056938 138.112726
1092.324629 271.781702 72.171246 137.858083
1093.358881 271.745696 71.480102 138.343356
1093.195496 272.407222 70.382906 138.264534
1091.931557 272.076955 71.559810 138.339651
1091.188253 271.648240 71.973538 139.617009
1089.736763 270.740606 72.339683 140.222024
1089.938918 269.998810 72.148440 141.499177
1087.968993 269.733023 73.103433 140.216816
1087.099043 269.858449 73.657997 140.192819
1086.422420 268.843370 73.152345 140.709562
1087.228765 269.380517 71.770914 139.314666
1087.317947 268.985096 71.261257 139.562778
1086.771074 268.987219 70.972010 139.842552
1085.971860 269.891357 71.521033 137.686525
1085.474008 270.546422 71.767954 137.277951
1085.449250 269.791306 71.803048 137.712023
1084.799773 269.929677 72.026498 136.788586
1084.616037 269.076954 71.880243 137.379419
1083.886625 269.311391 72.528211 137.512990
1083.080951 268.364697 72.665945 137.058470
1082.929951 267.410593 72.231887 138.530554
1083.192829 267.696751 71.724334 137.798216
1082.945290 269.232578 71.296652 136.385415
1081.977155 266.340593 71.844229 138.789868
1083.233035 267.400360 70.438239 136.579257
1081.408142 266.746130 71.501593 137.098880
1081.700274 266.598770 70.542681 137.048945
1081.748267 266.551965 70.156454 136.768915
1081.079257 266.547549 70.168284 137.001035
1080.163878 266.218113 70.165337 136.502756
1080.085282 265.790055 70.317571 136.267222
1079.960257 265.957899 69.949446 136.116512
1078.912907 265.315215 70.331968 135.700480
1078.877488 265.713770 70.437325 134.616851
1078.299975 264.507812 70.431393 135.684436
1077.414984 265.127472 70.654818 135.217224
1077.090777 264.636702 70.638328 134.590922
1076.712941 263.272455 70.111631 135.668544
1076.989819 264.811079 68.834751 133.962018
1076.151829 263.889479 69.737140 134.356721
1075.972968 263.214940 69.752629 135.151336
1076.772843 262.601725 69.040695 136.094783
1076.970190 261.608932 68.597265 135.395273
1075.724861 260.231203 69.592598 136.135076
1075.909493 260.543574 69.571440 134.809453
1075.997616 261.275600 68.822487 133.714115
1077.308088 258.768582 67.337828 136.415328
1077.071806 258.788257 67.523266 136.428953
1076.136931 258.841910 68.614250 136.154975
1076.827189 257.562649 67.115797 136.847595
1077.469863 256.757590 67.046221 137.112868
1076.661979 257.075289 67.528844 135.479805
1077.946925 256.191535 66.678272 136.787221
1078.216694 255.237391 66.449161 137.155991
1077.680169 255.227189 68.053195 136.826012
1077.748312 255.081064 68.726896 136.076461
1078.197570 252.837675 68.785544 139.016261
1078.371180 252.790930 69.366919 137.529947
1079.910417 252.269575 68.575858 138.317035
1080.496578 251.744986 68.413152 137.883261
1081.388797 252.591613 68.429591 136.250461
1080.633212 251.381148 70.338497 136.328532
1081.339595 250.349204 69.895162 136.924812
1081.292247 247.974647 71.447676 138.717205
1081.938043 249.258465 72.131549 136.428387
1083.110520 249.583604 72.121287 135.427595
1083.955549 248.976233 72.988725 135.774332
1085.158319 247.336489 73.534075 136.084820
1087.473641 245.604850 73.022432 138.700922
1088.848827 245.578390 71.923848 138.667640
1089.798025 246.020358 72.951466 136.114453
1091.266088 245.046960 72.754592 136.613767
1093.239304 244.768495 73.212166 136.045007
1094.820368 243.660013 73.860821 137.139923
1096.025022 242.517037 73.875202 138.924046
1097.519361 242.120251 74.676898 138.317847
1100.046955 243.064071 74.691219 135.489617
1101.902496 241.393120 74.690234 137.127235
1104.350614 241.290969 72.788773 137.387977
1105.279126 241.124512 75.213128 135.981252
1108.255552 239.776385 72.382111 136.972649
1109.923094 239.358440 75.381038 136.633214
1113.837539 238.708284 73.408535 137.548565
1114.568217 239.533258 75.970307 136.581609
1117.184416 238.434571 74.599491 137.016373
1119.023434 237.177253 75.024987 137.511940
1122.174468 235.421246 73.473738 138.368941
1124.341789 235.630464 73.619797 137.012050
1127.427990 234.987217 71.013914 137.193906
1128.392260 234.411558 72.359353 136.741161
1131.666182 233.012029 70.141021 136.819733
1133.646723 231.575918 72.414493 137.281248
1136.010782 230.539846 71.557023 137.412089
1137.545364 230.496679 73.047376 137.427838
1138.528388 229.218438 75.098859 134.479844
1140.988882 228.863005 74.462652 134.772886
1142.324225 228.326911 74.047795 135.612550
1145.577626 227.768500 74.007149 135.402896
1147.481013 226.252857 73.174576 134.297174
1149.756950 226.059641 73.884215 134.523514
1151.648108 225.224492 73.928348 135.313574
1154.667032 223.466024 72.962822 135.322144
1157.077133 223.478217 73.235117 134.555003
1158.613398 222.615551 75.165020 134.464091
1161.195097 222.173897 74.927718 135.334808
1163.476301 220.328231 75.198458 136.228416
1165.252007 220.338801 75.287344 135.607440
1167.442372 218.191985 75.554887 136.819043
1169.311639 218.466969 75.878524 134.694531
1172.191192 216.375815 75.438151 135.793685
1175.422622 215.035134 73.733367 136.389958
1176.569663 214.554709 75.238019 134.683964
1179.099865 212.910922 74.347440 134.921286
1180.366003 212.153648 76.112402 134.021828
1182.568194 210.040000 75.293240 135.836256
1183.855959 208.517038 76.734196 135.764522
1187.020584 207.822886 74.943514 135.065753
1190.332452 206.218883 73.139840 134.752171
1190.905676 204.400778 75.077056 136.182376
1192.836508 202.656989 75.735281 135.738791
1195.424447 202.210370 75.295037 136.572325
1195.773606 200.656990 76.777977 135.379560
1198.673849 198.578387 75.345380 135.428069
1199.842224 197.634087 76.969174 135.035630
1201.211541 196.741985 77.432993 132.793793
1204.421505 196.336957 75.808407 133.676770
1204.733573 193.344590 76.673439 133.756358
1206.005015 191.956090 77.036209 132.404908
1208.273822 189.897039 74.645864 134.593598
1210.340785 187.853682 73.801589 137.459273
1210.211683 186.003187 74.338768 134.748751
1212.503956 184.560775 73.517638 136.378685
1213.069433 182.415638 73.694797 136.461604
1213.601597 180.872874 73.814231 138.955371
1215.426325 179.273883 74.032779 138.852232
1216.667838 177.339975 74.416797 138.141431
1217.837335 175.472049 74.293901 138.654063
1218.827868 173.492331 74.661881 138.230601
1219.742385 171.867360 75.355651 138.816608
1220.554620 170.660738 74.880341 138.676221
1221.827846 169.332938 75.460076 138.174551
1222.640403 166.872263 75.579155 137.558476
1223.726878 165.201177 75.214446 137.434728
1224.554115 164.941439 75.857839 136.142985
1224.333863 162.942159 77.224692 136.341225
1225.443839 159.872262 75.312759 140.556160
1226.057912 159.136024 75.051523 139.603946
1226.727971 155.867000 75.208621 141.411584
1226.975028 154.215176 74.727263 139.460927
1228.425277 151.761102 74.059902 139.020281
1228.656832 150.659952 72.574359 138.726434
1229.252107 147.391445 72.019474 138.579275
1229.667979 146.025304 72.971139 137.233209
1229.059732 142.884261 73.640996 137.773797
1229.228952 142.511890 74.444943 135.178117
1229.799796 140.167329 73.595486 136.459853
1229.904964 140.874074 73.949128 132.604173
1231.099508 143.469018 74.333838 127.433689
1231.337271 147.929799 73.786492 120.262884
1230.926564 151.882354 74.562098 115.000100
1231.556720 159.549588 73.117676 105.591724
1230.996355 163.663235 73.336833 99.004273
1231.270478 168.371431 72.713404 91.251471
1231.807188 172.666663 72.245073 86.577859
1234.069898 179.790813 69.564396 72.871614
1234.250096 188.522056 68.934798 61.325137
1233.501480 194.420371 69.606217 59.570974
1230.989140 200.642045 70.722181 64.454487
1233.875151 206.362255 67.909721 42.726909
1234.781058 211.044772 65.094313 37.013265
1230.337781 215.657867 67.944592 37.913131
1233.337827 220.832184 67.695282 39.257347
1232.098182 220.032341 71.234233 44.637438
1233.800664 224.168522 75.209562 53.929948
1244.182345 228.155117 72.373087 77.704282
1245.524680 222.843559 86.172931 113.356551
1240.334560 227.620984 103.052956 128.335072
1209.884910 240.547638 131.483896 194.683235
1145.544258 290.849213 110.576730 278.160708
1160.256364 307.730265 95.900611 272.757476
1162.982956 309.916738 100.568632 274.100052
1160.564278 293.739834 97.082596 293.507631
1165.903516 325.694025 100.251895 276.055387
1163.519354 306.699759 102.543220 286.916806
1174.604064 327.962042 94.750161 289.349423
1169.581383 315.747307 96.296525 301.780400
1161.295745 325.783927 107.744211 300.525293
1156.719162 309.180610 117.831086 313.513024
1165.237530 348.285674 106.394756 288.701904
1173.121597 343.713130 101.605854 295.439628
1167.012598 386.689669 105.454182 279.430509
1169.730110 382.819854 95.177799 265.567888
1167.576257 431.491190 105.152257 225.726956
1170.086248 393.635430 101.723561 277.548164
1178.067242 393.129880 94.534140 277.084466
1179.120174 396.665601 96.039347 274.339352
1175.098919 394.333511 95.358716 276.992780
1178.502282 427.373276 98.651326 251.890926
1174.428027 421.364497 98.132100 264.399405
1177.768663 423.247277 98.325282 262.762808
1167.612238 400.882491 102.330108 291.980502
1180.386483 447.796838 96.482685 262.548080
1184.426389 458.783912 92.601551 250.810196
1184.500689 449.542507 94.722681 269.309183
1184.486349 456.717639 99.710860 262.834175
1181.834805 470.449646 97.736329 264.823412
1182.812743 483.230933 95.462561 257.192180
1182.185571 479.139321 96.883316 258.123493
1185.062521 496.578030 96.899997 252.697492
1187.651663 497.377119 95.064459 250.843104
1188.424695 509.401921 94.391335 254.705835
