1249.000000 888.000000 157.000000 149.000000
1241.625846 872.133812 158.516034 157.921188
1235.755459 862.695761 159.372044 155.541599
1229.971308 856.105926 159.695051 153.810665
1223.754804 846.399999 161.154961 152.468445
1217.490146 835.375728 160.868598 155.497730
1212.054199 825.800713 160.781046 155.802175
1206.429125 815.591344 161.179557 154.951804
1200.250535 806.891901 162.371481 154.682473
1194.900616 802.800281 161.258564 150.633331
1188.377418 793.569022 163.062114 148.757691
1182.518259 782.113238 162.849812 151.205045
1176.265540 773.582313 162.495915 151.010279
1170.076482 762.248200 163.458915 152.897521
1163.885440 752.317133 164.540503 153.193661
1156.815654 746.077640 165.952496 151.125122
1150.807780 736.456571 164.039943 151.176295
1144.201055 727.488621 164.483914 150.854977
1137.314581 717.787256 165.350020 152.983778
1129.914191 706.958452 166.489335 156.352775
1122.860807 696.913116 166.892981 155.459140
1116.751337 689.704735 167.843495 153.509531
1110.872390 681.682574 167.656791 150.409011
1104.199814 672.121289 167.087795 150.722456
1098.175396 662.950829 165.507995 151.315063
1091.302108 651.987087 166.023206 151.570423
1084.462238 641.090759 167.531810 154.769451
1077.681971 631.935690 166.971002 154.599807
1070.066899 627.845529 167.650496 148.739879
1062.162486 614.409164 168.667574 152.709890
1055.708127 605.435458 168.098781 152.467583
1048.990966 596.184160 167.891501 152.258366
1042.080684 585.952890 168.821544 153.222912
1035.964039 579.792302 168.185522 152.058088
1029.138143 570.027234 167.920080 151.853247
1024.359759 559.134531 167.726748 154.368616
1022.241416 545.213555 168.966285 159.614770
1023.312487 541.569307 168.559171 153.191889
1024.030097 532.176392 168.464654 151.886384
1027.429503 522.717090 168.533127 151.966100
1029.002811 512.924861 169.433475 154.053334
1030.056500 505.800062 168.650202 151.433341
1029.121013 491.969755 169.518497 155.202449
1028.333064 483.092600 169.618804 156.045772
1026.388695 473.935136 170.558526 155.751306
1023.862061 468.309313 170.638213 152.500291
1022.055130 461.196594 170.342683 150.518147
1019.370793 453.034618 170.076457 150.095604
1015.765806 441.751728 172.413748 153.709463
1012.393243 436.801638 172.700429 150.841300
1009.652976 429.161816 172.706055 150.498888
1006.118346 421.620485 173.463479 151.825363
1001.028226 417.054181 174.185904 148.333650
995.700042 409.174760 174.519928 148.176862
989.607228 401.006877 176.494554 150.394859
983.543169 394.804285 177.032870 149.056698
976.328894 390.629200 176.781457 148.991579
969.721325 385.012428 177.274474 148.674006
963.075186 378.137649 177.002800 151.933514
955.198367 376.007307 177.437533 148.740839
947.306491 373.343346 176.894921 147.008990
940.196540 372.822049 176.381710 145.848647
933.044500 370.720593 174.448717 146.210384
924.988503 372.289706 176.505022 144.296572
916.970404 373.138647 175.282079 143.217812
909.476410 373.124146 175.121942 143.729739
900.921293 372.353899 177.064487 144.780131
893.394396 374.138080 176.151501 145.604319
884.554419 373.826621 176.779582 146.746624
877.658049 376.312118 176.618427 145.104664
869.671208 377.587655 175.303841 147.266033
861.767264 377.989520 178.002461 147.100956
853.218300 381.414858 177.432647 145.959883
844.885328 382.939936 177.320011 146.412800
837.359250 385.155371 175.728977 146.529199
829.859053 387.161134 175.580845 146.911665
822.117799 391.630930 175.207401 144.422906
814.454621 393.214151 175.605515 145.064024
804.758189 393.976147 176.809905 146.770711
797.379543 398.821732 176.252229 143.703348
789.341517 398.824697 176.025055 144.148501
781.341540 402.886428 176.025055 144.551744
773.063228 406.148587 175.610381 144.310676
765.454594 407.969845 174.865595 144.239018
757.011511 412.140438 175.105869 141.934253
747.389538 415.312133 175.602689 143.612432
739.734124 416.915854 175.488963 145.138880
730.855042 420.009562 175.706296 144.987718
722.877501 424.847798 175.165400 142.990660
713.177104 428.184793 175.958090 142.872073
704.828538 429.639320 176.513323 144.730475
697.784983 432.668453 176.312434 144.866661
691.062100 436.805224 175.391535 144.669833
684.096218 440.931336 175.554023 144.785765
676.803879 444.491425 175.613136 142.775553
671.140756 446.517080 175.522259 144.472041
664.100440 451.570143 175.600502 141.796831
658.332609 456.781930 175.482728 140.590377
651.725002 460.046061 176.204401 140.300284
644.983464 464.962999 176.032437 140.184969
637.983453 465.596737 176.901894 143.530794
631.636449 468.931320 176.447096 144.466663
625.080682 474.473404 177.948772 143.183048
618.227778 478.155068 178.219460 144.479738
612.965864 482.548094 178.253709 144.424600
610.694489 485.808114 177.235031 145.041422
606.434179 491.408135 179.672799 144.106498
607.804130 495.734840 178.308428 142.928758
608.909665 500.869754 179.606317 141.968698
612.656693 507.817067 182.054340 138.216579
617.904023 512.453706 185.247774 138.193619
626.712075 516.775902 184.836390 138.551872
638.260637 518.174645 180.861859 142.631151
649.255644 522.518751 179.321387 141.089904
659.912202 526.755484 177.675508 140.551385
665.813477 530.950474 180.640041 141.653988
682.129502 532.273233 173.479666 144.764281
687.022743 541.251992 176.667629 139.148308
695.977288 543.315744 177.394462 140.452972
704.227619 549.696479 178.493777 139.465635
718.391846 552.313266 174.070443 140.914847
725.082084 556.362977 178.180499 140.069488
738.516662 558.354391 175.754450 141.299128
746.959769 565.153497 181.573804 137.998693
756.768441 566.748994 187.707021 143.030616
775.941485 571.940657 183.917491 142.243016
791.552736 575.919082 184.734656 141.382561
803.057096 577.620655 184.277380 145.874029
812.203237 584.126651 182.746119 144.311320
819.937996 588.540324 177.783812 145.433979
824.002191 593.857927 177.316722 144.089780
821.169429 599.602787 180.266145 142.890779
817.595949 605.045668 180.313977 142.741576
810.347664 609.793495 178.519331 143.475860
797.994588 615.584330 183.162045 141.568096
788.289587 623.968813 182.591075 140.212763
779.219540 628.643024 180.044468 142.329686
766.542012 635.938326 183.643596 139.274246
754.342145 640.694883 183.500835 141.252843
746.213604 646.941808 180.345972 141.832399
733.542014 654.328296 181.534833 137.635283
722.499764 656.694281 182.147875 141.675498
710.392174 664.251019 182.906872 139.772015
698.492197 667.312403 182.833028 142.937024
686.611501 675.458663 184.625653 140.498948
673.994081 681.022921 185.296453 140.512039
663.022928 686.262629 184.891693 141.775849
651.686803 693.141197 184.799555 142.176718
640.196143 698.874813 184.859207 142.870899
630.057365 703.704838 184.461658 144.843020
618.199338 708.968073 186.956787 145.682412
611.510988 715.233210 185.367471 146.547997
604.102282 721.283897 186.579846 148.393012
599.922096 727.385042 184.706450 148.034604
596.374050 732.472025 183.153167 148.058429
593.965063 738.822259 184.279354 148.320480
594.262435 743.727399 184.228221 147.974959
595.627912 751.679902 183.598987 146.547598
597.444820 758.802995 184.497536 144.676224
599.986238 765.272175 185.086164 145.297816
603.252522 771.320476 185.240212 145.621039
606.707093 776.824836 185.561481 145.992643
610.161868 783.743085 185.752116 145.651087
613.257550 789.153957 185.648577 148.453876
615.263754 795.080925 185.919367 148.162192
617.991124 801.565628 184.299350 148.403302
618.627335 806.941636 185.503687 148.781910
619.257434 814.436013 185.779734 148.058100
619.711864 820.658782 187.086138 147.927005
620.889565 826.799909 186.808617 148.304147
621.981672 834.086115 187.871151 148.458874
623.252906 840.633622 188.656099 146.980408
624.511395 845.792013 189.372545 149.671532
626.436652 853.449453 189.161805 147.661533
627.604824 857.611037 189.694963 149.731372
628.692167 860.221044 189.646423 154.944246
628.594319 864.948844 188.674035 156.404074
625.411244 874.493908 189.127567 152.950076
621.113482 881.497842 190.606834 153.085711
613.883965 889.689779 192.534527 153.156341
605.487286 897.022425 193.889168 151.407896
595.195142 903.260994 195.369463 151.649284
587.476544 910.677242 193.266645 150.694312
576.650486 916.499305 194.218456 151.850701
567.621269 923.126021 194.788917 150.195379
558.666428 931.064903 194.036743 145.939512
550.754111 935.406938 192.936893 144.593062
544.509680 941.987531 192.169391 138.012469
539.800873 946.172965 192.371552 133.827035
537.148392 951.797375 189.643011 128.202625
534.362863 958.535348 188.630845 121.464652
531.521552 965.279626 190.632184 114.720374
530.728893 971.349397 188.486339 108.650603
528.470905 977.168940 189.443925 102.806625
526.843481 986.155164 189.657014 93.844836
529.118417 991.534929 185.119742 88.465071
530.286382 997.610701 184.669447 82.389299
535.721138 1005.268848 179.562796 74.731152
535.713440 1012.818789 179.571155 66.764844
545.586094 1016.727219 169.902855 63.002701
546.510238 1022.671189 168.618579 57.328811
548.451342 1028.909610 167.439208 50.953112
551.885255 1034.720793 162.099481 44.831944
557.112077 1038.943449 158.892275 41.056551
559.364786 1038.819641 157.858001 41.180359
565.403983 1037.582601 158.707322 42.417399
564.970117 1030.635536 165.310903 49.364464
561.795970 1027.376334 170.740989 52.623666
562.445757 1023.801391 176.368145 56.198609
564.335133 1019.484089 179.685787 59.800509
567.930242 1011.601140 178.744808 68.398860
569.792486 1009.256589 177.692628 70.743411
569.317411 1007.501187 177.995692 72.498813
567.372934 1003.456219 177.338536 76.543781
561.523362 1000.709812 184.002684 79.290188
555.003516 1001.907597 185.992505 78.092403
549.856517 1002.313936 185.074280 77.686064
546.181394 1002.691262 184.050029 76.975130
529.510853 1000.649042 193.948065 79.350958
516.089357 1010.283471 194.398746 69.716529
517.624860 1012.315515 184.973837 66.712576
459.815319 1004.780848 230.204150 74.321409
459.997550 1002.197678 215.987090 76.690105
417.425356 1003.704518 249.385310 75.871417
419.086196 1007.250547 232.698269 71.229811
419.135902 1006.843637 218.559903 72.219924
418.316257 1007.362198 203.435796 72.262837
408.958044 1012.881351 198.419131 67.118649
396.479790 1008.905748 203.500701 70.932625
386.405449 1012.486035 194.813064 67.513965
377.959005 1014.462629 190.949217 65.198106
365.109274 1015.693038 185.933630 64.306962
353.102891 1011.750508 187.970564 68.182595
346.334398 1012.467659 182.845770 66.891431
339.400385 1014.269443 185.554077 65.545377
334.918983 1014.083134 181.969910 65.591355
337.518043 1014.312071 179.904105 65.243236
337.255213 1014.899370 182.741869 64.400128
341.127842 1013.804200 191.127509 65.925719
350.223604 1011.954936 193.838339 67.888319
361.461154 1009.049084 199.794958 70.701989
377.852397 1009.666681 193.566071 70.167846
388.219365 1006.950488 193.736686 72.854511
400.558619 1001.495970 193.217948 77.928443
414.655379 1005.078569 191.742338 74.921431
426.776266 1001.729688 192.259246 77.977038
438.975177 1000.055503 192.868231 79.944497
451.820107 999.321733 193.084590 80.678267
466.584749 996.933625 194.230253 82.417079
479.477986 994.995371 195.954173 84.382116
487.424098 992.296907 196.474127 87.072810
500.168093 990.043285 197.774463 89.208589
512.694131 990.783712 200.063553 88.786328
524.319499 989.251083 199.296972 90.207263
535.860763 986.641990 199.750708 92.593885
548.211171 985.430313 200.330117 94.158089
556.560223 985.126759 199.526468 94.459293
563.506806 981.752731 199.038976 97.601200
568.858850 980.597842 198.048576 98.982062
572.035375 978.604573 199.190745 101.093334
576.785424 977.437650 197.989959 102.562350
579.317458 975.198627 197.466740 104.068558
581.905859 974.608648 197.492232 104.899211
583.947564 974.493666 198.369313 104.579978
585.091038 971.868970 199.476720 107.202035
588.046274 969.819781 196.697918 109.615316
588.309625 969.491857 196.550047 110.508143
589.111576 967.689930 196.206350 112.310070
589.568834 966.055962 196.108391 113.944038
588.785562 965.047752 195.672303 114.952248
586.527755 964.316537 194.686458 115.683463
584.094702 964.386517 194.854965 115.613483
580.013777 963.894213 196.006776 116.105787
574.872974 961.446342 196.881742 118.553658
569.701907 965.428412 197.832819 114.571588
564.725142 965.314852 197.296767 114.685148
557.337057 966.055410 198.879107 113.944590
548.615028 961.668479 200.772271 118.331521
542.770372 960.080039 200.150100 119.919961
536.040266 954.382707 199.902761 125.617293
528.976483 950.761078 200.907513 129.238922
523.688640 950.076129 200.381865 129.923871
516.946719 950.691480 200.842967 129.308520
510.586398 949.094794 201.484104 130.905206
505.650116 946.212000 200.222147 133.788000
499.672610 942.908065 200.868992 137.091935
494.019698 941.471028 201.524720 138.528972
488.595225 940.084309 202.254690 139.915691
484.642511 938.427954 201.542946 141.452939
480.638704 935.106711 201.829047 144.893289
476.432260 932.424349 203.413591 147.575651
475.014037 928.371784 203.014795 151.628216
474.600050 926.231150 203.475547 153.768850
474.542079 926.237766 203.977306 153.762234
476.994313 922.561048 204.410328 157.438952
481.540053 915.412264 202.887780 164.587736
485.507473 912.632420 205.839636 167.367580
492.810657 909.701647 208.846417 170.298353
502.832762 904.687739 210.192403 175.312261
513.976453 907.225333 209.384603 172.774667
526.294077 898.157348 208.644285 179.794853
539.748570 893.985987 207.892663 181.125607
550.874267 887.585392 210.148539 184.622871
563.242847 881.628097 210.326629 187.349279
576.585790 877.831209 209.560757 186.057249
588.105881 875.166944 207.755054 184.285313
601.639362 869.903451 206.051626 186.861189
614.601590 864.768281 205.281558 186.130300
624.267398 856.593610 205.205542 190.684360
634.075038 850.810353 203.599620 190.592485
641.967834 844.681415 202.565101 193.176219
647.738799 840.772287 200.752897 191.990588
653.361701 836.222347 198.770319 191.605023
656.466035 830.133745 198.211626 193.832349
658.996115 825.343549 196.548328 193.306998
660.689973 820.731361 196.876826 193.501085
660.859599 814.994833 197.537313 194.591760
662.294651 810.334478 195.927282 194.983546
662.029594 806.272312 197.445454 193.649654
661.240624 801.062182 197.020779 194.031805
661.029593 796.010707 195.428117 194.577329
659.980213 789.477480 194.422247 195.211065
658.909085 782.491034 192.988631 197.748945
657.031857 778.148744 192.731152 195.527361
655.384109 771.772573 191.656531 196.405509
653.484781 766.780178 192.050322 197.123170
652.037488 761.887442 190.384099 197.246006
649.812829 755.888902 190.853945 197.915130
648.137809 750.234692 190.039892 197.584425
646.012745 744.764883 189.916881 197.165220
643.211387 738.896162 190.596037 198.178049
642.336380 732.449949 189.452514 198.970384
641.851266 726.872573 190.053472 197.841391
642.064043 720.465239 188.843941 199.563581
642.260356 714.845840 188.398862 199.567883
642.260356 708.795946 189.524766 199.687552
641.903301 702.772240 190.371126 197.154313
643.175256 695.754031 189.745982 198.249166
643.769069 690.145992 188.642070 198.043793
643.928679 683.685406 188.363527 198.441650
643.340457 677.218136 186.863434 198.791591
641.601880 671.898407 186.522485 198.388612
638.731965 665.523556 186.298466 199.769149
635.582624 658.679931 186.445285 200.454510
632.632081 652.566243 186.274561 199.377225
626.906098 647.369386 186.718929 198.390787
622.340225 641.208904 187.164813 198.476533
616.298139 635.614524 186.873118 197.892527
610.635441 630.099177 186.717944 196.313249
604.106056 624.283187 186.951867 197.881634
597.215846 618.950357 187.229675 198.153512
589.972554 614.072902 187.077082 197.225591
580.086349 610.839940 188.029786 196.415795
571.281430 608.773805 187.882832 194.722915
559.051893 606.264506 189.869676 194.321608
547.619978 602.340903 191.106197 195.250447
537.379551 599.628582 190.235750 194.458291
524.847151 598.522124 190.672900 192.536061
514.843314 595.846816 189.880901 193.965853
505.253495 592.272614 189.630117 195.915381
494.716939 590.501040 189.036391 196.071474
483.193547 590.541026 189.310526 194.278438
472.423099 589.721028 188.363976 193.085665
461.343887 588.232865 187.696332 192.959114
449.747311 585.684975 188.286655 193.880894
440.989787 583.601496 185.793535 195.233133
432.736739 582.860071 184.073475 194.722737
425.876946 580.467398 183.442758 195.484773
420.966875 578.264989 181.793181 195.814120
419.733616 575.655926 179.882230 195.798896
419.360994 573.956830 181.768676 195.254018
419.689127 570.883830 181.106742 196.326046
422.998705 568.959279 179.956749 194.989367
422.507748 566.114174 182.223463 196.097140
425.735659 564.401915 179.137733 194.671461
427.834283 560.877013 178.073469 195.698745
430.462355 558.683442 177.662398 195.145901
433.078041 557.849697 177.304786 193.346006
436.065629 555.682391 178.754069 193.006298
440.670301 551.747265 178.396837 194.819623
445.281034 549.917932 178.289227 194.030890
450.569738 545.871404 178.498285 194.572679
456.418381 543.347148 178.156377 194.471310
460.804048 540.447777 178.889075 193.870532
466.405076 537.044846 178.922805 194.024460
472.418384 532.567380 179.819768 194.381911
478.568902 529.381521 179.642332 193.317875
484.792998 524.364363 179.929680 194.215891
490.837997 520.775915 180.529699 193.923475
497.136551 517.040126 178.939494 193.790119
503.507479 511.957491 178.448154 194.377668
508.703394 507.364352 179.379559 194.831948
514.119105 504.280741 179.583351 193.542319
520.091231 499.803220 178.731274 193.047004
524.940817 496.615309 178.250705 192.956069
529.013452 492.847786 178.552272 193.098624
533.284160 488.910936 177.415903 193.660441
535.377512 485.783323 178.710067 193.280948
537.577825 481.203340 178.041847 193.752804
540.673723 478.849751 177.308142 193.214988
542.245061 474.413644 177.988999 194.648241
543.961134 471.578586 178.401573 193.617722
544.545118 468.196219 176.892279 193.512482
543.752735 466.016647 175.691134 191.926382
537.912202 464.113367 177.735361 191.187934
529.594893 462.103285 180.026176 190.953688
521.377981 460.661338 180.939255 189.660180
513.712683 457.675129 180.143241 191.389141
506.538035 453.349580 179.538524 193.340575
500.321230 450.983244 179.226878 193.964270
496.223128 448.517381 177.475577 193.301746
491.879580 446.016637 177.012954 194.307241
487.923855 442.545929 177.459596 194.268899
482.906899 440.416378 178.926861 193.274824
479.099245 438.382212 178.291533 193.691889
472.871835 437.014412 179.969273 192.802197
468.798668 434.250464 179.206060 193.192561
463.844471 431.583237 178.887276 193.608981
460.432922 428.583242 177.351155 193.734398
455.388314 425.983545 179.438356 193.579868
454.521261 422.849630 177.551529 194.472226
452.859131 421.316460 176.756728 194.510615
452.813717 419.781938 177.283727 193.409834
452.969487 416.582788 177.041483 193.855556
454.169467 414.283446 175.609240 194.287714
455.387675 411.851737 177.841645 193.833853
458.651697 408.747267 177.070715 194.819623
463.030824 408.312536 176.802859 192.003584
468.778029 405.916841 177.787238 192.890710
475.651447 403.881440 179.083697 191.194053
484.929123 401.047658 178.373619 191.023997
496.120012 398.214348 183.609713 192.092010
517.209498 395.689605 185.016195 191.264991
537.106490 393.457559 185.462624 189.293264
559.814235 391.336519 185.765741 187.430985
583.940797 387.904984 182.359862 187.859586
606.402685 383.300751 181.419243 190.106013
633.127153 379.827974 180.070725 190.015067
656.145376 373.926072 181.111070 192.900919
678.663718 374.750317 181.941670 189.694246
704.366994 369.330986 181.830900 192.516607
726.745069 366.085055 183.724350 194.490708
748.430938 363.880021 184.068474 193.649046
769.724204 362.536132 181.760665 194.955639
785.811777 359.517108 179.538761 194.678621
799.904838 357.853430 174.426931 194.349270
808.819718 357.242552 171.735095 192.314799
817.525701 354.873734 172.141876 194.433089
826.582318 353.491172 168.750558 194.200997
833.164247 352.045734 167.457667 195.418210
837.117171 351.636223 165.802612 195.350141
836.092740 351.489294 167.402713 194.570757
832.842550 349.330000 166.741205 195.867214
826.851240 348.877957 167.493027 196.660072
821.219326 349.169904 166.086956 196.347848
814.378066 348.976273 167.204236 196.694542
807.293429 349.858677 167.911643 195.395881
800.314861 351.102403 168.368307 197.359633
792.440000 352.055408 169.456648 198.103291
783.200390 352.619224 169.743529 201.564336
774.930091 354.881441 168.745326 201.385510
766.187561 358.922004 170.025067 200.603147
757.809701 362.095218 169.584799 200.508448
747.431509 366.509044 171.275978 201.006303
740.050733 370.557829 170.264643 201.453025
732.545490 374.424191 169.223855 200.599206
724.430471 377.823952 169.600787 201.976287
717.156034 383.207489 169.206649 200.521791
711.849895 388.190985 168.970706 199.193537
713.736729 391.540813 167.180667 199.003892
716.237570 396.687582 172.350013 196.384362
724.299166 400.849213 173.139285 196.088410
733.205154 404.400850 172.230019 197.644624
739.969702 409.314416 171.856560 198.815088
744.620127 410.960563 171.297684 201.368897
749.759032 415.361339 172.453925 200.660150
756.846798 420.881640 173.472419 198.638564
765.521795 425.941377 175.495257 198.300355
779.570877 431.030002 174.635992 197.568257
792.457260 436.003097 175.387273 197.942218
806.581728 439.865905 173.183080 198.872335
820.621868 445.521458 172.376421 198.423853
834.007283 450.098574 171.163690 198.989978
846.605675 455.063118 171.858403 198.743891
861.998280 461.357660 170.267610 197.657119
875.887483 466.188006 170.071443 197.496111
889.405534 472.808520 168.062518 197.143994
901.185982 477.338288 169.680726 197.787255
914.083011 482.946701 166.596365 197.593438
923.759981 487.470448 166.771458 199.834916
931.595606 491.690939 166.737267 201.527989
939.101061 499.320267 164.510795 200.564990
944.987159 504.326301 163.479975 201.373124
950.405623 512.212584 163.061519 202.191325
955.466400 517.815533 160.269204 202.299468
954.907012 524.280943 162.751818 203.058537
953.446204 528.547167 163.724373 205.946627
951.722023 538.460380 162.639399 201.297375
947.522498 546.599064 163.352663 199.279230
942.741126 550.459557 163.084006 202.462656
939.492515 559.566504 162.114155 201.223079
934.122342 565.973921 162.638750 202.393698
932.175841 573.477208 160.039908 202.515978
927.473210 578.151044 160.331820 205.041008
922.839622 586.477225 160.505520 203.257183
918.419190 592.343795 160.691160 205.634747
913.428284 598.991714 161.413881 205.298268
909.709452 607.975928 160.446895 204.005978
905.007505 615.530212 161.311974 203.406213
900.395944 622.099399 160.763084 204.062412
895.619735 629.037463 161.704770 204.752698
892.867924 636.080421 160.270246 205.246544
888.827042 643.138689 160.790502 205.945886
886.334255 652.445673 160.932393 203.739647
885.372927 658.109499 160.823901 208.268161
885.666404 663.996294 161.044053 214.356697
887.289282 668.935878 161.105373 209.980744
890.833819 679.965907 159.697848 205.278339
896.557647 685.067874 159.104725 205.247267
902.812069 692.167809 161.418515 206.955271
913.249841 701.462556 163.802681 205.248269
927.426541 707.854253 163.265650 206.191532
940.678025 716.748509 164.538690 205.992535
952.112898 723.047932 163.830103 207.512533
960.974329 731.593003 161.539352 207.712087
970.899510 741.248219 160.866905 205.730036
977.982652 749.503726 161.381341 204.534423
985.988100 753.637041 159.260103 209.812227
991.985282 762.500532 158.937006 209.316833
998.510906 769.877152 158.514554 209.855567
1003.528007 778.212113 159.497450 211.984659
1009.834447 787.334976 159.438279 210.826855
1015.786344 794.076799 159.591120 211.263153
1022.245100 803.459199 158.581581 212.268384
1028.654257 816.030411 158.506724 209.282846
1033.303917 824.908787 159.549998 208.669398
1039.363346 834.119036 159.662095 207.737458
1045.374541 841.571408 157.709179 210.375735
1051.265969 847.977144 156.886433 211.957507
1054.351827 855.777587 155.918713 214.142566
1053.228588 862.302913 159.147986 213.589177
1050.473891 874.573493 159.148910 204.132677
1044.881953 884.772388 160.556322 194.263009
1039.423280 895.374177 161.139505 183.515997
1032.601532 906.008339 161.114462 173.172011
1029.260983 907.815994 158.904095 171.577709
1023.852110 920.376429 160.385186 159.613999
1017.866076 934.181643 161.311179 145.560981
1011.833045 943.684379 160.607446 136.315621
1007.546170 951.389070 158.072890 128.610930
1001.980946 958.482402 159.382034 121.517598
994.820966 968.262147 160.768930 111.737853
990.454565 976.861726 160.782070 103.138274
984.769089 988.009750 159.540542 91.990250
978.231139 996.302497 159.118150 83.697503
972.079292 1004.260055 154.999011 75.683245
971.370171 1017.553553 145.694362 62.446447
964.747687 1024.546123 138.872514 54.890302
964.600828 1033.274914 138.004863 46.725086
964.171863 1039.332615 123.063559 39.498580
962.508393 1037.700398 118.337864 41.923038
951.741076 1037.404367 123.468916 41.857584
940.564908 1034.023689 131.762002 44.816103
932.265687 1030.489627 138.389854 48.332145
929.274271 1024.638978 139.157536 54.305734
927.077190 1014.788230 129.660200 64.682398
919.475352 1012.574167 135.114615 67.308848
917.134983 1005.401758 133.842384 73.751633
911.408023 998.772946 136.603636 80.902304
907.541495 994.872812 139.677388 85.127188
902.951420 991.848019 139.616210 88.151981
901.714070 986.204281 138.140714 93.795719
896.723930 976.514772 140.302434 103.485228
893.652009 970.594158 142.507881 109.382709
889.539327 966.333126 145.737899 113.666874
883.964246 963.016801 147.479412 116.983199
879.715857 957.813946 149.833377 122.186054
874.390704 950.588079 152.798943 129.411921
870.248390 944.164491 153.420348 135.835509
865.829177 938.291093 151.549764 141.127261
861.366641 933.566490 154.844047 145.082505
857.109348 931.035606 153.838610 147.424180
853.182327 924.578673 153.819385 153.945396
851.010923 916.558513 151.414317 162.829505
846.008472 907.612206 152.444642 171.817431
841.802670 909.543571 154.938300 169.766358
837.425501 898.115271 155.929877 181.716815
835.125750 889.938374 153.685149 189.073694
831.132895 884.585815 154.975162 193.855590
832.741809 874.662084 154.176734 202.253295
833.700041 870.101629 157.764221 208.545387
837.115280 864.800429 160.003012 212.473368
842.623232 851.659083 161.628435 223.161738
848.602391 842.121792 164.456261 226.259427
859.624348 838.418587 161.650543 224.716821
871.876424 832.115511 167.797557 223.599509
888.199983 821.649037 171.858025 226.447521
910.592990 819.963976 173.994109 220.611545
936.170545 812.228723 174.856241 222.175716
960.975868 810.262215 177.351452 220.569399
996.786071 815.154101 176.787370 216.327349
1033.582487 816.563872 174.016352 216.485363
1068.441129 820.574128 172.731209 218.328495
1109.669645 833.682753 173.058042 213.724532
1145.469179 841.488325 170.121618 217.103756
1178.974674 855.032608 171.516259 214.438197
1210.402765 867.542859 173.288993 207.111649
1241.617609 882.382273 173.926287 192.943631
1272.134859 895.874993 171.048067 182.248204
1298.735178 912.031068 167.408276 166.370712
1314.151503 923.609483 163.288468 156.267213
1327.713057 933.160966 157.235437 145.538004
1334.663441 941.602029 152.566430 136.676858
1336.686614 959.466349 152.938834 119.858837
1340.274715 967.126830 150.125484 111.625292
