129.000000 406.000000 139.000000 134.000000
135.313392 405.329975 145.852549 132.523272
140.008346 402.191530 155.766111 135.954992
151.495601 406.642542 157.071590 130.493576
163.843324 401.270429 151.164675 131.018768
167.339781 404.170316 156.697427 128.878344
189.511476 402.051012 142.684720 126.146999
198.262081 391.978701 138.758930 136.924301
209.513353 394.449648 130.009371 130.843766
222.298350 385.720308 120.203477 136.869099
226.199151 387.627849 135.764898 136.546411
232.620009 382.686175 129.681277 141.554828
245.102351 383.367915 130.746059 139.193315
254.510289 375.845897 135.433715 145.833800
267.034789 386.875437 136.822844 134.099482
271.406041 378.970480 154.253528 137.680252
281.817859 387.565157 158.502506 126.404457
285.988912 385.897069 158.958291 121.652845
288.115333 381.359970 160.570055 127.399547
312.476349 384.857110 140.919152 123.452778
332.296136 372.537110 139.033176 125.827506
331.151263 378.698189 153.596575 122.283338
349.204100 375.859192 146.091016 126.660663
349.760956 368.574554 152.105469 130.373295
363.386326 368.489596 151.148672 131.269628
376.960840 373.581472 152.557651 119.592248
396.580452 366.221837 139.196314 129.731788
397.101948 360.187108 156.585004 133.407371
407.569263 362.405238 154.396402 130.886010
409.858758 361.011671 159.063256 129.453070
417.574979 360.394719 159.220821 130.166880
424.509515 355.795951 160.590080 134.515979
438.344831 355.006664 159.745862 132.615799
452.123298 357.952561 157.602809 129.734320
460.482519 352.829100 156.707255 131.322874
462.872203 356.062337 159.536066 127.094855
469.061799 352.746089 163.414884 131.068678
491.007848 356.380655 148.329028 122.912518
503.802567 348.112944 145.253287 132.027741
514.706464 347.152964 157.614243 131.854790
526.133888 351.758432 156.508476 128.723999
527.622869 351.076712 158.782327 131.561980
534.963724 348.952316 160.274960 131.594895
549.736897 352.527825 153.549600 128.892012
562.702371 351.518297 152.291623 127.680769
573.142830 355.157914 154.147282 126.300804
588.794020 348.264477 152.363475 131.734240
597.453694 353.297410 154.716314 126.122987
605.162065 349.416976 155.126432 128.240616
609.245837 348.318185 160.868561 133.802030
631.854881 351.813742 151.968223 130.502666
643.673249 355.589990 154.674377 127.349672
653.635822 361.007862 154.280316 122.788783
657.070220 359.907973 159.862267 123.976646
669.602285 360.705844 157.722308 124.278959
684.286897 360.466044 152.119064 125.666306
696.331883 361.334656 154.328456 128.325168
710.788154 362.708287 153.133614 123.444495
721.607627 359.634956 151.916062 130.101502
726.727988 357.319579 156.598247 134.222112
739.791817 362.453399 155.414092 126.610228
747.009322 364.264815 157.978142 129.793983
761.547553 365.690107 151.781476 129.458141
772.760378 366.802190 149.278660 129.718504
789.280025 363.841874 147.029364 131.937782
789.914494 361.669266 148.592006 136.337984
786.685913 362.012561 144.857534 135.239046
785.375848 366.231300 139.164826 134.765428
772.888172 367.466654 159.260744 133.180576
769.029584 370.343925 142.447833 133.772494
763.909306 375.621173 153.523993 127.219748
753.270763 371.164031 151.585522 133.683909
755.023625 374.489694 155.382384 128.433586
747.704813 378.020575 145.997744 129.851219
740.082249 379.677075 152.419674 130.215971
733.915075 387.684256 151.954775 119.836286
730.459940 392.981166 142.743290 114.102681
702.405850 399.155222 154.760875 112.603850
700.204660 394.905571 142.708865 109.875131
673.213499 401.172731 149.010473 107.988994
650.547342 408.892539 141.200142 102.056742
615.580897 403.718081 153.987830 114.664195
595.538976 407.179938 143.902310 113.144513
562.952573 404.279940 150.800043 119.180532
553.119857 404.962807 143.444737 121.709404
537.182601 405.385723 143.814896 123.318187
529.988495 407.641348 141.145181 121.396768
516.670093 407.985710 148.126614 128.431225
515.705746 405.568554 149.869951 127.915400
520.264964 408.368701 146.272993 128.477166
520.207181 407.801811 149.719956 129.802800
521.567165 408.099378 153.011949 133.104208
528.930456 410.300185 153.806619 133.552406
540.970260 410.419117 148.564954 135.717209
552.079290 412.728269 148.445409 136.157343
558.862397 414.333216 155.690998 136.304986
562.340703 414.346772 161.409281 138.737184
578.685460 416.297428 154.448107 136.854866
591.407921 419.658525 149.269691 137.385177
611.690231 422.502115 145.502232 133.162185
619.828137 421.646836 152.052156 137.453763
631.492202 426.262427 153.940180 138.490675
642.171853 424.794675 159.796593 137.104132
653.873471 430.330832 162.050487 135.846477
661.523402 431.386708 166.648502 137.488863
680.336740 435.271126 158.969714 138.021159
691.244303 437.662391 159.750721 137.288941
704.968335 439.575746 158.779696 140.907157
705.850401 437.957830 167.727156 142.713321
718.289239 442.802779 161.457936 141.716004
723.244561 446.623242 160.534351 139.354107
722.759778 448.106628 160.043130 144.051380
723.608636 450.470837 157.758211 144.277715
717.911060 453.830121 157.206093 143.276894
717.197072 453.147453 156.447299 142.770002
716.142392 455.347026 149.836832 144.383466
711.350823 460.718323 152.934706 141.150592
710.608778 463.327525 155.939885 143.084213
713.248639 468.077659 153.030818 141.828567
713.871237 474.330212 156.712914 138.790502
715.232163 472.730933 159.946627 140.558975
719.604783 479.012984 161.875578 140.239000
729.464449 481.714874 162.059549 137.704819
741.848261 484.624507 158.950793 142.078896
752.985161 488.026337 159.983187 138.498161
764.545648 489.912347 159.536277 141.366871
767.445452 487.136772 163.041447 144.611992
773.258510 490.638212 158.829742 143.695583
771.080700 494.453280 159.309218 149.040452
766.667370 499.896514 153.436125 147.446140
761.103320 506.001573 156.603198 142.133931
757.649913 503.713174 153.672027 154.670684
758.131658 505.313505 150.193998 151.267410
757.242305 502.150564 154.320090 160.974511
755.460820 509.033904 152.195446 156.061078
756.532508 517.377313 159.280376 149.228629
756.606243 527.172844 163.674779 142.650452
762.357585 528.102663 157.901554 144.359679
765.962770 529.461160 151.824831 151.097887
757.882971 530.979091 157.468058 142.073236
744.736062 530.524122 162.638262 148.256328
722.092341 536.911467 172.716320 144.415246
708.284890 544.606264 168.072932 144.176598
680.130915 553.505164 174.890720 137.387413
662.947832 550.650569 176.021293 144.662692
638.934046 566.633614 166.450243 127.540314
615.188161 563.931621 164.009605 139.278198
593.870447 566.206291 160.515568 140.176365
580.026688 567.314435 159.077438 143.384498
566.430845 575.402558 161.403417 138.637504
564.261309 580.415182 163.816866 137.108283
568.201140 584.668670 161.523993 134.925410
570.620727 592.503483 167.573247 130.793376
578.415227 593.538229 165.383281 132.047338
589.343815 585.134745 162.714919 143.052654
596.312687 587.366831 165.259735 149.050487
603.256044 585.430298 163.737784 149.582888
607.373040 593.979523 167.708313 149.555663
617.483607 593.470167 161.996641 148.239391
621.022610 597.539331 161.324119 156.201970
626.036146 608.551594 162.353480 146.692026
623.484810 609.810831 169.959648 151.423925
628.807994 608.241086 167.733328 152.957774
637.319716 616.020365 166.510004 151.456656
648.385506 628.566497 162.681992 144.033053
656.760182 637.808234 165.882820 133.767129
671.826040 636.897629 162.542090 139.220319
686.469450 636.016774 162.639207 141.893293
695.808453 642.982765 163.082089 137.387612
716.173787 625.753904 158.537998 156.929419
727.221045 630.467389 169.234807 153.093089
741.834297 637.095818 162.841131 149.484765
752.551343 641.680086 160.376744 156.977618
755.005987 649.109372 166.036068 151.697276
759.071019 653.272944 163.942844 149.309861
761.812174 654.496555 159.797879 150.516397
762.566782 668.055224 156.420415 142.710755
758.728496 671.656859 160.916529 140.145172
751.209830 667.370237 160.407236 144.379953
742.647856 667.759955 158.128215 148.375710
742.591803 665.969327 154.968453 151.927117
734.845900 670.362127 154.252318 150.623125
720.970948 668.187341 158.800743 156.544325
705.383686 678.775825 164.996847 149.440077
704.870457 683.241762 160.178021 151.065132
695.723179 691.443548 162.697574 145.822677
689.771327 692.653540 172.439290 149.793499
682.698578 699.147371 165.213674 147.537210
676.704946 701.508999 160.612849 148.669090
663.811992 709.963256 162.563919 140.852519
663.361149 704.082082 153.327615 150.928469
647.090357 709.338459 157.530240 149.692766
639.873066 706.707422 160.373763 156.106505
617.164677 715.684658 168.977361 147.959752
608.275097 724.579463 159.981281 147.173023
589.223741 730.043316 167.310540 143.537338
576.434090 740.342924 163.034517 137.305605
568.774196 741.313893 151.960562 139.198681
559.834703 740.930825 151.971114 147.708895
549.337862 735.446087 153.968647 154.126838
538.939519 745.472106 158.114785 152.801321
535.816014 755.290923 165.493885 147.977331
541.063824 757.381223 159.371586 147.415276
538.142894 754.394542 159.459751 151.600992
540.354864 752.697067 163.082142 153.139344
543.978509 765.800738 158.929455 144.533474
547.264789 764.135515 158.768202 150.797062
547.242938 767.066862 156.213825 154.366054
546.150279 763.789246 161.324702 158.337481
546.084081 770.486022 160.412077 158.018536
543.267080 769.777948 164.126159 157.678034
541.410795 779.896475 171.176389 151.086546
537.407888 780.863706 171.837500 157.538194
537.070247 777.323793 171.427799 164.175301
541.565009 782.342057 172.897357 167.469724
545.787841 786.350105 166.140601 160.289212
549.431938 789.605234 169.383888 167.098812
555.066210 792.232504 164.218172 166.416177
564.063545 796.486764 162.139771 166.967186
568.120495 799.200301 164.672426 161.836168
576.534820 805.072304 160.270762 156.468281
570.660465 806.249299 168.015315 160.110338
576.233910 806.592810 163.548735 164.027172
574.950768 807.784864 164.532796 166.378775
576.302340 809.101885 157.415539 168.503557
566.027736 813.039377 160.404203 162.330649
561.554762 822.016815 161.660052 165.011519
551.167492 826.653744 160.191471 162.041002
547.523198 824.746949 157.107849 163.435063
532.258511 829.970917 161.603667 164.620192
529.539732 830.999041 154.111405 165.469258
520.948757 835.582203 155.040242 161.303395
508.058234 838.068480 160.166674 163.742683
501.355894 843.214041 158.631395 164.710943
500.794681 842.630185 155.810125 164.754148
491.980314 848.948509 162.558376 163.904026
488.418613 851.317460 162.588955 163.702100
482.537828 855.773486 162.884902 162.102044
480.643644 861.876363 161.239957 161.983734
476.810735 862.553215 156.417501 164.724506
475.710869 866.682883 156.264863 163.645618
468.691885 871.465474 156.790817 162.643796
464.889556 877.861045 156.624432 158.171154
460.535942 880.577979 159.512533 164.174807
456.418153 885.472456 159.106921 158.807643
446.594443 889.642957 164.474647 163.983936
449.110376 891.448648 159.522983 160.631444
446.081405 891.826443 168.045506 167.033516
445.682295 894.002979 160.781268 167.026419
451.153272 905.755916 166.744686 157.706377
448.402810 909.587597 173.373467 157.406016
446.229710 911.950122 180.867637 158.582379
453.144197 915.384438 171.331293 158.188760
450.378884 913.319513 183.292618 160.557420
453.613426 917.945744 175.174812 158.834752
458.034016 919.477168 171.637009 156.455217
458.757298 922.122405 172.034471 156.134311
461.434741 924.208285 172.754527 154.526754
459.915972 924.412780 175.859471 155.501681
464.272786 926.713788 174.010444 153.199798
465.071684 929.795109 176.830429 150.201541
471.017367 930.017004 172.615201 149.982996
474.164080 934.950691 172.065887 144.563195
477.451643 936.955092 171.311878 143.037444
481.388250 939.388790 169.339631 140.296858
481.023133 940.865246 173.082312 138.220917
482.791507 944.821623 179.210641 134.867281
489.768310 945.733589 177.366559 133.875882
500.635223 949.921056 176.455449 129.617669
507.687128 950.458504 179.902052 127.325317
520.159104 951.980356 177.026052 126.338593
521.430911 949.721990 188.610165 128.362214
538.301254 952.579058 184.047924 124.138565
550.328163 951.285317 190.798200 126.206453
567.005003 953.378649 181.619149 125.205438
583.762361 957.065895 177.161320 119.410675
601.025355 956.179358 171.837810 120.335128
602.239621 955.551646 182.789693 120.543342
617.713056 957.850454 180.297981 119.475279
633.241344 957.721953 176.935856 119.714955
649.880801 958.663351 172.513723 118.259942
673.331158 958.063502 160.295377 119.503098
687.004717 959.646489 161.507757 117.635485
686.129894 961.010042 176.826943 116.995104
706.444961 964.274780 169.888915 113.020696
724.403598 967.380862 170.262886 109.815282
742.234372 972.894397 166.274574 103.708162
759.232248 971.153062 161.991446 108.266237
772.604929 970.818286 160.978552 106.919289
779.362475 973.488253 170.643853 105.559457
790.208239 968.074964 175.786157 109.439467
818.665091 963.243934 157.610313 114.903706
816.530221 962.411511 172.893132 116.275109
835.750261 961.420259 161.708710 118.579741
828.866974 949.761071 179.743885 130.082014
832.574384 964.735172 185.825875 115.235483
836.000028 952.435647 180.470720 126.964615
833.528926 950.781488 183.193829 129.218512
837.044128 942.161264 174.289033 137.592579
836.043565 938.372649 171.786532 141.627351
828.412352 933.213708 173.951175 146.319971
829.545708 933.554160 164.592381 144.957525
822.891425 930.511688 168.759246 147.655242
814.426627 922.699839 168.274587 155.326580
812.055456 920.035353 163.936792 153.395451
806.032635 927.528989 165.749653 147.138945
789.526928 913.124538 169.321298 157.312178
788.279771 906.743775 163.320158 163.456111
778.188345 904.264322 159.815971 166.628755
771.471932 902.819806 160.127801 167.050100
756.119877 893.621433 161.708428 170.933054
747.573239 894.521364 162.313878 166.862963
726.189775 883.596795 169.562697 173.970338
724.820972 879.220582 160.583722 170.247395
710.926111 872.959859 162.156682 172.164591
696.271746 872.493428 159.809276 162.710965
684.942560 860.992846 157.202143 168.464219
666.451356 855.342467 164.502442 167.321812
648.380617 845.888209 163.434808 172.193787
642.974514 845.098927 154.173930 167.450191
632.237717 837.185915 151.898031 168.600848
618.721783 831.278300 157.362943 169.289653
603.914932 826.894041 158.380859 169.344531
592.997928 820.223896 157.022455 172.059450
584.776648 809.274080 155.775651 178.660915
580.400496 810.487438 155.608376 168.941574
575.491000 802.555560 151.517335 174.882762
573.193620 799.401499 148.764243 171.733744
569.061636 793.036494 147.693604 165.947852
565.167069 782.639181 152.347834 166.293297
565.395567 762.437289 149.964033 180.004473
570.865441 760.426280 143.230108 172.636160
573.561613 757.800624 139.189930 169.608515
581.659264 749.848250 128.732083 170.935113
583.952765 747.545110 131.947966 169.265169
582.287659 744.060628 126.332115 162.864640
588.286524 740.446344 132.496529 159.603247
582.583089 739.124001 131.400626 150.991872
597.284567 738.576820 103.424749 148.669355
596.880302 740.104889 101.481811 131.451020
605.022337 736.364960 101.051903 127.041442
601.047169 734.733424 113.477448 132.530763
623.085665 723.671011 113.942265 133.709127
625.951655 714.439054 106.768538 136.969914
646.471523 697.932862 121.114177 145.996351
644.880828 692.275870 112.633626 150.676722
663.674897 639.786096 135.080607 184.398915
676.913159 643.479385 122.899608 185.086608
682.875006 618.591513 127.072060 189.355534
683.389396 598.005871 127.313470 208.299173
702.425282 616.546116 117.498279 173.667131
712.579162 617.090315 120.226545 162.935973
731.803890 623.683430 106.407977 141.811700
746.213359 613.276226 102.169815 139.027444
721.948027 610.520974 123.493018 155.352552
723.111677 611.132940 131.915620 154.881684
726.045786 610.246290 134.378059 155.191016
731.490443 605.467008 133.488829 162.743123
728.432772 595.499047 144.742331 159.897112
736.901374 587.129178 141.363939 166.399279
739.171116 590.597135 147.594183 148.968452
747.570960 588.587612 145.618224 151.496917
750.417746 586.303765 148.698745 154.103697
769.858557 580.891327 135.927259 152.685245
772.255802 576.404273 139.999176 153.358320
783.897199 572.000291 134.351904 150.914907
788.197493 569.581033 134.166536 148.625029
789.206132 564.326913 137.316372 153.967883
793.116963 559.987045 137.166841 152.961495
796.811658 555.813682 138.438720 150.860807
803.681934 545.385176 135.162268 153.786725
808.475393 540.332243 133.841081 156.109607
810.394571 536.604690 135.979019 153.542716
811.817486 536.365405 138.257293 151.540163
818.681941 533.384068 135.259105 150.065970
824.748419 532.750391 134.039854 146.309610
831.221760 525.265861 130.894651 147.557898
835.138546 522.443354 131.849499 145.438925
839.822522 517.576641 131.379712 145.775163
841.154936 514.764402 133.404686 146.323048
845.448939 509.914181 130.503118 148.800008
845.968432 504.847420 131.697561 149.806665
850.806998 501.780272 127.330973 152.027342
851.133639 499.171517 126.006524 150.783479
853.173789 495.310112 124.613982 151.012796
851.074814 493.925594 125.403671 151.306322
849.542633 491.269537 125.875365 150.419425
846.968261 486.842886 124.370021 151.732175
842.662282 485.285960 124.909966 150.096821
839.254106 482.728177 125.770008 146.213051
835.488435 479.505759 126.592074 147.605000
832.841125 478.178157 125.353396 145.504207
828.557402 476.738715 124.779854 144.616234
824.427236 473.192211 124.278587 148.937499
820.125387 469.768245 126.044828 147.301721
815.172031 468.249843 127.995408 146.470885
812.361803 466.885298 126.307006 150.160926
811.410630 463.698826 123.055936 147.613411
807.664259 461.784631 123.697451 146.056927
803.156040 460.310728 124.851185 145.499483
798.980279 457.628055 124.836979 146.228658
794.910766 457.686922 127.176460 146.349047
791.597357 456.320306 125.802722 143.736621
789.370679 453.812953 125.170532 142.585850
787.472598 451.955612 123.060789 144.835529
782.657309 452.005731 126.341292 140.722519
782.844819 451.621338 123.962845 141.746215
779.413525 450.059861 124.438895 142.616000
778.433093 446.190656 126.148318 145.180058
778.404951 446.735349 122.777791 142.449390
776.904592 446.948897 123.444678 145.062883
776.404197 445.824515 121.665289 142.464213
775.951343 443.693859 121.527436 146.310499
774.669617 442.863970 121.876626 145.351226
774.458858 442.788046 120.863776 147.733433
773.775980 441.370750 120.548485 145.963010
774.324508 442.104395 119.130919 145.891205
773.774310 442.284906 120.316928 147.035419
774.563653 442.857143 120.014712 146.240953
776.795533 443.682835 120.125404 145.482340
779.278931 443.402995 119.780835 144.067562
781.277973 444.849563 120.703525 143.227224
784.228590 443.233309 121.801754 145.122192
788.738626 442.493615 119.874914 147.657302
795.082431 443.640729 118.957395 142.573787
800.632994 444.545555 119.569232 144.882480
807.699475 446.025578 117.672906 140.051779
810.830271 446.153010 120.343309 140.428665
815.641377 445.800671 121.355650 140.538203
823.218117 447.868157 119.569925 138.386336
829.109213 449.908335 119.828053 138.238399
836.370284 449.517651 118.208211 140.842112
842.710272 450.648775 117.799723 138.435346
843.768092 450.048004 122.246982 141.672682
851.472999 452.439793 121.812860 140.351657
857.609096 453.503330 120.565221 144.747891
864.244069 454.816229 120.658921 143.196543
872.431279 457.622911 118.594472 141.357192
879.184515 457.163234 117.767825 143.495441
879.969230 457.252482 122.248634 143.930932
886.984688 459.169782 120.550068 145.441577
892.804891 460.791522 121.814567 144.638886
900.164227 461.489930 119.321346 147.283800
906.164208 464.253823 120.458856 145.331435
914.594021 468.196786 116.581805 145.264104
915.416427 469.974579 120.085073 143.131478
920.460332 472.333209 118.818941 141.685669
922.709988 470.702816 121.063946 145.061991
927.466714 474.290560 117.966364 145.214436
927.382472 476.587495 118.934123 143.447145
927.043073 479.871893 121.236558 140.369221
925.083168 480.485481 120.635396 140.264429
922.121305 485.852090 118.300610 136.759829
915.500953 485.228277 118.610364 139.854557
908.007429 488.848219 119.041594 136.363925
898.049891 489.657192 119.046000 140.397252
884.343931 494.255821 120.200618 136.802051
876.544899 497.534948 117.714542 136.100366
860.874793 499.141236 119.184760 137.734331
845.811390 499.903476 118.521138 140.888643
826.764490 500.644762 120.334931 142.562248
807.753853 505.142215 121.017524 140.690232
789.697968 507.055312 119.713438 141.410222
769.076634 513.532779 123.378996 137.160913
761.854473 514.849706 118.354181 137.347857
742.857038 517.595485 117.728969 136.778482
725.373497 521.520109 117.029255 137.491613
706.321415 524.305763 117.496712 138.347961
687.123152 527.331050 116.789028 138.034278
665.349336 529.969526 123.745474 139.613521
654.488159 536.099677 119.648915 134.762237
638.743166 538.283616 119.822066 137.158345
622.357564 537.348695 118.060499 144.336436
609.954646 541.602074 118.369475 144.468173
602.762032 545.095431 119.090806 143.348993
599.174534 547.964448 117.399946 144.411845
600.962196 549.829066 118.404729 145.555896
601.979444 550.788179 118.877132 145.774791
610.709415 557.700187 117.477651 144.888495
618.602624 557.443245 117.895296 148.303673
626.001395 563.481149 119.246121 145.075178
633.983552 562.693863 120.206473 150.832159
637.369125 565.184730 121.695420 149.647369
646.148424 567.283777 122.537929 149.085568
653.485110 567.162526 124.626668 155.815464
660.404283 575.623255 121.585514 150.864458
668.126325 578.372240 126.682139 154.297754
678.320189 584.319257 130.214444 151.463670
676.983900 586.175031 135.185745 160.243015
685.708116 590.652883 137.300017 161.352621
694.776847 594.787812 136.769053 166.354120
702.846607 598.470682 136.787372 160.411933
712.045683 602.162959 133.984111 159.524699
718.993198 604.620129 134.348279 167.043980
720.679584 606.789115 138.034112 163.664933
727.194794 609.308325 138.462320 162.195364
737.974901 612.544715 136.928705 165.644030
747.908917 619.415883 134.504792 158.279249
758.060837 619.786785 131.324178 163.244488
768.837873 626.037900 128.382413 162.171601
772.149487 629.673044 130.182084 159.363210
780.453451 633.865391 131.457455 161.569063
790.357365 636.901279 128.509674 168.980309
797.269758 640.760375 128.484256 174.577768
807.987998 644.941975 128.048202 170.824736
815.514173 647.909142 128.099130 173.576490
817.332698 652.957019 133.961491 169.046393
826.772292 655.871813 130.132585 165.471202
834.993982 659.722910 129.126126 162.950228
839.402504 662.037856 125.557028 161.144279
840.283531 664.460271 126.866746 161.198953
840.080171 670.705041 125.221225 157.242172
838.589587 671.450406 124.631842 162.211186
834.823184 679.705299 123.916856 159.888232
828.800090 683.058770 122.463881 157.849113
818.851133 688.140739 123.813118 161.215147
809.731535 693.658654 124.703929 156.987944
798.765259 697.967700 124.064071 158.772146
791.590221 702.583066 121.070396 157.370993
777.875587 707.173269 123.488715 159.982857
764.180047 712.969882 124.264595 157.987715
746.752109 716.343011 125.161445 160.465905
728.916809 723.501779 125.948709 161.063329
710.210063 728.984738 126.604889 158.075859
697.634574 733.119410 124.599570 161.681177
674.226381 741.858112 124.232907 155.616701
650.174291 747.243209 119.787519 157.373446
621.459735 752.777508 125.179134 156.472728
589.654143 759.343504 126.722620 157.061632
561.473860 763.970674 125.397194 158.236826
545.225494 769.578466 120.367611 158.163341
521.925845 774.204053 121.475445 161.934496
504.287694 780.272872 121.092730 164.468100
495.956989 781.639225 119.822686 166.910859
490.423871 785.404020 121.098716 164.537927
490.124095 789.634487 124.630524 167.786246
492.109509 790.686893 128.428995 170.598087
503.508559 799.330819 128.321930 168.803076
513.814843 806.147788 126.362470 168.857128
522.003405 811.256056 126.053365 165.918085
533.094780 819.173223 124.477049 165.620278
541.303131 823.782018 124.883530 165.724549
548.594516 826.337114 125.700743 167.428816
558.475462 832.434427 125.104869 166.236759
564.510143 836.838835 127.635389 169.627459
571.140431 843.057266 130.422253 166.614375
581.942207 849.147652 127.814053 166.817340
594.349392 852.692051 123.812465 168.997777
599.508057 857.446191 127.224831 168.461100
605.413117 862.010739 130.763878 167.825767
616.292967 869.150658 128.332667 170.835255
627.446873 873.610618 126.801873 168.066962
635.206452 879.063782 126.728351 168.178163
643.244367 883.810412 127.635458 170.489981
646.713212 888.371935 131.286146 168.257390
660.328222 895.536559 126.133101 166.776979
666.463698 899.560167 130.466459 168.004707
675.514141 906.541844 129.240784 167.815069
682.033638 910.509968 130.002310 163.856807
692.337729 917.033402 128.217485 159.700710
694.907274 921.848136 133.294689 155.052213
703.393637 927.800303 132.430981 150.345962
715.881456 930.280897 128.837519 148.275403
719.695212 937.517798 133.646476 141.141740
727.810599 944.317660 134.489845 135.246493
740.860979 945.753489 128.727535 133.442714
749.397093 950.489156 127.551946 128.111118
753.514614 955.936232 130.878139 122.697942
760.909867 964.832044 134.416093 112.139030
776.745646 972.622272 127.686683 104.207961
784.043048 979.216692 128.648534 97.800007
793.728575 984.375197 125.533899 93.698520
800.177349 990.288026 126.265584 87.531173
813.901780 994.738998 120.011231 83.095992
823.621689 999.173017 119.281326 78.723379
838.439593 1002.399452 110.522192 77.535769
845.551403 1006.119689 111.579615 73.880311
854.699920 1010.129244 109.719940 69.870756
862.376605 1014.205772 110.962651 65.794228
870.728608 1016.620259 110.135134 63.101410
880.777013 1022.310793 104.100089 57.689207
888.504101 1025.813279 103.838567 54.186721
897.033884 1028.821986 102.210896 51.178014
