394.000	60.000	20.000	47.000
393.307	59.328	20.212	48.472
392.435	59.470	20.243	48.027
391.328	60.234	19.801	46.419
390.810	60.204	19.792	45.876
389.818	59.543	19.911	46.557
389.663	59.632	20.231	46.271
388.419	58.865	20.773	47.187
387.857	58.960	21.064	47.493
387.113	59.629	21.554	46.956
386.747	60.073	21.385	45.756
386.570	59.865	21.317	46.393
386.042	59.390	22.040	46.044
385.830	59.598	21.577	46.377
385.302	58.866	20.961	47.546
385.493	58.896	20.076	47.514
384.518	59.320	20.231	47.087
383.412	58.951	20.578	48.048
381.729	58.274	20.876	47.875
380.774	58.321	21.358	47.391
380.194	58.596	21.300	47.313
379.747	58.272	21.528	48.929
378.556	58.702	22.263	48.204
378.438	59.298	22.752	47.185
377.773	59.240	22.999	45.960
377.060	59.662	23.329	45.145
376.895	58.899	21.783	45.802
376.803	58.487	21.301	46.052
376.279	59.240	21.305	45.265
375.862	58.897	21.093	45.959
374.446	58.367	20.681	45.903
372.840	58.060	20.561	45.917
367.511	57.801	21.973	45.698
367.465	58.559	20.312	44.770
366.455	58.104	20.341	46.002
365.419	57.797	20.211	46.059
365.091	57.815	19.511	46.778
363.423	57.522	20.035	46.309
363.071	57.027	19.502	46.032
363.473	57.194	18.882	45.880
362.738	58.051	18.356	45.759
361.285	58.144	18.801	45.917
359.831	57.851	19.758	44.734
358.495	57.482	19.648	46.640
357.207	57.959	19.615	46.395
355.525	57.591	20.222	47.863
354.086	57.700	20.359	47.081
352.792	57.740	20.826	45.473
352.371	57.794	20.627	45.700
352.323	58.003	19.819	45.302
351.429	56.727	20.027	46.406
350.498	57.250	19.404	45.743
349.715	56.978	19.397	45.710
349.347	57.953	18.436	44.591
348.044	57.656	18.540	46.276
346.195	57.026	18.751	45.721
344.598	57.120	19.349	45.965
343.996	57.109	19.488	45.983
343.197	56.879	19.250	46.433
343.091	57.037	19.395	46.042
342.122	57.085	19.539	45.181
342.456	57.145	18.550	45.376
340.344	57.394	20.180	44.584
341.312	57.632	19.591	43.256
340.123	57.090	20.197	44.893
341.425	57.022	19.033	45.174
340.712	56.434	18.670	45.910
338.804	56.655	18.613	45.256
339.110	57.052	18.641	45.492
337.930	57.018	18.207	44.753
336.626	56.901	18.841	44.865
335.662	56.487	18.914	45.972
335.265	56.269	19.456	45.740
334.676	56.460	19.368	45.945
334.322	56.649	19.744	45.360
334.151	56.852	19.321	45.784
333.195	56.711	19.648	44.968
333.433	56.983	19.581	45.228
333.168	56.978	19.325	45.504
332.450	56.894	19.670	45.047
332.823	56.702	19.253	46.590
332.526	56.911	19.575	45.895
331.689	56.189	19.897	44.901
331.676	56.073	19.312	45.121
331.768	56.152	19.701	46.290
330.861	56.053	19.959	46.365
331.092	56.474	19.343	44.216
330.850	56.254	18.972	45.126
329.803	56.081	18.700	44.390
328.941	56.483	18.545	46.633
327.894	56.222	19.058	45.484
325.425	55.691	18.964	45.319
323.650	55.936	18.420	45.764
321.379	56.396	19.235	43.788
322.270	56.698	16.743	43.986
320.274	55.808	17.220	44.083
318.477	55.747	17.804	43.833
318.026	56.033	17.400	44.750
317.517	56.241	17.555	44.536
316.788	55.995	17.548	44.581
316.143	55.825	17.885	43.858
314.985	55.475	18.606	44.424
313.849	55.396	18.143	45.477
313.248	55.176	17.490	45.533
313.070	55.300	17.197	45.545
312.120	55.442	17.539	44.118
310.779	56.073	18.338	43.786
310.057	55.950	18.836	43.970
310.115	56.036	18.899	44.115
310.628	55.915	18.620	42.889
311.322	55.386	18.500	42.881
311.853	55.598	18.297	43.092
312.889	56.014	17.840	42.883
312.736	55.935	18.197	44.485
312.848	56.090	18.942	43.060
313.081	55.844	19.083	44.457
314.085	56.307	20.521	43.465
314.060	55.977	21.866	43.675
314.057	55.610	22.284	44.111
314.906	56.104	22.021	43.852
315.414	56.648	21.376	43.783
316.122	56.706	21.139	44.179
316.396	56.830	20.706	44.381
316.409	56.949	20.519	42.316
316.945	56.687	19.979	43.812
317.195	56.870	20.318	42.950
317.163	56.658	20.374	43.469
317.418	56.879	20.171	43.542
317.777	56.840	20.216	42.844
317.697	56.991	21.128	43.071
318.305	56.961	20.587	44.212
319.528	57.775	20.139	44.216
320.609	57.622	19.992	44.309
321.101	56.905	19.923	44.034
321.173	56.779	19.555	43.712
321.773	56.858	19.485	43.164
321.906	56.333	19.428	44.851
321.906	56.639	19.544	45.423
321.598	57.112	19.385	44.333
321.633	57.208	19.095	43.982
321.828	57.010	19.226	44.613
321.964	56.661	18.908	45.447
321.958	56.489	19.419	44.414
321.952	56.250	19.704	45.232
322.215	56.683	19.812	45.689
323.192	57.749	19.990	44.935
324.121	57.827	19.787	45.450
324.373	57.475	19.314	45.142
324.707	57.020	19.101	45.225
325.346	56.279	18.982	46.461
325.165	57.161	19.439	44.253
325.673	57.027	19.175	46.589
325.835	57.465	19.123	46.024
325.593	57.763	18.692	45.401
325.683	58.151	18.808	44.317
325.848	58.055	19.134	44.407
325.707	57.515	19.233	45.740
326.130	57.664	19.069	45.097
326.070	56.921	19.600	45.989
326.721	57.486	19.410	46.296
326.882	58.161	20.122	45.517
327.966	58.994	19.340	44.437
328.391	58.332	19.782	45.377
328.739	57.482	20.126	45.793
328.694	57.979	20.285	45.016
328.872	58.252	20.413	45.236
329.129	58.490	20.868	44.448
328.397	58.405	21.607	46.321
329.674	58.598	19.767	46.076
328.924	59.069	20.260	44.828
329.528	59.268	20.029	44.762
328.909	58.643	20.268	45.245
329.972	58.412	19.884	45.805
329.182	57.911	20.460	46.000
329.858	58.039	20.345	45.774
329.474	58.675	21.472	45.722
330.737	59.407	21.462	45.589
330.544	59.980	21.919	44.939
331.328	60.056	21.340	44.218
331.988	59.521	20.853	44.417
332.205	59.465	21.261	44.585
332.390	59.444	21.452	44.576
332.944	59.615	21.159	44.487
333.182	59.705	21.389	44.355
333.485	59.797	21.408	45.198
333.991	60.312	20.702	45.061
334.478	60.843	21.153	44.095
334.377	60.222	21.192	45.329
334.816	59.897	21.191	44.838
334.445	59.522	21.745	45.000
334.891	59.352	21.944	44.794
334.915	59.383	22.207	45.262
335.288	60.091	22.397	44.828
336.193	60.663	22.446	45.012
337.009	60.910	21.793	44.545
338.002	60.459	21.581	44.675
338.312	60.251	21.401	45.101
339.015	59.849	21.639	45.359
339.307	60.009	21.343	45.538
339.307	60.196	21.637	45.033
339.735	60.352	21.429	44.691
340.065	60.388	20.794	44.463
340.272	61.017	20.581	43.950
340.551	61.058	20.694	44.630
340.907	61.420	20.866	44.797
340.919	60.895	20.620	44.576
340.843	60.554	20.906	44.819
340.993	60.506	20.630	45.050
341.430	60.583	20.488	45.370
342.382	61.085	19.968	45.547
342.396	61.598	20.399	45.062
342.811	61.335	20.077	45.159
343.880	61.321	19.405	45.395
343.801	61.151	19.463	45.703
344.517	60.659	20.111	46.216
344.639	61.175	20.528	46.028
344.966	61.196	20.471	46.383
344.386	62.040	21.153	45.512
344.307	61.913	21.307	45.399
344.151	62.243	22.048	45.909
344.147	61.919	22.089	46.557
344.067	62.229	21.778	45.877
343.963	61.648	21.907	46.463
343.908	61.265	21.817	46.948
344.014	61.337	21.916	46.704
344.382	60.977	21.610	47.496
345.093	62.207	21.296	46.556
345.459	62.424	21.585	47.139
346.008	62.207	21.462	47.352
345.983	62.370	21.557	47.060
346.814	62.109	21.684	46.997
347.252	61.586	21.437	48.088
347.405	61.942	21.473	47.816
347.552	61.975	21.101	47.519
348.070	62.174	21.585	47.277
348.512	61.878	21.261	47.899
348.118	62.359	21.292	47.311
348.589	62.756	21.244	47.395
348.512	62.928	21.345	47.547
347.995	62.308	21.467	47.863
348.350	62.120	21.109	48.396
348.554	62.353	21.244	47.746
348.613	63.323	22.638	49.308
348.620	64.866	24.099	50.484
349.232	65.079	23.707	51.654
350.378	65.550	22.797	51.690
350.725	66.178	22.752	51.136
350.999	67.225	22.502	50.889
350.770	68.427	22.819	50.870
350.917	69.512	23.006	49.754
351.704	70.561	22.518	49.839
351.586	70.585	22.710	49.624
352.275	71.094	22.078	49.898
352.541	71.779	22.715	50.590
352.765	73.010	22.808	50.879
353.596	75.190	21.819	49.903
353.387	76.090	22.278	50.284
352.985	77.426	23.170	49.473
353.480	77.843	22.675	49.824
353.669	78.492	22.674	49.826
354.223	78.333	21.955	49.979
354.149	78.507	22.678	51.196
353.921	78.989	23.043	51.822
354.058	80.919	23.262	50.621
354.251	84.076	24.227	51.077
354.984	85.397	24.187	50.955
355.105	85.416	23.864	51.041
356.105	84.941	23.039	51.656
356.394	85.108	22.881	52.824
356.547	87.008	23.641	52.474
356.230	88.590	24.450	52.741
357.783	90.546	23.357	52.075
357.335	92.407	23.983	49.493
357.048	93.288	24.431	48.978
356.640	93.394	24.963	48.995
357.434	93.546	23.956	50.807
357.304	94.130	24.283	52.983
357.508	95.410	24.662	50.396
357.302	97.496	25.077	52.302
357.264	98.971	24.936	49.529
357.997	100.692	23.770	48.533
357.311	101.376	23.929	47.480
356.855	101.179	23.169	48.648
355.157	101.109	24.009	47.782
354.290	101.555	23.203	47.816
353.099	102.457	24.073	50.205
352.246	105.959	23.655	49.999
351.442	107.976	23.181	47.393
349.000	109.458	23.571	49.950
347.476	109.740	24.507	49.213
344.702	110.011	22.934	51.925
340.573	111.736	24.975	50.586
338.330	111.712	26.036	51.190
335.116	111.872	25.911	50.959
333.087	111.291	26.894	50.970
327.093	111.418	25.300	53.183
323.128	112.996	24.060	51.360
320.327	113.430	23.615	51.111
314.548	112.834	24.818	50.519
308.698	112.124	27.465	50.938
302.782	111.930	25.150	52.821
299.128	113.722	24.898	52.028
293.300	114.256	22.982	51.077
290.736	113.226	23.801	52.274
283.284	114.819	24.472	49.312
280.925	114.411	23.295	50.537
272.831	115.054	24.069	50.026
268.588	114.848	24.114	49.680
263.253	113.263	24.410	50.451
254.558	114.058	25.363	50.268
249.859	115.531	23.253	55.181
248.450	115.253	21.136	54.097
234.620	112.222	24.418	50.260
230.810	116.225	20.750	52.150
