285.000	363.000	32.000	36.000
287.795	360.755	28.823	38.853
290.420	359.677	28.666	39.210
292.017	358.789	28.978	38.406
293.617	356.800	29.121	39.412
295.546	354.174	28.759	39.261
297.414	352.144	28.375	38.909
299.110	349.869	28.258	37.905
301.069	347.129	27.916	38.119
302.522	345.270	28.332	37.780
303.916	344.836	29.155	36.592
305.474	344.380	29.309	36.320
306.898	343.813	29.592	35.347
308.638	342.372	29.184	35.501
309.979	342.236	29.606	35.246
311.542	339.639	29.281	37.677
313.989	338.521	28.563	37.161
316.355	336.463	27.505	37.405
318.422	334.192	27.247	37.501
320.787	331.555	27.162	38.013
322.418	329.688	28.036	38.214
324.541	328.316	27.444	37.971
326.865	327.752	26.634	37.521
327.267	327.941	27.766	37.471
330.019	326.848	26.399	37.007
331.762	325.132	26.157	37.467
333.586	324.668	25.926	36.988
335.216	321.878	25.930	38.046
336.646	320.314	25.194	37.624
337.964	318.811	25.080	37.199
339.206	315.645	25.482	37.164
340.209	314.133	25.256	36.162
341.108	313.023	25.891	35.820
341.747	313.041	26.718	34.701
343.005	311.637	26.417	35.090
344.522	311.387	26.517	34.308
346.480	311.326	26.063	34.337
348.204	310.976	26.140	33.423
350.427	309.205	26.214	33.927
352.368	307.349	26.443	34.247
354.453	305.143	25.934	34.642
356.464	302.342	25.565	35.959
358.417	301.164	26.002	35.046
360.413	299.033	26.270	35.829
363.041	300.441	25.668	34.130
364.973	299.208	26.195	34.409
367.095	299.594	26.059	33.956
368.456	297.710	26.750	34.713
369.703	296.631	26.749	35.474
370.916	294.585	26.661	35.387
373.110	292.396	25.974	34.146
374.365	289.763	25.737	34.793
375.125	287.434	25.915	34.667
376.721	287.189	25.800	33.235
377.445	285.803	26.398	33.957
378.605	284.645	26.252	33.697
379.560	285.440	25.791	31.920
380.861	284.618	25.799	32.508
382.136	283.418	25.143	33.111
383.126	282.890	25.609	32.911
384.586	281.638	25.179	33.058
386.415	279.815	25.182	33.965
387.838	277.755	25.505	34.702
389.711	277.723	25.434	33.204
392.101	275.711	24.607	34.262
393.696	274.359	24.703	33.881
395.326	273.621	25.031	33.590
396.808	273.322	25.032	33.561
397.753	273.568	25.514	32.341
399.604	272.319	25.175	33.018
400.869	272.336	25.689	31.980
402.497	270.277	25.456	32.350
404.551	268.157	24.759	33.116
406.038	266.383	24.668	33.068
407.375	264.710	24.747	32.000
408.408	263.165	25.062	31.626
409.320	262.194	25.249	31.510
410.276	261.935	26.046	30.119
411.359	261.282	25.799	29.810
412.784	260.772	25.006	29.830
414.396	262.466	25.689	29.081
416.171	261.082	24.652	30.550
417.547	260.437	24.655	29.893
419.567	258.162	24.567	31.065
421.429	255.919	24.540	31.726
423.472	253.682	24.209	31.774
424.716	251.411	24.432	32.821
425.957	250.192	25.068	32.750
427.916	249.168	24.423	33.191
430.053	250.479	24.163	32.140
431.688	250.377	23.939	31.750
433.442	249.713	23.488	31.633
434.762	248.752	23.296	32.289
436.672	248.068	23.226	32.486
438.108	244.967	22.904	33.654
439.931	243.630	22.040	33.372
441.328	241.867	22.209	32.715
442.661	240.496	21.701	31.350
443.351	239.517	22.397	30.748
444.751	237.728	22.566	31.925
445.781	236.946	23.080	31.102
446.499	238.774	23.683	29.392
448.220	238.001	23.060	29.886
449.056	238.139	23.308	29.476
450.439	237.585	23.270	29.782
452.413	236.011	23.092	30.684
454.416	234.942	22.820	29.508
456.212	233.319	22.339	29.925
457.393	230.985	22.566	31.844
458.719	230.162	23.429	30.783
459.930	228.926	23.749	30.373
461.781	229.064	23.399	30.013
463.124	228.402	23.287	30.536
464.640	228.200	23.385	30.074
466.207	227.447	23.628	30.776
467.051	226.546	24.042	30.196
468.385	224.910	23.557	30.261
469.918	223.578	22.978	30.672
471.021	221.874	22.654	30.025
471.733	220.160	22.884	29.320
472.995	218.195	22.126	30.160
473.541	217.365	22.827	29.696
474.044	217.428	22.632	29.412
475.504	217.615	22.260	28.002
476.090	219.500	22.379	26.832
477.228	217.926	22.417	27.583
478.165	218.269	21.884	27.125
479.484	217.355	21.677	27.191
481.403	214.346	20.648	29.227
482.353	213.352	21.056	29.220
482.985	211.610	21.178	29.564
484.760	210.074	21.363	29.396
486.012	211.787	21.391	27.630
488.330	210.370	20.916	28.364
489.254	211.147	21.352	27.947
490.954	210.796	21.506	27.942
491.832	210.272	23.136	27.404
493.266	209.080	21.977	28.236
495.071	207.666	21.602	27.914
496.619	205.590	21.085	28.152
497.538	205.103	21.092	26.897
498.423	203.609	20.796	27.270
499.489	202.609	21.247	26.724
500.268	202.391	20.745	26.141
500.791	201.458	21.052	26.462
502.221	199.808	20.951	27.502
502.988	199.064	21.370	28.583
504.330	199.491	21.179	26.916
504.512	199.135	22.338	27.716
505.534	198.838	22.331	27.196
506.452	197.186	22.576	28.205
508.024	196.492	22.576	28.100
508.822	194.703	22.640	28.295
510.053	193.316	22.849	27.967
511.474	192.375	22.701	27.395
512.358	191.153	22.277	28.379
513.324	192.369	22.865	27.125
515.060	192.202	22.168	27.515
516.386	191.656	22.112	27.935
517.522	190.378	22.190	28.414
518.628	189.009	22.160	28.467
520.157	187.802	21.706	28.111
519.258	187.071	22.475	27.708
500.451	183.171	26.960	39.530
467.058	181.142	31.478	34.201
453.460	177.479	29.226	39.086
429.807	183.683	28.170	41.473
410.839	182.071	31.154	41.309
391.302	176.533	28.237	41.581
388.481	181.885	21.354	31.190
393.656	182.033	22.073	28.227
393.458	181.711	20.790	28.059
395.436	180.170	21.015	27.061
394.799	179.297	21.374	26.020
394.801	178.644	22.512	27.297
396.350	177.913	21.048	26.924
397.232	175.707	21.555	26.535
399.251	176.927	20.734	25.793
400.655	176.357	20.865	26.644
400.874	175.497	20.598	26.074
401.643	175.165	21.178	26.475
402.324	174.145	20.724	27.258
403.532	173.228	20.465	26.151
404.059	171.912	20.644	26.458
403.938	171.413	21.367	26.066
405.872	169.882	19.725	26.045
406.126	169.318	20.478	25.516
406.615	168.710	21.330	26.062
406.638	168.080	21.480	25.692
407.389	167.934	21.789	24.700
407.750	167.848	22.035	25.546
408.368	168.103	21.927	25.581
408.976	166.021	22.574	26.460
409.593	166.346	23.243	26.518
410.677	165.781	23.516	26.957
411.336	164.880	24.243	26.645
412.454	163.242	23.959	26.813
412.342	162.234	24.482	26.771
414.610	160.434	23.152	26.414
415.398	160.620	23.268	25.774
414.491	160.452	24.600	25.285
415.967	160.015	23.871	26.433
417.117	159.256	23.896	27.795
418.072	160.254	23.011	27.189
418.640	159.584	22.869	27.928
420.396	158.724	22.418	26.024
420.775	156.848	22.136	26.193
422.098	154.194	21.252	26.815
421.476	153.682	22.425	27.002
421.181	152.543	22.858	26.867
422.967	153.072	21.745	25.571
423.423	153.715	21.707	25.545
424.865	152.819	20.872	26.334
424.731	153.803	21.403	25.440
425.656	152.590	21.093	26.082
424.712	152.635	22.769	25.367
426.402	151.695	21.472	25.779
427.324	151.192	21.687	25.129
426.654	149.752	23.573	25.775
428.756	148.299	22.517	25.979
429.832	148.214	21.955	25.325
430.796	146.916	21.860	25.732
431.174	146.270	22.409	25.518
432.760	146.952	22.039	25.783
433.017	146.297	22.285	25.215
434.324	145.458	21.283	25.744
435.230	146.030	21.439	25.416
436.608	144.604	21.310	26.635
436.799	143.613	21.374	26.021
438.412	142.724	20.337	26.206
438.723	140.173	21.302	27.143
438.490	139.085	21.551	26.498
439.436	139.005	21.322	25.406
438.372	138.583	22.989	25.138
439.833	138.232	21.903	25.830
440.423	138.475	21.357	25.433
440.746	139.764	21.873	24.961
441.505	138.685	21.869	25.699
442.177	139.882	21.772	23.964
442.310	138.239	22.451	25.301
442.936	137.175	22.901	24.693
443.848	135.668	22.651	24.856
445.263	136.112	22.085	23.414
446.333	133.590	21.792	25.269
447.705	133.776	21.209	24.961
449.150	133.290	21.154	25.580
449.413	135.079	21.416	24.117
450.842	133.490	20.739	24.673
451.967	132.358	20.215	25.781
452.552	131.883	20.730	25.612
453.272	129.523	20.375	27.174
454.440	128.599	19.987	26.734
455.044	128.556	20.681	26.445
455.730	127.766	20.633	25.906
455.919	127.143	20.910	25.554
455.736	125.858	21.855	27.267
456.584	125.958	21.333	25.992
457.181	126.265	21.437	25.684
457.976	126.640	21.166	24.759
459.008	126.365	21.357	25.833
459.865	127.181	21.242	24.956
460.267	126.968	21.869	23.967
461.385	126.441	21.620	23.461
462.627	124.915	21.352	24.497
463.289	122.953	21.783	24.627
465.150	122.181	20.867	24.563
466.418	121.344	20.464	25.828
467.902	120.936	19.936	25.484
468.808	121.789	20.051	25.092
470.715	123.033	19.241	24.399
471.086	122.328	19.777	24.008
471.996	121.123	19.337	24.644
472.901	119.640	19.688	26.154
473.559	119.880	20.011	23.994
474.641	119.204	19.914	23.730
475.172	130.815	21.058	29.342
473.396	145.751	23.813	25.983
477.672	167.383	20.615	25.139
478.333	178.703	20.492	24.630
479.305	179.513	20.674	23.118
