378.000	167.000	20.000	58.000
374.779	166.996	21.789	59.397
373.466	167.548	22.354	59.062
371.958	168.520	22.990	57.586
368.470	167.913	23.872	59.813
368.133	168.105	23.156	59.403
367.604	167.557	22.556	59.466
364.771	167.494	21.478	58.734
363.289	167.856	20.735	56.890
361.679	167.099	21.549	55.936
359.193	167.072	22.230	60.905
350.457	168.301	26.111	57.992
358.267	169.648	21.663	59.212
333.535	172.994	20.474	56.609
334.253	176.487	18.808	53.744
333.968	173.351	18.488	57.148
335.574	171.559	30.276	57.127
342.765	168.747	27.266	59.067
348.384	170.492	21.689	55.555
324.114	169.785	21.364	59.817
321.492	169.285	22.134	60.488
320.864	168.603	23.568	60.583
319.072	169.654	23.679	60.053
317.072	170.060	23.258	60.879
316.088	169.693	23.261	61.739
313.457	172.324	20.506	58.679
335.423	169.874	21.428	61.065
311.898	169.840	19.978	61.364
310.048	168.061	19.851	62.582
308.869	166.730	20.261	63.228
308.219	168.946	20.770	58.887
306.682	166.596	20.891	60.915
329.129	169.997	19.732	59.910
327.646	170.698	20.872	58.064
324.609	167.401	21.708	61.045
322.372	166.415	23.185	61.512
322.062	166.859	22.893	61.383
317.431	168.993	23.085	58.498
315.727	168.789	22.104	57.796
315.891	168.715	21.884	58.399
315.914	171.581	20.916	58.006
313.789	170.865	20.912	58.331
312.198	170.203	21.666	58.361
310.730	168.933	22.100	59.192
308.677	171.806	23.652	56.541
307.747	169.837	23.236	58.600
307.338	170.274	22.666	57.689
304.178	170.273	22.182	54.973
303.371	169.638	20.447	54.099
302.176	170.162	19.626	53.535
300.449	169.740	19.570	52.601
299.394	170.933	19.958	55.730
297.096	172.002	20.743	54.964
297.414	168.530	19.413	54.374
294.471	168.461	20.165	52.331
291.709	169.356	21.347	58.666
289.730	170.485	21.230	59.116
290.793	170.728	18.361	60.508
290.929	168.846	18.684	62.186
284.790	165.388	19.166	66.501
260.383	171.793	22.278	61.755
258.257	170.208	21.086	64.138
256.302	167.553	21.750	62.498
253.851	163.469	22.954	67.289
252.499	165.758	21.936	64.210
249.940	170.441	21.757	60.073
248.895	169.349	21.264	60.397
247.623	169.438	21.159	58.633
245.750	167.356	20.735	60.548
244.948	163.464	20.018	62.489
243.555	169.145	20.553	64.892
242.401	166.018	20.244	61.109
264.371	176.669	23.110	54.922
257.897	174.763	23.222	57.869
259.961	170.288	25.583	62.480
258.625	168.885	23.534	61.482
258.835	170.468	22.881	60.606
257.107	171.806	21.911	55.960
256.669	169.648	21.489	61.690
254.270	165.872	22.902	61.894
252.337	165.365	23.271	62.326
225.919	169.420	21.968	62.513
252.697	163.625	22.811	65.854
250.698	168.486	23.199	60.122
221.433	170.659	25.554	61.243
247.730	168.623	21.506	60.919
218.583	169.131	24.505	62.754
217.280	168.685	24.670	64.715
214.522	172.207	23.036	59.830
213.199	173.004	23.866	59.284
212.242	173.409	23.938	58.504
209.613	173.254	22.740	59.634
236.351	176.216	22.372	55.093
235.494	177.553	22.743	53.221
234.012	174.305	22.104	55.421
229.296	174.769	24.958	55.464
202.709	172.593	23.707	59.680
201.808	172.303	23.692	57.583
224.598	171.369	22.922	58.319
226.043	170.748	20.868	59.332
224.085	171.546	20.229	60.108
222.126	170.513	22.650	59.854
221.360	171.227	23.629	60.722
220.278	168.830	22.739	62.150
219.079	170.951	23.282	60.790
190.555	172.975	21.645	58.922
216.494	172.325	20.740	58.569
215.227	170.565	19.893	60.470
211.606	170.796	20.422	61.902
207.937	172.106	22.598	58.989
180.426	172.194	24.592	60.872
205.372	170.682	23.737	60.530
204.766	172.027	23.090	59.033
203.750	172.174	22.985	57.696
204.999	172.954	21.428	56.709
202.748	172.022	20.823	55.764
202.303	172.034	20.672	55.682
201.811	172.465	20.164	56.176
198.765	171.398	21.819	57.905
198.299	171.597	21.233	57.705
195.609	172.176	23.020	58.488
193.971	173.047	23.868	57.476
192.064	172.974	23.370	58.442
190.966	172.719	23.003	58.444
188.440	172.556	23.861	58.738
188.973	172.200	21.800	58.166
185.208	172.075	21.755	59.019
183.645	173.241	21.966	58.165
181.518	173.430	22.743	57.789
179.719	173.653	22.752	57.410
178.635	173.673	23.141	57.992
177.549	173.774	23.361	58.019
175.018	173.752	23.485	57.378
174.255	173.624	23.157	58.002
172.507	173.514	21.708	55.177
170.024	173.634	22.412	55.820
169.734	172.526	21.803	57.465
168.889	172.398	20.689	57.490
167.347	172.604	21.314	57.582
166.108	172.518	22.261	56.785
164.051	173.496	22.760	57.620
162.485	173.732	22.960	57.592
159.961	173.494	23.391	57.362
158.617	173.546	23.230	56.238
157.777	173.265	22.079	55.934
155.205	172.792	21.500	58.664
152.947	173.055	22.340	57.824
151.312	172.452	22.809	58.557
149.762	173.182	21.766	57.184
148.583	173.250	22.124	58.009
147.957	173.433	22.191	56.689
146.343	173.632	21.555	56.221
144.781	173.740	22.113	56.595
142.531	173.846	21.834	55.303
141.427	172.817	21.621	58.542
139.607	172.208	22.302	59.380
137.690	173.036	22.480	58.267
136.740	173.364	22.809	58.145
135.522	173.232	23.730	58.326
133.636	174.091	24.324	57.886
131.676	173.837	25.148	58.471
130.185	173.248	24.996	58.965
128.327	173.573	25.009	58.506
126.938	173.033	24.521	58.698
125.126	173.194	25.054	58.880
123.224	172.209	23.976	59.895
121.168	172.733	24.915	59.554
120.278	172.708	24.055	59.639
117.812	172.966	25.391	59.405
116.375	173.528	26.103	58.789
115.744	173.770	25.860	58.575
113.732	173.939	26.004	58.016
112.458	173.795	26.121	58.445
111.807	173.830	25.163	58.299
109.838	172.981	24.489	59.500
107.492	173.289	24.637	59.138
106.708	173.222	24.607	59.205
105.072	172.923	24.444	58.805
102.959	172.953	25.501	58.980
102.204	173.675	25.034	58.651
101.376	174.193	24.400	58.369
99.805	174.120	24.980	58.182
97.380	174.162	25.751	58.718
95.574	173.878	26.133	58.821
93.679	173.670	25.523	58.514
91.267	173.391	25.699	59.144
90.625	173.682	25.485	59.444
89.020	173.574	26.460	59.264
87.524	174.444	26.030	58.219
86.634	174.442	26.119	58.391
85.838	174.562	26.474	58.541
83.750	174.629	25.857	58.742
83.053	175.169	25.516	57.880
81.718	174.640	24.948	57.848
78.674	174.400	24.249	57.792
76.676	174.136	24.033	58.332
75.944	174.199	23.841	58.124
74.712	174.142	22.703	57.782
73.075	174.414	24.046	57.913
71.230	175.205	24.959	57.289
70.401	175.352	24.942	56.846
69.341	175.036	24.991	57.123
66.948	174.887	25.182	57.474
65.329	175.018	24.499	56.774
63.671	175.647	24.198	57.099
62.152	175.371	23.404	57.213
58.690	174.734	24.234	58.674
57.931	174.896	24.094	58.441
56.651	174.799	24.443	58.582
55.577	175.240	24.376	58.036
54.889	175.333	24.456	57.674
53.139	175.627	24.552	57.548
52.299	175.460	23.824	57.863
50.253	174.992	22.909	56.876
48.648	174.933	23.473	58.049
48.003	174.837	23.039	57.446
44.366	175.416	25.236	57.275
43.203	176.307	25.501	56.163
42.293	175.910	25.517	56.495
39.325	176.377	26.736	56.561
38.485	176.178	25.858	57.388
37.121	176.119	26.494	57.287
36.228	175.371	24.267	58.363
