171.000	218.000	100.000	122.000
158.267	215.796	104.089	125.995
143.471	217.230	107.948	120.733
127.245	216.231	104.822	121.458
112.158	215.866	104.737	116.421
101.026	214.574	105.938	117.553
91.004	213.879	104.731	119.161
86.553	214.657	104.463	118.930
76.282	214.164	104.990	119.975
59.430	214.762	108.143	117.733
47.397	212.125	102.933	119.391
34.319	210.685	100.330	118.894
21.518	210.180	96.342	119.449
11.026	209.244	94.089	119.396
29.599	208.729	88.937	116.736
46.417	204.224	79.355	117.011
59.541	204.803	71.875	114.736
78.444	201.461	68.337	116.049
92.808	200.487	65.368	114.228
106.120	196.406	61.868	114.793
122.466	195.174	63.225	114.355
141.204	192.294	61.114	113.616
156.907	190.007	64.488	111.751
166.550	190.751	65.858	110.434
182.359	190.219	75.155	109.046
197.091	187.835	71.882	107.139
214.874	187.377	71.676	106.739
232.371	185.038	70.758	107.327
256.445	182.657	68.961	105.706
273.645	181.833	68.153	104.618
287.007	178.756	71.851	103.380
308.837	177.437	70.246	102.807
325.838	175.178	68.751	102.699
347.683	174.329	70.061	101.469
365.707	172.190	69.474	101.102
380.544	168.460	64.472	102.617
399.443	168.892	65.677	102.829
420.976	166.876	59.817	102.011
440.029	165.194	60.378	101.457
466.469	162.097	55.286	102.884
493.358	160.522	54.036	100.477
513.085	160.586	54.115	99.285
530.979	157.278	53.571	99.992
529.047	157.431	49.905	98.017
521.135	157.957	52.661	96.753
514.712	156.310	51.564	96.400
504.166	155.561	54.161	95.723
499.425	154.039	52.337	94.445
492.497	153.509	53.876	94.200
488.327	152.260	53.896	93.703
504.883	151.218	52.858	91.758
524.275	149.607	54.246	94.302
546.620	148.721	50.500	93.461
569.349	146.822	48.837	92.663
563.713	145.273	47.424	95.041
555.726	143.631	49.819	92.873
550.405	144.304	50.914	93.538
546.939	144.495	48.237	91.329
541.107	141.664	47.933	91.749
537.080	141.562	46.216	92.291
531.928	142.168	46.980	89.298
527.764	139.689	45.123	90.306
523.529	138.159	45.455	92.691
517.052	132.958	47.652	94.681
512.965	132.198	47.435	92.517
509.751	132.020	45.694	90.170
503.285	131.405	46.080	93.414
497.971	131.313	48.631	91.976
493.901	130.494	49.251	91.353
489.129	128.388	50.786	93.604
482.741	127.944	47.193	94.388
479.090	126.640	46.350	90.539
478.372	126.037	45.073	89.921
473.210	126.995	44.843	89.338
468.216	125.745	45.966	91.188
463.591	126.685	47.269	90.254
463.863	126.432	44.537	87.384
463.468	126.410	39.857	90.827
460.704	126.116	41.493	88.098
456.952	125.463	43.563	84.485
452.932	126.420	42.442	84.803
451.399	125.834	42.563	80.538
449.459	124.961	42.172	82.882
448.782	123.570	44.396	82.951
477.316	121.321	42.968	85.483
496.738	119.608	42.600	84.954
512.953	118.881	44.540	85.784
534.452	118.137	42.324	85.777
536.898	116.832	41.739	85.225
533.658	117.100	41.746	85.813
530.184	115.932	38.805	85.027
523.905	114.240	40.770	85.864
514.898	115.648	44.291	84.145
511.090	114.919	43.536	82.834
502.838	113.651	42.562	82.475
498.053	114.059	44.015	80.135
495.572	114.240	41.342	77.905
492.541	112.434	40.551	77.944
498.301	108.655	43.776	81.868
522.253	108.451	49.539	80.101
549.483	106.201	45.385	86.028
579.639	106.400	42.146	83.089
576.298	106.258	40.312	74.032
575.712	105.865	36.561	73.042
573.895	105.112	32.833	73.872
572.781	103.235	31.076	71.943
571.575	101.989	30.487	72.767
569.620	101.232	30.812	73.295
568.045	101.065	30.497	72.723
566.459	104.313	30.080	67.653
563.249	106.012	31.743	66.070
557.252	99.592	32.209	70.767
551.922	99.114	31.273	70.632
549.787	97.328	30.737	72.028
546.620	98.631	30.545	71.474
541.991	98.634	32.979	68.767
537.113	93.743	35.370	72.784
533.829	92.605	34.687	75.196
528.833	90.852	31.669	71.048
524.684	92.715	33.116	68.624
521.078	93.177	33.847	67.885
516.510	91.900	33.165	68.282
497.220	89.171	29.701	65.181
496.194	88.628	30.786	64.860
493.966	88.572	29.101	63.221
490.403	87.670	28.428	63.376
487.021	86.482	27.957	63.384
481.593	85.913	28.816	62.521
478.711	85.620	28.930	61.705
476.296	84.818	28.835	61.595
473.034	85.025	29.656	61.746
471.103	84.402	28.820	62.134
464.783	82.868	30.711	63.845
462.778	82.534	29.964	63.201
456.791	81.083	31.830	63.542
452.310	81.413	32.960	60.324
446.456	80.517	35.264	60.748
442.439	79.652	33.914	59.767
439.236	80.028	33.147	59.605
435.001	78.542	31.053	61.233
429.814	77.909	30.994	59.130
426.388	77.367	29.837	57.496
423.263	77.145	28.180	56.974
419.246	76.219	28.414	57.753
416.059	75.689	27.381	57.367
412.766	75.694	27.596	55.804
409.390	75.850	27.563	56.134
406.232	75.094	27.726	56.233
404.298	74.780	27.017	55.855
401.435	74.478	26.253	55.906
399.161	73.954	25.683	54.661
398.206	73.555	25.480	55.837
396.063	73.377	24.617	54.487
394.204	73.049	24.255	53.606
392.368	73.104	23.816	53.138
389.176	72.896	24.566	53.663
384.076	70.506	25.420	53.960
382.440	70.349	24.549	53.331
377.294	69.562	25.150	53.195
375.830	68.734	25.110	52.850
373.425	69.194	26.259	52.226
370.654	68.598	25.058	51.916
367.613	68.464	25.572	51.319
365.439	67.990	24.320	51.462
364.184	67.762	23.948	50.892
361.755	67.533	23.265	50.200
360.250	67.195	22.797	49.494
358.430	66.466	22.760	50.018
356.665	66.102	22.967	50.107
356.513	65.480	21.913	50.423
355.752	65.333	21.564	49.962
354.658	65.015	20.674	49.938
351.597	64.152	21.114	50.046
349.262	64.008	23.110	49.279
346.299	64.916	23.817	49.472
