176.000	113.000	46.000	35.000
177.149	114.133	45.155	33.616
178.084	114.152	44.460	33.923
178.146	114.206	45.305	34.291
180.280	114.690	42.891	34.470
180.276	114.724	42.926	34.349
180.340	115.054	42.978	34.539
180.827	115.312	42.898	34.812
181.085	115.316	42.405	35.503
181.577	115.923	42.289	35.298
181.831	116.408	42.716	35.659
181.859	116.615	43.202	35.684
182.756	117.228	42.412	35.843
181.778	117.182	43.812	36.644
181.973	117.943	43.663	36.321
182.044	118.531	43.754	36.458
181.885	118.716	43.693	37.250
181.317	119.378	44.792	37.300
181.200	119.401	44.756	37.061
182.018	119.861	43.940	37.435
182.214	120.214	44.353	37.974
181.923	120.828	44.677	38.159
181.711	121.329	44.933	38.513
181.563	121.656	45.257	38.230
181.921	122.079	45.036	38.667
181.282	122.142	46.128	38.601
180.688	122.191	46.831	38.863
180.905	122.923	46.716	38.997
181.182	122.966	46.463	39.465
180.829	123.267	47.241	39.675
181.346	123.829	46.948	39.838
181.095	124.318	47.280	39.816
181.563	124.679	46.589	39.581
181.095	125.242	47.070	39.893
180.587	125.377	47.684	39.691
180.295	125.458	47.999	40.294
180.337	125.367	47.866	40.433
178.705	125.898	49.521	40.914
179.327	126.456	49.329	41.048
179.623	126.452	48.684	41.558
180.159	126.956	48.477	41.797
180.693	127.823	47.980	41.325
179.942	128.549	48.985	41.529
180.013	128.801	48.722	41.880
180.183	129.649	48.889	41.416
180.330	130.283	48.376	41.582
180.111	130.803	49.022	41.322
180.524	130.846	48.977	42.046
179.889	131.441	49.693	41.750
179.982	131.732	49.958	41.958
179.907	132.012	50.067	41.789
179.309	132.517	50.760	42.064
179.099	132.791	50.988	41.879
178.982	133.445	51.353	41.873
178.635	133.764	51.854	41.826
178.853	133.411	52.287	42.383
178.959	133.665	52.039	42.741
178.363	135.336	53.149	42.090
179.128	135.416	52.716	41.885
178.867	135.701	53.021	42.678
178.877	136.036	53.526	43.013
179.144	135.745	53.725	42.928
178.131	136.007	55.316	44.084
178.615	136.112	54.640	43.614
177.595	136.353	57.030	44.554
176.971	136.726	58.176	45.306
177.492	136.408	58.267	45.687
177.397	136.709	58.151	45.887
177.120	137.342	59.213	45.855
177.204	136.398	59.938	46.876
176.835	137.427	60.561	47.253
177.124	138.041	60.950	47.475
178.596	139.609	59.817	45.738
179.638	139.581	59.179	46.868
181.456	139.504	58.518	47.494
181.423	141.132	59.060	46.893
182.719	141.214	58.326	47.747
183.086	142.089	58.724	47.494
183.568	142.580	58.513	47.742
185.137	143.490	58.069	47.760
186.088	145.132	57.394	47.085
186.447	145.190	58.114	47.615
187.171	146.493	57.631	47.077
187.574	147.450	59.204	47.862
188.179	148.097	59.300	48.418
188.564	149.981	60.389	48.298
188.882	150.091	60.434	49.043
189.976	151.053	60.500	49.278
190.815	151.950	61.116	49.938
191.088	152.305	60.884	49.938
191.722	151.946	60.957	51.131
191.569	152.341	61.676	51.235
192.249	153.506	61.819	51.066
192.604	153.430	61.582	51.591
193.004	154.199	61.935	51.886
194.254	155.048	60.943	50.932
194.485	154.689	61.989	52.509
195.380	155.337	61.202	52.493
195.707	156.085	62.042	53.056
196.024	156.476	62.211	53.506
196.547	157.225	62.326	53.559
197.101	157.807	62.888	54.012
197.840	158.110	62.257	54.348
198.004	158.947	62.799	54.410
198.591	159.441	62.762	54.161
199.440	160.335	63.013	54.196
199.612	160.542	63.247	54.229
200.303	161.299	63.383	54.448
200.802	162.226	63.884	54.656
201.442	162.785	63.558	54.655
201.725	163.728	64.733	54.924
202.016	164.649	65.134	54.904
202.962	165.117	64.782	55.423
202.797	166.085	65.546	55.035
203.814	166.150	65.522	56.117
204.471	166.891	66.100	56.023
204.420	167.017	66.829	56.708
205.546	167.447	66.434	57.448
205.948	167.814	66.531	57.770
206.482	168.268	67.519	58.327
206.579	169.119	67.801	57.817
207.223	170.182	68.317	57.719
207.987	170.569	67.806	58.599
208.184	170.614	68.059	59.210
208.600	172.104	69.828	58.919
209.949	172.446	68.422	59.149
209.746	173.466	69.999	59.556
210.664	173.489	70.201	60.688
211.430	174.186	69.766	61.354
211.380	174.903	71.057	61.850
211.587	175.324	71.130	62.151
211.928	176.356	72.391	62.585
212.312	177.100	72.091	62.514
212.917	178.292	72.987	63.039
213.991	179.687	73.015	62.983
214.701	180.016	72.604	63.666
214.925	181.689	73.365	63.735
215.110	182.154	73.816	63.849
216.101	183.171	73.920	64.855
216.361	184.370	75.351	65.390
216.759	185.298	75.620	65.428
217.240	186.413	76.087	65.822
218.204	186.945	76.451	67.413
218.910	188.495	77.134	67.728
219.457	189.365	77.222	67.846
219.798	189.080	78.199	69.684
220.343	189.864	78.243	69.491
221.182	191.432	78.901	70.221
221.530	191.798	79.607	70.603
222.666	193.627	79.853	71.151
222.968	193.886	80.712	71.900
223.400	194.710	80.909	71.694
223.711	196.575	81.989	72.177
224.431	196.675	82.293	73.122
225.783	198.038	82.501	74.408
226.324	199.288	83.237	73.737
226.984	200.632	84.737	74.702
227.841	201.330	84.885	75.551
228.415	202.179	85.349	75.585
229.316	203.763	86.201	76.304
230.410	204.044	86.985	77.461
231.641	205.823	87.634	78.240
232.054	206.712	88.582	78.627
233.762	209.149	88.823	79.051
234.577	210.290	89.601	79.102
236.208	211.799	89.865	80.482
237.011	212.809	90.595	80.363
238.652	214.922	91.290	81.839
239.411	215.397	91.807	82.712
240.257	216.078	93.022	83.448
241.746	218.374	94.682	84.562
243.214	220.828	95.984	84.940
244.667	221.637	95.574	85.737
245.953	222.947	97.232	88.188
246.927	224.144	97.389	88.354
247.573	225.210	98.827	89.275
249.415	228.601	100.080	89.484
250.245	229.191	100.621	90.831
252.137	232.540	102.204	90.874
253.520	233.830	101.596	92.030
254.955	237.599	103.884	91.522
256.374	238.757	104.553	93.011
258.377	241.327	105.767	94.874
259.347	242.348	106.511	95.674
261.306	246.184	108.127	96.122
262.947	247.047	108.667	97.892
264.238	250.216	110.568	99.249
265.791	252.412	111.704	99.910
268.349	255.401	113.013	100.842
269.556	256.446	112.914	103.204
271.253	260.937	116.088	102.442
273.236	262.568	116.100	104.833
275.560	265.490	117.962	106.239
277.043	266.351	118.563	108.507
279.163	270.713	120.611	108.708
281.122	271.953	121.098	110.729
283.083	275.806	124.139	111.770
284.910	278.399	124.789	112.645
287.385	281.870	127.074	114.730
289.253	284.501	128.061	115.149
291.941	288.920	130.019	115.796
293.653	290.733	130.576	118.236
296.501	295.376	132.695	118.983
298.174	298.238	134.254	120.260
301.521	302.063	136.150	122.253
302.935	304.245	138.170	124.114
305.462	309.625	141.104	125.208
307.533	312.061	142.928	126.943
310.340	316.938	145.348	128.215
312.809	319.445	145.837	128.979
315.408	324.560	148.560	129.067
