287.000	229.000	112.000	93.000
288.463	227.218	112.144	93.509
289.350	226.884	112.583	93.458
290.294	226.091	112.950	93.041
291.572	225.942	113.538	91.468
292.056	225.346	113.986	90.837
292.300	225.193	115.043	91.001
293.401	224.549	115.348	89.930
293.569	224.487	115.899	89.399
294.094	223.824	116.769	89.876
294.593	223.200	117.686	89.435
295.306	222.934	118.790	89.074
296.141	222.498	119.000	88.193
298.051	221.688	118.875	87.700
298.026	221.501	121.105	87.501
298.154	220.189	122.884	88.409
299.772	220.022	122.851	87.375
299.557	219.474	124.172	87.181
300.884	219.221	127.374	86.583
301.319	218.511	126.939	87.011
302.394	217.243	129.418	87.318
303.144	217.608	130.548	86.806
304.123	216.712	132.514	86.255
304.990	217.091	133.242	86.233
306.846	216.710	134.843	86.067
307.116	215.745	135.975	86.603
308.094	215.343	137.776	86.861
309.364	214.716	139.930	87.010
308.852	214.911	141.935	86.035
311.329	213.864	143.861	87.056
311.470	214.185	145.976	85.952
313.497	213.619	147.808	86.600
314.338	213.130	147.743	86.817
316.871	212.773	149.429	86.958
317.664	212.769	150.414	85.915
317.947	213.626	152.624	84.605
321.359	212.825	151.412	85.048
322.101	212.054	153.697	85.081
323.521	212.153	155.474	84.617
324.991	211.545	157.081	84.610
326.496	210.416	157.361	85.547
328.333	209.860	159.266	85.770
329.789	210.122	160.307	84.760
331.482	209.448	162.592	85.201
333.114	209.552	162.987	84.534
334.809	208.108	165.158	85.777
336.532	207.556	168.719	85.618
338.401	207.932	168.964	85.555
340.609	207.735	171.703	85.448
341.731	207.862	175.205	84.830
344.563	206.261	176.947	86.855
347.410	205.570	178.292	86.930
349.214	204.888	179.154	87.066
351.400	204.187	180.475	87.740
353.392	203.512	182.705	87.276
355.243	202.330	182.617	88.835
357.150	202.073	184.591	88.671
357.729	201.935	185.896	88.392
361.467	202.245	185.976	87.926
362.875	201.831	188.699	87.664
364.892	201.414	189.025	88.390
366.925	201.293	190.990	87.927
370.056	201.303	190.911	86.999
371.138	200.973	192.266	87.444
374.081	201.008	193.700	87.187
375.736	200.631	194.837	87.169
379.685	199.953	195.019	88.060
378.773	199.921	197.589	87.652
383.251	200.261	197.018	87.525
381.622	201.721	198.812	85.745
351.848	203.412	204.648	84.912
342.156	200.994	196.936	84.198
309.220	203.520	207.610	84.708
271.495	202.124	202.900	84.203
224.893	202.499	208.247	84.848
200.943	201.294	211.580	86.574
175.684	201.983	205.940	85.470
182.213	202.086	207.346	84.860
183.431	201.690	207.163	84.177
190.384	203.961	206.613	83.386
192.341	200.796	207.974	86.981
195.038	202.100	209.602	84.930
195.902	201.023	212.539	85.872
199.868	201.125	211.881	85.602
200.147	199.928	212.511	86.755
206.289	199.093	213.000	87.931
205.052	199.610	216.244	86.956
208.073	198.623	219.240	87.621
213.378	196.817	217.720	88.203
212.253	197.210	219.573	88.643
217.223	195.224	219.239	89.225
219.116	197.715	219.149	87.243
223.696	195.202	217.231	89.895
225.789	196.084	218.037	88.572
229.700	195.939	219.271	88.170
231.285	196.260	219.952	88.025
236.574	195.802	220.750	87.817
236.599	196.078	222.172	88.543
241.356	194.682	220.529	89.794
241.179	195.345	223.783	88.247
246.111	196.021	222.764	87.359
240.992	196.749	224.041	86.135
208.987	197.397	221.604	84.991
168.057	197.756	221.622	85.766
144.597	198.081	231.121	83.928
104.427	199.939	224.862	82.557
70.543	200.317	221.609	83.928
73.075	197.205	224.140	84.748
73.721	200.224	225.775	82.188
75.112	198.942	227.686	84.094
79.502	197.372	231.687	86.652
82.296	199.014	224.202	85.827
86.267	196.152	228.328	87.738
90.033	198.024	219.215	86.003
93.809	195.548	228.083	87.576
97.631	197.591	224.892	87.094
101.511	196.931	228.267	87.364
106.926	197.482	224.861	84.410
109.410	196.640	226.557	86.519
112.955	195.244	231.330	86.970
115.552	195.772	229.630	86.949
119.725	195.048	227.093	86.801
122.961	195.313	228.197	86.682
128.165	195.313	225.511	85.265
131.418	195.073	224.967	85.159
136.615	194.963	219.887	85.834
141.664	194.065	218.236	86.706
142.117	195.088	220.955	85.876
149.050	193.844	218.875	87.151
153.934	193.400	217.573	86.626
154.967	193.367	219.516	86.940
162.202	192.710	218.574	87.689
162.345	192.820	220.441	86.442
165.089	192.670	223.315	87.051
172.369	191.565	220.801	87.481
174.672	190.172	225.304	87.892
177.107	191.116	225.558	86.967
184.064	190.757	224.157	87.437
191.182	189.977	223.293	87.886
192.152	189.789	224.643	87.194
197.990	185.260	226.088	91.833
196.736	187.695	228.790	88.314
202.983	186.514	229.051	89.815
202.323	186.268	234.390	90.060
201.697	186.625	238.496	89.707
200.740	183.301	240.071	92.356
202.652	186.105	243.041	89.181
196.576	185.301	261.654	85.658
197.695	186.534	271.294	87.428
207.741	187.102	273.230	85.406
194.586	187.447	296.532	84.753
198.099	187.836	300.961	82.170
204.306	188.529	296.949	82.854
200.463	188.069	311.872	81.715
208.222	190.001	319.266	79.647
197.292	187.489	324.216	85.048
196.856	187.625	337.187	85.336
182.099	189.868	347.362	83.750
180.707	191.357	311.816	82.220
147.356	188.583	304.731	80.974
92.060	192.749	344.292	81.834
165.200	188.710	256.114	83.834
180.500	185.401	248.729	89.972
185.372	184.471	260.268	89.340
206.754	187.208	236.964	86.132
223.573	188.584	227.477	83.229
223.627	186.639	227.925	86.657
235.118	184.091	220.150	88.916
244.921	184.878	213.518	90.569
253.992	182.771	215.322	93.069
266.979	183.881	196.616	94.842
275.407	182.059	204.598	92.365
284.115	185.246	218.549	88.894
292.440	178.777	197.425	95.296
297.635	181.202	235.527	92.067
318.155	169.421	217.342	109.884
326.588	174.693	227.091	100.719
342.391	174.321	232.860	102.382
348.758	174.276	217.175	99.713
360.398	182.184	238.309	90.176
360.570	182.826	230.751	86.301
319.244	179.860	229.410	89.495
294.625	184.644	221.396	86.934
301.236	185.861	220.979	80.928
313.894	181.521	224.769	82.810
322.501	178.325	214.462	94.102
334.780	180.599	212.224	86.125
352.096	181.777	200.653	89.436
345.169	178.968	222.302	90.818
363.066	182.220	210.623	85.692
348.668	177.942	232.958	94.159
345.036	172.307	215.954	97.524
304.101	177.804	236.647	95.225
271.984	175.726	224.668	91.981
252.295	165.743	233.550	105.107
205.165	175.379	239.816	99.755
200.241	171.228	214.310	93.193
169.104	172.433	234.545	97.174
131.624	177.796	252.110	94.209
103.928	172.283	242.835	91.458
88.841	164.688	236.952	107.767
57.698	160.017	241.285	105.595
25.968	166.214	237.256	103.408
10.373	163.538	238.033	104.179
1.266	162.712	217.318	104.722
0.000	169.458	193.347	100.377
0.000	168.983	191.750	97.619
0.000	173.823	205.028	93.958
0.000	174.241	221.830	93.141
0.726	172.898	221.047	95.234
1.537	166.567	224.392	106.701
13.948	167.752	221.363	102.884
31.987	168.558	209.869	108.509
33.074	167.475	227.645	105.204
42.217	170.963	249.575	105.459
56.570	164.618	243.024	101.667
64.851	164.685	228.063	108.507
79.135	164.358	235.742	105.621
100.390	166.288	231.046	103.707
116.834	165.114	235.602	100.459
131.621	164.869	220.129	101.922
140.443	167.343	232.521	98.783
156.187	165.948	251.028	98.845
172.326	163.161	246.613	97.830
190.558	165.239	235.582	99.227
203.539	164.437	221.559	105.139
217.891	161.954	222.798	103.329
224.673	160.989	224.716	108.539
230.741	161.265	230.665	103.383
243.615	159.600	225.424	103.529
215.561	161.943	239.172	100.815
