243.000	290.000	197.000	73.000
234.849	292.627	192.612	72.682
225.054	293.137	202.630	74.282
225.060	292.879	199.421	73.426
215.513	292.317	200.196	74.769
209.104	293.450	200.770	73.412
210.954	293.609	197.140	73.546
214.569	292.811	195.639	74.316
202.513	291.612	200.151	75.079
200.751	290.779	193.044	76.461
198.467	293.195	194.650	73.900
198.062	291.890	192.575	75.229
191.930	292.994	192.560	73.999
181.220	293.239	194.302	73.655
187.002	292.737	199.552	73.561
184.024	292.406	192.379	74.882
177.412	291.648	194.167	75.546
170.235	291.139	188.454	75.393
169.827	291.771	190.698	74.739
165.381	290.437	191.388	75.547
160.882	290.759	188.306	74.511
161.800	291.878	189.636	73.763
159.539	290.006	185.950	75.241
153.094	291.364	191.336	74.103
149.943	289.974	181.726	75.638
145.095	288.710	183.951	76.943
147.480	288.937	183.204	76.561
149.563	287.962	181.800	78.215
143.906	288.341	178.874	76.208
137.305	288.257	174.079	78.175
137.624	288.412	175.166	78.386
133.221	288.743	169.489	76.186
127.117	287.755	168.064	78.662
132.056	289.069	168.531	77.011
131.898	286.496	166.815	79.900
125.129	286.844	165.642	80.195
120.519	291.243	164.243	73.873
124.568	287.776	160.227	78.830
124.470	285.719	158.001	80.758
114.941	286.212	158.415	81.812
117.721	288.325	154.655	79.094
122.137	287.245	150.715	79.124
123.737	285.487	150.997	79.073
129.140	286.495	147.872	78.567
120.365	286.908	150.383	80.553
116.863	288.269	145.882	78.291
120.980	288.290	140.944	78.347
125.341	286.030	142.881	81.297
116.204	287.900	144.070	79.876
110.560	287.635	143.864	78.617
115.534	286.777	138.182	81.126
120.962	287.492	141.446	77.699
118.637	288.919	138.149	79.632
111.582	288.868	136.727	77.799
108.836	288.863	139.781	77.196
111.100	286.389	137.826	78.599
116.911	288.344	133.920	78.443
111.320	288.943	139.075	76.412
106.318	288.370	138.103	77.874
104.781	286.941	137.392	79.655
116.716	286.188	134.171	80.332
112.297	286.844	139.282	80.182
107.023	288.363	138.258	78.099
102.061	287.932	137.256	78.174
108.115	286.844	132.146	79.309
110.548	288.761	135.997	78.650
112.842	286.534	141.494	79.574
124.205	287.648	129.628	79.498
121.043	288.466	133.912	77.845
114.650	288.673	137.186	77.365
114.039	283.815	139.032	84.878
121.612	286.055	131.608	82.871
120.622	285.225	136.649	83.373
116.945	286.858	134.896	81.139
114.304	286.390	134.431	81.432
118.063	285.376	132.775	82.933
123.550	286.960	133.175	79.938
118.324	286.319	133.861	79.173
112.438	285.720	136.735	80.091
120.503	286.109	133.505	81.436
123.647	287.548	131.812	79.108
122.304	287.275	132.581	80.405
117.339	286.926	133.271	79.631
113.209	287.950	138.149	77.407
123.392	287.514	132.760	78.691
121.509	289.377	132.881	76.841
118.706	289.122	132.382	76.223
114.857	290.031	132.901	74.687
122.169	288.737	132.040	77.808
124.406	287.654	132.207	79.020
121.650	287.983	136.682	77.340
118.122	287.998	136.976	77.971
115.869	287.825	134.699	79.247
120.732	287.858	131.319	79.021
124.155	287.296	131.521	78.479
119.255	287.870	134.451	78.258
114.826	285.883	135.619	81.353
113.989	288.053	135.086	79.141
124.435	287.008	132.267	79.370
122.886	286.484	134.127	79.462
121.328	287.543	133.027	79.612
114.168	287.154	135.342	80.862
116.476	286.140	135.991	81.382
123.378	285.593	131.997	81.260
121.733	288.036	134.233	79.495
116.830	288.075	135.550	79.578
114.664	290.237	132.235	77.311
122.681	287.122	131.338	81.409
121.965	287.523	135.395	80.672
118.786	287.034	132.927	80.385
115.685	289.401	134.670	78.113
120.244	288.216	133.625	80.522
123.666	287.836	133.012	79.232
121.859	285.995	134.285	81.741
118.001	286.442	131.482	82.488
125.079	286.383	131.883	82.479
127.962	286.278	132.844	82.367
124.071	288.771	132.848	78.766
120.927	285.602	133.500	82.447
119.303	287.376	133.378	78.142
128.307	285.145	132.746	82.406
128.839	288.412	131.523	79.188
118.507	287.221	132.436	78.754
123.645	286.093	134.340	82.110
130.971	288.351	128.602	78.711
131.490	289.469	129.137	76.897
126.533	288.711	131.918	77.324
123.429	287.292	129.934	76.364
125.448	288.575	131.134	76.885
133.397	287.239	131.741	77.654
133.083	288.281	131.774	76.364
125.346	287.181	132.910	76.628
124.202	289.326	134.909	76.460
134.498	287.561	133.845	80.027
134.996	289.887	134.156	76.218
131.597	288.751	136.361	77.167
124.362	288.447	139.258	78.655
134.496	289.821	138.812	77.251
135.126	290.665	136.047	76.389
129.875	288.360	139.368	78.962
124.648	288.330	141.884	78.340
136.402	288.887	139.999	78.689
134.681	288.044	141.362	80.596
129.246	288.278	142.519	79.189
130.030	288.033	142.905	79.975
140.839	290.251	141.048	78.502
139.158	288.278	141.145	80.385
132.510	288.856	144.010	81.505
137.564	290.633	144.832	78.815
143.482	288.846	141.331	80.020
138.216	289.387	145.652	79.855
138.331	288.713	142.511	79.290
142.513	292.161	139.964	77.579
149.040	289.679	140.386	79.257
144.740	293.304	141.062	75.529
142.735	294.147	140.864	76.854
147.942	292.757	137.720	77.596
158.650	294.196	135.025	77.063
154.147	293.074	139.737	78.799
149.774	295.652	138.027	75.661
151.748	295.337	138.823	76.773
158.455	295.716	136.442	77.029
163.979	296.130	131.307	77.648
161.075	297.459	134.146	76.659
157.455	296.087	135.020	78.799
160.421	296.197	138.068	78.655
168.722	297.463	131.834	78.213
168.589	297.573	132.604	77.021
161.484	297.355	134.653	78.423
162.136	296.543	133.333	79.570
168.253	297.230	130.272	79.022
175.613	297.204	129.094	78.918
173.624	298.228	130.239	77.406
165.959	298.182	131.719	77.810
167.115	295.790	132.581	81.319
172.566	298.364	131.250	79.874
174.756	297.542	131.366	80.836
171.694	298.923	129.694	78.986
168.584	298.873	132.796	80.079
176.475	299.625	126.654	80.972
178.793	299.788	127.856	79.957
177.571	299.194	125.335	82.016
173.509	298.877	125.070	82.713
181.475	300.225	120.241	82.533
184.149	300.373	122.659	82.787
179.894	301.205	127.442	80.148
178.983	298.647	122.080	87.177
177.834	301.810	119.731	83.273
185.003	301.668	121.916	84.141
188.169	302.331	115.826	85.506
183.236	300.901	119.024	89.037
181.777	303.050	116.071	85.956
189.570	304.299	115.006	85.379
191.623	304.511	115.683	85.470
188.576	302.392	111.605	90.333
182.222	305.815	118.343	85.611
185.158	305.087	118.531	87.173
192.530	304.765	117.236	87.275
190.479	307.411	118.986	83.843
178.297	307.115	124.140	87.420
178.145	306.819	127.667	88.324
182.329	307.932	126.756	88.636
182.138	308.016	128.267	87.706
180.908	308.135	127.034	87.882
173.917	309.077	127.905	85.818
177.096	308.967	127.051	87.839
184.160	309.176	124.297	88.380
179.682	308.175	130.162	89.964
172.160	307.084	131.476	92.655
171.492	309.065	128.349	91.355
173.389	310.460	135.397	87.639
173.023	309.764	136.774	90.809
170.328	309.367	135.672	91.106
166.553	310.594	133.651	90.211
166.237	312.870	138.817	89.150
171.200	312.812	133.272	87.475
171.454	312.254	134.661	89.160
153.788	311.860	145.822	90.340
164.331	315.661	134.709	87.408
166.876	314.437	136.533	91.382
166.347	316.556	137.457	86.961
165.410	314.792	136.474	90.557
159.699	314.292	132.683	92.838
158.641	316.434	137.015	90.811
165.661	320.047	132.698	86.912
158.597	321.128	133.349	85.539
158.606	321.364	128.362	85.422
160.760	319.689	125.827	92.708
163.255	322.404	126.642	86.580
163.470	323.537	127.272	88.869
162.419	323.143	123.851	87.352
159.631	324.251	121.582	94.486
160.448	324.338	124.569	89.005
161.931	326.938	126.022	87.941
158.507	325.120	126.036	91.880
152.344	325.290	129.891	88.579
154.077	329.186	126.647	87.373
159.195	329.731	125.052	88.089
160.574	328.697	123.325	94.005
147.397	329.657	130.996	90.453
148.786	331.186	125.767	87.261
151.114	333.099	128.842	88.169
149.506	333.888	129.166	86.160
142.024	334.995	135.081	87.658
143.994	336.425	131.244	88.594
146.046	339.644	131.307	81.498
147.635	339.067	128.251	86.468
133.876	341.291	137.219	85.092
136.895	340.705	131.290	86.539
139.735	343.344	130.308	87.630
142.901	343.982	127.540	87.584
139.631	344.918	127.487	85.337
130.989	346.241	130.763	89.373
135.918	346.863	127.283	87.973
138.241	347.986	129.818	90.498
137.586	347.593	126.467	88.597
123.433	353.690	129.896	89.802
107.550	358.014	127.410	89.313
96.942	363.248	130.930	84.106
94.986	362.196	128.203	89.367
98.571	364.674	126.840	86.065
102.182	369.328	127.525	83.675
98.334	368.796	125.086	86.537
95.414	370.540	126.416	85.036
98.465	370.951	127.956	86.402
101.831	376.250	127.275	81.425
95.927	376.450	128.876	82.143
