294.000	112.000	38.000	46.000
297.077	110.137	32.055	50.556
295.733	110.623	32.929	50.592
294.028	110.822	34.144	50.854
291.477	111.389	34.129	50.803
290.668	111.681	34.261	50.828
288.853	112.169	35.076	50.642
287.538	112.120	34.716	51.533
284.569	112.024	35.932	52.406
283.590	112.241	36.517	52.889
282.301	112.723	37.842	52.380
279.595	113.225	37.093	52.603
278.002	113.101	38.580	53.409
277.034	112.963	39.019	53.919
273.701	113.533	38.815	54.155
272.214	113.492	38.375	54.165
271.167	113.553	38.581	54.753
268.427	114.402	38.520	53.974
267.335	114.215	39.318	54.541
266.158	114.469	38.739	54.929
262.475	115.112	38.772	54.943
261.336	115.042	39.998	55.281
257.984	115.664	41.070	55.261
257.195	115.516	41.004	55.823
255.859	115.501	41.271	56.279
254.602	116.243	40.831	55.876
251.241	116.390	41.344	56.521
248.122	117.229	41.136	56.549
247.013	117.380	42.609	57.002
243.114	117.788	43.204	57.296
241.630	117.870	43.302	57.465
240.194	117.723	43.294	58.138
238.073	118.081	44.412	57.948
235.300	118.546	43.861	58.207
233.983	118.725	43.871	58.505
232.394	118.827	44.500	59.090
228.737	120.057	42.901	57.743
227.292	119.192	44.539	59.103
225.929	118.900	53.881	60.102
239.389	118.202	56.430	61.747
283.473	119.542	55.432	60.415
299.855	121.004	53.565	61.427
298.657	118.851	51.689	61.283
296.955	121.796	48.744	60.138
294.394	121.005	45.878	61.106
292.387	122.237	43.979	61.676
290.345	121.595	44.916	61.654
290.598	123.337	44.703	61.818
285.980	122.910	45.996	61.749
284.195	123.168	47.216	62.157
282.250	122.070	48.808	63.577
279.837	123.669	46.777	63.420
278.202	124.202	46.650	63.218
274.946	125.120	50.561	62.960
273.510	124.359	50.236	64.519
269.565	126.209	48.273	63.747
268.502	125.524	49.565	64.691
264.159	127.008	49.553	64.943
259.609	127.831	49.573	65.107
259.518	128.319	50.107	64.947
256.249	128.268	51.045	66.100
252.909	128.547	51.896	66.758
249.891	129.833	49.799	67.060
247.583	129.259	52.385	67.817
244.694	129.504	52.439	68.523
242.586	130.195	51.566	68.404
239.140	129.829	56.279	70.053
239.739	129.523	61.643	71.086
261.199	129.283	71.613	72.284
299.020	128.273	69.957	74.323
312.551	128.366	74.418	77.053
322.401	127.684	72.111	78.857
323.334	132.061	64.586	74.015
321.818	132.546	57.454	73.732
319.815	131.254	72.420	75.468
317.203	131.430	71.366	77.962
315.372	131.093	72.630	78.388
310.507	131.522	74.119	78.993
312.381	131.747	72.237	79.461
307.875	132.709	72.900	80.468
305.675	132.612	72.728	81.523
303.426	133.715	74.590	81.556
303.409	133.581	72.316	81.780
300.014	134.267	73.303	83.494
298.728	134.028	73.222	83.405
297.348	134.742	72.989	84.865
294.260	135.467	73.399	85.819
292.578	137.302	73.255	84.263
291.992	136.760	72.418	85.361
289.503	137.679	72.745	85.845
287.565	137.839	72.788	86.097
286.268	138.365	72.588	86.917
283.810	138.800	73.610	88.161
283.376	138.902	74.157	86.908
280.669	140.188	74.427	88.088
279.884	140.686	73.483	89.017
276.465	141.468	74.574	89.796
274.967	142.442	74.109	90.010
273.008	142.544	73.624	90.229
271.771	143.123	72.959	91.384
270.103	144.270	74.600	91.787
269.056	144.667	73.975	90.384
268.786	145.270	72.671	91.556
268.100	145.454	72.065	92.568
266.104	146.047	72.749	93.614
265.978	146.718	72.053	93.553
264.197	147.859	72.033	94.132
263.105	148.192	71.684	95.113
262.249	148.472	71.317	95.673
260.773	149.977	71.838	95.813
260.387	150.228	71.343	95.455
259.484	151.678	71.975	95.464
258.441	151.917	71.905	96.698
257.880	151.707	73.311	98.254
257.486	152.571	73.472	97.847
257.446	153.068	72.959	98.651
256.878	153.187	73.086	101.964
255.027	154.688	75.131	102.060
254.428	154.847	75.311	103.908
254.776	155.828	75.094	103.390
254.141	155.796	77.038	105.414
253.455	157.329	77.458	106.830
253.428	158.063	77.399	107.952
252.678	158.415	78.561	108.531
252.164	158.483	79.589	111.036
251.655	159.495	80.066	112.813
250.260	161.147	82.866	114.224
250.517	162.898	83.378	113.607
250.300	160.955	84.502	118.202
249.990	159.824	85.241	121.081
249.157	128.575	88.347	111.498
250.052	106.822	87.713	119.764
251.780	89.162	88.950	122.478
250.789	83.100	92.472	119.594
250.196	82.480	94.433	120.010
253.102	84.193	93.195	123.761
252.863	83.602	94.379	125.191
254.232	86.397	94.286	125.655
254.527	87.033	96.898	126.533
255.696	87.959	97.498	127.859
256.462	88.585	98.831	129.719
256.439	90.960	101.766	130.433
256.793	92.888	103.880	132.429
256.185	93.578	107.211	133.856
259.056	95.784	107.010	134.046
258.872	95.377	107.463	137.397
261.164	97.205	111.152	140.606
262.021	98.957	112.709	142.654
261.836	100.180	115.595	144.810
263.981	102.117	120.034	145.946
265.311	102.978	118.049	149.707
267.342	104.684	124.786	153.489
269.001	106.077	123.557	153.165
269.089	107.006	128.337	156.723
269.358	108.154	129.297	157.754
273.454	108.650	132.731	164.947
273.701	110.936	133.878	163.853
276.595	112.613	138.404	169.297
277.584	114.121	140.071	170.741
280.113	115.834	146.493	173.423
282.609	116.885	148.162	175.330
285.385	119.034	152.626	179.568
286.667	119.709	157.576	181.997
288.565	120.392	156.992	184.223
294.690	123.220	163.618	188.960
297.732	123.167	165.997	195.760
302.024	125.641	172.706	200.675
304.859	130.077	179.676	201.017
307.391	128.948	180.401	206.351
311.884	133.387	192.062	209.529
314.325	134.361	189.531	214.359
316.558	135.692	196.483	217.303
318.722	140.103	205.058	219.857
326.875	142.354	210.571	224.816
329.184	144.331	215.818	228.057
332.738	146.558	219.004	233.595
341.323	148.738	223.233	235.996
348.263	153.847	233.335	242.247
351.530	157.770	238.901	245.462
363.712	163.813	246.369	248.934
373.561	166.221	249.827	258.904
376.702	170.881	251.420	261.313
