240.000	242.000	15.000	58.000
240.060	241.563	17.307	58.893
240.861	240.913	17.918	60.441
243.843	241.737	18.367	60.034
245.281	242.672	18.803	60.449
246.941	240.749	20.919	63.362
248.755	240.178	20.466	62.605
254.304	240.078	20.974	62.442
257.550	240.117	21.244	63.608
258.759	239.883	21.473	65.170
261.496	238.939	21.926	65.335
263.872	240.196	22.225	64.337
266.023	241.134	22.255	61.962
268.908	241.375	21.401	64.636
269.087	242.533	22.625	62.883
271.344	244.331	21.943	61.323
273.704	244.957	21.183	61.487
276.421	246.386	22.514	62.381
278.730	247.053	22.293	62.546
281.429	247.269	21.408	63.358
284.103	247.450	20.216	63.863
287.652	247.273	19.976	65.348
289.229	248.128	20.195	66.260
290.929	250.267	19.777	65.106
291.425	251.097	21.350	65.118
292.738	252.968	22.068	64.271
294.527	253.820	22.223	61.584
295.859	252.910	22.391	63.761
298.253	255.161	22.795	63.031
299.844	254.812	21.842	62.080
304.201	253.134	21.054	64.129
303.306	251.098	23.173	66.133
300.885	244.078	24.504	72.975
301.893	247.361	28.140	70.803
298.942	242.636	25.149	80.012
309.747	241.388	27.350	80.773
311.359	221.409	28.887	96.489
322.175	248.223	23.762	73.671
326.522	255.148	23.214	67.422
329.973	256.490	24.102	63.889
331.728	256.579	26.136	64.894
334.751	256.210	24.346	63.763
336.644	253.213	22.820	67.891
340.865	252.212	21.780	67.840
343.593	253.330	19.838	65.566
345.015	252.445	18.991	66.971
345.652	251.345	19.223	66.320
345.320	251.952	19.873	65.750
347.372	253.029	21.462	67.025
348.226	253.723	21.164	65.480
350.688	256.218	22.509	65.671
345.017	250.950	24.738	69.541
356.771	254.529	24.284	71.536
363.271	254.493	22.020	72.703
365.082	255.740	20.886	71.264
362.065	253.761	25.165	69.154
367.405	258.302	23.020	65.341
371.646	260.953	22.880	63.754
375.350	263.301	21.565	64.986
378.630	261.702	21.402	65.549
379.540	260.968	21.775	64.085
385.028	262.414	20.959	61.743
385.844	264.199	21.207	59.460
397.860	263.229	23.721	62.977
403.803	262.552	22.662	62.446
409.890	263.436	21.885	63.486
413.919	262.532	21.971	62.986
415.293	263.582	23.157	61.129
418.774	263.272	22.381	62.383
424.016	262.509	20.275	64.061
426.396	262.112	19.451	64.944
426.263	262.663	20.820	65.173
428.396	261.718	21.803	65.834
431.127	262.842	21.284	63.330
433.681	259.601	21.830	67.512
435.238	259.559	22.209	68.551
438.841	260.598	21.524	67.769
442.773	260.593	21.865	67.246
444.974	257.816	21.873	69.723
446.227	260.446	22.839	68.056
451.771	257.824	21.602	70.010
453.460	260.435	20.952	67.686
455.484	259.659	21.720	67.896
457.317	260.760	20.599	65.931
458.715	261.850	20.109	65.125
460.151	261.952	19.490	64.479
461.831	263.513	19.807	64.105
462.538	264.126	19.979	65.389
463.105	264.241	20.705	65.565
463.695	262.274	20.948	67.308
466.293	260.709	21.339	69.765
468.219	263.402	22.676	68.679
466.689	262.759	24.696	70.486
466.171	261.560	26.484	72.307
463.931	250.078	29.607	85.004
457.333	248.311	37.998	89.281
467.842	248.873	30.327	88.404
466.982	245.418	34.236	94.255
475.659	246.406	29.346	90.040
481.036	248.723	27.563	86.514
483.122	252.825	28.445	83.796
485.838	250.390	26.795	86.929
477.272	251.530	34.384	85.427
482.239	244.055	35.697	90.760
487.734	247.524	30.668	88.178
491.024	247.612	28.964	91.456
491.206	252.880	31.008	90.107
489.271	252.402	34.223	90.783
493.750	256.046	37.949	90.569
498.811	248.934	37.827	96.038
503.836	252.708	37.288	93.852
505.427	252.326	35.127	89.737
507.252	254.333	35.616	90.210
511.558	255.475	31.515	88.354
532.423	251.613	29.745	88.700
520.892	258.499	35.573	88.996
521.351	253.847	33.087	92.832
521.660	257.756	35.498	88.705
526.572	254.078	36.902	89.832
529.068	254.914	35.059	89.037
542.395	267.340	30.751	78.215
556.058	265.423	28.362	73.191
558.138	265.053	27.702	78.197
560.033	280.627	27.131	73.582
551.741	263.125	32.729	85.989
550.030	255.392	34.703	99.950
551.744	261.144	34.076	93.392
554.196	261.364	34.065	93.126
558.536	257.679	38.661	97.389
565.660	250.442	37.236	102.558
560.014	256.831	34.696	103.226
564.903	258.990	35.179	98.122
566.384	263.807	30.588	94.894
570.090	263.709	31.638	89.775
571.492	265.360	31.690	88.330
576.647	266.440	37.108	88.301
579.519	259.476	41.279	94.710
582.944	258.398	29.802	97.696
585.147	255.331	37.106	100.040
588.855	257.649	30.067	106.772
