146.000	209.000	30.000	98.000
147.645	209.054	29.044	98.438
147.594	208.581	28.317	98.650
147.768	208.802	28.306	99.166
147.569	209.039	28.695	98.198
147.621	208.531	28.374	99.306
147.419	208.750	28.924	98.828
147.519	208.919	28.705	98.053
147.707	209.272	28.602	99.088
147.883	208.796	28.660	99.048
147.812	209.020	29.503	98.820
148.135	209.395	29.288	97.839
147.875	208.835	29.311	98.617
147.887	209.388	29.294	98.364
147.673	209.070	29.159	98.644
147.847	209.192	29.140	97.612
147.875	209.239	29.150	99.166
147.682	209.327	29.338	97.906
147.746	209.343	29.160	98.454
147.716	209.615	29.476	98.142
147.740	209.818	29.166	97.725
147.785	209.847	29.121	98.820
147.590	209.750	29.390	97.925
147.888	209.478	28.781	98.492
147.628	209.512	28.962	98.372
147.800	209.913	29.310	96.853
147.745	209.899	29.284	98.198
147.681	209.581	29.747	97.833
148.039	209.746	29.187	98.354
147.824	209.377	29.162	98.466
147.667	209.784	29.565	97.844
147.694	209.913	29.332	98.057
147.785	209.649	28.884	98.151
147.811	209.780	29.095	98.538
147.871	209.513	29.403	97.943
148.113	209.310	28.952	98.487
147.939	209.107	28.967	98.259
147.939	209.208	29.127	98.287
148.126	209.141	29.100	98.873
148.049	209.496	29.293	97.480
148.239	209.239	28.991	98.555
148.002	209.107	28.908	98.733
148.138	209.276	28.808	98.047
148.039	208.726	28.434	98.405
148.040	209.472	28.909	98.452
148.138	209.411	29.047	98.170
148.344	209.713	28.404	97.567
148.129	209.430	29.222	98.407
148.148	209.649	28.958	97.765
148.187	209.579	29.083	98.261
148.211	209.444	29.095	97.964
148.126	209.141	29.383	97.925
148.236	209.154	29.355	98.598
148.356	209.090	29.267	98.575
148.432	209.226	29.393	98.008
148.162	208.953	29.222	98.409
148.304	208.750	29.520	98.915
148.150	209.374	29.629	98.333
148.253	208.785	28.972	98.535
148.317	209.522	28.987	97.797
147.905	209.343	29.091	98.281
147.964	209.478	28.902	97.544
148.141	209.672	28.968	97.646
148.187	209.261	28.770	98.619
148.175	209.545	29.051	98.295
148.260	209.612	28.766	97.539
148.041	209.228	29.028	98.051
147.951	209.646	28.955	97.677
148.155	209.497	29.121	97.610
148.147	209.239	28.615	98.512
148.391	209.005	28.875	98.017
148.369	208.970	28.665	98.737
148.236	209.005	28.950	98.318
148.211	209.310	28.655	97.627
148.227	209.126	28.922	98.238
148.308	209.242	28.838	97.995
148.107	209.439	28.966	98.181
148.187	209.141	28.639	97.668
148.239	209.172	29.682	98.016
147.949	209.588	29.755	97.083
148.213	209.172	29.215	97.074
148.041	208.698	30.254	99.049
147.495	209.213	29.922	97.884
147.014	208.986	31.532	97.814
140.928	215.758	39.990	91.926
138.730	219.001	44.793	86.889
138.362	220.954	45.107	85.241
135.032	223.738	50.771	83.483
135.607	226.114	49.883	80.921
136.449	229.011	50.330	78.804
139.818	228.929	42.860	80.727
139.085	230.035	44.921	79.473
138.799	229.225	44.128	80.387
139.114	228.526	43.654	80.908
137.733	227.064	45.639	81.391
138.375	225.858	42.474	82.343
138.571	225.437	42.179	82.996
138.438	224.044	41.895	84.003
138.696	222.908	43.461	85.403
138.606	223.224	42.709	84.545
138.938	222.813	42.997	84.869
138.329	224.013	42.198	84.369
139.213	223.178	41.286	84.591
139.352	223.252	42.181	84.509
139.068	223.148	41.907	84.517
137.446	223.264	42.514	83.080
136.629	222.165	44.576	83.934
136.729	220.484	43.909	85.996
137.441	220.411	44.605	86.054
136.908	220.493	44.754	85.541
136.338	220.285	44.394	86.518
134.448	221.620	46.222	84.837
137.264	223.297	44.573	84.084
137.719	226.807	41.895	80.300
138.071	229.067	43.414	78.863
141.059	234.932	38.708	73.457
140.097	237.089	40.610	72.083
140.711	238.413	39.727	70.458
141.257	244.300	38.097	66.410
142.366	246.481	38.925	65.883
143.606	248.439	39.778	64.647
144.617	250.337	39.977	63.398
144.747	250.833	37.629	62.732
144.319	250.253	39.163	62.809
144.533	250.029	38.935	63.736
146.020	249.024	35.637	65.554
146.154	250.216	35.832	65.172
146.286	250.112	35.192	65.141
146.345	251.287	35.649	63.905
146.145	251.286	35.589	63.408
146.002	252.407	34.929	61.370
145.722	252.536	34.971	61.078
145.636	252.956	35.521	61.681
145.668	253.045	35.877	60.667
146.386	252.536	34.039	61.221
146.671	253.613	33.472	60.010
146.502	253.735	32.951	60.515
146.765	253.305	32.464	61.084
146.435	253.391	33.313	61.061
146.669	253.671	32.732	60.686
146.936	253.477	31.990	61.374
147.414	253.335	31.474	61.831
147.179	253.219	32.050	62.095
147.043	253.378	33.294	61.063
146.886	253.871	33.082	60.715
147.450	253.877	32.690	60.911
146.535	253.792	33.054	60.660
146.669	254.104	32.943	60.016
147.032	254.141	32.712	60.340
146.296	254.197	33.537	60.906
146.476	253.642	32.167	63.288
146.882	253.222	31.155	64.339
147.112	253.312	31.113	63.987
147.007	254.178	31.711	61.666
147.604	254.420	31.038	62.094
148.720	254.940	30.601	61.778
149.497	254.120	29.346	63.123
148.580	254.091	30.084	63.131
148.755	254.393	31.154	63.106
148.740	255.233	30.732	60.861
148.816	254.545	30.808	58.942
149.095	254.721	30.189	60.548
148.877	255.145	30.945	60.573
148.509	254.802	31.202	59.797
148.859	255.080	31.810	60.777
149.328	254.911	30.840	60.371
148.337	255.346	31.157	60.033
148.104	255.013	31.231	60.562
146.697	254.909	32.853	58.583
146.214	254.460	33.292	59.525
146.395	254.846	33.699	59.551
146.686	254.663	32.793	60.483
146.530	254.417	33.330	62.899
146.126	254.769	33.636	62.066
146.361	255.049	34.023	61.919
146.754	254.886	32.371	64.353
146.442	254.346	33.343	65.288
146.679	254.308	33.054	67.398
146.264	254.394	34.384	67.178
146.786	254.270	33.707	67.634
146.141	254.331	34.169	67.375
146.514	254.339	34.468	68.520
146.459	253.615	34.745	70.233
145.758	254.278	35.739	68.721
145.128	254.414	36.775	67.859
146.128	253.704	34.171	70.779
145.669	253.263	35.191	70.411
146.068	253.348	35.476	70.252
145.245	253.493	35.397	70.632
144.714	253.292	36.932	72.169
145.357	253.586	36.727	73.095
144.920	253.298	36.083	72.959
145.351	253.955	36.212	70.614
144.410	253.103	37.720	73.177
145.296	253.469	37.389	74.641
146.157	253.708	35.978	73.353
145.431	254.165	37.142	74.521
146.954	252.840	35.225	78.187
146.170	253.115	37.333	77.043
145.818	253.323	36.561	77.960
145.754	253.261	37.109	77.758
146.205	252.724	37.789	78.216
145.671	252.923	37.101	77.276
145.193	253.008	38.625	76.057
145.284	252.840	38.830	75.047
145.732	252.068	37.658	75.193
146.036	252.064	37.529	74.114
146.470	252.964	36.867	72.164
145.916	252.607	37.690	70.635
146.205	252.781	37.190	71.425
146.880	252.620	36.791	71.642
146.056	251.975	37.476	71.955
145.283	252.021	38.129	72.815
145.194	252.105	38.483	72.362
144.746	252.262	39.312	71.309
145.062	252.603	38.124	71.542
145.714	252.314	37.107	72.042
145.036	252.040	38.244	71.583
145.757	251.873	37.308	71.946
145.238	252.269	38.196	70.454
145.226	252.471	38.143	69.668
144.780	252.911	38.140	68.764
145.134	252.855	38.341	69.085
145.302	252.483	37.335	69.077
145.309	253.065	37.933	69.138
145.568	252.889	36.985	69.321
145.722	253.211	36.600	68.612
145.872	252.993	37.566	69.054
145.897	252.999	37.106	68.469
145.219	252.825	38.028	69.147
145.634	252.912	36.366	68.939
146.087	253.017	36.273	68.612
146.420	253.585	36.485	68.186
146.508	253.182	35.295	68.657
146.289	252.959	36.565	69.407
146.882	253.451	35.619	69.386
146.487	253.704	35.943	68.103
146.962	253.538	35.629	67.633
146.412	253.162	36.658	68.706
146.795	253.463	35.991	67.814
146.961	253.971	34.721	67.501
147.052	253.674	34.601	67.485
147.166	254.043	35.406	67.147
147.092	254.020	34.485	67.486
147.088	253.116	35.149	68.097
146.923	253.901	34.253	67.427
146.963	253.588	34.695	67.087
147.205	253.956	34.621	66.195
147.067	253.486	34.262	66.929
146.853	253.738	34.912	66.865
146.224	253.454	35.392	66.202
145.995	253.618	35.747	66.026
145.953	254.069	35.916	66.113
146.099	254.024	35.961	65.786
146.016	253.888	35.938	65.124
145.050	254.132	35.422	63.982
145.959	254.045	35.485	64.031
145.169	254.089	35.536	64.474
144.556	254.341	35.859	62.487
145.812	254.516	35.982	62.938
145.127	254.169	34.024	64.189
145.614	253.568	33.858	65.429
146.735	253.866	33.467	64.549
147.087	254.361	33.486	63.821
146.289	254.081	33.642	64.019
146.514	254.469	34.850	64.136
144.696	254.178	35.512	64.844
143.921	253.942	37.094	64.220
145.222	254.220	35.314	63.067
145.197	254.024	35.374	63.520
145.861	254.537	32.749	62.830
145.812	254.232	32.069	62.969
146.320	253.312	31.652	64.271
146.532	254.107	32.159	64.035
146.189	254.120	32.348	64.847
145.903	255.226	32.025	66.045
145.979	254.693	32.327	67.615
145.730	254.185	32.947	69.522
145.542	254.444	33.837	69.063
145.442	254.700	34.058	68.407
145.582	254.397	34.517	68.142
145.673	254.557	33.718	69.925
145.130	254.712	35.740	71.903
143.390	253.227	37.393	71.625
143.837	254.666	38.564	67.609
143.736	253.904	37.978	65.269
144.064	253.359	36.095	62.717
144.196	254.428	35.669	61.395
144.387	254.730	34.399	59.940
144.985	255.010	34.490	60.125
144.604	254.470	34.698	60.250
144.498	254.840	33.788	59.091
144.945	254.875	34.259	58.936
144.253	254.847	34.389	59.145
144.685	254.339	34.539	58.956
144.321	253.962	33.908	59.305
144.254	253.903	34.910	58.059
144.275	254.309	34.176	59.026
144.296	254.267	33.980	58.484
144.905	254.192	33.133	58.504
145.124	252.945	29.810	60.876
144.575	253.222	30.481	59.980
145.481	253.053	30.107	60.704
145.375	252.753	29.938	61.177
144.954	252.172	29.764	61.711
144.008	252.163	29.640	61.850
144.310	252.477	29.802	60.884
144.220	252.300	30.052	61.524
143.678	251.761	29.971	62.083
144.171	252.221	30.075	61.496
144.159	252.306	29.845	61.327
144.101	251.814	29.634	62.329
144.491	252.221	29.298	61.433
143.227	251.699	30.331	61.705
142.930	252.774	30.476	60.865
142.509	253.256	30.807	60.378
141.595	253.256	30.963	60.275
142.026	252.802	30.325	60.646
142.271	251.957	30.110	61.530
140.375	251.413	31.205	62.346
139.336	249.774	31.414	64.505
142.202	254.117	32.174	59.703
144.090	254.183	29.423	58.383
145.225	254.802	30.105	58.970
144.765	254.863	29.272	57.540
145.014	254.974	29.042	57.133
144.769	255.989	29.630	56.194
145.320	255.865	29.702	56.245
144.863	256.154	29.639	55.841
145.175	255.917	29.382	56.192
145.855	256.284	29.238	55.710
145.750	256.348	29.913	55.877
145.328	256.958	30.105	55.075
144.881	256.659	30.002	55.331
144.716	256.186	29.859	55.319
145.058	256.513	28.825	55.126
145.093	256.313	28.893	55.106
145.634	256.261	28.852	55.708
144.950	256.426	29.383	55.395
144.245	256.607	29.784	54.761
144.388	256.009	29.809	55.004
142.955	256.333	30.755	54.676
143.487	256.075	30.424	55.486
143.988	255.944	29.582	55.632
144.158	256.410	29.137	55.500
143.841	256.761	28.922	55.041
143.957	256.390	28.590	54.897
143.959	256.519	28.555	54.937
144.412	256.027	28.639	55.961
144.440	256.218	28.893	55.584
144.423	255.721	28.507	56.215
144.405	255.878	28.062	56.038
145.381	255.635	27.267	56.219
145.465	256.003	27.867	55.878
145.357	255.819	28.009	55.997
144.732	255.740	28.319	56.830
144.558	255.975	28.172	55.884
144.538	255.871	28.448	56.002
144.310	255.931	29.089	56.159
144.470	255.694	28.414	56.376
143.787	256.009	28.976	55.716
143.250	256.035	29.598	55.577
143.110	255.945	29.496	56.003
143.790	256.075	29.426	55.088
143.449	256.447	29.098	54.939
143.577	256.339	28.354	55.611
143.959	256.519	28.306	55.546
143.695	256.673	28.875	55.663
143.692	256.674	29.086	55.313
143.520	256.308	29.228	54.900
143.212	255.778	29.979	55.022
144.084	255.458	29.096	53.324
143.520	255.550	29.391	50.590
143.866	255.471	28.944	50.470
144.639	255.355	29.555	46.613
144.175	255.699	30.058	44.640
146.263	254.213	33.123	41.641
144.508	255.704	32.613	39.085
147.751	247.460	38.351	46.461
144.001	227.363	42.046	53.282
160.594	223.006	30.962	59.106
146.904	229.060	39.402	53.943
157.611	230.925	33.797	57.170
154.666	231.646	36.772	61.273
146.326	238.277	41.607	68.004
145.720	238.285	41.843	64.902
144.894	236.408	42.554	70.257
145.206	239.719	42.204	72.679
142.818	243.799	40.619	71.214
144.114	244.882	38.764	68.671
144.098	244.746	40.105	71.493
143.955	250.395	35.841	63.364
142.900	249.866	36.307	61.942
142.085	249.431	35.633	61.983
141.902	249.065	35.539	62.473
142.528	247.455	35.140	64.760
141.711	247.202	36.231	64.904
141.571	247.265	35.825	64.823
141.008	247.347	36.440	64.563
141.840	247.154	35.491	64.719
142.081	246.696	36.148	65.529
141.982	246.932	36.360	65.064
142.630	247.243	36.012	65.153
141.981	247.021	36.436	65.375
142.670	247.384	35.630	64.690
142.052	247.495	36.333	65.100
141.981	247.495	36.332	64.854
142.026	247.043	36.939	65.663
142.089	247.176	36.547	65.027
141.981	247.361	36.290	65.018
141.824	246.686	36.740	66.332
142.398	246.928	35.636	65.986
142.528	247.137	35.436	65.890
142.137	247.187	35.928	66.085
142.630	247.137	35.334	66.077
142.399	247.618	36.102	65.685
142.486	247.562	35.899	65.528
142.114	248.021	36.240	65.221
141.869	247.753	36.569	65.427
142.568	247.701	36.030	65.337
142.181	247.731	36.404	65.357
142.548	247.450	35.647	65.732
142.203	247.528	35.903	65.621
142.650	247.279	35.460	65.840
142.048	247.438	36.140	65.804
141.679	247.385	36.285	65.900
142.106	247.020	35.998	66.513
142.190	247.340	35.635	65.636
142.432	247.324	35.417	65.641
142.138	247.258	35.463	65.200
142.265	248.033	35.793	64.609
142.186	248.054	35.382	64.622
142.124	248.120	35.735	64.555
142.719	248.009	34.718	64.880
142.315	248.266	35.502	63.909
142.585	248.442	35.087	63.973
142.512	248.420	34.821	64.327
142.024	248.552	35.924	64.196
142.420	248.800	35.605	64.241
141.644	248.560	36.339	63.975
143.325	248.253	35.705	64.880
142.393	248.792	37.257	64.028
143.425	249.336	35.770	63.267
143.192	249.454	35.852	62.730
143.366	250.952	34.927	61.814
143.947	252.017	34.842	60.537
143.137	252.896	35.856	59.501
143.421	253.764	34.903	58.531
143.870	253.160	35.356	58.967
143.727	253.485	35.505	58.781
145.274	253.772	33.957	59.298
145.399	253.903	33.281	59.373
145.101	254.078	32.999	58.972
145.096	254.043	34.059	58.960
145.154	253.481	33.493	59.734
145.889	254.169	33.740	58.788
145.950	254.164	33.467	59.446
146.332	254.394	32.538	58.981
146.182	254.323	32.189	59.116
145.623	253.677	33.446	59.709
145.984	254.099	33.920	59.095
146.215	254.599	33.742	58.494
145.726	254.837	33.326	58.501
146.277	254.462	33.222	58.557
146.315	254.351	33.460	58.867
146.919	254.771	32.922	58.348
147.143	254.536	32.716	59.242
146.805	254.941	32.777	58.764
146.554	255.020	33.551	58.143
147.092	254.685	32.510	59.552
146.945	254.661	32.903	58.501
146.664	254.546	33.616	58.974
146.905	254.450	33.442	58.645
146.704	255.208	33.162	58.382
146.807	254.956	33.495	58.903
146.925	255.123	34.050	58.685
147.215	254.840	33.240	59.083
147.063	255.053	33.459	59.005
147.134	254.942	33.359	59.178
147.134	254.858	33.436	60.064
147.727	254.820	33.138	60.883
147.728	254.928	32.707	60.062
147.454	254.972	33.154	60.447
147.954	254.877	32.697	60.202
147.295	254.944	33.565	60.102
147.630	254.839	33.372	60.143
147.725	254.983	33.069	60.397
147.645	254.694	32.809	60.429
147.625	254.650	33.132	60.684
147.707	254.527	33.590	60.824
147.985	254.245	33.352	61.602
148.406	254.182	32.893	62.342
147.849	254.477	33.061	61.024
148.388	254.233	32.465	61.548
147.566	254.423	33.287	60.786
147.362	254.841	33.262	60.973
147.611	255.188	32.944	60.201
147.824	254.981	32.384	60.737
147.785	255.168	32.670	60.271
147.631	254.972	32.652	60.488
147.114	255.197	33.170	60.345
147.427	255.355	32.751	59.770
147.011	255.464	33.424	60.189
146.952	255.763	33.391	60.089
146.746	255.017	33.355	61.352
146.991	254.687	32.877	61.608
146.847	254.959	33.393	61.323
146.792	255.055	32.963	61.302
146.607	255.282	33.750	60.702
146.748	254.671	33.376	61.781
146.222	254.549	34.392	62.145
146.655	254.727	33.939	61.060
146.264	254.810	33.531	61.820
146.594	254.867	33.910	61.847
146.336	254.945	33.699	61.212
146.515	254.432	33.768	61.921
146.419	254.698	34.085	61.147
146.326	254.549	34.052	61.720
146.709	254.497	33.856	62.249
146.774	254.488	33.661	62.145
146.736	255.032	33.529	60.980
146.906	254.959	33.607	61.071
146.730	254.949	33.865	60.578
146.767	254.700	33.864	61.205
146.305	255.069	34.014	60.927
146.849	254.857	32.984	61.218
146.985	255.074	33.372	61.103
146.787	255.074	33.491	61.484
146.590	255.211	33.475	60.898
147.082	255.217	32.656	61.341
146.566	255.074	32.125	61.671
146.572	254.930	32.316	62.198
145.965	255.434	32.888	61.153
146.519	255.276	32.779	61.427
146.236	255.017	32.464	61.877
146.350	255.297	33.282	62.011
146.183	255.169	32.512	62.121
146.501	255.413	32.124	61.469
146.408	255.017	32.386	62.004
146.482	255.153	31.878	62.134
145.748	255.190	32.239	61.241
145.376	256.044	33.121	59.993
145.785	256.028	32.612	60.432
146.069	255.451	32.062	61.277
145.905	254.839	32.361	62.138
145.358	255.814	33.005	60.419
145.803	255.276	32.047	61.364
145.835	255.103	31.283	61.558
145.707	255.915	32.607	59.986
145.650	255.059	32.709	61.048
145.630	255.449	32.963	60.242
145.665	255.622	32.157	59.858
145.505	255.549	32.266	59.611
145.710	255.795	32.701	59.774
145.454	255.493	32.451	59.810
145.839	255.096	32.353	60.186
145.395	255.951	32.737	59.656
145.876	255.605	32.201	59.799
145.730	255.690	32.567	59.962
145.670	255.549	32.576	59.835
145.728	255.534	32.518	59.973
145.862	255.605	32.383	60.088
145.957	255.942	31.987	59.938
145.845	255.761	32.113	59.658
145.749	255.363	32.529	60.380
145.315	256.071	32.108	59.164
145.659	255.901	31.898	59.774
145.903	255.392	31.355	60.331
145.356	255.789	32.465	59.495
145.524	255.690	32.172	59.409
146.008	255.565	31.326	59.133
145.796	256.031	31.292	58.349
145.653	256.186	31.646	58.010
145.747	255.776	31.314	58.641
145.721	256.358	31.978	57.893
145.698	256.430	31.987	56.880
145.363	256.019	32.642	56.996
146.064	256.196	31.878	57.318
146.128	256.304	31.914	57.430
145.619	256.213	32.139	57.389
146.487	255.941	30.830	57.506
145.904	255.817	31.419	57.511
146.347	256.008	31.192	57.586
146.409	255.500	31.210	58.491
146.474	255.776	30.918	58.102
145.859	256.101	30.971	57.184
145.736	255.817	31.115	57.412
145.450	255.952	31.965	57.003
145.877	255.575	31.385	57.800
145.987	255.763	31.073	57.445
145.698	256.220	30.938	56.716
145.700	256.076	31.031	57.238
145.392	256.300	31.209	56.539
145.657	255.695	31.168	57.541
145.483	256.084	31.264	57.099
145.464	256.032	30.686	57.158
145.943	255.578	30.428	57.755
145.196	256.353	30.946	56.582
145.651	256.115	30.895	56.790
145.943	255.362	30.428	57.797
145.960	255.454	30.113	57.193
145.765	255.226	30.250	57.215
145.675	255.841	30.697	56.680
145.693	255.723	30.607	56.291
145.741	255.719	30.652	56.743
145.566	255.773	30.238	56.599
145.466	255.758	30.273	56.386
145.903	255.591	30.082	56.943
145.429	255.931	30.591	56.318
145.540	255.697	30.445	57.092
146.239	255.853	29.286	57.148
146.322	255.507	29.946	57.131
145.951	255.700	29.683	56.630
146.075	255.724	30.107	56.889
145.373	255.724	30.967	56.771
145.363	255.826	30.652	56.643
145.720	255.525	30.064	56.699
145.410	255.538	30.751	56.608
145.737	255.995	31.050	56.078
145.361	255.936	31.104	56.268
146.066	255.899	30.377	56.222
145.741	255.856	30.563	56.502
145.687	255.893	30.814	56.330
145.783	255.738	31.037	56.405
145.747	256.129	30.654	55.859
146.149	256.617	30.406	54.900
146.289	256.310	30.007	55.341
146.234	256.180	29.992	55.681
146.006	256.310	30.353	55.761
145.622	255.935	30.847	55.774
146.322	256.275	30.143	55.578
146.129	256.140	30.211	55.602
146.041	255.812	29.946	55.726
146.507	256.273	30.066	55.208
146.451	256.023	29.810	55.712
146.681	256.310	29.789	55.915
146.736	256.180	29.869	56.046
146.553	256.596	29.642	55.784
146.750	255.895	29.720	56.209
146.454	257.111	29.735	55.017
146.354	257.529	29.563	54.633
146.231	257.676	29.858	54.330
146.083	257.293	29.498	55.073
146.337	257.122	29.843	54.784
146.319	257.345	29.598	54.851
146.233	258.406	29.100	54.018
146.346	257.590	29.014	54.831
146.372	257.903	28.927	54.160
146.526	257.335	28.628	55.075
146.406	258.486	28.859	53.504
146.710	258.231	28.235	52.973
146.750	258.383	28.560	53.422
146.567	258.526	28.524	53.225
146.359	258.324	29.336	53.095
146.426	258.024	28.938	53.192
146.962	258.632	28.685	53.394
147.133	256.914	28.016	54.752
147.254	257.074	28.500	55.370
146.802	256.897	28.578	55.297
146.441	256.622	28.824	55.554
146.900	257.498	28.052	54.697
147.222	256.398	27.840	56.086
146.844	258.181	28.421	53.863
147.201	257.253	28.244	54.973
146.537	258.368	28.613	53.763
145.927	257.616	29.170	54.139
145.768	257.319	29.284	54.780
145.957	256.287	29.721	55.780
145.041	255.967	30.392	56.379
143.333	254.377	30.992	58.354
143.223	252.941	31.747	59.336
142.868	255.940	30.169	56.611
144.014	254.157	30.254	58.810
140.809	252.545	32.845	60.129
145.171	251.067	29.820	61.565
144.881	257.450	29.221	55.755
148.021	257.649	26.855	53.528
147.229	257.623	28.814	54.976
146.711	258.031	28.310	53.501
146.584	256.860	30.066	54.393
147.408	256.941	28.715	55.361
146.083	256.282	29.431	56.469
147.603	256.676	26.858	55.789
147.442	256.487	27.653	56.481
147.076	256.256	27.812	56.554
147.625	256.177	28.223	55.885
149.406	255.556	28.094	57.509
147.478	255.948	28.954	56.460
147.129	256.790	28.897	55.657
147.962	257.216	27.990	55.074
147.682	256.952	27.887	55.754
148.212	256.477	26.646	55.679
149.502	255.940	28.066	56.736
147.676	256.477	28.648	56.413
148.550	256.971	27.446	55.360
148.190	256.214	28.410	56.120
148.681	256.674	27.666	55.769
149.122	256.068	27.425	56.253
148.232	256.929	28.500	55.098
148.197	255.937	28.957	56.006
147.854	256.452	29.097	56.026
148.486	256.450	28.329	55.503
148.073	257.208	27.414	55.245
148.380	256.425	28.598	55.910
148.143	257.088	27.423	55.470
148.317	256.739	28.114	55.353
147.855	256.875	26.631	55.485
148.039	256.693	28.103	56.216
147.194	257.216	27.713	55.093
147.458	257.206	27.805	55.449
147.798	257.641	27.682	54.738
148.634	257.051	27.839	55.510
147.302	257.893	27.245	54.314
148.351	255.977	29.117	55.351
147.284	257.680	27.674	54.443
147.636	257.208	27.822	55.397
147.078	257.029	28.568	55.465
147.359	257.139	27.922	55.266
147.559	256.095	28.425	56.303
146.841	257.119	27.330	55.751
147.334	255.216	28.718	56.482
145.825	257.097	26.868	56.027
146.569	255.964	28.831	55.111
146.577	257.431	26.300	55.508
147.241	256.821	28.321	55.917
147.838	256.361	27.246	57.097
147.977	256.674	27.403	55.923
147.526	256.900	27.690	55.498
146.890	256.304	28.163	56.460
147.412	256.112	28.297	55.135
146.591	256.893	28.332	57.384
147.498	256.380	28.647	56.236
147.709	256.207	29.208	57.325
147.700	256.270	28.572	56.607
147.709	256.790	28.421	55.580
146.966	257.600	28.505	53.810
148.162	257.237	28.140	54.253
148.184	257.087	27.419	53.976
148.404	255.821	28.947	57.024
148.920	257.455	28.719	54.143
148.715	257.438	27.660	54.865
147.875	257.076	27.697	54.647
147.821	257.987	27.590	53.907
148.705	256.924	26.636	55.118
147.954	258.111	27.484	53.656
148.516	256.076	27.387	56.267
146.692	257.837	28.746	54.793
148.732	256.792	26.736	55.645
146.831	257.686	27.812	54.912
148.955	256.372	28.229	55.720
148.389	255.766	26.821	56.511
147.016	253.838	27.290	58.965
147.449	254.855	28.313	58.843
148.256	254.789	27.929	59.228
148.240	254.734	27.397	58.940
147.091	254.030	28.823	59.589
150.519	253.338	28.905	61.059
149.064	251.570	30.933	62.811
148.521	252.190	31.010	62.281
148.236	251.810	30.250	63.645
148.259	251.429	31.743	62.671
147.847	250.884	32.028	64.359
148.022	249.010	33.013	66.336
148.428	249.415	32.363	65.850
147.978	248.119	32.897	69.365
148.456	248.018	31.324	67.796
148.647	247.286	32.205	69.229
149.320	247.495	31.262	66.839
148.173	248.728	31.613	66.934
148.457	247.454	32.755	67.663
149.018	247.177	32.031	66.834
148.773	248.612	31.761	66.199
148.193	248.277	31.666	65.128
148.547	249.177	32.082	65.042
148.844	248.820	31.711	65.751
148.088	248.637	32.199	66.207
148.355	248.912	32.364	65.453
148.074	248.662	32.909	65.879
147.920	249.093	33.268	65.645
147.810	248.415	33.468	66.301
148.210	248.948	33.268	65.029
148.016	249.546	33.172	64.909
147.706	249.335	33.129	65.229
148.538	248.576	32.768	65.924
148.336	249.185	33.122	65.225
148.983	249.576	32.763	64.653
148.195	250.285	33.244	63.457
148.558	250.207	32.644	63.542
149.654	249.793	31.495	63.525
149.425	250.549	31.024	63.433
148.916	250.174	32.103	64.269
148.786	249.185	32.377	64.300
149.720	249.592	31.598	64.673
148.872	249.942	31.260	64.665
149.039	250.269	32.082	63.390
149.265	250.031	32.348	63.197
149.179	251.184	32.046	62.223
149.686	250.471	31.412	62.664
148.985	250.405	32.488	63.326
148.282	249.972	33.409	63.905
148.900	250.666	33.099	63.098
148.515	251.018	32.837	62.637
148.575	250.222	33.312	62.942
148.454	251.472	33.088	61.961
148.631	250.102	33.433	63.463
149.228	250.592	32.323	62.703
148.570	250.833	33.110	62.240
148.570	251.381	32.468	62.430
147.956	251.374	33.025	61.832
147.810	251.671	34.063	61.809
148.002	252.098	33.378	61.007
148.813	250.501	33.177	62.908
147.808	250.031	33.964	62.984
147.722	251.016	34.182	62.726
148.008	249.850	34.315	63.425
147.033	250.358	34.531	62.639
146.924	250.432	34.847	63.554
148.092	249.454	34.162	63.777
148.291	250.350	34.048	62.951
148.298	250.207	34.035	63.110
147.603	250.929	33.990	62.309
148.628	249.612	33.006	63.683
148.384	250.077	33.520	63.422
148.148	250.355	34.135	62.641
148.577	249.968	33.209	63.177
148.270	251.185	33.579	62.314
148.022	250.711	33.786	62.304
148.458	250.031	33.077	63.541
148.168	249.968	33.344	62.691
148.062	250.254	33.746	63.488
148.278	248.328	33.333	66.461
148.533	248.575	32.932	65.798
148.413	248.821	33.201	65.816
147.901	249.246	33.635	65.514
148.021	248.817	33.456	65.365
147.982	248.790	34.231	65.462
148.109	248.796	34.278	65.406
148.010	248.979	34.417	64.821
148.007	249.403	34.270	64.485
147.780	249.127	34.594	63.738
147.871	248.906	35.179	62.988
147.540	249.473	35.526	63.251
148.002	248.862	35.216	63.150
148.018	249.516	35.053	63.179
147.909	249.260	35.073	63.508
147.934	249.451	35.526	62.709
148.018	249.473	35.505	62.890
148.121	248.884	35.236	63.394
148.279	249.615	35.209	63.324
148.024	249.278	35.676	63.119
148.320	248.575	34.880	63.733
147.990	248.808	35.250	63.947
147.713	248.200	35.536	64.427
148.060	248.778	35.180	63.474
148.089	248.656	35.326	63.978
147.777	249.201	35.431	63.759
148.355	248.529	34.729	63.962
148.595	248.216	34.336	64.841
148.555	248.574	34.325	63.782
148.508	248.437	34.562	64.530
147.966	249.329	34.915	64.182
147.834	249.222	34.512	64.344
148.306	249.060	32.663	64.268
148.635	248.698	32.529	64.489
148.952	249.897	31.176	63.495
149.342	250.035	31.017	64.330
148.900	247.901	32.204	68.077
148.963	233.075	37.513	83.133
146.931	234.543	33.879	83.732
142.545	234.008	35.009	82.211
142.931	234.348	36.658	80.942
148.738	247.827	36.008	67.413
149.417	248.176	33.893	66.239
149.701	248.741	33.746	64.813
148.892	248.730	34.454	64.841
148.945	248.397	35.386	66.530
148.487	249.204	35.682	65.267
148.646	249.123	35.720	65.580
149.011	249.188	35.219	65.579
148.572	249.019	35.824	65.903
148.894	249.282	35.881	66.471
149.093	248.859	35.599	66.581
149.307	248.628	35.124	66.843
149.445	248.752	35.123	66.743
149.486	248.693	34.876	67.715
150.720	247.920	34.188	69.731
150.372	248.300	34.307	68.343
149.962	248.048	35.192	68.957
150.332	248.248	34.747	68.785
150.058	247.647	34.770	68.752
150.212	248.698	35.440	67.774
150.673	248.085	34.405	68.085
150.377	248.050	35.032	69.079
151.185	247.345	34.351	68.359
150.131	248.135	34.717	67.881
150.680	247.508	34.516	68.227
150.521	247.923	34.358	68.185
150.738	247.859	34.375	68.155
150.683	247.572	33.995	68.817
149.861	248.724	34.679	67.290
150.204	248.112	34.406	67.299
149.990	248.662	34.463	67.161
149.568	248.755	35.166	67.254
150.146	248.652	34.231	67.814
149.760	249.089	34.251	67.672
149.711	248.589	34.246	68.072
150.152	248.144	34.211	68.532
149.622	248.112	34.541	69.179
149.474	248.206	34.651	68.904
149.574	249.113	34.921	68.517
150.322	249.133	34.022	68.482
150.757	247.263	33.580	70.767
150.133	247.701	34.247	70.933
151.047	247.248	33.290	70.403
150.279	248.162	34.632	70.546
151.301	248.596	32.955	72.477
151.531	249.058	32.766	71.731
151.616	249.345	32.722	70.770
150.794	249.967	33.210	67.794
150.344	249.053	34.083	67.774
150.405	249.568	34.212	69.883
150.457	250.577	34.191	70.935
150.784	249.793	33.542	71.336
150.587	249.565	34.293	71.814
150.168	249.722	34.492	72.377
151.221	248.958	34.079	74.680
151.681	249.385	33.673	73.816
151.470	249.660	33.816	74.267
151.251	249.544	33.819	76.425
151.277	249.323	33.402	77.825
150.957	249.326	34.801	79.755
151.670	249.278	33.979	80.251
151.535	249.424	34.370	80.602
151.342	249.158	34.881	81.239
152.502	249.447	34.087	79.615
151.377	249.483	35.460	78.436
152.333	249.245	34.124	79.636
151.820	249.986	34.710	77.975
151.020	250.115	35.659	77.326
151.569	250.115	34.878	75.612
151.690	249.282	34.307	75.188
151.404	249.250	34.954	74.494
150.917	249.216	35.657	74.197
151.256	249.096	34.754	74.011
150.654	249.431	35.456	72.738
151.176	248.646	33.898	73.289
151.049	248.626	34.653	73.563
150.938	248.760	34.299	73.165
151.179	249.031	34.066	73.057
151.107	248.490	34.596	73.125
150.798	249.002	34.406	72.782
151.126	248.388	34.577	73.651
151.077	249.202	34.201	72.556
151.498	248.428	34.716	73.345
150.926	248.733	34.733	73.051
151.399	248.226	34.469	73.056
151.159	248.868	34.291	72.371
152.039	248.230	33.831	72.791
151.361	248.737	33.904	71.961
151.579	248.170	34.635	73.057
151.010	247.964	34.691	72.109
150.052	247.297	36.421	73.221
150.386	247.777	35.590	72.849
150.898	248.150	34.960	72.280
150.634	247.660	35.651	72.536
151.561	247.593	34.381	72.472
151.700	247.507	34.418	72.424
151.094	247.707	34.819	72.258
150.900	247.128	35.175	73.091
150.958	247.301	34.775	72.799
150.384	247.853	35.522	71.345
150.279	247.930	35.978	70.553
150.739	247.137	35.172	72.240
150.839	247.633	35.151	71.766
150.441	248.000	35.902	70.933
149.757	247.543	36.716	71.755
150.615	247.125	35.504	72.038
150.064	247.408	35.885	71.557
150.175	248.121	35.950	71.478
150.214	247.853	35.776	70.849
150.279	248.185	34.922	69.799
150.337	248.727	34.620	69.565
149.628	248.345	35.565	69.857
150.027	248.203	35.011	69.812
149.962	248.704	35.376	69.785
149.906	249.064	35.553	69.243
150.077	249.302	34.884	68.729
149.965	249.484	35.018	68.418
150.006	249.554	34.895	68.220
150.159	248.944	35.126	68.927
150.045	249.808	34.846	67.751
150.420	249.488	34.414	67.892
150.663	248.947	34.499	68.559
149.797	249.769	35.380	67.626
150.880	247.965	34.405	69.667
150.629	248.679	34.243	68.922
149.840	249.079	35.203	67.903
150.294	249.218	34.647	67.479
151.003	247.689	34.193	69.908
150.059	248.623	34.862	68.514
149.965	248.601	35.038	67.918
149.624	248.947	35.787	67.381
149.915	247.712	35.078	69.132
150.293	247.634	34.474	68.926
149.956	245.273	35.079	71.477
149.821	244.196	34.676	71.826
149.574	241.427	34.801	73.316
148.947	237.445	35.540	76.001
150.233	234.703	35.024	78.982
151.769	231.268	33.516	80.508
150.233	229.896	34.642	81.942
150.394	229.276	33.330	82.487
150.309	225.185	32.927	83.921
148.065	224.841	35.454	85.254
147.807	218.581	32.460	90.900
146.991	215.177	32.944	92.467
148.408	208.735	30.913	98.043
148.236	204.319	30.341	103.213
147.524	207.146	30.367	99.286
147.113	204.517	30.216	101.659
146.986	204.389	29.891	100.759
146.123	204.915	30.357	100.188
146.329	205.047	29.558	100.021
146.802	205.256	29.922	99.769
146.038	205.037	29.504	100.506
146.455	204.144	30.343	100.552
146.360	205.059	29.515	99.529
146.982	203.585	29.247	100.917
146.125	203.861	30.245	100.716
146.226	204.091	29.850	100.739
146.704	204.034	29.100	100.273
146.133	204.248	29.167	100.049
146.299	204.072	30.075	100.021
146.027	204.606	29.897	99.180
145.803	204.160	29.854	100.035
146.636	204.037	29.135	99.306
146.380	204.335	29.156	98.847
146.279	204.464	29.224	98.310
146.291	204.333	29.251	98.696
145.799	204.551	29.466	97.252
146.002	204.669	29.794	98.345
