59.000	372.000	41.000	36.000
76.813	370.940	41.476	37.665
95.012	369.680	41.987	38.410
103.536	368.640	39.527	38.446
122.847	368.304	41.138	38.504
135.915	367.691	43.664	38.689
147.443	366.755	43.503	36.358
163.715	364.604	38.312	36.617
176.526	363.666	41.405	39.028
184.597	361.763	38.788	39.189
241.829	356.824	36.583	41.417
243.631	357.058	38.035	41.298
252.147	356.371	29.749	39.673
261.745	356.869	32.587	37.778
279.193	356.048	33.894	38.341
284.208	354.806	31.986	40.165
295.674	353.740	33.545	39.564
302.549	354.938	43.027	37.778
316.230	353.459	40.792	38.833
323.606	352.958	29.501	39.630
370.675	350.230	36.578	36.439
366.323	349.670	35.303	37.715
380.938	348.910	26.951	36.873
395.034	347.734	36.496	36.606
404.921	346.602	36.985	36.161
406.149	345.665	31.731	36.925
416.768	344.627	31.052	35.087
426.420	343.609	36.496	37.262
431.668	342.936	27.443	36.773
436.535	342.017	30.087	35.858
442.216	341.767	32.199	35.665
453.595	339.873	28.332	36.504
460.876	339.206	34.086	35.879
467.072	338.669	35.519	35.144
468.239	338.724	26.800	37.366
476.127	338.354	30.923	34.857
490.285	329.222	30.340	38.882
541.589	330.603	23.159	37.703
547.474	330.299	20.910	35.559
559.007	330.217	32.068	32.521
563.564	327.856	27.698	36.984
574.372	327.224	27.312	38.903
582.449	326.476	27.605	34.943
585.920	325.727	30.249	36.939
596.330	324.921	22.891	37.245
