581.000	394.000	46.000	26.000
581.138	390.876	37.832	30.611
569.934	390.341	42.440	30.735
517.984	385.073	22.821	29.771
502.755	384.438	33.165	29.266
468.318	382.759	36.190	29.115
466.134	382.777	35.893	29.471
455.583	381.488	34.396	30.035
450.167	381.222	34.081	29.545
436.209	380.297	36.106	29.222
428.388	379.151	37.869	30.237
383.457	376.172	36.886	28.959
378.768	375.452	39.730	29.041
373.041	375.140	39.535	28.734
364.793	374.377	42.620	28.006
344.560	371.968	41.621	29.836
320.868	370.846	48.215	30.649
311.377	372.382	52.410	28.450
309.415	371.802	46.562	27.361
302.827	370.024	46.346	27.590
292.282	370.068	48.106	26.359
287.823	369.668	47.692	26.966
281.500	368.976	46.322	29.470
273.175	369.314	44.806	30.439
269.099	368.486	43.102	31.406
264.677	369.556	40.887	30.801
258.418	370.288	41.868	30.314
256.772	371.679	36.254	30.173
249.963	369.694	41.527	31.174
244.097	369.398	40.633	35.796
236.596	369.765	39.079	35.809
229.711	367.828	43.447	35.182
229.226	368.701	38.441	33.557
220.519	369.165	40.652	32.127
207.738	369.466	51.478	32.543
206.293	368.485	47.877	34.235
203.865	369.451	47.428	32.554
194.905	368.436	48.112	32.650
191.317	368.693	50.108	31.576
180.862	368.036	54.639	32.317
178.430	368.552	52.180	31.593
181.062	367.097	45.331	32.625
177.541	367.719	47.072	31.911
168.929	366.581	49.234	31.202
166.082	365.990	48.960	31.946
161.424	364.140	43.715	33.417
151.902	362.723	45.223	34.740
149.689	362.027	43.109	35.015
113.064	361.926	46.292	31.862
109.505	362.462	44.400	32.073
115.505	360.417	49.620	33.749
128.562	359.928	45.661	32.493
144.126	359.662	41.544	31.383
163.872	357.756	40.583	32.729
167.855	356.841	48.312	33.153
180.399	356.773	47.296	33.596
194.827	356.086	45.526	32.776
207.489	357.279	38.727	30.713
216.144	355.212	33.585	31.264
206.081	332.981	35.675	52.388
208.185	326.445	48.843	59.649
213.113	307.394	45.808	71.649
240.595	347.615	58.182	38.763
234.561	348.723	39.995	41.823
250.428	351.203	48.956	33.184
255.527	346.750	50.229	39.679
316.270	350.107	41.943	35.193
326.790	340.849	40.867	41.593
321.526	345.943	43.465	37.757
347.446	345.231	46.572	40.928
377.602	347.131	38.758	31.902
375.534	347.810	43.183	31.051
379.294	347.883	45.049	31.783
387.121	346.632	46.300	31.067
395.002	345.939	48.894	30.173
385.363	346.546	50.597	32.249
382.460	343.646	46.251	33.925
374.089	345.188	46.343	32.273
370.570	346.357	45.883	32.310
362.179	345.977	45.438	32.407
355.632	346.237	49.012	33.887
350.335	346.487	48.025	33.693
345.142	346.282	47.425	35.725
338.872	346.243	43.667	33.077
335.191	346.164	44.795	35.254
315.402	346.648	44.947	32.818
317.959	347.757	42.594	31.491
308.646	346.676	43.209	30.835
301.999	341.043	40.184	35.537
291.492	343.129	40.681	32.758
287.449	344.531	40.182	33.579
278.649	347.675	35.745	31.357
274.827	345.418	39.162	35.402
268.735	338.784	36.977	39.203
216.806	340.649	46.939	37.851
200.376	340.461	43.450	36.826
254.739	343.368	47.254	33.001
250.709	342.151	43.697	35.387
234.584	341.549	40.038	36.475
