546.000	58.000	37.000	98.000
539.058	64.175	44.718	95.024
537.080	66.281	45.558	94.528
532.312	68.843	46.587	96.000
529.963	70.928	47.305	97.511
525.286	72.667	48.638	98.431
522.565	74.631	48.167	97.283
519.116	76.277	49.310	97.176
512.801	77.828	50.548	100.446
509.440	79.805	51.506	100.202
501.437	81.626	54.255	101.043
497.544	83.462	54.289	101.345
486.421	84.368	58.700	102.829
484.342	86.681	58.205	103.166
471.377	88.152	63.730	104.318
465.088	88.424	61.582	104.812
425.109	98.555	74.505	111.354
424.080	99.446	81.043	110.947
420.436	102.089	82.475	112.696
415.928	103.152	87.296	111.881
412.991	103.455	87.809	114.049
408.018	105.755	88.246	113.548
400.974	106.386	93.776	114.048
384.544	107.839	96.519	115.646
378.662	109.101	95.608	114.449
371.507	108.770	96.228	116.193
354.066	110.678	99.207	115.917
341.859	112.849	99.753	115.758
336.055	113.593	105.871	115.910
325.905	114.507	108.959	116.658
324.644	111.250	107.483	121.855
313.176	111.982	109.835	121.301
308.319	111.239	110.409	120.124
289.524	109.253	121.729	125.688
278.643	113.730	125.653	123.418
271.826	115.144	129.256	119.321
259.968	114.069	131.439	121.614
252.418	116.766	129.814	119.885
239.030	119.804	130.782	116.359
232.094	118.570	141.242	117.443
225.892	117.973	145.276	120.252
213.076	118.019	138.247	120.942
206.821	120.121	135.279	116.263
193.086	120.261	131.051	116.210
188.052	120.429	129.029	115.585
181.585	118.937	127.596	116.906
165.596	118.656	131.024	117.837
161.533	118.931	127.701	115.237
151.148	114.896	125.774	119.572
145.384	114.218	123.412	119.479
135.833	113.077	121.635	119.136
127.248	113.076	118.635	116.874
122.559	112.292	115.816	117.175
113.887	108.921	114.374	119.799
110.323	110.072	112.405	117.263
102.695	106.697	110.680	119.789
100.264	106.892	107.222	117.546
96.926	106.509	105.286	116.930
92.497	104.228	101.082	116.364
89.622	103.571	100.330	115.904
86.491	102.613	97.705	115.034
84.442	101.053	95.762	115.253
83.135	100.005	92.138	115.302
80.556	98.462	90.812	113.844
80.034	97.459	88.223	113.345
79.162	95.311	83.908	112.387
77.600	94.082	83.714	111.748
77.050	92.424	81.166	111.669
77.159	91.173	80.046	110.937
78.337	89.503	76.819	109.738
77.659	88.957	75.193	109.300
79.578	86.896	72.120	108.938
80.362	86.339	72.347	107.418
83.336	84.700	68.879	107.007
86.509	81.689	65.567	107.294
88.125	81.524	64.488	105.346
93.105	79.731	61.876	103.999
94.413	79.025	61.716	103.849
98.749	77.711	59.432	102.259
101.567	77.025	58.852	102.263
107.071	75.409	54.490	100.506
109.369	74.433	53.473	100.528
114.248	72.280	52.552	100.551
116.881	71.947	52.503	99.372
121.839	70.158	50.955	98.879
126.574	69.227	48.115	97.926
132.104	67.494	48.009	97.175
133.980	67.303	47.765	97.580
138.532	65.696	48.317	96.225
142.579	64.734	47.718	96.097
148.125	63.040	46.293	95.062
149.988	62.562	46.665	95.080
155.222	61.577	47.191	93.241
158.910	61.142	47.140	92.684
165.109	58.972	45.519	93.162
167.166	58.897	44.551	91.520
173.760	56.927	43.477	92.046
176.568	55.648	44.039	92.367
178.359	55.991	44.167	90.952
176.931	55.797	43.762	90.214
175.103	57.002	43.229	90.180
172.521	59.745	43.434	91.868
170.435	62.795	44.187	90.655
167.234	66.934	43.711	88.996
165.110	69.913	44.658	88.603
163.376	72.391	44.566	87.974
161.119	75.427	43.210	89.257
158.614	78.754	44.828	87.243
157.204	81.687	42.887	89.483
155.480	83.685	43.459	90.226
155.003	86.792	42.839	90.868
152.347	90.419	42.649	91.033
150.818	92.896	42.676	89.120
148.739	96.111	41.784	90.901
147.119	98.718	41.883	89.938
146.088	102.229	41.976	90.074
143.766	106.859	41.244	89.096
142.119	109.443	41.636	88.501
140.172	114.276	40.656	87.837
137.989	116.105	41.995	88.002
137.420	118.927	40.953	89.319
134.705	125.173	41.491	85.836
133.046	126.857	42.053	86.698
131.294	127.864	42.751	88.787
127.798	133.413	43.583	86.428
126.405	136.330	42.953	87.175
123.934	140.846	41.577	85.452
122.297	142.296	42.245	86.810
120.308	145.973	41.736	85.055
117.546	150.912	41.049	83.958
116.128	154.951	41.201	81.629
114.666	156.806	41.076	82.017
111.472	164.418	40.244	80.534
109.933	166.151	41.031	79.750
106.361	167.078	42.052	79.683
104.564	166.637	40.997	81.320
103.603	166.706	39.850	81.358
100.138	166.053	41.112	80.970
98.732	166.085	41.191	80.318
97.498	166.302	41.408	79.883
98.550	165.168	42.702	79.999
100.267	164.534	42.972	79.906
103.278	164.474	42.834	79.410
109.164	163.402	42.259	80.973
111.403	163.154	44.822	80.124
116.769	163.694	44.775	79.387
119.678	162.918	45.109	80.630
122.564	162.432	43.874	81.922
131.325	161.856	41.925	78.699
131.647	159.686	44.841	81.465
138.915	160.000	42.171	79.404
141.593	158.889	41.381	79.838
147.410	158.377	42.851	77.541
149.775	156.621	42.864	80.427
158.312	156.021	39.275	77.540
160.908	155.051	39.729	79.935
163.861	154.890	44.416	80.424
168.101	156.547	44.573	80.016
169.606	157.128	46.926	78.804
173.516	157.930	46.475	78.277
180.975	153.838	41.997	80.702
183.030	154.668	42.259	79.534
183.525	153.184	43.732	78.827
185.521	153.980	45.756	77.961
189.374	153.321	42.561	79.791
196.984	154.194	40.271	75.776
200.390	153.622	40.865	76.267
202.641	152.698	38.424	77.128
199.105	151.074	45.245	77.410
201.309	152.198	45.990	74.213
201.372	150.702	45.792	78.920
207.465	150.732	45.890	77.372
206.662	150.147	48.150	82.027
215.320	148.966	43.775	80.386
213.604	148.925	44.901	73.872
218.310	147.973	45.454	77.325
221.322	147.071	40.358	74.664
222.888	146.430	42.701	70.324
224.331	145.912	41.151	78.646
223.595	144.629	45.117	82.874
233.234	143.573	37.753	73.904
230.649	143.805	38.968	80.223
228.625	141.004	44.598	82.700
231.243	143.846	43.673	80.994
233.050	141.510	42.109	78.357
231.976	141.262	44.137	81.306
236.764	139.845	42.132	78.850
235.159	140.151	41.415	80.515
240.524	137.416	42.152	75.215
239.579	138.631	40.984	75.740
237.805	137.124	41.783	76.757
234.968	137.022	48.311	75.932
239.146	136.400	44.087	74.612
237.509	136.616	44.437	80.380
239.022	135.150	44.459	78.669
239.290	135.776	44.522	79.901
241.244	133.498	43.276	78.958
240.041	134.455	41.774	74.710
239.470	133.472	46.307	73.400
239.955	133.962	44.451	71.853
237.287	132.658	40.865	77.125
234.888	132.215	46.226	74.195
236.666	131.931	41.584	75.424
239.596	132.200	43.497	74.387
240.170	131.382	42.516	73.437
240.209	131.559	41.821	71.946
238.821	130.914	41.799	69.929
237.392	131.248	41.906	69.409
236.832	131.016	44.060	69.219
236.592	130.484	46.567	70.816
234.863	130.219	41.573	71.702
233.493	129.715	39.243	68.481
231.256	129.227	43.231	72.374
228.557	129.043	47.479	72.393
231.130	127.944	42.060	71.069
231.518	128.115	43.776	70.387
227.646	127.256	43.223	71.242
220.198	126.277	42.020	71.998
217.374	125.432	45.408	70.272
217.075	124.037	48.486	67.906
215.895	121.035	45.765	65.967
208.515	125.189	49.460	73.943
214.749	129.743	60.167	76.207
221.069	130.258	63.133	76.468
215.855	122.836	61.259	78.401
212.537	125.642	45.335	76.679
213.137	128.032	42.447	72.855
208.585	123.069	42.081	72.448
210.692	123.753	31.098	74.161
202.502	122.695	36.748	74.687
200.611	121.999	38.657	76.853
199.043	121.108	40.191	82.263
187.559	120.170	44.509	78.791
190.449	119.078	43.760	77.368
189.760	118.834	45.022	79.051
187.508	118.140	46.344	76.112
186.668	118.608	39.703	77.934
179.770	114.576	45.749	71.396
178.491	116.511	43.650	64.462
178.084	115.086	43.511	62.217
180.776	114.493	37.353	65.061
178.695	112.658	39.711	63.086
168.069	109.939	42.121	64.607
168.579	109.835	41.564	59.694
169.034	109.661	40.952	60.632
166.508	107.926	38.733	64.357
165.590	106.649	36.856	61.049
166.961	105.149	35.203	55.887
160.864	104.580	36.088	71.129
151.419	102.252	41.061	62.430
145.110	101.539	37.060	61.941
133.396	100.524	40.166	67.290
129.782	98.767	37.718	61.478
126.909	97.675	35.350	60.961
122.393	97.018	30.376	50.862
119.862	96.206	30.427	56.008
117.615	95.240	30.641	52.665
117.912	94.708	29.795	50.606
114.396	91.285	31.688	56.531
114.372	91.006	32.172	53.613
113.909	90.154	32.933	51.004
116.025	87.570	32.319	46.430
116.772	87.164	30.998	49.754
117.692	86.063	30.388	49.912
118.168	85.223	30.082	48.878
121.480	83.675	28.663	50.095
122.128	83.019	29.121	50.006
122.961	79.739	29.145	47.332
124.225	79.021	28.141	47.498
125.796	77.275	30.909	50.149
128.461	77.055	29.263	51.341
129.334	75.598	30.253	53.410
130.300	74.393	31.717	51.634
133.088	72.564	31.140	53.598
135.115	72.024	31.600	51.771
138.706	70.825	30.720	53.689
140.760	69.994	29.504	50.531
141.887	70.498	30.299	49.759
145.729	68.641	32.615	47.864
147.760	67.911	31.931	48.048
153.417	66.887	30.792	52.027
155.535	66.838	30.312	52.685
160.197	65.496	32.626	52.166
164.466	65.366	29.991	50.904
169.064	63.863	30.683	52.246
170.671	63.295	31.889	55.175
177.183	61.470	32.627	58.152
183.863	62.609	29.086	54.729
191.229	62.298	28.073	53.369
193.786	61.129	28.570	50.237
199.614	59.840	29.104	51.214
206.938	59.350	29.151	50.000
208.820	59.578	28.960	51.842
212.496	59.332	28.406	50.739
219.429	57.682	29.574	53.366
219.698	58.270	31.582	53.881
229.543	56.380	29.963	57.434
228.726	57.232	32.323	55.777
237.678	56.357	31.238	57.747
241.085	56.761	30.966	58.486
249.578	56.385	32.051	56.795
254.467	57.034	28.367	57.174
261.646	56.038	29.118	58.307
262.337	55.686	33.836	55.295
268.073	55.001	30.975	62.060
274.978	55.154	33.396	62.927
280.125	56.133	30.575	58.595
288.990	55.398	30.824	57.838
298.808	54.760	29.515	57.577
302.360	54.539	31.215	58.235
304.598	55.008	31.893	59.739
312.337	53.553	33.237	58.843
315.549	53.822	32.900	61.588
324.963	53.582	32.075	61.515
328.987	53.286	32.811	58.782
332.250	53.310	32.742	58.764
341.654	52.341	31.718	59.611
344.847	52.467	32.252	61.705
353.990	52.610	30.187	61.558
353.532	52.788	34.790	59.039
363.919	51.642	32.392	61.214
362.932	52.334	33.488	62.823
363.898	52.297	30.781	64.845
363.864	52.317	30.621	60.900
363.406	52.131	29.960	59.303
363.453	52.240	27.259	58.687
363.111	52.046	27.383	57.830
362.486	52.031	27.561	55.947
361.502	51.019	27.784	54.665
360.717	50.523	27.170	56.493
359.678	50.617	27.216	56.114
359.027	50.758	27.134	52.456
357.818	50.924	27.400	52.614
355.573	50.298	28.112	52.418
355.331	49.900	28.479	54.198
353.479	49.847	28.133	55.716
352.750	50.298	28.074	53.541
351.875	52.141	27.992	56.159
351.302	53.089	28.529	61.021
349.615	55.795	29.929	63.079
348.979	60.917	30.228	60.200
348.153	63.430	30.476	61.377
346.671	68.169	31.118	64.056
346.406	72.459	29.906	64.125
345.630	76.142	29.848	62.441
345.127	77.266	29.993	61.788
343.554	83.623	30.021	64.391
343.273	85.199	30.272	63.862
339.593	89.919	32.168	69.210
340.787	93.348	31.386	64.110
339.489	97.497	31.067	64.119
338.708	100.744	30.415	61.514
339.947	103.780	30.940	64.371
336.128	110.142	32.038	63.466
337.979	113.014	29.752	63.578
335.043	117.380	30.214	60.781
335.371	120.729	28.157	66.090
334.360	122.814	28.980	64.366
331.523	129.343	29.669	65.262
330.482	133.569	29.397	66.665
329.619	134.882	30.739	65.267
327.590	138.581	30.711	69.185
325.970	144.463	30.327	67.849
325.010	146.061	30.307	68.935
324.612	149.815	29.706	67.749
322.641	155.939	31.174	66.734
322.083	158.089	30.305	70.013
319.998	162.120	31.284	69.105
316.552	164.385	33.158	71.970
318.788	167.563	30.568	75.214
315.497	172.109	32.671	80.359
316.342	173.142	30.723	86.211
311.007	179.762	33.776	81.300
309.533	181.498	36.293	83.003
309.897	187.677	34.372	73.135
310.219	190.536	35.106	71.262
307.784	195.984	34.172	73.639
305.624	197.833	34.377	73.132
304.634	204.195	38.151	73.086
304.037	205.837	34.289	70.562
304.161	209.619	34.575	67.812
301.669	214.643	32.628	69.329
299.412	217.321	31.188	61.184
296.851	218.081	31.533	62.658
293.757	218.497	33.897	60.166
293.767	219.290	33.453	56.844
291.768	219.446	32.727	57.594
290.049	218.899	30.493	56.570
287.750	218.686	31.613	55.596
286.675	218.995	30.823	54.474
283.388	217.629	31.911	56.475
282.970	217.425	30.937	57.645
280.516	217.677	30.664	55.702
278.703	217.597	30.536	51.799
275.098	217.281	30.356	51.452
273.997	216.815	30.664	51.170
273.907	216.831	30.224	52.332
265.023	216.167	36.254	56.230
268.877	216.394	31.198	50.901
267.184	215.495	33.914	54.251
275.009	215.688	28.406	56.092
278.881	215.499	29.996	52.457
281.614	214.627	30.789	53.662
288.000	212.701	32.737	53.711
294.061	213.472	31.817	57.225
296.372	212.197	32.309	52.189
299.724	211.733	30.253	56.045
297.194	212.047	31.212	55.991
295.296	212.017	32.204	53.708
297.108	211.273	32.480	58.492
301.599	211.737	29.542	58.223
307.204	211.335	29.965	58.079
310.329	209.496	32.364	55.387
315.477	209.582	29.509	58.246
316.215	209.899	30.072	56.877
316.156	209.145	26.988	57.237
315.916	209.054	26.167	56.585
312.227	209.021	27.004	55.671
309.961	208.123	28.032	57.191
312.111	207.895	30.554	55.033
317.191	207.915	28.051	54.649
316.698	207.908	28.665	56.542
316.906	207.599	27.270	57.933
314.585	207.010	27.999	51.843
312.715	206.454	27.682	53.510
311.640	205.749	27.089	50.977
310.416	206.312	27.231	52.538
309.386	205.432	25.983	52.408
307.663	205.362	27.184	54.245
307.572	205.660	26.438	53.880
304.997	205.418	27.809	54.275
305.544	204.651	26.386	56.619
303.953	205.250	27.002	55.699
303.022	204.750	26.697	53.224
301.525	204.512	27.730	55.164
295.912	204.269	30.765	56.044
298.743	204.857	27.242	56.358
298.938	205.146	26.098	54.722
297.186	204.644	27.096	58.314
296.092	204.360	26.868	58.631
293.163	204.139	28.420	55.138
293.197	204.854	27.152	54.634
292.253	204.641	27.365	54.136
291.429	204.530	26.611	52.670
289.382	204.174	27.262	52.973
287.843	203.733	27.619	54.994
287.629	203.572	27.165	53.108
286.119	203.530	26.479	52.283
283.602	203.387	27.171	54.365
282.289	203.401	27.268	53.563
281.944	202.788	26.952	54.060
279.857	202.241	26.798	53.888
279.445	202.921	25.867	53.762
277.753	202.546	26.198	54.794
277.277	203.214	25.341	55.579
275.214	202.350	25.896	53.520
274.305	201.640	26.458	56.553
271.797	202.097	27.109	54.828
269.544	201.343	26.532	57.244
268.943	201.015	26.669	58.118
266.769	200.810	27.341	56.764
265.854	200.430	26.837	57.040
263.930	199.815	26.798	59.017
