469.000	153.000	18.000	34.000
469.525	154.374	18.000	33.283
470.332	153.674	18.960	33.353
471.556	154.496	18.953	33.195
472.104	154.446	19.900	33.360
472.793	155.316	20.131	32.423
473.953	154.527	19.533	33.356
474.410	154.998	20.252	33.083
475.547	155.280	19.503	33.608
476.650	155.334	19.650	33.218
477.432	156.052	19.118	32.283
478.376	156.040	18.321	33.568
478.745	156.633	18.350	34.126
479.613	156.889	17.601	32.951
479.781	157.296	17.650	32.697
480.677	157.469	16.542	34.619
481.487	158.444	16.350	34.486
481.278	158.072	16.641	34.395
481.081	158.493	17.356	34.863
480.673	158.755	17.348	35.023
480.591	159.516	17.431	33.321
480.076	159.393	18.309	34.302
479.537	158.924	17.942	35.173
478.774	159.145	18.080	35.188
476.994	158.796	20.407	37.121
477.493	159.428	20.131	36.761
477.355	159.008	19.772	37.379
477.487	161.024	19.391	35.552
477.422	161.497	18.634	35.446
477.788	160.989	18.165	36.324
478.297	166.084	18.243	33.901
478.642	165.171	18.866	35.328
479.758	165.061	17.503	35.996
480.044	166.036	17.371	35.933
481.682	167.971	18.215	35.787
485.319	171.976	17.315	35.271
486.309	171.471	16.670	34.538
487.121	173.999	16.661	32.666
487.070	171.328	16.757	36.886
487.304	172.084	16.612	35.266
487.614	173.726	16.697	34.057
488.289	174.300	16.756	35.969
488.392	174.048	17.356	35.162
488.480	173.574	16.897	36.381
489.219	175.641	16.995	35.434
490.180	174.308	16.588	38.031
489.847	176.689	17.122	36.183
490.678	177.963	17.145	34.597
490.716	178.664	18.019	35.982
491.187	176.741	17.989	36.111
492.566	177.101	17.037	37.737
492.933	177.117	17.188	37.373
493.187	178.820	18.046	36.028
494.048	178.503	17.686	37.037
494.451	180.129	18.497	37.185
495.925	182.034	17.811	35.476
496.939	180.988	17.508	37.737
497.737	182.015	18.129	35.551
500.817	182.494	18.999	39.655
503.019	181.599	20.568	39.451
504.117	181.820	20.747	41.186
505.193	181.675	20.742	40.721
505.602	182.038	20.591	42.226
506.710	181.631	19.418	42.038
507.372	182.093	20.589	44.437
508.223	182.420	20.532	43.209
508.641	181.825	22.061	45.931
509.377	182.296	22.685	44.598
509.332	182.452	23.336	46.086
512.697	184.701	23.592	47.646
513.424	186.299	23.904	45.967
514.438	187.560	24.257	45.896
515.518	187.987	24.049	45.946
516.344	189.260	23.907	46.449
517.139	190.429	23.994	45.570
518.059	191.472	23.456	44.644
518.515	191.820	23.666	45.810
518.856	191.970	23.898	46.130
520.137	192.167	24.389	47.177
521.323	191.961	24.268	48.240
521.671	193.240	24.054	47.115
522.968	193.162	24.256	48.364
524.704	192.307	25.527	51.188
525.257	194.528	26.031	49.521
526.081	195.110	24.886	50.008
527.366	197.138	25.658	49.644
528.869	197.193	26.090	50.613
529.800	198.071	26.735	50.573
531.250	198.582	27.790	52.292
532.212	198.582	27.544	51.739
533.730	199.269	28.907	50.924
534.705	199.401	28.460	52.638
535.190	200.656	28.444	51.159
537.320	201.109	28.174	52.688
537.933	202.090	28.669	51.874
540.606	202.699	29.657	52.532
543.491	204.529	29.392	52.341
544.953	203.820	30.376	54.111
547.262	206.678	29.686	52.182
548.835	207.215	31.192	53.013
550.871	207.812	30.541	55.102
551.665	209.368	31.993	53.715
553.486	209.392	30.768	55.204
555.407	211.198	31.254	54.222
558.017	211.819	30.408	55.013
561.235	213.897	28.618	56.858
563.660	213.895	27.785	57.664
564.704	214.607	26.915	56.914
566.095	216.436	27.016	57.103
565.723	217.183	28.122	57.753
566.927	217.733	27.455	58.209
566.454	218.267	28.442	58.669
566.942	219.697	28.397	59.072
566.474	219.789	29.699	60.196
566.050	221.104	30.547	61.325
565.395	220.876	30.072	61.339
538.981	225.353	41.881	54.268
499.846	226.234	36.013	56.380
459.030	227.377	36.995	56.182
450.232	226.322	32.096	61.176
456.010	228.285	30.845	62.348
455.725	228.335	30.951	63.032
455.269	229.103	32.036	62.584
454.991	232.065	33.331	63.602
454.886	229.142	31.894	65.121
453.886	232.672	33.979	64.496
451.631	235.498	34.047	67.579
451.018	239.194	33.453	68.182
448.387	240.013	34.889	70.009
441.083	169.343	36.124	63.607
435.669	101.520	37.221	61.982
430.639	32.752	39.021	79.866
429.165	19.183	38.196	73.761
429.322	20.849	37.208	77.276
425.183	20.582	38.920	77.373
422.114	19.943	40.294	80.808
420.913	21.517	39.645	79.373
419.674	23.874	40.009	78.854
415.361	24.571	42.992	79.420
413.067	26.372	42.221	81.203
405.874	28.796	44.005	82.107
403.321	30.513	44.572	84.445
401.174	30.328	44.910	85.200
398.083	33.836	45.566	84.290
393.726	32.977	45.979	87.978
390.488	34.539	47.456	88.017
388.873	35.131	46.782	88.653
384.414	38.382	49.600	88.275
382.841	38.291	47.825	88.840
379.038	41.015	49.788	88.642
377.949	40.676	47.849	89.951
376.313	42.437	48.835	89.772
372.546	43.995	50.705	91.221
371.508	45.912	49.140	90.604
368.640	45.712	48.691	95.053
365.917	47.886	48.120	97.014
363.576	46.698	48.302	97.091
360.565	50.637	49.270	97.962
358.469	50.283	49.096	98.949
354.437	53.076	50.292	98.373
350.316	54.682	50.416	100.050
346.253	57.418	51.441	99.650
344.516	57.940	51.467	99.912
340.223	60.716	52.099	99.989
336.594	62.094	54.931	100.115
331.232	64.201	54.976	100.439
327.837	64.616	57.362	101.065
325.837	65.884	57.065	102.169
320.707	70.145	58.149	102.107
318.450	70.862	57.816	103.264
309.535	71.630	61.806	107.923
304.274	74.323	61.687	103.246
297.264	75.527	63.099	105.072
291.619	77.700	65.745	102.569
287.976	78.435	66.827	101.574
285.330	78.946	66.509	100.211
277.599	80.492	68.279	96.567
273.579	81.541	67.812	96.456
266.562	83.779	67.255	111.293
260.810	86.955	69.230	110.419
251.649	89.882	67.967	109.212
248.465	92.883	68.020	108.452
240.614	96.402	66.092	110.926
235.975	97.311	67.577	113.225
232.317	98.759	67.798	114.319
224.307	103.051	66.335	114.670
219.255	103.607	70.382	115.403
208.702	108.266	73.183	116.700
204.038	108.198	74.968	117.266
194.415	106.292	77.240	125.212
189.896	109.182	78.206	124.920
181.129	113.664	77.871	125.949
176.353	114.570	77.394	127.676
172.086	115.290	78.154	128.244
161.780	117.769	77.463	131.429
156.570	119.177	80.005	133.085
146.266	127.108	80.419	132.774
139.787	128.338	81.947	132.657
130.456	131.586	81.413	135.220
123.244	132.855	84.035	137.512
111.090	134.731	85.957	141.185
100.789	140.409	85.081	142.001
95.259	142.784	86.057	143.390
83.084	147.993	87.100	144.096
63.473	149.195	89.900	155.241
50.177	154.107	92.134	158.572
43.578	155.516	93.583	159.503
30.414	160.908	94.715	161.703
16.612	165.381	95.621	164.255
