216.000	143.000	15.000	22.000
217.922	142.661	13.946	24.772
218.045	142.526	13.847	24.576
218.095	142.336	14.017	25.084
218.007	142.729	14.596	24.789
219.003	142.730	14.321	25.008
219.018	142.695	14.326	25.433
218.648	143.148	14.713	24.901
219.228	143.434	14.660	25.105
219.234	143.398	14.917	25.525
219.609	143.794	15.341	25.811
220.099	144.157	15.520	26.038
221.399	144.641	15.481	26.576
222.194	144.933	15.399	26.478
222.789	144.923	15.642	26.384
223.621	144.966	15.972	27.077
226.004	145.487	15.732	27.860
226.383	145.989	15.901	28.194
227.794	146.133	15.739	28.360
229.774	146.334	15.330	28.922
230.720	145.695	15.350	33.184
231.660	146.074	15.194	33.021
232.492	146.484	15.283	32.410
233.677	146.836	15.167	32.715
235.275	147.472	15.211	30.740
237.962	147.409	14.429	32.839
240.165	147.706	14.193	32.268
241.832	147.893	14.937	32.723
243.549	147.761	14.971	32.475
245.947	147.596	14.976	30.594
246.150	147.824	16.240	32.591
247.280	148.126	15.802	33.498
250.436	148.552	15.454	35.238
251.324	148.842	16.729	34.829
254.711	148.988	14.663	34.421
254.589	149.583	14.796	34.092
255.833	149.222	14.453	34.195
256.963	149.346	14.734	34.189
258.801	149.862	14.061	34.146
260.985	149.848	15.120	33.630
263.202	150.006	16.148	34.113
265.589	150.241	17.911	33.675
266.749	150.147	17.678	32.966
269.042	151.054	17.369	34.821
271.717	151.260	16.872	35.809
272.861	151.268	17.703	36.465
274.998	151.182	16.566	36.855
276.749	151.772	16.489	36.902
277.287	151.874	17.050	36.195
279.083	152.032	17.107	36.423
280.144	151.532	16.863	36.855
281.480	152.001	17.047	37.218
282.706	152.527	17.476	36.823
283.637	152.445	17.265	37.185
285.234	152.762	18.377	37.523
286.692	152.752	17.836	37.616
288.063	152.855	18.282	38.338
289.480	152.806	17.971	38.742
290.143	153.280	18.333	38.580
291.712	153.223	18.982	38.983
292.985	153.883	19.405	38.887
293.586	154.366	19.957	38.815
294.389	154.821	19.387	38.499
295.119	155.731	19.618	37.566
295.671	155.796	19.978	38.428
295.922	156.121	19.868	38.236
296.387	156.431	19.572	38.136
296.493	156.857	19.997	38.913
296.623	157.079	19.886	38.687
296.619	157.208	20.076	39.396
296.566	157.348	20.328	39.410
296.649	157.932	19.973	40.126
296.606	158.496	20.192	39.802
296.411	158.725	20.219	40.223
295.989	159.171	20.307	40.048
295.624	159.994	20.372	39.615
295.666	159.981	19.936	40.411
295.173	160.576	20.674	39.941
295.080	160.941	20.103	40.696
294.600	161.157	20.278	40.709
294.124	161.672	20.286	40.827
293.828	162.654	20.112	41.737
293.429	163.169	20.158	41.241
293.136	163.453	20.108	41.769
292.491	163.915	19.933	41.985
292.053	164.497	19.738	42.442
291.624	164.818	19.939	42.738
291.554	164.410	19.951	43.260
290.886	165.660	19.822	42.714
290.346	166.422	19.789	42.952
289.826	167.963	20.180	41.926
289.228	168.025	20.429	42.724
288.323	168.077	20.640	43.515
287.307	169.237	20.853	42.873
286.668	169.937	20.658	43.545
285.641	170.596	21.256	44.629
285.366	171.009	21.092	43.908
284.627	171.313	20.425	44.856
283.345	172.071	21.086	44.772
282.116	174.004	21.477	44.212
281.187	174.575	22.219	43.629
278.059	177.757	22.559	44.442
276.680	178.867	22.830	45.494
275.679	180.476	22.978	46.020
274.695	180.311	23.371	47.625
273.779	182.313	24.494	46.765
272.736	184.806	25.205	46.670
272.693	185.475	25.471	46.501
272.399	185.376	24.840	47.970
272.495	186.801	24.756	47.984
272.661	189.123	23.942	46.299
272.243	189.677	24.152	46.696
271.413	190.125	25.120	47.749
271.242	190.074	25.361	47.808
270.998	190.561	25.251	50.174
270.305	192.579	25.956	48.628
269.577	194.231	26.662	48.095
269.349	195.340	26.178	47.822
268.891	195.904	26.441	48.359
268.641	196.279	26.568	48.373
267.790	197.185	26.354	49.100
267.316	197.489	26.591	49.435
266.874	198.038	26.896	49.490
266.424	198.485	26.703	50.692
265.728	200.036	27.026	49.755
264.951	201.270	26.487	49.900
264.217	202.337	26.670	50.139
263.479	202.495	27.183	50.530
262.761	203.548	26.721	51.405
261.627	203.736	26.456	53.770
260.415	205.709	27.467	53.277
259.735	205.831	27.496	54.805
258.556	206.125	28.015	56.198
257.923	206.287	28.658	56.247
256.659	207.328	28.679	56.717
256.268	207.419	28.791	57.274
255.202	208.481	28.446	57.923
252.619	210.661	29.549	59.207
251.390	211.286	29.372	60.007
250.327	212.625	28.988	60.373
247.729	214.270	30.309	60.772
246.906	214.939	30.828	61.675
245.925	215.472	31.196	61.991
244.604	216.642	31.108	62.763
