582.000	32.000	28.000	30.000
578.422	29.143	25.266	32.407
577.373	29.536	25.086	30.373
576.153	29.417	25.430	29.889
574.679	29.029	26.252	30.453
573.326	29.066	28.276	31.889
573.020	30.858	29.209	34.033
573.446	34.943	29.620	34.864
573.748	37.908	31.226	34.703
577.181	44.187	29.994	34.805
578.890	48.274	30.422	33.669
581.568	50.967	29.951	31.261
585.735	53.410	29.006	32.966
588.921	53.634	26.571	31.733
589.630	52.159	25.815	33.281
593.366	50.510	22.502	32.778
594.266	49.938	21.734	32.764
594.369	49.113	21.631	33.124
593.204	50.438	22.796	32.283
592.521	50.089	23.448	32.422
591.054	51.682	24.708	33.903
587.223	59.169	26.557	32.122
585.589	60.906	26.600	34.915
582.636	63.610	27.364	34.597
576.481	67.948	28.303	33.715
572.286	68.591	30.026	34.517
568.923	69.415	30.110	34.158
564.627	68.825	30.309	34.352
563.063	66.758	29.478	34.927
562.201	65.476	28.286	35.347
560.117	66.490	29.558	34.943
559.330	64.498	30.185	39.397
559.646	66.394	30.239	40.455
558.370	71.598	31.328	41.916
557.995	76.974	32.625	40.460
560.006	81.634	32.095	39.309
561.158	84.420	33.321	39.220
564.292	86.857	32.885	37.881
565.596	87.903	32.560	37.521
566.525	87.491	31.361	37.990
567.072	86.038	30.359	37.059
566.817	84.008	29.688	37.627
566.063	83.088	29.703	37.405
563.561	82.701	29.415	41.048
562.097	81.694	30.145	45.126
560.519	82.391	30.886	45.777
556.021	91.439	32.229	42.612
553.600	95.742	31.710	43.610
550.960	99.559	31.285	43.153
542.632	105.137	34.485	40.491
539.946	106.711	33.245	39.259
537.135	106.023	32.137	41.563
531.080	106.722	32.548	39.082
529.096	105.894	31.386	39.784
527.780	106.221	30.519	38.087
524.644	107.176	30.269	39.956
521.877	108.680	31.870	41.751
519.521	111.372	32.938	42.131
518.172	118.923	32.388	43.566
518.402	122.212	32.200	44.236
518.464	126.502	32.511	44.031
519.262	131.762	33.032	42.389
519.339	130.461	32.710	44.493
519.233	131.698	32.331	42.445
518.669	133.171	31.536	38.819
518.265	132.748	30.720	39.762
517.326	133.904	30.910	40.114
515.550	137.493	30.283	41.647
514.483	140.457	30.946	42.298
512.328	149.223	30.157	41.312
510.743	152.662	30.537	42.492
509.376	156.080	30.073	41.760
504.925	158.648	30.923	43.369
502.672	158.891	31.586	44.112
501.282	159.575	31.606	44.404
498.943	161.500	32.464	42.974
498.382	161.664	33.307	42.848
497.291	163.152	34.435	42.986
496.769	169.825	34.731	41.325
496.440	174.079	34.985	40.900
496.926	177.828	34.622	41.574
498.327	185.478	35.389	42.709
499.544	189.759	36.737	43.023
501.483	192.576	37.307	43.563
505.503	197.847	38.148	43.420
508.263	197.860	35.351	46.082
510.208	196.792	34.849	47.779
509.299	193.948	34.602	47.010
508.006	191.779	34.454	46.416
505.607	191.410	35.681	45.794
503.877	191.771	32.788	51.246
501.343	195.467	34.850	51.366
497.257	199.598	36.459	51.165
489.865	206.245	40.593	52.094
478.107	211.666	43.597	52.491
472.406	217.271	44.954	51.328
466.519	222.560	42.266	53.727
463.129	226.387	42.858	56.153
463.419	230.856	41.367	52.301
461.293	236.889	41.350	47.557
457.212	244.577	42.729	44.469
459.513	246.469	40.734	45.976
458.141	251.143	41.999	47.532
459.407	254.963	42.966	54.286
458.872	262.145	45.233	54.030
460.534	268.275	44.704	53.747
462.247	280.081	44.893	54.077
464.913	293.229	44.127	48.182
467.360	292.424	43.631	53.558
469.747	303.369	40.388	48.065
470.054	310.453	38.091	45.281
470.134	314.079	36.253	42.948
469.135	316.333	35.820	41.662
462.936	320.779	38.041	41.438
461.252	322.806	37.497	45.789
458.786	326.594	37.486	47.998
452.511	337.538	37.860	50.591
450.564	343.590	36.239	52.856
446.426	351.810	36.364	50.251
437.643	361.613	38.042	51.007
435.149	366.868	37.048	51.109
431.943	371.736	38.304	49.562
429.875	380.010	38.798	45.091
428.939	381.850	39.423	45.494
428.146	383.589	39.713	48.252
427.198	386.762	41.795	57.746
427.117	389.847	41.794	59.341
427.643	394.115	44.461	56.391
428.169	406.284	50.072	44.716
430.632	411.925	48.722	39.075
