199.000	114.000	27.000	73.000
195.376	117.119	32.813	63.872
195.017	117.121	33.560	61.690
196.074	117.191	32.893	61.611
196.921	117.268	32.241	62.450
196.981	116.402	32.216	62.898
197.765	117.055	32.177	65.893
197.709	116.253	31.886	65.868
198.170	117.469	32.023	69.288
198.582	117.718	32.353	68.736
199.496	117.624	31.307	72.708
199.501	117.817	32.923	72.985
200.281	116.815	34.443	76.284
199.796	117.761	36.292	73.214
205.884	116.690	31.780	73.869
204.787	117.985	33.591	72.543
209.405	115.091	29.216	78.501
211.771	113.802	27.852	79.085
212.878	112.115	27.642	81.163
212.512	111.732	28.303	81.764
211.813	111.497	30.169	82.893
213.212	110.976	29.325	83.892
213.558	111.092	29.235	84.567
214.535	111.174	28.940	82.892
215.372	110.977	27.987	83.169
214.452	111.066	29.438	84.044
215.250	110.512	28.971	83.132
216.089	111.561	27.969	81.678
215.697	111.272	29.289	82.200
215.884	111.318	29.596	83.014
217.584	112.001	28.109	81.247
218.650	111.421	27.582	81.893
219.212	111.072	27.848	81.098
220.097	110.620	27.072	83.534
220.714	110.981	28.809	83.457
221.654	111.320	27.218	81.892
221.779	110.511	28.984	84.086
222.232	110.662	29.382	83.186
223.570	110.490	28.633	83.545
224.016	111.198	29.036	82.747
225.069	110.084	30.970	84.509
226.625	109.635	30.289	85.012
228.247	109.350	29.403	85.680
229.658	113.260	29.357	82.386
231.342	113.991	28.173	80.541
234.464	113.367	30.316	80.477
235.724	117.752	31.073	71.629
236.642	117.543	30.786	70.090
238.176	118.341	29.982	66.823
239.710	117.949	28.474	69.383
240.213	119.018	29.924	67.639
240.201	119.429	31.171	67.384
240.748	118.319	31.313	69.048
239.433	116.634	33.187	72.243
241.507	116.568	31.857	72.354
242.272	111.803	31.914	78.739
243.654	112.308	31.663	78.757
245.432	110.009	30.373	81.524
248.184	110.489	31.941	83.272
247.932	112.099	33.807	81.227
248.533	112.934	34.850	81.093
253.542	114.404	32.516	79.117
255.206	114.035	33.896	80.262
255.580	115.146	33.536	77.850
255.660	115.679	34.336	78.703
257.628	112.037	32.171	82.278
261.411	113.146	32.147	79.102
263.870	113.327	30.083	80.445
265.987	111.525	30.400	81.059
267.714	110.918	31.871	81.696
268.330	111.556	32.464	77.451
270.132	109.899	32.184	78.497
269.538	110.389	32.530	78.748
272.214	108.833	30.332	78.303
272.961	108.763	30.749	78.825
273.329	109.261	30.298	73.638
274.915	109.164	30.092	73.270
274.596	109.917	30.527	72.364
275.437	115.798	30.954	66.352
276.090	116.835	30.131	65.930
276.940	117.505	30.014	64.852
276.967	118.129	30.121	65.549
276.716	117.623	31.257	65.435
277.126	120.228	30.405	63.161
277.614	117.472	31.304	67.700
277.503	117.446	31.286	67.203
277.780	118.063	31.307	66.517
277.446	117.539	32.562	66.770
279.573	117.550	30.991	67.307
280.101	120.282	29.612	65.130
281.374	117.329	30.181	66.460
279.754	118.325	30.949	64.701
279.003	117.501	31.768	66.977
281.654	117.832	29.492	65.769
280.350	117.410	31.208	65.457
281.723	119.299	30.624	65.401
281.246	118.600	30.417	67.093
282.276	120.036	29.860	66.465
280.911	111.495	30.268	73.104
282.019	117.425	29.955	68.176
281.352	109.863	31.326	74.561
281.592	110.599	31.630	74.839
282.401	109.145	30.464	74.612
282.037	110.531	31.884	70.794
283.326	111.634	31.713	70.880
281.195	109.759	34.634	74.389
282.303	109.646	34.801	74.632
282.650	109.798	35.006	73.539
283.804	109.930	34.059	73.070
284.910	110.706	34.132	72.804
284.621	110.128	34.788	74.023
285.751	109.920	33.645	74.537
285.466	109.165	33.689	74.242
285.617	109.901	34.465	72.581
284.266	109.263	35.666	74.583
283.113	110.432	36.827	71.780
282.870	109.950	36.752	72.246
281.928	109.904	37.583	71.723
281.453	110.344	37.730	71.045
281.717	109.837	37.569	71.018
280.894	109.866	37.557	69.947
281.778	109.236	36.654	69.970
280.454	109.840	37.503	68.990
280.484	109.364	37.706	69.709
280.074	109.073	37.042	69.877
281.080	109.484	35.719	68.731
280.408	109.376	35.634	69.448
279.865	108.380	36.670	71.138
279.863	109.129	36.914	70.099
280.980	109.093	35.733	70.534
280.963	108.704	36.053	69.297
280.606	109.628	36.268	68.904
281.458	109.617	36.060	69.417
280.573	109.759	37.184	69.036
281.342	110.371	36.588	68.654
280.663	110.883	37.569	67.936
281.783	111.542	37.265	66.574
280.910	110.843	38.559	66.395
281.844	111.375	38.015	65.548
282.497	110.470	37.575	65.187
284.665	110.711	36.759	66.303
288.838	109.986	33.510	66.371
294.170	109.405	28.653	67.676
295.128	108.633	28.185	69.232
296.566	109.093	26.720	68.704
297.372	108.400	26.715	69.252
297.874	108.875	26.563	68.859
298.522	109.698	26.391	68.494
299.725	109.248	26.975	68.277
302.419	109.605	27.224	66.834
303.175	109.888	27.038	66.543
304.009	108.465	27.413	68.453
304.531	108.480	27.954	67.723
304.860	110.018	27.943	66.275
305.811	109.912	27.406	65.689
305.815	109.513	27.967	65.564
306.637	109.338	28.222	67.435
307.375	109.737	27.534	66.802
308.750	109.889	28.138	67.474
309.933	109.675	28.812	65.039
310.729	110.229	29.122	65.202
311.534	109.599	28.866	65.346
312.359	110.181	28.355	64.288
312.991	109.940	28.415	64.907
313.771	109.361	28.046	64.479
314.427	108.693	27.623	64.888
314.636	109.450	27.176	64.190
315.032	109.709	27.674	62.631
315.639	109.472	26.574	62.372
315.405	109.434	27.081	62.376
315.749	109.765	26.539	59.933
315.759	109.747	27.026	61.570
315.911	109.553	26.975	61.844
316.119	111.655	27.539	59.657
316.282	111.943	27.500	58.858
317.255	112.421	26.571	59.521
317.481	114.443	27.784	58.238
318.255	113.591	27.621	58.182
319.436	116.388	28.388	54.906
319.750	116.489	27.829	55.903
319.936	116.468	28.072	54.968
321.569	115.360	29.246	58.117
322.560	113.537	29.296	60.419
324.499	107.309	29.203	63.667
324.333	108.309	28.977	64.202
325.950	105.657	29.150	63.966
327.244	106.239	28.911	67.093
326.619	107.191	28.278	64.186
328.362	107.384	26.972	61.955
327.019	107.646	28.980	65.803
328.474	108.115	28.587	61.192
329.027	107.472	27.721	65.565
329.576	108.259	27.805	64.432
330.669	107.984	28.208	64.921
330.752	108.956	28.489	64.911
332.857	109.259	28.454	65.841
335.021	109.258	26.872	66.106
334.226	109.083	27.737	67.006
337.159	109.757	26.860	66.152
336.193	109.096	29.473	68.054
338.924	109.555	27.554	66.747
339.850	108.990	26.698	68.590
340.668	108.980	27.022	68.468
340.875	109.088	26.357	68.376
341.076	108.836	26.698	68.623
341.587	110.022	26.314	64.718
342.192	109.032	27.087	66.602
342.503	109.894	26.250	65.814
344.978	110.088	25.563	65.631
346.047	108.768	25.683	65.958
347.875	109.504	24.809	64.227
349.395	109.377	24.740	64.538
350.977	109.425	24.122	64.613
351.799	108.885	25.031	64.967
353.257	108.979	24.934	64.584
353.568	108.929	26.501	65.311
356.261	108.074	26.894	65.043
357.238	108.237	26.370	65.326
358.738	108.386	26.649	64.491
359.806	105.865	27.093	65.564
360.813	105.169	27.521	67.707
361.045	105.108	27.829	67.679
360.722	109.206	31.696	65.773
361.210	110.447	31.848	67.108
365.222	113.311	30.061	62.760
368.450	118.918	28.056	60.126
367.358	116.985	29.335	60.135
368.286	117.724	28.003	59.808
368.690	118.009	28.088	59.575
369.322	116.519	27.419	61.618
371.299	116.331	25.735	62.672
369.994	113.903	26.705	65.487
372.406	108.428	28.924	69.147
373.834	108.416	29.993	68.586
377.468	109.341	29.378	68.620
379.568	108.713	29.539	68.996
381.588	108.740	28.181	69.960
382.600	108.954	27.645	71.194
384.380	108.194	27.463	73.425
386.920	108.607	26.020	73.982
388.847	109.152	25.580	74.716
391.250	109.125	26.025	76.129
391.611	108.884	25.881	76.725
392.883	108.854	25.495	75.982
393.578	109.258	25.106	75.264
394.479	110.345	24.476	74.152
395.346	110.106	24.594	73.987
395.635	110.000	24.794	74.029
396.128	109.339	24.731	75.803
396.514	109.141	24.769	76.352
397.384	109.216	24.260	75.288
397.750	109.287	24.107	76.428
398.948	108.740	23.274	74.810
399.178	108.668	23.334	76.569
400.117	110.354	22.971	73.971
400.553	109.497	23.580	74.437
400.481	109.299	24.388	74.959
400.611	108.925	25.519	75.995
400.615	109.945	24.572	75.345
400.987	109.199	24.833	75.152
401.437	109.170	25.396	75.836
401.456	108.393	25.289	76.837
401.235	108.304	26.398	77.511
401.753	109.138	24.404	77.263
402.292	107.759	24.588	78.331
402.417	107.239	25.154	78.543
