281.000	95.000	24.000	79.000
281.945	93.532	24.751	79.561
283.114	93.356	24.079	81.248
284.528	93.671	23.478	80.427
285.822	94.358	25.017	79.086
288.050	94.669	26.533	78.786
289.180	94.572	27.977	79.454
291.224	94.673	27.722	79.201
291.834	94.509	28.448	79.516
293.404	94.527	27.944	79.379
296.973	92.812	26.211	80.383
298.305	91.764	26.950	80.629
299.443	92.248	27.534	79.901
300.296	91.658	28.531	81.421
301.045	92.182	31.737	80.155
302.717	92.359	33.179	80.262
303.734	92.774	31.942	79.843
304.316	92.721	31.029	79.244
305.525	92.076	29.941	80.053
306.230	91.926	30.387	80.976
307.236	91.922	30.431	80.726
308.929	90.909	30.826	81.390
309.347	91.277	30.529	80.831
310.277	91.130	30.798	80.483
311.142	90.276	30.553	81.385
311.500	90.240	30.646	80.320
311.971	89.558	30.253	81.867
311.948	88.965	29.638	83.172
311.576	88.966	30.313	83.718
311.564	89.773	29.683	83.245
310.873	89.406	29.977	83.646
310.543	89.522	29.132	83.698
308.693	90.374	29.569	82.706
307.522	90.983	29.259	81.904
306.699	90.615	28.959	82.467
306.492	90.692	27.642	82.179
306.103	91.001	26.832	81.530
305.673	90.829	25.827	82.510
305.895	91.011	24.412	83.536
305.223	91.120	24.530	83.470
304.539	91.010	24.968	83.493
304.359	91.244	23.882	83.294
303.481	91.249	24.750	84.036
303.381	91.329	23.892	83.361
301.993	91.521	25.106	83.951
299.293	91.403	26.827	83.457
298.451	92.316	27.424	82.846
297.393	92.252	28.414	82.712
297.100	92.236	27.689	83.090
297.247	92.338	27.053	83.169
296.107	92.104	27.918	83.284
294.933	92.430	28.234	83.077
293.503	92.282	28.045	83.626
292.559	93.020	28.790	82.573
291.464	92.909	25.898	82.257
290.500	92.944	24.706	81.828
289.905	92.696	24.130	82.539
289.090	92.728	23.912	81.818
287.996	92.206	23.902	82.885
287.196	92.396	23.648	82.859
285.730	92.950	23.827	82.466
284.826	93.017	24.100	81.640
283.529	92.938	25.069	81.669
282.557	93.259	25.481	81.683
282.203	93.602	25.185	82.169
281.810	93.485	24.747	81.362
280.544	93.890	24.470	81.889
279.308	93.837	24.568	81.653
278.918	93.531	23.626	82.022
277.384	93.782	24.451	81.940
276.308	94.089	24.789	81.429
276.604	94.448	23.911	80.848
275.196	93.828	24.087	81.585
273.848	94.389	25.209	80.883
272.868	94.269	25.234	81.528
271.918	94.203	25.480	81.888
270.772	93.733	24.749	82.709
269.622	94.491	25.496	81.155
268.287	94.341	25.780	81.963
266.449	94.411	27.125	81.732
263.254	94.902	29.466	82.760
263.053	96.043	28.380	81.296
261.943	96.936	28.409	80.991
259.645	97.254	26.966	81.418
258.378	97.308	24.984	81.572
256.725	96.945	24.024	81.656
253.483	96.650	25.263	81.624
253.185	97.009	24.980	81.340
253.054	97.053	24.138	81.632
252.945	96.469	23.524	82.138
252.466	95.953	23.494	82.544
251.997	95.807	23.421	82.577
251.377	96.419	23.421	83.174
249.624	96.256	24.221	82.794
248.198	96.595	25.165	81.973
246.902	96.973	25.361	81.236
245.456	96.070	25.709	82.335
243.291	96.375	27.553	82.528
241.339	96.674	28.188	82.083
239.851	96.878	29.288	82.255
239.239	96.689	28.241	82.733
238.544	97.568	27.575	82.025
237.902	97.345	27.291	82.242
236.367	97.272	27.204	82.315
235.242	97.236	26.666	82.465
234.590	97.431	26.011	81.893
234.273	97.447	25.168	81.667
233.810	96.888	24.323	82.377
232.970	97.161	24.254	82.143
233.217	97.556	23.788	81.975
233.099	97.495	23.177	81.917
232.736	97.669	22.923	81.355
232.253	97.562	23.493	81.629
232.089	97.705	23.219	81.042
231.859	97.790	23.266	81.576
231.776	98.087	23.010	81.101
231.576	98.115	22.605	81.002
231.019	97.580	23.200	82.267
231.220	97.833	22.646	81.942
230.902	97.492	22.645	81.966
230.684	98.059	22.359	81.738
230.347	98.308	22.778	82.463
229.903	97.735	23.075	81.884
229.716	97.669	22.817	82.381
228.976	97.162	23.173	82.708
228.694	97.588	23.557	83.336
228.013	97.081	24.350	83.018
228.006	97.651	24.314	82.534
227.775	97.212	25.498	81.982
227.609	97.630	26.313	81.594
227.539	97.493	26.598	80.411
227.671	97.208	27.064	80.533
227.810	97.577	27.198	80.075
227.760	97.212	27.284	80.540
228.073	97.522	28.820	80.273
227.680	97.122	28.694	80.615
228.724	97.833	28.922	79.843
229.221	97.765	30.249	79.975
230.063	98.720	30.208	78.509
230.800	98.296	30.591	78.576
232.268	98.510	29.975	78.229
235.084	98.020	29.784	78.735
236.329	97.622	29.966	79.541
236.887	97.936	30.135	78.911
237.626	97.191	30.698	79.782
241.051	96.534	29.126	80.927
242.511	95.914	28.511	82.417
244.762	95.896	27.561	81.971
245.851	95.924	26.503	81.004
246.726	96.384	27.289	80.370
247.633	96.634	26.649	80.453
248.893	96.282	25.932	81.366
248.773	96.282	26.096	81.338
250.056	96.534	25.553	81.086
251.067	96.520	25.344	80.998
251.996	96.484	25.133	81.229
253.213	96.413	25.352	81.105
253.437	96.063	25.276	81.920
254.978	96.498	25.287	81.038
255.713	96.233	27.503	82.099
256.823	96.601	30.854	81.509
258.434	97.109	30.340	80.046
260.354	96.679	31.768	80.810
262.381	96.643	30.349	79.593
264.829	95.492	28.667	80.763
267.652	94.521	26.877	81.820
270.095	94.248	25.117	81.657
271.848	93.801	25.258	81.496
274.268	93.793	25.100	80.449
275.289	93.809	25.636	82.304
276.981	93.845	25.446	81.269
277.602	94.153	25.804	81.960
278.480	94.138	25.693	81.149
279.101	94.009	25.104	81.312
280.227	94.341	25.008	81.066
281.231	94.161	24.653	80.531
281.999	93.848	24.137	80.955
287.303	92.878	26.736	81.677
289.887	93.409	29.548	81.004
290.337	93.567	30.226	81.409
291.413	93.482	30.335	80.374
292.100	93.467	30.342	80.261
293.459	92.959	29.704	80.603
294.664	91.914	28.383	82.360
295.004	92.080	27.886	82.485
295.089	91.841	27.535	82.804
294.735	91.810	27.601	82.975
293.797	92.191	28.757	82.318
292.991	92.228	28.794	82.253
292.634	92.321	29.332	82.341
292.559	92.629	28.961	82.109
292.164	92.375	29.287	82.332
291.674	92.776	29.781	81.793
290.854	92.886	30.452	81.910
289.185	94.151	30.979	79.956
289.034	94.399	31.215	79.872
288.905	94.579	31.195	79.198
288.155	94.614	31.657	79.433
287.858	94.686	31.956	79.669
288.248	94.359	31.398	79.769
288.106	94.255	31.681	79.521
287.581	94.363	31.961	79.660
287.655	94.613	31.804	79.271
287.598	94.650	32.023	79.099
287.417	94.543	32.028	79.453
287.170	94.105	32.006	79.268
287.146	94.507	31.775	79.489
287.026	94.399	31.532	79.350
287.266	94.363	30.728	79.770
286.837	94.214	31.512	79.343
286.837	94.543	31.462	78.907
286.438	94.363	31.778	79.655
286.494	94.614	31.393	79.244
286.598	94.395	31.089	79.216
286.328	94.256	31.057	79.818
286.424	94.471	31.264	79.773
286.106	94.793	31.040	79.285
285.955	94.286	30.936	79.730
284.828	94.611	31.984	79.188
285.213	94.793	30.816	79.395
285.643	94.611	29.622	79.378
285.544	94.119	29.716	80.126
285.406	94.686	30.252	79.898
285.521	94.061	30.059	80.168
285.798	94.076	29.707	80.776
285.694	93.485	29.272	81.660
286.212	93.448	29.210	81.837
287.405	93.595	28.202	81.550
288.102	92.794	28.686	82.934
288.612	93.114	28.560	82.852
289.122	92.743	28.070	83.109
290.178	92.096	28.240	84.333
292.476	92.605	28.348	84.431
292.898	92.634	28.291	83.104
292.993	93.276	28.125	82.921
292.657	92.525	28.313	83.182
292.582	92.946	27.962	83.135
291.731	92.302	27.511	83.490
291.198	92.615	27.341	83.207
290.637	92.658	25.789	83.534
289.772	91.995	25.610	83.865
289.488	92.924	24.793	82.741
288.569	93.318	24.998	81.414
287.695	92.909	24.151	81.304
287.064	92.121	23.439	83.049
285.427	92.000	24.417	82.713
285.241	92.649	23.924	82.236
283.805	92.315	24.802	83.379
282.983	92.793	25.258	82.632
281.681	92.974	25.495	82.308
281.007	93.246	25.105	82.504
280.539	92.718	24.703	82.565
279.124	93.426	25.109	82.210
278.192	93.070	23.561	83.444
278.158	93.179	22.781	82.678
277.460	93.382	23.041	82.145
275.823	93.418	23.734	82.675
275.042	93.922	23.771	82.313
274.260	93.795	23.731	82.423
272.697	93.945	24.881	82.246
271.299	94.318	24.870	81.610
269.980	94.699	26.631	81.464
269.023	94.737	27.792	81.266
269.083	95.407	29.019	80.388
269.146	95.470	29.448	80.501
269.679	96.008	30.071	80.102
270.787	95.932	31.464	80.004
270.320	96.291	32.146	78.862
271.845	95.894	30.742	79.828
273.259	96.113	31.589	79.725
274.363	95.749	31.344	80.246
276.380	95.395	30.203	80.502
276.282	95.431	31.401	80.630
278.618	95.240	30.239	80.238
281.134	94.375	29.038	81.686
283.621	93.002	27.463	82.836
285.486	93.024	26.292	82.109
286.944	92.829	25.220	82.087
292.796	92.703	28.634	82.762
296.205	95.185	28.467	80.095
298.265	94.029	28.364	81.353
303.332	93.892	26.855	80.692
305.498	93.212	27.369	81.650
308.044	93.469	30.576	81.067
310.438	94.291	29.679	80.119
312.357	93.965	29.828	80.372
314.136	93.968	29.420	80.382
314.573	93.015	29.331	81.900
318.651	92.282	27.262	82.101
320.986	91.924	26.504	82.116
322.892	91.829	25.693	81.418
324.513	91.649	25.002	82.750
326.720	91.885	25.485	81.652
328.051	92.080	25.647	82.665
329.765	93.420	26.122	82.055
331.362	94.025	26.073	81.538
332.429	94.100	27.309	82.488
334.225	94.783	28.633	80.417
336.459	94.436	29.024	81.059
339.616	94.539	31.822	81.840
340.636	96.424	32.501	79.804
343.521	96.145	30.672	80.146
344.737	95.293	31.914	81.132
347.913	95.539	29.927	80.843
351.827	95.214	29.042	80.792
353.405	94.928	28.932	83.064
356.268	94.854	27.013	82.071
357.378	95.433	27.385	81.354
358.853	94.992	27.187	81.858
359.394	95.288	28.215	81.443
360.774	95.505	27.438	82.331
361.002	96.073	27.098	82.455
361.950	96.866	27.683	81.913
363.420	97.547	27.452	82.189
364.420	97.973	27.759	82.714
364.940	97.731	28.069	83.374
365.927	97.836	28.374	83.130
366.530	97.705	30.053	84.356
367.942	98.125	29.953	84.682
369.597	98.873	29.891	84.051
370.890	98.342	29.903	85.276
371.663	98.233	30.887	86.336
373.008	98.085	30.619	86.003
373.597	98.682	30.194	85.490
373.329	99.391	31.626	84.886
374.511	99.594	30.602	84.434
375.174	99.771	29.763	84.997
374.771	100.076	30.309	84.569
374.535	100.227	31.319	84.592
375.086	100.452	31.133	85.497
375.015	100.835	30.578	84.903
375.744	99.938	30.190	86.553
375.076	100.205	31.035	85.961
375.137	100.639	31.095	85.363
374.926	100.624	30.906	85.356
374.426	100.274	32.059	86.557
374.780	101.094	32.306	84.759
375.783	100.825	31.345	85.264
375.423	100.707	31.810	86.734
376.973	100.537	30.695	87.067
379.125	100.429	29.242	88.212
379.750	100.583	28.665	87.728
381.084	100.683	29.484	88.364
382.148	100.562	29.301	88.178
382.644	100.736	29.159	87.926
382.597	100.996	29.488	87.641
383.492	101.159	29.660	87.037
385.528	101.412	29.402	86.137
388.242	101.667	27.977	86.350
389.909	101.079	26.744	86.667
389.809	100.618	26.928	87.504
390.706	101.002	26.947	86.844
393.398	100.000	25.941	86.742
395.721	99.241	26.129	85.275
396.430	99.774	28.146	84.167
397.356	100.348	27.363	82.265
399.797	100.073	25.847	83.318
400.637	99.338	25.627	84.965
400.879	98.832	24.929	84.985
401.297	99.644	25.802	84.266
402.700	99.276	24.512	83.708
402.985	99.464	24.348	83.274
402.904	99.733	23.981	84.219
402.643	99.984	24.690	83.962
402.546	99.394	24.483	84.435
401.075	99.712	25.918	84.144
401.159	100.236	25.127	82.408
401.016	99.791	25.002	82.942
399.132	99.460	26.829	84.216
398.337	100.485	27.887	82.592
396.407	100.067	28.990	83.322
396.300	99.943	28.217	83.680
394.252	99.445	29.522	83.550
394.158	99.550	29.946	84.603
393.802	99.382	29.450	84.377
388.711	99.409	33.476	85.268
383.853	100.108	37.363	83.847
384.170	100.495	37.256	83.373
384.518	100.555	35.107	83.354
385.427	99.955	32.345	84.574
383.529	99.873	31.030	85.390
382.887	99.373	30.099	87.081
377.658	99.688	27.742	87.002
375.997	99.349	26.459	86.928
372.901	99.080	28.000	87.771
371.097	100.276	28.891	86.142
369.351	100.005	29.992	86.606
368.456	100.442	29.792	87.352
366.650	100.261	29.354	86.071
365.940	100.787	29.343	85.666
365.432	100.860	27.202	84.799
364.300	99.896	24.863	87.832
363.714	101.423	24.383	86.954
363.019	101.629	25.621	88.588
362.343	102.214	25.311	87.978
361.936	102.784	25.303	87.558
361.058	103.112	25.626	86.807
359.931	103.321	24.940	87.551
358.742	103.597	25.631	86.858
357.128	103.418	25.776	87.343
355.978	103.028	25.749	88.429
353.839	103.727	26.645	88.276
352.535	104.181	25.916	87.238
350.753	105.026	26.423	87.089
350.031	105.539	26.139	86.729
348.547	106.743	25.325	86.133
348.300	106.480	24.892	86.928
347.431	106.172	24.153	86.843
347.715	106.249	23.618	85.896
347.129	107.393	24.322	87.362
347.488	107.030	22.966	87.568
347.342	107.097	23.505	88.328
347.246	106.940	23.045	88.773
346.942	106.819	23.678	87.286
346.583	106.788	24.088	89.349
346.885	107.271	23.527	86.775
346.517	107.509	24.145	87.559
346.783	107.391	23.737	87.629
346.659	107.391	24.286	87.936
346.655	107.332	23.853	86.786
347.012	107.157	23.768	86.936
347.118	107.037	23.762	86.943
347.041	107.413	23.672	86.489
346.498	107.598	24.645	86.062
346.511	107.325	24.070	86.199
346.409	107.891	25.048	87.254
346.873	106.937	23.685	86.955
346.022	107.020	24.692	85.345
344.692	107.350	25.501	86.094
344.687	107.122	25.792	85.717
344.361	107.273	25.022	85.273
344.283	106.843	24.868	87.621
343.421	107.354	24.904	85.643
342.652	107.431	25.703	87.496
341.422	107.180	26.160	86.527
340.948	106.933	26.684	86.075
340.178	107.189	27.598	86.076
338.798	107.151	28.792	85.894
336.580	107.420	30.844	85.947
335.040	107.643	30.170	86.361
334.331	106.505	29.582	88.381
332.997	107.275	29.847	87.587
332.321	107.105	29.088	87.556
331.576	107.247	27.944	86.922
330.666	107.886	27.446	86.112
330.596	107.658	26.523	87.301
330.351	107.486	25.445	86.900
329.270	108.189	24.925	85.469
329.056	107.635	25.333	87.867
328.367	107.603	26.193	86.935
328.034	107.157	25.685	87.364
327.561	107.733	25.750	87.148
326.848	107.332	25.905	87.435
326.572	107.509	25.667	87.257
325.514	107.028	26.447	87.548
325.109	107.677	25.443	86.320
324.342	107.061	25.545	87.386
324.863	107.674	24.131	86.552
323.701	107.307	25.517	86.447
323.286	107.202	26.123	86.294
323.017	108.004	26.021	85.796
322.468	107.778	26.559	86.101
322.155	108.130	26.812	85.189
321.665	107.616	27.499	86.298
321.323	108.029	28.575	85.548
321.939	108.692	31.501	84.774
322.957	109.728	32.893	82.869
324.224	108.705	32.404	84.042
326.568	108.937	31.294	84.532
327.507	108.090	30.671	84.970
328.063	106.897	31.140	87.240
328.516	107.723	31.501	86.304
329.198	107.854	31.319	86.133
329.723	107.261	31.049	86.686
329.714	107.892	31.235	86.065
329.803	106.988	31.528	87.255
329.538	107.646	31.269	86.561
327.286	107.391	29.899	86.926
325.095	107.180	29.790	86.615
323.969	107.175	27.971	86.144
322.907	107.194	27.095	85.952
322.191	106.814	26.356	86.763
320.546	106.505	26.035	87.502
318.374	107.037	27.388	87.206
315.614	108.230	29.729	86.555
312.022	109.825	30.421	86.527
308.952	109.698	28.022	86.730
306.011	110.136	25.966	86.399
303.528	109.545	26.407	86.267
301.335	109.659	27.727	86.240
299.492	110.446	29.511	84.847
299.037	110.686	29.448	84.973
297.553	110.420	29.731	85.033
297.432	109.963	29.872	85.432
295.242	110.123	29.595	84.800
294.710	109.390	28.890	85.371
292.553	109.721	28.682	85.545
290.922	109.271	27.725	85.121
289.635	109.256	26.541	85.513
286.004	109.793	28.403	87.400
284.193	110.705	29.752	86.044
282.330	111.769	28.781	86.124
280.878	112.190	27.607	85.451
279.111	111.984	24.656	87.323
276.723	111.423	25.663	87.796
272.061	111.349	28.335	86.785
264.912	112.528	29.759	86.710
262.237	111.584	27.631	85.446
260.103	110.903	26.101	87.131
258.216	110.903	26.444	87.630
254.333	110.036	29.187	88.388
253.083	111.493	29.836	87.306
250.672	112.190	31.399	86.953
248.803	113.057	32.008	87.372
247.731	113.380	31.813	87.602
245.418	113.066	30.803	88.494
242.599	112.354	27.904	88.992
241.129	113.296	26.843	88.165
237.394	112.487	27.794	89.385
234.692	113.246	29.341	88.786
233.917	113.299	28.889	88.899
232.550	114.003	29.382	88.534
230.033	115.430	29.804	87.159
228.373	115.920	29.956	87.071
226.224	116.442	28.306	87.430
223.542	116.316	27.592	87.103
220.898	116.311	27.877	88.878
218.554	117.353	28.485	87.519
216.278	118.052	31.461	88.361
215.910	118.657	30.988	87.888
214.830	119.102	31.402	88.569
213.129	120.128	30.156	88.675
205.966	121.762	27.576	87.141
202.415	121.036	28.702	87.991
200.846	122.860	30.014	87.216
199.872	122.987	30.924	87.680
197.176	124.481	29.708	86.584
194.368	125.365	29.103	85.744
191.563	125.428	29.015	85.712
190.644	125.275	28.007	86.723
187.563	126.076	28.644	87.873
186.173	128.803	28.337	85.873
184.895	128.963	28.514	86.642
183.629	130.000	28.091	85.434
182.023	131.579	27.796	83.676
181.732	130.391	26.171	85.584
181.030	129.819	24.425	85.843
179.188	129.528	25.193	87.157
174.416	130.681	28.295	86.051
174.323	131.382	27.974	85.955
168.874	132.522	26.425	85.512
165.842	130.235	25.215	88.712
162.452	132.484	26.109	88.130
159.166	133.079	27.582	89.283
155.019	137.096	28.769	86.049
152.563	138.341	30.015	84.565
148.692	138.190	27.627	84.311
146.494	138.183	26.955	86.033
145.115	138.916	27.212	85.468
142.714	140.337	27.088	84.195
141.010	140.077	26.100	84.142
139.411	139.471	24.418	85.924
135.543	140.978	26.179	85.707
133.903	142.703	25.485	87.291
132.266	144.258	25.753	87.363
131.153	144.234	27.680	87.467
128.492	146.186	27.031	85.742
126.992	147.167	26.786	84.732
123.293	146.391	26.320	85.994
121.248	146.163	25.993	87.143
118.432	146.841	28.010	86.256
116.306	147.420	29.733	85.591
115.130	148.374	31.521	86.683
112.391	149.327	32.610	85.780
112.288	151.225	31.879	83.851
110.016	150.820	30.923	84.844
107.857	150.475	26.820	85.421
106.414	150.493	25.108	84.851
104.731	150.313	24.826	87.691
102.679	149.816	25.662	88.519
96.043	154.535	29.856	84.222
92.706	155.045	29.193	83.867
89.821	155.132	25.569	83.805
85.685	154.672	27.877	84.918
85.362	155.030	27.358	85.561
83.556	155.256	28.323	86.262
81.251	155.962	30.310	85.619
80.687	156.911	29.773	85.853
78.758	156.938	29.816	84.801
76.960	157.038	27.129	83.380
76.470	157.725	25.537	84.179
74.802	157.820	25.227	84.189
74.494	158.153	24.916	84.553
73.248	159.769	25.789	85.171
72.685	160.838	25.930	84.272
71.801	162.288	25.988	86.142
70.542	163.634	26.071	84.034
69.536	162.716	26.881	83.984
67.244	163.668	29.892	83.274
64.758	164.839	27.062	84.662
62.853	164.872	26.228	84.180
61.437	165.030	26.578	84.657
60.986	165.859	26.185	85.203
59.204	166.599	26.928	84.430
57.697	167.021	27.814	83.858
55.412	167.282	27.754	84.322
54.496	167.070	26.474	84.498
52.751	167.152	24.614	84.702
49.758	167.477	27.044	84.767
48.745	171.367	27.609	83.476
46.584	170.984	28.246	82.481
45.913	171.007	29.376	81.915
44.829	172.360	29.236	81.656
43.622	171.551	29.364	82.964
41.184	172.020	31.300	79.707
39.696	172.414	32.467	79.187
39.002	173.113	32.488	77.980
39.593	172.364	31.345	79.704
38.893	172.469	30.669	78.881
37.553	173.579	29.710	77.875
36.979	177.000	28.833	72.613
35.659	177.779	28.339	70.697
35.245	178.853	26.396	69.991
31.404	178.225	24.730	66.713
30.293	180.293	25.954	63.350
30.167	181.161	24.392	61.297
28.485	183.786	25.324	57.788
26.893	187.327	24.815	53.711
24.240	187.200	25.429	53.195
22.470	187.545	26.921	53.031
