404.000	233.000	20.000	15.000
403.497	233.406	21.975	14.898
403.857	234.075	21.508	15.155
403.238	233.847	21.734	15.017
403.902	234.191	21.600	14.963
404.239	234.075	21.263	15.004
404.249	234.234	21.468	15.084
404.943	234.494	21.030	14.736
404.927	234.642	21.513	15.052
404.927	235.217	21.677	14.847
404.737	235.447	21.467	15.617
404.564	235.728	21.673	15.258
404.504	236.072	22.052	15.253
404.711	236.404	22.040	15.349
405.460	236.957	21.930	14.937
405.647	236.912	21.894	14.941
405.879	236.855	21.798	14.949
406.413	236.176	21.980	15.368
405.764	236.311	22.762	15.165
406.807	236.639	21.706	15.160
406.551	236.777	22.373	15.259
407.171	237.506	22.452	15.408
407.412	237.491	22.180	15.299
407.857	237.853	22.368	15.402
408.726	238.097	21.741	15.462
408.549	237.893	22.235	15.613
408.444	237.778	22.147	15.650
409.367	237.591	22.343	15.741
408.302	237.253	23.037	16.228
409.142	237.801	22.652	16.326
409.469	238.806	22.677	16.000
409.439	239.217	22.904	15.850
409.812	239.611	22.531	15.625
409.855	239.399	22.580	15.608
410.062	239.253	22.420	15.890
410.299	239.510	22.826	15.556
410.192	239.408	22.985	15.774
410.705	238.798	22.807	15.638
410.389	238.907	22.755	15.663
410.764	240.184	22.880	15.650
411.342	240.342	22.621	15.769
411.344	241.070	22.822	15.531
412.035	241.398	22.700	15.491
411.772	241.510	23.157	15.735
412.043	241.012	23.354	15.890
412.510	240.783	22.844	15.964
413.527	240.544	22.494	15.731
412.508	240.388	23.250	16.189
412.845	240.477	23.214	16.112
413.499	241.284	22.840	15.806
413.780	241.692	22.608	15.644
412.965	241.864	23.804	15.900
412.906	242.077	23.493	15.601
413.603	242.531	23.294	16.089
413.344	242.283	23.180	15.842
413.334	242.103	23.610	16.273
413.078	241.568	23.074	16.224
413.074	241.527	23.220	16.433
412.999	241.464	23.385	16.928
413.175	242.298	23.462	16.724
413.780	243.513	22.890	16.467
413.366	243.254	23.531	16.187
413.287	243.233	23.842	16.227
412.976	242.039	23.972	17.229
413.460	242.086	23.899	16.854
413.348	242.060	24.046	16.985
413.232	242.176	23.827	17.368
412.768	243.139	23.745	17.314
412.282	243.166	24.031	17.825
412.021	243.763	24.176	17.341
411.319	244.225	24.565	17.504
411.236	243.940	24.021	17.692
411.382	243.781	23.644	17.706
410.668	244.082	24.170	17.375
409.781	243.957	24.806	17.484
409.828	244.288	24.887	17.565
409.374	245.088	24.913	17.233
409.632	245.689	24.558	16.825
408.797	246.003	24.773	16.683
408.302	246.346	25.142	17.178
408.511	246.255	24.692	17.658
408.253	245.919	24.962	17.662
407.612	245.166	24.861	17.843
407.426	245.429	25.020	17.553
406.937	245.364	25.363	17.480
406.623	246.771	25.728	17.274
406.276	247.437	25.496	17.269
406.026	247.942	25.481	17.278
405.581	247.808	24.767	17.473
404.696	247.636	25.167	17.273
405.121	248.030	24.705	16.912
404.413	247.545	24.686	17.186
404.173	247.533	24.943	17.482
403.676	247.712	24.601	16.901
403.162	248.337	24.899	17.116
402.987	248.007	24.729	17.399
402.571	249.461	25.133	16.800
402.509	249.802	24.957	16.703
402.584	249.993	25.213	17.269
403.499	249.770	23.206	17.288
402.863	249.620	24.214	17.867
403.057	249.623	23.601	16.745
401.911	249.094	24.324	17.018
402.491	249.431	24.135	17.550
402.256	249.954	24.246	17.509
401.764	250.866	25.328	17.677
401.446	251.238	25.085	17.033
400.886	251.102	25.236	17.580
401.270	251.222	25.006	17.496
400.376	251.122	25.064	17.443
400.679	251.244	25.222	17.435
399.594	251.288	25.840	17.459
399.762	251.424	25.390	17.597
399.058	251.654	25.654	17.366
398.917	252.408	25.926	17.339
399.063	252.953	26.087	17.088
398.503	252.979	26.053	17.195
398.831	253.770	25.657	16.956
398.848	253.546	25.726	17.426
399.002	253.564	25.931	17.304
399.562	252.886	25.222	17.551
398.344	251.667	26.211	17.121
398.233	249.165	25.833	17.262
398.321	244.131	25.500	18.296
398.133	242.739	26.299	16.476
397.848	240.838	25.476	17.341
398.220	236.883	25.457	17.503
397.823	233.564	24.992	17.661
398.359	230.228	24.831	17.153
397.850	229.954	25.083	17.748
398.036	230.321	24.640	17.592
398.388	231.377	24.533	17.322
398.437	231.544	24.183	17.028
398.560	231.874	24.804	17.230
398.727	231.670	24.660	17.572
398.359	232.388	25.318	16.825
398.061	232.328	26.154	17.295
398.538	232.612	25.648	17.508
398.424	232.786	25.901	16.979
398.984	232.865	25.606	17.083
399.149	228.959	26.462	17.692
399.018	226.053	25.900	18.045
399.393	223.390	25.707	17.887
400.294	218.085	25.502	17.595
400.186	215.092	25.787	18.680
400.454	213.440	25.232	18.128
401.216	212.231	25.581	18.450
401.219	212.347	25.737	18.336
401.645	212.794	26.206	18.073
402.056	213.185	26.172	17.798
402.277	213.301	26.414	18.212
403.090	213.422	25.806	18.354
403.996	213.450	26.181	17.874
405.106	213.301	25.748	18.464
404.758	213.496	26.419	18.713
404.945	214.386	26.343	18.487
405.768	216.008	26.088	18.188
405.758	216.369	26.437	17.695
406.355	216.696	26.428	17.967
406.821	216.225	25.888	18.187
406.995	215.948	25.904	18.140
407.471	215.225	26.405	17.943
407.746	215.358	26.430	18.630
408.567	215.942	25.718	18.187
409.411	216.914	26.358	18.235
408.674	216.495	26.977	18.419
410.244	215.130	26.043	17.965
412.528	208.165	24.092	16.537
412.625	205.976	24.826	16.377
412.284	198.229	25.378	17.331
412.357	195.597	25.808	17.319
412.321	189.500	26.243	18.244
411.377	187.775	27.957	17.721
413.522	185.454	25.860	18.020
414.006	182.143	25.845	18.454
414.619	180.918	26.026	17.835
414.380	181.835	26.587	17.235
414.416	180.875	26.773	17.320
415.866	180.450	25.881	17.953
416.307	180.996	25.945	17.891
415.967	180.753	26.422	18.468
417.573	182.363	25.658	18.839
417.078	182.434	26.028	18.569
418.306	182.951	24.800	19.384
417.646	182.980	25.974	19.083
417.828	183.397	26.588	18.786
418.292	182.669	26.231	18.878
418.320	182.891	26.621	18.444
418.098	183.282	26.582	18.352
419.361	184.077	25.481	18.074
419.611	184.612	24.979	17.925
419.391	185.467	25.786	18.195
419.558	185.933	26.449	18.328
420.141	180.109	26.101	17.876
420.801	178.420	25.986	17.235
420.231	175.543	25.810	17.950
420.052	169.260	26.296	18.416
420.191	167.972	26.573	19.044
421.243	168.335	26.374	18.761
421.638	169.697	26.500	17.979
421.588	169.709	27.229	18.846
422.086	170.126	26.781	19.076
422.049	170.403	27.619	19.242
422.049	170.655	27.461	18.927
422.219	170.643	27.896	18.645
422.124	170.771	28.210	18.982
421.691	170.517	28.568	19.307
422.324	171.263	28.228	18.752
423.163	171.126	27.921	19.615
423.900	172.854	27.725	18.777
424.293	173.128	27.699	18.754
423.877	173.197	28.062	19.188
424.284	173.760	28.062	19.115
424.304	173.730	28.752	19.084
424.432	173.686	28.703	18.987
424.655	173.736	28.788	19.082
424.849	173.487	28.734	18.990
425.900	174.316	28.352	19.077
425.829	174.759	28.740	19.212
425.680	175.093	28.773	19.965
425.979	175.648	28.765	19.939
425.820	176.098	28.979	19.438
426.149	176.784	28.556	19.195
426.367	176.550	28.847	19.207
426.749	176.190	28.575	19.970
427.372	176.221	28.788	20.014
427.884	176.962	28.719	19.740
428.039	177.147	28.232	19.876
428.298	178.851	28.502	19.484
428.353	179.023	28.407	19.696
428.790	178.786	28.473	20.184
428.864	175.964	28.221	19.773
428.903	172.334	28.115	19.783
429.216	168.883	28.486	21.135
430.522	164.726	27.625	20.577
430.622	163.457	28.247	20.016
430.919	164.174	28.386	19.907
431.353	165.636	28.821	19.774
431.475	165.959	28.679	19.960
431.475	166.233	29.269	19.957
431.517	165.815	29.383	20.435
431.595	165.716	29.449	20.066
432.500	165.234	28.896	20.570
434.579	168.655	29.058	20.118
436.407	168.534	29.089	20.603
436.576	168.638	29.953	20.579
437.777	169.084	29.274	20.476
437.755	169.693	29.313	20.670
438.263	170.504	29.359	20.055
439.169	171.458	28.920	20.508
439.418	171.611	29.324	20.673
439.951	171.932	29.554	20.467
437.963	171.742	31.425	20.385
437.779	171.648	32.134	20.321
429.145	171.235	32.180	20.340
424.135	172.392	32.884	20.563
418.343	172.668	31.029	20.510
412.815	174.659	32.347	19.334
409.768	174.397	30.976	20.170
404.102	175.194	33.165	19.946
397.777	174.756	32.367	20.851
391.850	175.072	34.003	20.194
387.669	175.111	35.350	20.453
382.245	175.290	32.677	20.206
380.081	175.727	29.493	19.984
381.391	176.120	29.227	20.966
381.623	176.608	29.109	20.510
384.047	177.943	26.937	20.614
385.252	178.040	26.381	20.772
385.199	178.864	26.874	20.696
385.591	179.336	27.237	20.216
380.219	179.668	29.062	20.240
373.369	179.716	26.955	20.456
370.230	178.668	26.680	21.096
362.660	179.432	28.086	20.429
356.900	180.496	27.169	20.263
357.336	181.609	22.468	20.427
358.325	181.772	22.267	20.669
359.258	183.855	21.262	19.822
359.158	183.254	21.786	20.601
359.955	183.541	21.426	20.592
360.321	183.404	21.667	20.397
361.989	183.614	20.344	20.268
362.422	183.571	20.862	20.379
365.501	184.023	19.116	20.238
366.657	183.731	17.032	21.699
367.824	184.297	17.046	21.738
370.618	185.006	15.533	23.619
370.936	185.027	15.855	23.439
371.673	185.607	18.273	23.124
371.384	185.279	18.729	25.831
371.734	184.912	16.867	29.881
370.948	182.880	17.627	29.309
371.642	183.610	16.995	25.923
372.258	185.435	19.228	26.325
368.102	189.574	22.085	24.264
361.901	188.441	21.921	25.356
357.450	191.275	24.122	24.462
349.798	192.654	25.982	24.320
345.902	191.396	25.416	24.445
339.289	191.961	24.573	25.299
338.798	191.615	25.869	24.854
331.894	191.252	26.305	25.958
323.716	193.086	28.150	25.674
285.305	185.890	26.230	26.727
285.697	186.044	25.684	27.823
288.856	189.073	26.581	26.071
289.063	189.969	25.597	27.073
289.436	188.347	27.127	27.783
296.702	191.242	23.469	24.637
299.462	191.869	21.028	23.250
301.206	192.729	21.463	21.952
304.772	192.216	19.124	22.988
307.197	192.979	18.035	21.521
308.200	193.731	17.456	21.319
306.521	196.467	19.722	21.016
301.598	196.356	20.293	20.807
299.046	197.029	21.103	21.394
291.168	197.523	21.237	21.471
290.059	197.199	21.502	21.953
290.815	196.755	21.504	22.691
292.207	196.422	20.682	23.036
293.715	197.969	20.623	23.074
295.039	199.061	19.838	22.519
295.486	199.307	20.430	22.492
296.592	200.040	20.796	22.183
297.373	200.671	21.651	22.171
296.971	200.367	21.684	22.792
298.211	200.816	22.839	22.584
298.924	200.777	22.622	23.104
299.624	200.989	24.341	23.194
299.879	200.943	23.838	24.068
299.809	201.477	25.217	24.139
300.692	203.058	26.939	23.682
300.974	203.274	27.600	23.925
301.362	203.983	29.052	23.521
302.016	204.512	30.486	23.303
300.297	205.005	32.422	23.072
301.286	206.125	32.660	22.787
302.063	206.933	33.033	22.873
301.820	207.139	33.583	23.568
302.037	208.443	33.508	23.156
302.579	209.054	32.407	22.997
302.400	209.722	33.191	23.229
302.034	211.074	32.112	22.935
301.731	211.326	32.566	23.322
302.213	210.989	32.266	23.722
302.179	211.039	32.340	23.642
302.000	211.096	32.629	23.558
301.774	212.094	33.142	23.181
302.090	213.776	32.635	23.245
301.888	214.096	33.077	23.374
301.269	214.737	33.377	23.091
296.092	215.725	35.392	22.684
291.459	216.564	37.966	22.601
281.566	217.250	36.545	22.392
279.179	216.772	36.061	22.024
275.199	216.826	35.737	22.561
266.431	216.753	36.683	23.170
259.210	217.528	36.289	23.076
252.715	217.660	40.134	23.873
245.425	219.737	38.716	23.926
244.137	221.029	35.735	23.450
243.395	220.845	34.468	23.612
242.881	220.618	34.588	24.155
242.052	219.830	35.344	24.987
241.736	219.589	34.665	25.204
241.068	219.914	34.183	24.989
241.780	219.894	33.448	26.113
240.887	220.781	33.558	26.609
239.517	223.967	34.584	25.613
239.305	224.752	34.415	25.941
238.880	225.657	34.270	25.666
238.407	225.672	34.993	25.731
237.645	224.995	34.539	26.138
236.857	224.562	35.086	26.274
236.344	224.870	35.524	26.166
234.604	225.085	34.862	26.383
234.259	225.738	34.804	26.648
233.870	227.093	34.358	26.268
232.150	228.843	35.257	25.617
231.170	228.866	35.239	26.095
230.369	229.003	35.660	25.990
229.420	229.280	35.609	25.728
227.984	229.595	35.425	24.975
226.873	229.180	35.552	25.298
226.926	230.154	34.298	26.020
226.403	231.125	34.739	26.245
226.418	232.348	34.159	25.642
225.108	233.946	35.192	25.638
224.565	234.660	35.286	25.593
224.319	235.056	35.344	25.417
223.521	235.082	35.285	25.465
222.681	234.849	35.446	25.761
222.173	234.640	35.618	25.917
221.773	234.720	35.611	25.684
220.880	235.287	35.495	25.878
220.442	235.810	35.701	26.309
219.803	236.615	35.917	26.164
219.019	238.473	35.841	25.797
218.771	238.870	36.598	26.114
218.713	239.297	36.412	26.320
218.025	240.230	36.616	26.079
217.223	240.300	37.661	26.311
216.742	240.400	37.999	26.135
215.932	240.116	37.927	26.607
215.428	240.172	38.074	26.705
215.487	240.362	37.428	27.076
215.451	242.212	37.491	27.262
215.095	243.188	37.773	27.147
215.172	244.389	37.733	27.059
215.249	245.805	38.028	26.763
215.350	246.517	37.518	26.864
214.863	246.831	38.042	26.880
215.151	246.531	37.373	27.561
213.943	247.011	38.072	27.841
214.318	247.165	37.579	28.080
213.960	247.795	37.770	28.363
213.394	249.672	37.444	28.195
212.674	250.544	38.094	27.996
212.159	251.442	38.158	27.787
211.571	252.228	38.085	27.718
210.760	252.339	38.967	27.599
210.645	252.528	38.632	27.072
210.100	252.129	37.795	28.161
210.115	252.399	37.213	28.861
209.651	253.554	37.555	28.694
208.921	255.521	37.717	28.229
208.523	256.586	38.130	27.738
207.894	257.885	38.219	27.791
207.830	258.916	38.234	27.424
207.882	259.094	37.996	27.783
206.987	260.387	38.975	27.137
207.211	260.202	39.337	27.655
207.078	260.143	39.268	28.064
206.849	260.031	39.045	28.661
206.604	260.141	41.333	28.730
207.463	260.306	42.058	29.360
213.285	262.098	44.265	28.156
221.108	262.793	43.788	28.775
223.089	264.090	44.469	28.175
231.888	264.761	44.629	27.666
235.082	264.764	43.292	28.274
240.003	264.522	42.152	28.851
245.163	264.918	39.532	29.174
244.398	264.855	40.107	29.590
244.275	264.892	40.371	29.652
244.107	265.622	40.838	30.626
244.448	266.486	40.374	31.068
243.453	268.989	40.951	30.658
244.243	270.557	40.453	29.805
