531.000	72.000	27.000	113.000
527.698	74.305	36.691	109.104
527.614	75.486	33.851	110.865
525.502	73.437	34.742	114.358
523.862	74.315	36.293	114.057
521.958	75.285	35.315	113.808
520.993	74.291	35.254	115.162
518.808	74.594	35.855	114.816
514.087	73.416	37.832	115.489
510.044	73.791	42.786	113.423
507.611	73.192	44.473	113.924
505.984	73.880	45.320	113.779
504.437	73.980	45.975	113.458
504.591	74.393	44.794	113.335
501.977	74.710	45.191	112.916
500.157	75.256	44.688	114.254
499.567	75.156	44.179	113.976
498.517	74.955	42.756	112.169
497.203	76.441	43.133	113.356
496.476	77.057	42.762	111.748
496.073	78.032	41.331	112.601
495.376	77.519	40.352	117.669
493.825	77.161	39.651	117.872
493.348	77.057	39.027	117.392
492.061	77.001	38.813	117.758
491.173	76.952	37.768	118.802
490.453	76.815	36.051	119.031
489.196	76.244	35.384	119.584
487.662	76.299	34.924	120.028
486.051	75.770	35.096	120.721
483.549	76.394	35.337	119.469
480.232	76.668	37.955	120.193
475.640	77.743	41.824	117.212
470.183	79.071	46.707	115.991
468.371	79.506	46.593	115.095
467.486	79.037	44.326	115.257
466.113	79.443	43.637	115.801
466.390	79.585	42.089	115.639
465.409	78.825	41.466	117.941
463.807	78.269	42.586	119.198
462.130	77.851	40.296	118.654
460.826	77.530	40.222	118.447
457.693	78.184	42.339	117.986
455.161	78.204	43.535	118.609
451.185	78.294	46.345	118.521
447.849	80.092	46.821	116.621
445.636	78.978	48.065	117.508
442.694	79.673	48.987	115.619
441.525	80.883	49.641	115.036
440.078	80.410	49.394	116.714
438.971	81.421	48.275	115.851
438.921	81.797	46.549	115.322
437.891	81.675	44.499	116.516
437.749	83.021	43.646	116.686
437.794	83.483	42.553	118.784
437.592	83.890	40.540	120.101
438.691	83.536	38.812	119.681
438.062	83.843	37.589	119.842
438.332	83.558	35.846	120.061
438.220	83.421	34.568	122.296
436.136	83.742	36.013	122.025
434.070	83.844	36.271	121.788
432.896	84.264	34.433	121.421
430.511	83.933	36.088	119.352
429.595	84.097	36.694	121.145
424.823	84.597	39.943	118.251
421.399	84.373	42.818	117.265
417.598	86.007	44.344	116.758
414.017	86.255	45.310	115.348
412.391	85.557	45.561	118.450
410.860	85.852	44.197	116.944
412.033	86.199	41.327	117.901
411.588	85.021	39.513	121.147
409.943	84.795	38.047	119.883
409.574	84.704	36.865	119.825
408.496	84.715	34.646	118.546
407.245	85.006	35.497	118.158
406.157	85.158	36.171	116.824
403.695	83.959	38.145	116.419
400.581	84.268	41.852	119.090
398.455	84.817	42.661	117.328
397.570	83.929	41.374	118.881
394.954	84.802	43.197	117.518
393.009	85.188	43.798	116.718
392.027	85.819	44.916	115.142
391.130	85.223	44.414	115.273
389.928	86.497	46.931	115.235
388.974	87.382	47.188	116.778
388.127	88.712	44.356	116.193
388.583	87.720	45.618	116.167
386.893	88.745	45.256	115.238
384.829	87.841	44.078	115.882
384.466	88.813	45.045	116.431
384.340	89.163	43.791	119.092
384.639	87.504	42.530	123.457
382.631	87.183	42.056	121.695
381.735	87.938	43.161	119.548
379.315	87.059	42.389	121.426
378.075	88.303	43.996	120.670
376.022	87.783	43.016	120.389
371.670	88.317	45.373	121.006
368.947	89.898	48.541	118.093
368.441	90.755	47.734	117.640
364.955	92.664	49.732	116.345
365.065	90.680	50.043	118.678
362.931	91.134	46.841	118.798
364.122	91.371	45.191	118.440
363.543	92.252	42.204	116.958
362.874	91.421	40.546	120.123
361.212	90.996	41.344	121.625
360.337	91.290	41.836	120.240
358.817	90.891	42.580	121.724
357.803	92.234	42.027	122.715
356.553	91.291	41.959	123.098
354.005	92.603	40.275	123.195
353.108	92.036	41.570	123.343
350.773	91.917	41.698	124.494
348.304	91.877	41.991	121.944
346.960	93.121	41.886	122.587
345.712	93.111	43.645	122.271
344.684	92.033	43.700	121.729
342.629	92.185	44.739	122.099
341.588	93.505	44.304	121.898
339.812	94.678	45.184	120.454
337.025	95.388	48.011	117.486
335.240	94.538	47.530	117.602
332.474	94.997	49.915	117.730
331.437	95.174	48.742	117.850
329.791	93.589	48.626	119.587
331.512	94.448	46.665	119.009
332.372	93.023	42.343	120.210
330.627	92.663	42.559	125.015
329.273	92.002	43.352	125.103
327.231	93.175	43.486	123.741
327.937	92.843	42.417	122.560
327.649	93.166	42.265	121.925
326.832	93.275	41.866	122.400
324.206	93.647	43.871	122.620
323.409	94.210	43.444	123.578
319.331	94.779	46.462	124.120
318.227	95.905	47.598	122.971
317.041	97.773	47.422	121.484
314.060	98.737	49.269	120.964
311.448	98.625	49.855	121.628
308.577	98.082	51.465	120.731
307.727	99.707	50.033	119.787
306.354	98.680	49.441	121.821
304.428	99.133	48.596	120.540
302.825	98.713	47.024	122.653
300.122	99.787	46.034	122.974
299.068	101.245	43.400	121.289
297.399	101.713	42.951	122.586
295.135	99.471	43.194	125.813
294.326	100.207	42.830	123.989
293.409	98.769	43.093	124.830
291.691	99.956	43.124	122.585
289.208	100.211	43.689	122.401
288.112	102.420	43.054	121.339
284.709	102.159	44.379	122.774
283.314	102.466	44.610	122.091
281.200	103.398	44.888	121.117
278.060	104.256	45.884	119.030
275.949	105.544	45.062	118.490
274.306	105.787	43.996	117.384
272.421	105.457	41.889	119.474
270.286	103.337	40.290	122.428
269.054	105.462	38.643	119.198
266.685	103.764	38.899	120.228
264.827	103.768	38.765	121.042
261.914	103.226	39.790	122.687
258.723	104.125	40.760	121.433
256.336	104.394	41.002	121.796
254.152	103.462	42.047	122.996
251.428	103.252	43.031	125.871
249.380	104.067	44.098	124.233
246.879	103.169	45.368	125.937
243.407	104.044	45.832	126.079
241.345	104.296	46.625	124.751
239.166	105.553	46.792	121.482
235.961	104.513	47.884	122.331
232.917	103.146	46.603	122.829
231.709	103.031	45.280	124.104
229.389	101.656	43.904	126.547
227.137	102.131	42.412	125.093
226.100	102.444	40.688	123.884
222.194	103.486	42.300	122.532
220.062	102.757	42.929	122.235
218.846	103.561	41.439	122.400
216.000	103.520	42.120	122.726
213.252	104.181	43.578	122.398
210.350	102.910	43.596	124.476
207.996	104.118	44.579	124.563
205.300	104.521	45.301	124.414
202.165	104.160	45.832	124.733
200.383	105.999	45.955	124.006
198.287	107.234	45.984	120.416
195.112	105.795	45.264	124.061
194.151	106.680	42.432	125.263
191.268	107.124	43.366	124.841
189.266	105.760	42.362	126.633
186.916	105.183	41.512	127.551
183.975	104.673	42.271	127.452
179.249	104.945	44.306	126.434
177.346	104.860	44.543	126.431
173.973	104.837	46.310	125.633
169.111	105.732	47.833	125.409
166.962	107.030	49.549	122.284
164.962	106.756	49.520	122.756
161.612	108.156	53.016	122.161
159.994	107.130	52.129	124.240
157.961	105.319	51.685	126.216
155.973	105.289	51.560	126.391
154.216	105.232	51.255	126.708
151.819	103.839	49.667	128.317
149.180	104.293	49.049	127.495
146.863	104.909	47.482	124.186
145.894	103.900	45.464	125.021
143.312	102.973	45.807	129.940
141.762	102.285	45.078	129.667
140.947	103.538	44.517	128.734
139.466	103.194	44.593	129.329
135.868	104.098	47.135	127.741
131.847	103.885	50.234	129.162
129.172	105.698	52.501	125.095
124.832	105.272	54.791	126.126
121.999	104.433	52.966	127.845
117.728	104.899	55.862	129.235
116.692	105.492	54.709	128.815
115.991	104.978	52.405	129.479
113.236	105.161	52.358	129.643
112.400	104.510	49.759	129.030
110.996	103.315	48.096	130.035
108.327	102.190	47.121	132.531
107.182	102.079	46.928	130.399
105.879	101.481	45.974	131.036
104.420	101.715	44.555	131.916
103.122	101.047	42.904	131.873
101.774	102.154	42.095	129.585
98.959	101.664	42.814	128.665
96.298	100.958	43.754	129.994
93.558	100.686	44.312	130.980
92.267	101.761	44.707	128.510
89.483	102.155	46.352	128.869
89.684	102.386	45.317	128.214
88.902	102.169	45.235	127.877
87.508	101.464	46.135	127.946
85.559	101.092	46.301	128.675
84.114	100.126	46.083	130.303
80.606	100.663	47.471	128.054
79.912	100.715	45.164	125.715
77.186	100.000	45.005	126.636
74.373	99.430	44.878	127.552
72.165	99.913	44.060	128.313
70.999	100.542	42.159	126.039
68.596	99.842	42.619	129.236
64.702	100.621	43.786	127.224
63.863	100.149	43.708	127.619
60.745	100.341	45.110	127.952
58.279	100.381	46.658	127.600
59.131	101.893	44.921	125.919
60.392	100.996	42.812	126.238
58.414	102.086	44.744	125.538
73.414	101.964	42.257	125.965
75.705	101.522	43.660	123.898
89.621	100.471	44.917	122.225
91.979	98.993	46.499	121.499
101.341	99.839	46.522	122.701
110.065	100.628	46.030	120.496
120.853	98.325	42.884	122.670
129.591	98.152	39.191	122.787
136.074	97.788	38.767	126.085
147.468	98.037	38.592	126.733
153.651	100.197	39.658	122.574
166.598	96.555	39.093	127.221
168.430	100.806	45.376	121.965
183.895	97.476	42.833	128.239
185.489	96.159	47.608	124.599
198.083	96.392	47.921	126.000
211.599	97.300	46.529	127.295
213.514	97.798	52.081	123.136
226.092	95.037	53.227	125.537
233.330	98.827	50.440	123.187
243.352	96.170	54.077	125.890
244.862	101.643	53.260	120.487
260.833	113.124	48.120	110.466
267.597	99.461	48.352	125.740
275.494	112.275	45.211	108.053
290.762	101.325	41.170	118.129
305.123	103.232	35.088	117.104
316.662	108.860	34.933	114.869
323.184	98.217	38.233	123.336
333.173	96.573	38.435	124.607
344.976	101.168	38.274	120.835
358.176	99.993	38.903	118.930
363.603	96.659	42.262	121.454
372.310	102.200	43.687	117.066
387.193	105.562	40.432	114.456
391.141	100.212	41.770	116.960
405.522	100.241	42.438	119.203
416.433	99.402	41.033	121.797
427.513	96.918	39.918	122.833
442.697	96.509	41.465	120.908
448.067	96.080	40.223	122.362
455.552	92.497	41.030	123.400
442.483	95.327	42.207	126.957
448.146	96.139	42.127	125.124
457.293	96.528	41.229	121.098
459.768	94.462	38.617	124.113
454.828	97.155	38.311	126.589
452.200	97.897	42.765	123.308
452.545	93.372	41.187	125.904
446.448	95.405	39.080	126.891
453.760	94.400	40.729	123.798
444.537	96.465	35.983	125.062
444.173	96.015	38.382	125.970
440.679	96.206	37.633	123.051
435.198	93.323	38.445	127.361
433.251	93.854	39.419	125.434
431.352	91.640	40.583	125.969
431.324	94.624	43.281	123.825
428.092	94.353	45.469	125.657
424.777	95.110	47.295	124.543
422.021	96.089	47.778	121.484
421.185	95.297	44.167	123.129
420.314	94.186	42.778	125.522
416.414	94.141	43.356	126.290
415.001	94.672	43.989	126.902
411.916	94.573	45.214	127.181
410.251	95.433	45.813	125.451
408.529	95.600	46.267	125.668
405.878	96.673	48.440	125.285
402.656	97.821	50.712	121.310
400.350	96.561	51.411	122.933
398.830	96.224	49.581	121.813
395.843	95.976	48.737	122.729
393.493	95.864	47.031	122.259
390.675	95.288	46.758	122.749
389.187	95.734	42.908	121.973
387.444	95.505	40.573	123.395
384.778	95.293	39.913	124.994
379.578	94.381	42.816	127.369
378.353	95.468	42.640	126.961
377.037	95.247	42.081	128.300
375.016	94.966	43.376	128.343
372.638	95.035	44.012	127.897
370.822	95.264	43.626	128.896
368.678	95.093	44.904	128.689
364.509	96.011	47.464	127.949
362.434	96.635	48.438	124.987
360.898	96.864	47.095	123.088
358.482	96.041	48.238	125.367
357.600	95.554	46.786	125.818
355.998	96.280	45.134	124.689
353.303	94.962	45.541	127.150
351.680	94.232	43.797	126.346
349.896	94.114	42.848	127.309
348.076	94.058	40.806	125.443
346.551	94.880	40.596	126.216
344.698	94.967	41.197	126.281
342.899	94.979	40.836	126.606
339.479	96.488	42.941	124.412
336.846	96.584	44.198	125.172
334.434	96.083	45.341	126.001
331.516	97.915	46.903	124.325
328.493	99.002	48.945	121.598
326.648	99.202	48.747	122.221
324.876	98.499	48.755	121.126
322.514	98.490	47.745	121.052
320.825	98.026	46.236	122.040
319.273	97.026	42.574	120.606
317.232	96.388	42.373	126.611
315.095	95.686	41.665	127.253
313.195	96.634	41.944	126.532
309.165	96.855	43.213	127.555
308.101	96.733	43.266	128.288
305.877	98.176	44.274	126.819
302.413	97.884	46.465	126.908
301.478	99.046	47.159	125.239
298.403	99.263	48.494	123.794
296.815	99.656	49.328	123.822
294.826	100.068	50.069	124.294
292.297	99.526	51.254	124.352
290.407	99.805	51.595	124.515
287.671	97.920	52.018	125.629
286.053	98.847	52.639	125.908
284.744	97.318	50.521	126.977
282.764	96.161	49.556	127.914
281.908	96.555	46.873	126.156
278.695	95.553	45.574	127.646
277.294	94.343	45.157	127.923
274.558	94.347	44.388	126.653
270.648	94.573	46.561	128.360
270.015	94.623	46.073	127.671
267.727	95.997	46.442	126.888
266.970	93.936	47.304	127.605
263.384	95.122	50.013	125.258
261.714	95.008	50.051	125.779
259.627	96.317	50.484	124.215
257.498	96.001	51.245	124.173
254.800	98.331	53.011	120.982
252.795	99.124	54.099	121.099
251.185	98.286	54.429	122.090
249.368	98.713	54.745	121.330
246.828	98.307	54.737	122.240
244.949	98.881	53.586	122.618
242.673	97.669	52.263	123.987
240.365	98.531	49.817	123.369
238.956	96.762	47.948	125.493
238.970	95.954	45.887	123.709
238.704	97.301	43.635	124.123
235.662	96.769	44.221	125.712
234.466	97.008	45.175	125.608
232.041	97.809	45.626	125.355
229.033	96.633	47.181	126.349
226.833	98.676	48.384	123.489
223.775	98.120	49.910	125.493
222.791	97.571	49.634	125.744
218.904	97.453	51.471	126.778
217.187	98.855	52.347	124.921
214.576	99.052	53.869	124.513
211.985	98.569	54.629	125.721
210.549	98.189	54.132	125.505
209.197	98.131	52.403	125.547
207.445	98.050	52.475	125.365
206.320	97.099	49.843	125.749
203.540	97.207	48.559	125.218
201.769	96.871	45.873	125.167
199.342	95.713	46.117	128.449
199.070	97.447	42.995	126.764
196.311	98.141	44.228	125.596
193.052	97.747	45.270	127.029
191.496	97.789	46.288	125.520
189.757	97.267	46.348	127.119
186.314	97.340	48.092	126.644
184.262	99.100	48.752	122.300
181.681	99.280	50.372	121.979
179.748	98.733	50.556	122.646
178.183	98.862	50.545	122.725
175.703	99.198	53.072	122.513
174.402	98.466	51.353	124.156
171.800	99.396	51.743	123.373
170.714	99.226	50.309	123.208
168.456	98.253	48.232	123.708
166.815	98.844	45.495	122.284
164.846	97.681	44.070	122.296
163.111	96.472	42.866	123.060
161.040	97.583	43.506	123.235
158.870	97.195	44.126	125.205
156.557	97.937	44.581	124.359
154.396	97.267	45.608	125.500
152.279	97.641	45.124	126.565
150.143	96.810	45.159	127.750
146.856	97.732	47.249	126.702
145.032	98.990	48.171	124.568
143.382	97.325	49.558	126.518
143.923	99.256	49.496	124.176
143.104	96.301	48.600	126.868
152.405	102.062	45.171	121.821
155.676	96.075	47.893	129.130
175.252	99.156	42.106	123.243
175.077	94.358	43.420	128.456
190.314	94.617	43.647	127.549
195.196	95.713	41.472	124.080
206.845	93.827	39.738	127.421
219.737	95.999	38.193	127.102
228.224	96.804	37.523	125.172
240.108	97.118	38.783	122.866
245.049	96.786	40.021	120.970
256.192	96.234	42.563	121.542
260.966	97.483	44.541	119.283
269.891	98.009	46.805	117.219
278.643	99.497	45.949	115.732
287.399	98.593	45.854	116.082
299.519	96.002	47.643	119.470
304.643	97.318	47.178	117.352
304.428	95.873	46.179	120.587
302.132	93.616	43.606	122.726
299.678	94.869	42.049	121.418
297.986	93.517	41.384	122.344
296.667	92.562	38.061	123.822
296.375	91.207	36.159	125.107
295.146	90.531	34.985	127.416
291.687	91.262	36.650	126.076
290.147	91.995	37.035	125.775
287.632	90.779	38.355	126.780
286.524	90.901	39.878	126.819
284.947	91.710	40.295	126.261
280.930	90.035	43.499	127.207
279.447	91.376	44.909	126.637
278.126	90.834	45.728	125.917
275.008	87.621	47.052	130.083
271.738	86.998	48.976	129.457
270.832	93.102	47.009	121.798
268.189	90.373	46.281	124.828
266.405	90.624	46.094	124.579
263.437	90.610	46.958	124.477
264.731	89.318	43.750	125.366
262.856	89.691	43.159	124.604
260.223	89.587	42.690	125.249
261.464	89.922	40.324	125.127
258.534	89.571	42.118	124.620
257.351	90.139	42.923	124.620
255.685	89.531	43.414	125.432
253.768	90.471	44.487	123.444
252.566	90.256	43.849	123.733
249.378	90.534	46.117	124.429
247.923	91.183	46.666	121.843
245.464	92.557	47.690	121.021
243.698	91.491	48.357	121.843
241.969	92.061	49.637	122.137
239.655	92.245	51.134	121.276
238.273	91.545	50.709	121.658
237.011	91.819	49.359	121.513
234.941	90.792	47.997	123.439
234.081	91.183	45.258	121.638
232.599	90.195	44.087	121.308
231.300	89.407	42.784	122.903
229.255	89.242	41.935	122.610
227.966	90.102	41.558	122.597
226.420	88.839	41.704	125.173
224.640	89.580	42.615	124.419
222.765	89.640	43.527	125.076
221.713	89.802	43.867	124.281
219.757	89.966	44.724	124.297
218.911	88.283	44.457	126.012
217.386	89.728	44.787	124.398
216.670	89.970	43.980	124.240
214.936	89.018	44.387	125.150
213.645	89.170	43.639	124.800
212.293	87.668	44.089	125.452
211.392	87.263	43.726	126.166
210.353	87.301	43.519	125.802
209.035	86.696	42.946	126.012
207.510	86.409	42.488	125.641
206.054	86.321	42.333	124.260
204.583	86.173	41.727	124.121
203.890	87.328	41.353	122.591
201.960	87.676	41.625	121.906
200.712	86.628	41.159	122.200
199.157	87.114	40.903	121.372
196.770	87.265	42.574	121.917
194.101	86.847	43.673	122.174
191.593	87.110	45.253	121.266
189.521	89.559	46.267	117.812
187.770	89.285	46.905	118.465
185.610	89.785	48.882	118.957
183.283	88.720	50.270	119.947
181.709	88.493	51.802	120.335
179.731	88.003	52.342	121.077
177.853	88.218	52.344	120.728
175.582	87.444	51.277	121.222
174.011	88.715	49.514	118.690
171.732	87.698	46.914	119.202
171.262	87.192	44.377	119.543
169.734	87.697	43.337	118.761
