506.000	208.000	31.000	89.000
504.733	208.302	31.219	90.602
503.147	207.387	30.728	91.640
502.130	207.816	31.362	91.037
499.341	206.739	31.025	92.165
498.135	207.833	31.611	91.670
493.399	208.132	34.768	92.757
491.192	210.414	36.217	90.864
489.738	211.693	36.133	90.734
487.685	212.540	35.471	89.768
486.666	212.360	34.741	90.789
486.056	212.618	33.661	91.531
482.511	211.291	33.351	93.414
481.749	211.190	32.518	92.430
479.186	210.957	33.079	93.677
478.723	211.918	32.342	93.539
477.726	213.033	32.332	92.558
475.266	214.395	32.540	93.253
474.595	214.768	32.419	93.555
471.704	215.909	33.020	93.562
470.632	216.022	32.915	94.094
469.568	216.071	32.777	94.681
468.134	215.226	32.151	95.264
467.368	215.835	32.488	95.536
464.678	215.239	33.182	95.808
462.892	215.931	34.103	96.385
461.569	216.987	34.405	95.558
458.305	218.675	36.108	94.785
456.704	220.233	36.090	93.426
456.018	219.940	35.089	93.669
453.900	220.364	34.847	94.751
451.483	219.128	33.806	97.376
450.327	218.677	33.865	97.807
448.896	219.514	34.529	97.057
446.344	219.636	35.031	97.350
446.174	221.291	34.129	96.786
445.188	221.148	33.933	97.623
442.381	223.729	34.993	96.345
441.618	224.111	34.264	97.044
439.814	224.622	35.009	97.149
437.903	224.484	34.058	97.875
437.419	224.734	33.662	97.435
435.861	224.496	34.756	97.702
433.620	224.004	34.328	98.867
432.252	224.713	35.100	98.266
430.323	226.680	35.845	97.191
425.776	227.823	38.148	96.727
426.184	230.280	35.878	93.598
424.602	230.773	36.418	94.624
423.622	230.276	36.104	95.613
421.708	230.046	35.266	95.200
420.526	229.985	34.470	97.354
419.281	228.989	33.762	98.113
415.970	228.677	35.096	97.973
415.236	229.453	34.343	98.694
414.468	229.932	33.806	98.115
411.561	231.882	33.908	96.884
410.419	233.093	34.458	96.172
409.740	233.262	33.802	95.032
406.189	233.186	35.000	97.385
404.523	233.528	35.422	97.259
403.575	232.917	34.915	98.817
401.229	232.325	34.470	99.482
399.672	232.102	34.895	99.435
398.244	232.306	35.061	99.939
394.955	233.501	36.428	100.046
393.181	234.417	36.742	99.568
390.290	236.357	37.027	98.803
387.990	238.065	37.926	95.296
386.624	238.763	37.833	93.575
382.904	237.791	39.210	94.623
381.245	238.347	37.882	93.511
379.344	237.079	36.655	93.354
376.278	236.290	35.849	93.958
374.426	237.947	36.577	90.921
372.966	238.310	35.879	89.086
369.911	240.103	36.367	88.060
368.066	240.650	35.957	87.508
365.699	242.466	35.709	86.094
363.967	243.170	35.605	86.111
362.552	243.050	34.688	85.203
361.181	243.000	34.734	85.482
357.990	241.004	35.181	88.236
356.516	242.411	34.692	85.797
354.240	241.601	35.924	85.729
351.227	241.555	36.223	88.407
350.063	243.242	35.651	86.273
348.454	243.702	35.853	86.223
344.739	245.362	36.399	85.678
342.536	246.986	36.311	83.403
340.268	247.939	36.495	84.207
336.780	246.907	36.039	86.066
335.498	247.989	35.766	84.634
333.794	247.230	36.021	84.909
330.498	246.585	36.770	86.650
328.511	246.584	37.014	87.577
327.133	247.775	36.699	86.780
326.132	249.350	36.218	85.455
322.858	249.937	36.732	86.701
322.002	249.968	36.177	87.513
319.591	251.925	37.331	85.675
317.063	251.941	36.447	87.300
314.477	252.738	37.422	86.146
312.774	252.414	37.840	86.788
309.324	251.313	37.556	87.564
307.154	251.965	38.610	87.921
305.836	252.546	38.686	88.378
303.271	254.194	38.096	87.726
301.227	255.256	38.440	87.587
299.763	255.641	38.980	86.658
295.399	258.964	38.472	84.725
292.840	258.382	39.478	86.739
291.256	258.671	38.592	88.363
287.593	257.708	38.904	89.217
284.996	257.893	39.558	87.893
283.188	258.578	39.707	87.466
279.940	258.327	39.213	89.187
277.845	258.129	39.323	90.994
276.207	258.808	39.558	92.441
274.088	260.411	40.200	91.298
271.422	261.749	39.288	91.583
268.950	262.407	39.605	93.705
267.024	263.044	39.661	94.359
264.028	263.090	39.128	95.984
261.605	263.999	39.872	96.220
260.238	263.897	38.663	97.109
256.380	262.865	38.490	100.517
254.500	263.869	38.701	103.156
251.701	264.514	39.654	102.574
247.640	266.118	39.421	105.511
245.771	269.481	39.867	101.365
243.512	268.735	39.629	104.278
239.474	268.814	38.920	103.614
236.731	270.144	39.671	102.371
235.338	268.866	39.590	104.569
231.739	268.849	39.751	102.692
229.656	270.186	40.788	101.829
227.198	270.069	41.392	105.411
224.457	271.837	39.733	103.844
222.320	272.131	40.529	107.354
220.174	273.862	40.113	108.338
216.764	274.615	40.044	108.790
214.170	274.625	40.872	110.209
212.402	276.258	40.345	107.346
209.073	273.823	40.495	110.811
206.468	273.684	40.599	111.092
204.044	273.269	41.362	114.257
200.110	273.502	41.820	116.043
197.722	274.052	42.569	115.198
195.314	274.169	43.081	116.075
186.507	276.440	49.262	116.737
181.851	278.900	52.325	114.298
179.862	279.660	52.999	115.068
180.466	281.019	48.771	115.672
180.579	281.817	47.143	113.051
179.048	282.849	46.172	111.710
175.245	281.136	42.930	113.780
173.521	280.410	41.902	114.337
170.834	279.574	42.774	118.495
167.193	280.293	42.856	118.854
165.244	281.293	42.752	120.675
163.582	281.548	42.422	121.519
159.671	283.733	42.809	121.484
157.870	284.307	43.215	121.482
155.886	285.117	42.988	120.873
152.032	285.530	42.135	121.542
150.506	285.437	42.738	122.462
148.892	284.805	42.659	122.878
144.672	284.472	44.437	122.617
142.235	286.175	44.943	121.222
139.998	286.555	45.878	121.752
131.023	290.034	51.138	121.154
125.581	290.165	54.333	120.019
127.468	293.621	49.885	118.767
125.961	293.952	50.019	121.072
125.209	294.344	48.144	121.165
122.400	293.858	45.950	121.514
120.468	292.569	45.252	123.091
118.302	291.561	45.979	125.099
113.981	292.563	46.502	125.859
111.631	294.461	44.698	125.650
111.037	295.664	43.723	126.524
107.445	297.905	44.601	125.741
106.674	299.819	42.234	124.431
102.583	298.381	42.489	126.466
101.051	300.354	41.725	124.511
98.591	298.743	41.422	127.961
93.386	299.169	43.950	126.827
90.989	299.463	44.836	127.692
87.862	300.543	46.586	127.941
82.048	302.526	49.503	128.568
75.813	305.501	53.716	124.550
72.912	306.280	54.916	123.710
72.253	308.613	52.384	125.001
71.976	310.812	50.184	122.904
71.829	311.175	47.691	122.265
67.169	310.673	46.149	123.039
66.335	310.377	43.382	124.340
64.208	310.225	43.081	124.904
59.716	309.580	43.929	126.192
57.826	311.307	43.350	126.761
56.205	312.215	41.889	128.127
51.058	313.285	43.710	126.854
48.325	313.952	43.965	128.848
46.688	314.556	43.618	129.412
42.296	316.179	44.190	128.470
39.995	317.204	42.899	127.926
37.567	317.001	43.749	128.112
32.239	318.832	44.064	129.666
30.154	317.436	43.615	129.953
23.976	320.011	46.387	129.772
17.710	322.314	50.965	129.878
11.690	323.343	54.966	127.973
7.951	326.714	54.980	126.877
