57.000	98.000	18.000	28.000
61.359	97.843	16.742	29.447
62.384	97.948	16.744	29.710
65.410	97.981	16.662	30.598
67.487	98.882	16.957	30.422
68.481	99.050	17.155	29.957
71.585	99.986	16.796	30.061
72.735	100.712	16.805	29.578
74.001	100.627	16.655	29.875
76.641	100.722	16.642	30.292
77.098	99.997	17.666	31.313
80.728	100.432	21.438	32.504
81.508	100.773	22.245	32.684
83.893	100.752	21.463	33.454
84.948	101.200	20.120	33.195
86.159	101.610	19.182	33.180
89.158	102.129	17.845	32.160
91.819	102.039	17.507	32.326
92.607	101.835	18.361	33.127
94.635	101.667	18.808	34.031
96.663	101.741	18.825	33.961
98.533	102.191	19.320	33.777
101.102	103.057	19.033	33.733
102.166	103.271	19.050	34.036
105.137	103.544	18.521	34.182
107.207	103.449	18.799	34.441
109.942	102.568	18.536	36.868
111.443	102.784	20.269	36.952
113.662	103.896	19.704	35.556
117.595	104.945	19.994	35.562
120.420	105.475	20.036	37.116
121.360	106.039	19.818	36.785
123.654	105.610	19.371	36.916
124.853	105.837	19.345	36.666
126.032	105.650	19.239	37.079
127.811	105.803	20.416	37.389
128.874	105.947	20.183	37.336
139.376	108.158	21.658	38.495
143.817	108.674	21.346	37.714
148.068	109.872	22.275	36.319
150.756	110.689	21.651	36.942
153.966	111.463	21.701	36.462
156.654	111.383	21.613	38.880
157.959	111.837	21.578	38.952
160.599	111.304	20.416	40.160
161.644	110.613	20.199	41.183
164.144	110.811	19.895	41.112
165.089	111.260	20.511	41.258
167.470	112.657	21.174	40.318
170.218	113.242	20.862	40.004
185.898	113.892	24.480	41.255
186.230	114.587	22.794	41.295
192.688	115.848	20.360	40.677
193.380	116.039	20.425	40.924
195.821	115.059	19.876	42.227
197.125	114.904	19.615	41.833
199.341	115.832	19.449	41.240
200.505	116.534	19.638	40.301
203.204	117.149	20.783	41.513
205.902	118.461	21.767	41.236
210.408	119.250	19.546	38.055
213.590	119.185	18.860	38.601
216.247	118.704	19.135	41.700
220.327	118.617	19.847	39.797
222.895	120.249	19.984	42.064
225.788	121.452	20.063	41.364
229.073	122.578	19.849	40.845
231.404	122.913	20.048	40.246
233.099	122.705	19.458	41.228
235.645	122.897	19.586	42.664
236.551	122.755	20.016	43.362
241.007	123.415	19.289	43.189
244.069	124.605	19.450	42.770
245.717	125.356	19.227	42.444
249.205	125.768	19.249	42.713
250.278	126.214	20.130	42.566
252.973	125.645	20.491	42.495
255.554	125.050	21.717	44.050
256.985	125.225	22.681	44.471
259.869	125.633	22.549	45.514
262.328	126.849	22.466	44.867
264.127	126.979	21.469	45.696
267.271	127.209	21.781	46.046
268.263	128.211	22.748	45.698
270.297	127.660	21.823	46.318
273.548	127.598	21.140	47.630
276.272	127.386	20.769	48.387
277.730	128.248	21.076	47.356
281.164	129.369	20.172	46.517
284.205	130.674	20.663	45.809
285.427	131.312	21.163	45.378
288.517	131.243	21.511	46.943
291.306	130.733	21.831	48.050
292.908	130.427	21.849	48.320
296.141	131.218	21.624	47.487
297.764	131.915	21.317	46.585
300.482	133.639	21.076	46.175
301.858	134.133	21.590	46.166
304.976	135.595	21.278	45.358
306.403	135.920	21.318	45.317
308.877	135.648	21.663	46.320
310.047	134.364	21.942	47.402
311.692	135.391	22.538	47.081
315.354	136.245	21.774	46.943
316.045	136.660	22.666	46.339
319.074	137.338	21.922	46.900
321.679	137.978	22.109	47.018
322.993	137.731	22.499	47.608
325.438	137.306	22.803	49.050
328.480	137.207	22.228	49.582
331.129	138.125	21.944	49.725
333.778	139.402	21.847	49.053
335.113	140.066	21.619	48.378
337.559	141.524	22.001	48.808
339.138	142.131	22.125	47.578
340.788	142.435	21.680	47.842
343.006	141.268	21.776	48.571
344.295	141.636	22.241	48.788
346.924	141.668	21.991	49.160
348.138	142.215	22.154	48.564
350.182	143.425	22.303	47.773
351.832	144.520	22.033	46.370
354.308	144.262	21.669	45.674
355.990	144.980	21.082	44.796
358.610	145.185	21.448	41.893
361.338	145.238	21.076	43.907
362.394	143.768	21.147	45.128
365.196	144.327	20.576	43.063
366.084	145.647	21.186	41.587
369.008	146.743	20.934	42.887
370.288	147.167	20.688	44.082
371.786	147.696	21.409	44.747
373.930	148.327	22.834	45.684
375.139	148.784	23.026	45.667
377.045	148.402	23.092	46.618
379.376	148.740	23.134	47.315
380.620	148.751	22.957	47.865
381.524	148.433	23.384	48.079
383.644	150.055	23.222	46.723
385.107	150.583	22.775	46.460
387.776	152.530	23.073	45.362
389.267	151.503	22.367	46.557
391.660	153.487	22.624	45.729
392.045	151.120	23.436	47.693
393.919	150.785	22.947	47.552
396.462	151.692	21.963	46.924
397.347	151.256	21.519	46.764
399.439	152.126	21.605	47.124
400.045	151.828	21.369	46.873
401.879	153.309	20.925	45.045
403.074	154.808	21.076	44.082
404.286	154.423	20.909	44.218
406.169	154.321	20.354	43.839
407.101	154.151	20.820	44.408
408.286	154.525	20.317	44.116
410.231	155.519	20.267	43.167
412.176	155.489	19.261	43.145
413.382	156.020	18.938	42.481
415.573	157.134	19.371	42.404
415.543	157.392	19.739	42.507
416.293	156.963	21.014	42.883
417.030	156.760	21.386	44.429
417.365	156.179	22.736	44.677
417.805	156.678	23.484	44.763
419.716	156.676	22.730	44.962
419.776	156.513	22.736	44.484
422.337	157.527	22.335	43.809
423.167	157.838	22.350	43.930
422.641	155.968	23.020	44.972
423.330	157.519	23.444	43.792
424.151	156.325	24.144	43.991
424.916	157.676	23.959	42.941
426.493	156.937	23.136	43.400
428.040	157.639	21.894	42.986
429.948	158.229	22.304	42.659
430.998	159.547	21.720	41.281
431.170	158.923	22.042	40.492
432.042	159.321	22.721	40.829
432.673	159.160	22.891	40.590
432.959	159.778	23.974	39.751
434.215	159.933	23.405	39.630
434.697	160.003	23.767	39.241
436.175	161.638	23.214	38.181
437.022	161.689	25.263	38.133
439.718	161.331	23.726	39.898
440.802	160.336	23.454	40.028
441.216	160.722	23.918	40.153
441.760	161.223	24.731	40.519
442.411	161.060	23.987	41.442
442.888	160.609	24.198	41.305
443.383	160.968	24.472	40.950
444.026	160.962	24.390	41.240
444.314	161.306	24.354	40.923
444.833	161.254	24.154	41.364
445.202	160.969	24.084	41.370
446.107	161.848	23.676	40.784
445.804	161.366	24.376	41.052
446.981	159.940	23.417	44.617
446.983	159.305	24.458	45.508
447.670	158.906	23.991	46.227
448.432	159.122	24.251	46.615
449.473	159.196	24.215	46.499
450.702	160.033	24.304	46.116
452.021	159.136	24.171	47.848
452.372	158.462	24.116	48.677
453.229	157.983	23.852	49.304
453.455	158.361	24.302	49.097
454.227	158.403	23.992	49.338
454.369	158.149	24.604	49.791
455.186	158.187	24.085	49.889
455.524	158.723	24.222	49.052
455.439	158.818	24.602	48.706
455.644	158.943	24.338	49.033
455.961	158.818	24.229	49.272
455.967	159.701	24.718	48.390
456.590	160.118	24.392	47.661
456.225	159.280	24.356	48.875
456.466	160.520	24.165	47.269
456.194	159.755	24.191	48.202
456.282	159.441	23.788	48.452
456.254	159.870	23.212	48.003
456.249	159.490	23.024	48.030
455.953	160.065	21.966	47.754
455.539	160.257	22.311	47.887
455.306	160.094	21.263	47.848
454.426	159.495	20.607	48.184
453.958	158.617	20.122	48.916
453.131	159.191	20.429	47.565
452.450	158.850	19.648	48.251
451.885	159.162	20.024	47.878
450.816	158.682	19.879	47.514
450.020	157.960	19.548	47.397
449.825	158.480	18.969	45.748
449.763	158.694	19.065	44.623
449.974	159.067	17.916	44.518
449.547	158.964	17.657	43.252
448.675	158.221	17.906	43.665
448.604	158.883	17.223	42.976
448.117	159.092	16.698	41.929
440.317	162.186	19.228	37.425
440.015	161.159	18.821	37.613
438.582	160.195	18.967	39.020
436.834	160.700	19.408	38.520
432.726	161.892	20.092	38.039
431.183	162.086	20.038	38.518
428.880	160.725	19.804	39.310
428.199	162.213	19.389	39.150
428.103	164.487	19.132	37.882
424.731	161.294	21.945	40.408
425.244	163.144	20.376	38.029
421.726	158.275	21.879	41.454
422.575	160.368	20.232	40.118
417.701	158.443	22.434	42.424
417.866	157.870	19.186	43.098
417.089	156.652	18.029	40.231
415.524	156.155	17.954	42.447
414.674	156.517	17.024	38.747
411.532	157.352	19.568	41.999
409.348	157.151	19.749	43.433
405.932	156.798	19.805	43.093
403.395	157.337	19.641	42.332
401.234	154.737	19.214	44.991
400.206	153.921	19.168	46.299
397.294	152.172	19.397	46.713
384.536	153.927	18.378	43.842
385.232	154.199	18.999	43.180
383.274	152.225	18.207	44.951
381.558	152.604	18.744	43.538
378.586	151.684	19.594	41.387
375.866	151.482	19.351	38.880
375.607	150.507	19.162	40.864
360.888	147.557	23.579	45.911
360.454	147.399	19.766	43.563
357.890	146.175	19.565	45.836
354.062	145.014	19.536	46.236
353.082	143.923	18.707	48.075
351.109	143.842	19.389	47.566
350.155	144.737	19.457	46.436
346.578	144.071	20.732	47.454
345.712	144.941	20.495	46.513
342.662	145.243	20.947	45.803
341.656	144.641	21.083	47.132
336.950	144.355	21.095	46.346
335.110	143.011	20.707	46.634
333.562	141.294	20.728	47.747
330.349	139.584	19.902	49.004
327.023	138.880	19.675	48.614
324.929	138.356	20.260	48.684
324.082	138.410	20.141	48.193
321.865	139.089	20.895	47.805
318.798	139.692	22.282	47.239
316.335	140.118	23.683	45.560
314.331	139.970	24.297	46.108
310.475	140.742	25.968	45.010
306.330	140.242	27.485	44.648
304.021	139.659	28.763	45.199
303.092	139.757	28.855	44.737
300.645	138.786	27.556	44.548
300.379	138.788	27.558	45.208
298.702	138.035	26.520	44.958
299.521	137.994	24.852	45.182
298.381	137.972	24.008	44.285
297.382	136.830	24.105	44.954
293.825	135.861	24.988	46.547
291.395	135.174	23.739	47.381
289.147	133.401	22.744	47.732
287.852	133.340	22.391	46.413
286.834	132.092	21.678	47.477
284.340	131.638	20.643	47.082
282.884	131.286	21.376	47.162
280.866	131.332	21.198	46.345
279.709	130.199	21.371	46.961
277.924	130.583	21.222	46.232
276.347	129.636	21.623	47.187
274.812	129.484	20.599	47.211
274.056	129.438	20.151	46.438
270.973	129.395	19.921	45.874
268.480	127.590	20.224	46.356
266.308	126.441	20.385	47.254
265.385	126.091	20.067	47.261
264.018	125.766	19.754	46.426
263.069	125.603	20.098	46.566
260.994	125.507	20.869	46.002
258.648	125.516	20.861	45.168
257.533	125.241	20.152	45.231
249.910	118.940	19.241	49.376
245.657	119.288	20.106	47.991
243.500	119.553	20.372	47.792
238.901	119.338	21.506	47.486
235.507	120.041	20.193	45.638
231.037	118.523	19.722	46.374
228.826	118.542	20.546	45.252
226.184	120.025	22.031	44.843
223.957	119.605	22.855	45.061
218.699	121.102	24.537	41.883
216.274	121.547	25.393	39.214
213.288	121.941	24.111	38.883
210.568	121.985	24.920	38.059
207.589	122.153	25.248	36.369
204.672	120.412	25.367	39.118
203.305	119.639	26.426	39.656
201.046	117.437	24.976	40.458
200.890	115.359	19.885	42.484
199.564	114.725	19.885	42.899
198.520	113.686	19.959	44.163
195.928	111.873	19.937	45.468
195.030	112.464	18.648	45.315
193.351	111.772	18.639	45.526
190.997	112.821	19.011	44.572
188.844	111.541	19.293	45.834
187.577	111.364	19.036	44.930
184.479	110.524	19.453	45.652
183.046	110.444	19.199	45.669
179.715	110.292	20.129	45.417
178.852	108.690	20.153	47.032
176.383	108.328	20.459	46.923
175.537	108.824	20.291	45.873
174.612	108.835	19.684	45.602
173.886	108.649	19.875	45.485
172.922	109.115	19.265	45.332
171.693	109.709	19.450	44.321
170.498	109.779	18.729	44.356
169.170	109.315	19.207	44.434
167.281	108.994	19.604	44.449
163.853	109.232	20.865	44.066
161.639	108.694	20.326	44.316
158.946	107.320	20.497	44.470
154.416	106.507	21.804	44.785
151.132	105.139	20.507	44.650
149.911	104.333	20.974	45.594
148.221	103.318	20.811	44.690
147.560	103.480	20.855	44.158
146.162	102.945	20.444	45.106
143.985	102.821	20.910	45.647
141.635	102.897	21.875	44.748
140.823	103.550	21.835	43.913
139.073	103.312	21.124	44.292
137.196	104.266	20.879	42.783
134.567	104.499	21.424	41.644
132.121	104.020	21.244	41.447
130.141	102.579	21.283	42.100
129.762	102.176	20.296	42.122
127.840	101.605	20.568	42.553
126.298	101.036	20.224	42.115
125.364	101.052	20.412	42.045
123.826	100.051	20.015	41.721
123.170	99.577	19.973	42.185
121.024	99.301	20.388	42.876
119.035	99.415	19.536	42.727
116.227	100.566	19.790	40.759
115.157	100.577	19.790	41.021
113.666	101.211	19.764	39.442
110.490	101.395	20.224	38.698
108.430	100.402	20.126	39.882
107.259	99.747	20.827	40.085
104.598	99.267	22.722	40.208
103.766	98.609	23.136	40.608
102.259	99.009	24.330	39.918
101.449	99.081	24.744	40.115
101.111	99.592	24.706	39.467
100.653	99.829	25.053	39.644
100.594	98.615	24.423	40.470
100.637	99.252	24.618	39.725
100.982	98.909	23.980	40.041
100.978	98.914	24.223	40.081
101.054	98.249	23.866	40.646
101.098	97.101	24.098	41.372
101.187	97.009	23.668	41.178
100.846	97.196	24.350	40.837
100.546	97.408	24.210	40.865
99.700	97.543	24.853	40.902
99.729	97.774	24.084	40.358
99.439	97.600	23.840	40.487
98.422	97.748	23.589	40.152
98.371	97.827	23.167	40.298
98.438	97.338	22.841	41.133
98.610	97.038	22.302	41.432
98.847	96.292	21.753	41.967
99.929	95.966	20.760	42.050
100.858	96.009	20.735	42.010
102.040	95.777	20.237	42.008
103.676	96.053	19.413	42.387
105.382	95.840	19.138	42.841
106.301	96.411	19.939	43.037
107.499	96.096	19.429	42.922
108.667	95.948	19.322	43.208
109.061	96.376	19.487	43.506
109.727	96.528	19.989	43.442
109.793	97.315	20.670	42.992
110.720	96.992	20.585	43.580
111.836	97.345	20.632	43.709
112.833	97.599	20.237	43.451
114.088	97.617	20.367	43.376
115.733	97.865	20.607	43.478
118.014	97.720	20.215	44.735
119.623	98.193	20.692	44.185
121.623	97.998	20.108	44.753
122.064	97.353	20.461	45.574
123.572	97.423	20.089	45.382
124.905	97.397	19.639	45.703
125.948	97.805	19.526	44.772
126.849	97.655	19.272	45.731
126.965	98.464	19.467	44.997
127.745	97.579	19.922	45.902
129.297	98.796	19.493	45.278
130.601	98.801	19.494	45.727
131.948	99.631	19.413	45.152
132.814	100.193	19.383	44.724
134.596	100.289	19.380	45.076
135.422	100.151	19.497	45.928
136.970	100.396	19.711	45.696
137.836	99.947	20.558	46.062
139.343	100.118	20.721	46.699
140.410	100.622	20.553	46.217
142.252	101.039	20.100	46.272
143.189	100.711	20.287	46.720
145.140	101.166	19.769	46.467
147.143	101.815	19.864	46.352
149.063	102.195	20.052	46.309
150.463	103.190	20.224	45.799
152.653	102.608	19.966	46.875
153.639	102.188	20.106	47.413
155.469	102.680	19.314	47.186
156.523	102.506	19.484	47.526
158.222	103.071	18.952	47.357
158.918	103.443	19.246	47.215
160.459	103.139	19.144	48.069
162.599	104.133	19.684	47.891
164.749	104.856	19.561	47.404
166.148	105.463	18.663	47.294
167.864	105.137	19.148	48.186
171.006	104.740	19.236	49.369
173.673	104.631	19.370	48.998
174.600	105.121	19.033	49.106
175.888	105.586	19.829	48.687
176.902	105.728	19.523	49.180
178.395	105.970	19.909	48.265
180.173	107.218	20.061	47.640
181.147	107.047	19.943	47.611
182.711	107.696	20.488	47.454
185.277	108.089	19.966	47.694
187.573	108.872	20.438	47.698
188.970	108.944	19.719	47.883
190.532	108.380	19.537	48.031
193.312	107.603	18.764	49.795
194.373	108.271	19.090	48.600
196.759	108.461	19.353	48.143
198.206	108.983	19.460	47.620
199.741	110.039	19.108	46.973
201.695	110.538	18.755	46.795
203.380	110.794	18.426	47.135
205.505	110.834	19.841	46.722
208.031	110.960	19.602	45.414
209.579	110.602	20.040	46.564
211.695	110.399	19.938	47.743
213.813	110.889	20.183	46.608
215.973	111.018	19.951	48.575
216.736	111.743	20.517	48.609
218.880	112.397	20.863	48.757
220.575	112.656	20.868	46.789
221.379	113.144	21.499	47.408
224.057	113.266	21.686	48.022
225.778	113.297	21.839	47.365
229.637	112.695	21.174	50.428
230.543	112.760	22.063	50.695
233.198	113.324	21.530	51.386
234.109	113.689	22.317	51.520
236.619	115.515	23.392	51.770
239.957	117.604	22.372	49.675
242.958	118.787	22.777	49.626
245.144	118.942	22.774	50.399
247.024	118.321	22.816	51.746
251.118	116.939	23.138	52.859
254.417	117.301	24.020	53.442
257.129	118.697	24.145	53.792
260.409	120.242	24.315	53.966
264.654	122.017	24.177	52.509
266.631	121.368	24.200	53.293
270.933	121.850	24.169	54.003
273.164	121.937	24.206	54.765
276.608	120.865	24.731	56.192
278.276	120.468	24.642	56.986
282.017	123.521	24.231	54.866
285.564	127.183	24.913	53.378
289.360	130.355	24.744	51.979
293.255	132.464	25.388	50.364
295.524	132.486	24.528	50.146
298.461	132.334	25.102	51.099
301.259	131.923	25.099	51.290
304.268	132.530	24.554	50.779
305.689	133.357	24.388	50.136
308.207	135.821	24.520	49.209
310.287	136.897	25.107	48.510
311.317	135.406	25.379	50.815
311.426	135.341	26.746	50.682
314.248	135.116	26.132	51.336
316.899	135.238	25.071	50.998
318.820	136.205	25.121	50.392
320.072	136.991	24.310	50.004
322.152	138.181	24.224	49.098
325.637	139.205	24.528	48.856
327.216	139.360	24.876	48.844
328.713	139.225	24.796	49.879
330.411	139.503	23.967	49.057
332.177	140.189	23.725	49.292
333.563	141.753	23.840	47.761
334.237	141.677	23.549	48.169
335.771	141.812	23.013	48.546
336.497	141.001	23.318	49.878
338.315	140.937	23.174	49.270
339.223	141.261	22.970	49.292
341.351	142.237	22.124	48.778
344.778	143.952	22.010	47.582
347.468	144.804	22.025	46.833
348.938	144.829	22.176	46.996
351.182	144.285	22.333	47.659
352.807	145.183	22.888	46.520
355.163	145.295	21.327	46.027
356.243	146.009	20.833	45.263
359.027	146.642	20.122	42.934
361.464	148.303	20.445	40.819
362.670	148.399	19.864	41.105
364.533	148.611	19.350	41.051
366.288	148.383	19.675	40.230
369.317	148.278	20.500	39.768
372.165	149.039	19.470	39.744
373.298	149.307	19.770	40.884
375.802	150.618	21.118	42.366
377.635	151.366	21.273	43.137
378.816	151.579	21.980	44.130
381.020	152.807	21.703	43.577
382.632	152.910	21.157	44.316
384.087	153.264	19.818	43.837
385.268	152.672	19.580	44.790
386.109	152.655	19.987	45.545
386.786	154.193	19.693	44.148
387.272	153.986	20.476	44.901
387.593	154.546	21.354	43.614
388.279	154.991	21.931	43.514
388.665	154.647	22.357	43.767
389.511	155.807	22.045	43.064
390.443	154.783	22.572	44.214
390.968	152.945	22.755	46.564
391.465	152.988	23.418	45.965
391.891	153.653	23.119	45.512
393.029	154.090	22.676	45.502
393.829	154.899	23.161	45.335
394.400	154.985	23.010	45.152
394.673	154.455	23.004	45.282
395.167	154.412	22.535	44.992
396.736	154.941	22.285	44.624
397.866	154.081	21.517	45.896
399.004	153.134	20.897	46.632
399.956	152.939	20.470	46.821
401.196	153.730	20.601	46.590
403.206	156.082	20.477	44.583
405.344	156.607	21.629	43.973
407.165	156.850	21.863	43.001
408.504	156.775	21.766	43.107
409.607	156.092	21.414	44.123
411.192	156.408	20.878	43.388
412.148	156.518	20.427	44.531
412.736	156.374	20.704	44.553
413.693	156.729	20.311	43.897
415.012	156.700	20.004	44.365
416.863	157.061	18.140	44.568
417.261	157.825	19.539	43.291
418.204	158.374	20.221	42.843
419.814	158.334	20.385	43.472
422.094	158.228	20.489	43.450
423.472	158.734	20.558	42.638
424.969	159.050	20.258	42.833
426.514	159.602	20.177	41.985
429.064	159.518	18.167	41.912
430.429	158.877	18.518	41.480
431.476	160.312	18.327	40.113
433.483	160.801	18.447	39.258
434.053	161.255	18.778	38.418
435.735	161.812	19.895	38.045
437.166	161.964	20.382	38.603
440.344	161.304	19.317	38.746
441.065	161.789	19.572	38.622
443.221	160.705	19.272	39.890
444.438	161.397	20.085	39.188
447.536	162.276	20.314	39.656
450.619	161.627	20.585	42.262
453.646	160.501	19.512	45.550
454.448	160.680	20.141	45.020
456.707	160.523	20.112	47.289
458.250	160.027	19.977	47.733
459.510	159.882	20.704	48.444
459.923	158.655	21.657	49.298
460.955	159.148	21.961	48.816
461.253	158.205	21.619	50.691
461.762	158.993	20.629	49.929
460.828	159.240	21.493	49.276
459.277	159.398	22.686	48.618
459.006	158.589	21.707	49.297
458.035	159.334	21.928	48.470
456.139	159.273	22.449	48.688
454.688	158.176	22.394	49.344
454.171	158.416	22.854	49.123
453.153	158.348	23.018	48.840
452.394	158.098	23.410	49.425
451.332	158.418	22.705	48.263
449.983	158.289	23.260	47.153
448.559	159.183	22.634	46.653
447.678	160.521	22.231	44.820
447.230	162.092	20.814	41.912
447.445	161.726	19.531	41.655
446.184	161.268	19.180	42.078
445.160	161.482	19.505	40.049
444.376	161.704	19.345	38.966
442.585	162.236	19.568	37.971
441.306	161.757	20.304	38.019
441.240	162.122	19.985	37.829
438.512	162.588	19.672	36.557
436.937	163.069	20.299	36.217
434.504	163.229	20.353	36.867
433.306	163.282	20.063	36.580
432.688	163.247	18.723	37.105
429.834	160.196	20.104	39.797
425.420	161.043	22.415	38.743
425.757	162.926	21.491	37.694
423.202	159.572	22.499	41.124
421.923	162.580	23.027	39.071
419.816	160.824	23.137	40.676
419.914	162.277	22.146	39.063
419.020	161.380	21.828	39.439
416.887	160.161	20.252	40.249
415.386	159.630	19.621	39.016
413.107	158.293	19.820	40.487
412.295	159.638	18.623	39.006
410.817	158.214	20.444	40.019
410.263	157.837	20.193	39.220
408.339	158.053	21.384	40.594
408.296	158.415	20.373	40.458
406.272	158.009	20.342	42.616
404.528	156.763	20.748	42.890
401.719	158.180	20.330	41.528
401.056	158.006	19.545	40.901
390.224	153.833	20.203	45.048
388.721	153.444	19.593	45.195
384.910	152.642	20.037	44.358
384.738	152.802	19.063	44.460
383.742	152.595	19.267	44.318
381.774	150.853	19.568	45.321
379.391	150.507	21.092	45.193
376.866	150.316	22.811	45.247
372.869	150.355	23.282	42.076
370.451	149.094	23.452	42.008
368.094	148.327	24.062	43.454
367.697	149.341	23.499	41.247
364.318	148.193	24.443	40.892
363.062	148.962	24.614	42.047
360.721	149.152	26.093	41.078
359.059	149.091	24.828	40.067
359.389	148.444	24.150	41.729
358.854	148.210	23.753	43.372
358.303	148.255	21.766	43.891
356.560	146.624	21.161	44.888
355.614	146.173	21.246	45.168
355.100	145.300	19.899	46.327
354.019	145.060	20.172	46.972
352.955	145.112	20.093	46.691
351.814	144.817	20.118	47.087
351.143	144.967	20.093	46.708
349.137	144.737	21.028	46.885
348.315	145.544	21.117	45.910
346.228	145.064	22.055	46.782
344.848	145.912	22.482	45.889
341.425	144.944	23.514	46.665
336.747	145.645	25.508	46.288
333.106	145.043	25.910	45.979
330.257	144.945	27.318	45.161
328.819	145.069	28.294	44.820
326.499	146.268	29.641	44.060
325.209	146.604	30.679	43.007
324.982	148.074	30.691	41.617
323.407	148.083	31.071	41.654
321.839	147.912	31.585	42.507
320.964	146.823	30.861	42.631
319.610	146.033	30.903	43.343
319.040	144.735	29.727	44.054
318.409	143.305	28.367	44.614
319.361	142.972	26.820	44.601
319.196	141.533	26.065	45.915
319.613	140.402	24.839	46.904
319.628	138.110	23.973	48.508
318.432	137.837	24.126	48.803
317.329	137.188	24.901	49.668
315.790	137.113	25.442	49.862
314.543	136.691	25.745	49.778
312.600	135.785	25.792	50.693
311.759	135.694	26.009	50.876
311.918	135.467	23.832	51.151
310.954	133.864	23.174	52.065
309.747	132.602	22.975	52.818
309.292	131.122	21.426	53.875
308.722	130.621	21.148	54.576
307.984	129.717	21.018	53.451
307.346	130.004	20.932	53.123
306.144	130.846	21.670	51.969
304.871	130.504	22.330	52.136
303.478	131.226	23.288	52.154
302.367	131.358	22.660	51.778
299.263	132.126	24.402	50.858
297.107	132.584	26.442	50.861
292.719	131.177	28.632	51.818
292.468	130.831	27.273	51.422
292.095	129.230	26.032	53.326
292.227	128.993	24.830	52.638
291.927	127.130	23.039	54.346
291.153	126.766	22.572	54.563
290.310	125.952	20.762	54.058
289.356	125.451	20.713	54.721
287.445	126.232	21.658	54.067
286.201	125.064	22.410	55.000
284.348	125.886	23.298	54.088
281.611	125.622	24.304	53.383
280.271	125.652	24.564	53.624
272.964	124.868	22.415	52.812
269.947	123.171	21.838	53.919
268.185	121.816	21.422	54.016
267.110	121.221	21.146	53.206
266.698	123.036	21.255	51.456
265.282	122.362	21.366	52.176
265.146	121.558	20.925	52.566
264.177	121.420	20.820	52.893
261.968	122.288	21.929	51.796
260.021	123.072	22.267	51.908
257.417	121.911	20.851	51.548
254.160	120.961	20.419	51.730
252.752	120.316	20.304	51.816
250.608	119.242	20.146	52.491
249.066	119.909	20.366	49.936
249.182	119.757	19.356	49.424
247.125	120.503	19.974	48.903
245.399	119.617	20.170	48.932
243.990	119.511	19.959	49.173
243.681	120.092	20.002	48.591
240.880	118.039	20.572	47.600
237.778	116.659	18.746	49.799
235.328	116.504	18.665	48.056
234.244	116.947	18.939	47.301
232.758	116.277	19.265	47.060
231.977	115.340	17.930	48.932
231.225	114.739	18.118	49.754
230.339	115.108	17.512	50.110
228.155	116.145	18.525	48.987
225.543	116.133	19.213	47.610
223.523	116.806	19.842	46.266
222.650	116.110	19.065	46.726
220.452	115.770	18.088	44.137
217.600	115.333	18.746	45.720
215.760	112.950	18.868	46.651
213.833	112.404	18.524	48.056
212.130	112.168	19.080	47.805
210.852	113.118	19.271	47.774
208.787	112.875	19.985	46.687
207.617	113.920	20.929	44.915
205.088	113.644	19.548	45.225
202.378	113.983	17.867	44.149
197.937	114.459	18.443	43.842
194.247	114.134	18.880	44.362
191.745	113.761	18.711	43.768
188.856	113.424	18.795	43.044
184.920	112.767	18.409	43.500
183.864	112.378	19.104	44.157
182.356	112.753	19.661	43.568
180.439	113.006	19.656	42.269
178.823	112.948	20.371	42.082
176.796	113.138	20.301	41.686
175.253	113.553	20.293	41.016
172.224	113.370	20.202	40.780
169.738	112.952	20.019	40.536
167.932	112.563	19.624	40.300
164.129	110.456	19.390	41.304
162.568	110.295	19.327	40.345
162.143	109.807	18.234	41.125
160.272	110.235	18.389	40.264
159.518	109.864	18.535	41.109
157.379	109.556	18.789	41.204
156.539	109.683	18.648	40.336
154.392	110.138	19.105	40.118
151.396	110.249	20.076	38.837
148.964	110.025	19.926	38.614
148.180	109.795	19.702	38.999
144.999	109.489	20.704	39.397
143.274	109.397	21.363	38.803
141.206	109.034	21.573	38.526
139.563	108.521	21.952	38.644
138.783	107.842	21.877	39.103
137.855	107.508	21.748	39.349
137.832	107.495	21.289	39.602
137.803	106.625	20.207	40.085
137.657	106.480	20.183	39.943
137.696	105.937	19.297	40.635
137.752	105.551	18.922	40.823
137.538	105.843	18.831	40.193
137.296	105.175	18.716	40.711
137.354	105.387	18.943	40.447
137.902	105.878	18.726	39.844
137.758	106.193	19.262	39.455
138.511	105.836	18.675	39.684
138.741	105.847	18.858	40.110
139.167	106.111	18.759	39.555
139.684	105.995	18.611	40.206
140.040	106.138	18.331	40.081
140.264	106.077	19.007	39.814
141.355	106.111	18.061	39.555
141.700	106.475	18.587	39.993
143.055	106.807	18.348	39.889
143.305	107.022	18.713	39.398
144.394	107.091	18.421	39.958
144.817	107.097	18.688	40.048
145.731	107.535	19.453	40.021
145.999	107.408	19.870	40.026
146.165	107.390	20.414	39.952
147.002	107.071	20.657	40.368
149.193	107.940	19.794	40.694
150.324	108.217	19.927	40.940
151.651	108.023	19.357	40.784
152.795	108.147	19.248	41.335
153.795	108.009	19.472	41.589
155.470	108.093	18.823	41.874
157.315	109.293	19.065	41.312
159.341	110.116	18.806	41.098
160.321	110.396	19.111	40.734
161.729	110.268	19.583	41.370
162.679	110.038	19.439	41.314
163.484	110.423	20.600	40.910
164.277	110.497	20.427	41.594
166.361	110.474	19.894	42.267
167.767	110.402	19.422	42.164
169.301	110.308	19.024	42.366
170.022	110.896	19.221	41.992
172.231	111.121	19.047	42.360
173.317	111.351	19.422	41.762
174.940	111.351	19.821	43.030
176.456	111.893	21.261	42.321
177.907	112.909	21.294	41.842
180.500	112.097	21.645	42.823
181.328	112.200	21.439	42.673
182.449	112.300	22.758	42.457
184.174	111.668	22.635	43.686
185.798	112.290	22.208	43.322
186.044	112.472	22.688	43.568
186.785	111.990	23.551	44.408
187.538	112.044	23.381	44.137
187.790	112.031	23.538	44.424
188.362	112.445	23.457	44.155
189.191	113.656	23.949	42.771
189.916	114.112	24.251	42.564
190.929	114.656	23.815	42.399
191.736	115.374	23.745	41.581
192.970	115.423	24.092	41.739
193.533	115.521	24.034	41.396
193.888	115.009	24.127	41.625
194.090	115.306	24.384	41.173
194.993	115.541	23.390	41.973
195.577	115.470	23.060	41.903
196.321	115.530	22.861	41.630
197.703	116.314	22.313	41.515
199.344	115.676	21.447	41.756
201.725	115.531	19.834	42.026
203.627	115.995	20.762	41.415
205.211	116.415	21.902	40.683
207.470	117.019	20.764	40.553
208.672	117.467	20.186	40.532
210.287	116.835	19.361	41.649
211.591	116.307	19.107	42.590
212.692	116.160	18.310	41.409
214.429	116.608	18.598	42.341
214.999	117.394	19.162	40.957
216.351	118.213	19.376	41.076
217.111	118.725	18.774	40.470
218.235	119.211	18.939	40.362
218.937	119.743	19.432	40.242
220.036	120.077	20.659	40.866
221.171	119.092	20.621	42.761
221.750	118.758	21.011	42.440
223.270	119.153	21.684	42.659
224.667	119.081	20.528	43.267
225.439	120.038	20.347	42.413
228.362	119.529	18.980	43.330
229.655	121.085	19.071	42.250
230.335	121.395	19.200	41.776
232.424	121.925	19.465	41.641
233.493	122.260	20.282	40.228
235.118	121.408	20.145	42.365
237.197	121.359	19.480	43.037
238.360	121.558	20.345	43.796
240.188	120.982	20.533	44.521
242.365	121.631	19.705	44.690
243.968	122.475	19.008	44.706
245.230	123.734	19.460	43.995
248.300	123.148	19.569	44.598
250.052	122.702	19.486	45.271
252.077	122.009	19.163	46.795
254.317	122.332	19.218	46.211
256.832	123.145	19.750	46.063
258.738	123.536	19.555	46.203
260.580	124.069	20.090	46.158
263.499	124.188	19.883	47.491
265.095	124.048	20.357	48.239
266.695	123.712	20.321	48.816
268.108	123.628	20.670	49.011
269.211	123.961	20.080	48.450
270.902	124.121	19.511	49.062
272.284	125.393	19.909	49.013
273.293	125.928	19.650	49.025
274.567	126.188	19.994	48.861
276.316	126.878	20.218	48.583
279.479	126.977	20.857	48.931
279.949	126.772	21.035	49.547
281.721	127.439	20.269	48.669
281.647	126.776	20.945	49.066
283.120	126.994	20.843	49.988
284.006	127.127	20.263	49.780
285.002	127.309	20.458	50.189
286.369	126.816	20.242	50.927
287.525	127.760	20.353	49.651
288.573	127.915	20.491	49.607
289.878	127.802	20.159	50.346
291.915	128.668	19.696	49.777
292.753	128.163	20.980	49.952
295.070	128.868	20.776	50.557
296.237	128.146	20.488	51.932
297.639	127.961	20.450	51.362
298.176	128.708	20.722	50.956
299.237	129.511	20.253	50.480
299.657	129.063	20.073	51.198
299.919	129.193	20.013	51.281
300.534	128.713	19.632	51.515
301.358	130.198	19.641	50.393
301.227	130.045	20.702	50.698
302.358	131.064	20.280	50.037
303.367	131.062	20.610	50.430
304.515	130.693	20.871	51.387
304.161	129.949	21.810	51.278
305.419	131.311	20.475	50.127
305.955	130.905	20.515	51.022
305.818	131.896	20.703	50.182
306.037	131.188	20.998	50.754
305.739	131.297	21.548	50.642
306.197	131.259	21.337	50.780
305.894	131.620	21.510	50.094
305.335	131.158	21.858	50.436
305.152	130.644	22.040	50.587
305.223	129.577	21.791	51.441
305.384	130.335	21.281	51.020
304.451	130.671	21.858	50.437
304.015	130.328	21.301	50.780
304.381	130.376	20.951	50.825
303.994	130.845	20.680	49.846
303.518	130.644	20.976	50.311
303.586	131.019	20.126	49.203
303.128	130.412	20.373	49.874
302.530	131.049	19.110	48.678
301.501	131.939	20.114	47.983
300.673	132.330	19.701	47.264
299.461	132.785	18.186	46.580
298.618	131.927	19.686	46.349
297.724	132.340	18.602	45.956
297.552	131.612	19.341	44.016
296.189	131.295	20.588	42.932
295.039	131.006	19.623	44.429
294.522	131.292	19.482	43.001
293.564	131.081	18.677	42.309
293.001	131.181	19.089	42.404
291.532	130.462	18.687	41.672
291.145	130.838	18.493	41.054
289.952	130.941	18.480	41.139
288.363	130.002	20.328	42.822
287.910	129.589	19.843	43.834
286.925	127.869	20.064	45.958
285.424	128.288	21.145	47.805
282.959	127.294	22.480	48.878
275.857	126.452	23.386	50.600
273.368	126.814	24.640	50.453
274.744	126.885	24.285	49.479
271.913	126.406	25.054	49.534
269.576	128.978	25.167	47.677
270.304	126.529	25.866	48.527
270.618	128.204	26.156	49.116
269.691	126.363	27.105	49.692
270.203	126.208	25.295	48.344
271.211	126.442	24.535	49.357
270.572	126.197	23.542	49.510
270.355	125.821	22.882	49.452
270.877	127.113	22.137	47.961
270.644	127.581	21.531	48.093
269.209	126.637	21.798	48.877
268.214	128.011	22.288	47.039
268.029	127.792	22.563	47.641
267.550	128.392	21.893	46.662
266.613	127.040	21.869	47.378
266.403	127.313	21.897	47.501
265.692	126.767	21.785	47.976
265.121	126.410	20.853	48.612
264.601	125.525	20.851	48.614
263.553	128.701	21.023	46.504
263.179	125.593	21.081	48.557
262.721	125.678	20.708	47.629
260.987	125.895	21.088	47.032
258.198	126.047	19.717	45.493
255.188	128.485	19.214	44.914
252.803	126.277	18.822	44.179
249.395	125.245	19.031	44.883
246.709	124.498	19.680	43.496
245.699	125.687	18.500	42.800
239.496	124.406	20.799	43.389
234.569	124.171	20.810	41.579
229.006	120.502	21.093	44.139
227.090	120.840	19.869	43.371
222.205	120.753	20.820	42.834
219.719	120.336	21.946	41.370
216.122	119.067	22.454	41.482
215.219	119.521	21.703	41.163
213.659	118.051	21.091	42.695
211.464	115.068	21.381	44.538
209.231	115.689	21.342	44.832
208.046	115.897	21.239	45.603
205.712	115.992	21.923	43.227
203.638	115.465	21.617	44.010
200.682	116.526	21.996	41.687
199.099	116.067	21.214	42.009
196.439	114.729	20.884	43.877
193.426	114.025	21.907	43.550
191.812	114.234	21.129	43.867
188.558	113.416	22.229	44.451
186.941	113.950	22.701	43.724
184.345	113.661	22.792	43.850
183.021	113.737	22.191	43.632
180.662	113.734	21.297	42.459
179.051	113.067	20.393	43.385
174.490	111.101	19.476	43.549
171.236	110.217	20.077	43.545
166.204	110.142	22.266	43.609
161.541	110.368	22.037	42.110
153.406	108.863	23.089	41.731
152.378	109.144	22.772	42.826
149.862	108.691	20.450	40.545
147.841	107.079	20.915	41.494
146.497	106.588	19.519	42.245
143.486	106.280	19.890	41.847
138.926	106.392	22.002	41.181
136.699	107.170	23.033	41.353
129.070	105.104	22.328	41.023
125.450	105.430	22.936	40.324
124.716	104.687	23.657	40.223
124.324	104.799	22.420	39.992
123.745	105.077	24.204	39.781
124.228	104.510	23.210	41.209
124.918	104.052	22.731	41.172
124.928	104.295	22.865	40.731
124.152	104.895	24.581	40.403
124.635	104.812	22.727	40.550
123.648	105.556	23.901	39.248
123.077	105.797	23.309	39.514
122.871	105.684	22.379	39.439
123.061	104.957	23.028	39.530
122.042	105.209	23.986	39.420
122.065	104.971	24.302	39.983
122.399	104.909	24.190	40.371
122.545	104.716	24.182	40.384
122.790	104.851	24.226	40.167
122.609	105.784	24.737	40.104
123.909	106.186	24.031	40.585
124.600	106.195	23.416	39.768
126.267	106.675	23.162	40.116
127.317	106.443	23.244	40.714
128.437	106.432	24.169	41.328
129.066	106.658	23.626	39.695
129.689	106.181	23.863	41.465
130.107	106.619	23.050	40.902
130.650	107.046	24.050	40.541
131.513	106.776	23.448	40.760
132.546	107.812	24.806	40.593
134.094	107.324	24.169	40.631
135.726	107.342	22.778	40.559
137.075	108.171	22.588	38.872
139.804	108.762	21.458	38.812
141.617	109.094	20.614	38.463
148.155	111.614	21.478	37.544
151.039	111.119	20.394	38.756
153.172	111.330	20.961	39.430
154.859	110.705	21.552	40.029
156.189	111.057	21.590	40.236
156.999	111.256	21.714	40.276
158.385	111.405	20.662	40.181
158.365	111.726	21.241	39.931
159.627	112.689	20.094	39.617
161.114	113.034	20.042	39.613
162.075	112.995	20.545	39.269
162.787	113.204	20.768	39.385
164.282	113.469	21.161	39.822
165.877	113.232	21.031	40.407
166.075	112.982	21.281	40.496
167.200	112.100	21.526	41.451
167.997	112.323	22.027	41.559
169.334	111.923	22.258	41.995
169.201	112.183	23.512	41.577
170.147	112.637	23.641	41.868
170.787	113.397	23.597	41.431
171.240	112.695	23.648	41.976
171.016	113.154	24.595	41.778
171.919	112.367	24.129	42.071
172.051	112.169	24.363	42.479
172.193	112.107	25.093	42.902
172.821	111.673	24.546	42.851
172.800	111.828	25.519	43.149
173.753	112.322	25.178	42.789
174.211	112.605	25.556	42.661
175.167	112.895	25.500	42.129
176.594	113.142	25.102	41.715
178.081	113.646	24.474	41.845
179.448	112.907	24.490	42.641
180.499	112.828	24.717	42.431
181.914	112.458	25.170	43.058
182.472	112.468	24.332	43.001
183.005	112.393	24.910	43.681
183.738	112.221	24.761	43.263
184.059	112.286	24.627	43.696
184.239	112.713	25.098	42.992
184.757	112.981	24.470	43.096
184.828	112.746	24.519	43.368
185.297	112.735	23.833	43.565
185.514	112.500	24.391	43.526
186.259	111.858	24.778	44.591
186.747	112.363	24.469	44.376
187.180	111.763	24.459	44.689
187.496	112.291	24.603	44.463
188.527	112.604	24.449	44.411
188.834	112.172	24.168	45.120
190.311	112.479	23.321	45.146
191.394	113.055	22.631	44.684
193.361	113.782	22.166	44.217
195.885	114.561	20.926	43.523
198.549	113.966	20.192	44.442
200.489	114.073	19.965	44.039
202.764	113.961	19.280	44.316
204.739	114.082	20.971	44.216
207.452	114.556	22.707	45.228
210.237	115.389	21.022	45.022
210.932	114.794	21.527	44.838
213.086	115.086	22.750	44.526
215.148	116.376	20.901	41.589
215.977	117.318	20.616	39.986
218.584	117.819	20.668	43.511
219.472	117.253	20.503	43.185
221.534	117.128	20.228	43.388
222.544	117.568	20.458	45.979
225.294	117.584	19.841	44.607
226.394	118.274	20.008	45.916
228.263	118.721	19.709	44.525
229.901	119.411	19.726	44.339
230.879	120.171	20.055	43.679
231.928	120.792	20.920	41.950
233.947	121.619	20.584	43.103
236.812	121.307	21.004	44.217
239.537	121.161	21.300	45.496
241.877	120.577	20.709	46.236
242.975	120.992	20.945	46.502
244.052	120.543	20.601	47.282
245.932	121.606	20.341	46.479
247.114	121.513	19.755	46.512
249.148	122.434	19.807	46.202
251.649	123.327	20.215	45.962
254.155	123.788	20.717	45.564
256.653	123.011	20.906	46.722
258.577	123.160	22.130	47.378
260.937	123.273	21.844	47.694
262.227	122.945	21.447	48.044
263.788	123.596	22.589	47.949
265.510	124.314	21.738	47.704
266.648	124.353	21.577	47.790
268.707	125.705	20.671	47.388
270.689	126.598	21.581	47.563
272.259	127.007	22.313	48.446
273.681	126.585	23.192	48.949
274.988	126.795	23.836	49.451
275.423	126.552	24.157	50.369
276.561	126.489	24.290	50.331
278.311	125.875	23.217	51.456
280.694	126.967	22.224	50.938
281.922	126.939	22.327	51.918
283.826	127.617	22.206	50.107
286.103	128.109	22.265	50.282
288.639	129.410	21.837	49.628
290.334	129.401	22.180	49.988
292.108	129.909	22.306	49.736
292.684	129.358	22.863	50.797
294.085	129.500	22.631	50.836
296.201	130.796	22.267	49.681
297.352	130.673	22.025	50.184
298.910	131.949	21.737	48.834
299.552	132.228	22.363	48.851
301.334	133.901	22.830	48.247
303.808	134.745	22.542	48.470
305.090	134.635	22.678	48.053
306.282	134.145	23.376	49.120
308.326	134.077	22.456	49.544
308.882	133.545	22.821	49.977
309.989	134.408	22.501	49.863
311.546	133.892	21.581	50.488
312.785	134.845	21.292	49.795
314.091	135.735	22.009	49.941
315.064	135.522	21.538	50.391
316.851	136.393	21.175	49.877
319.131	137.014	21.367	49.764
321.064	136.991	21.222	49.883
323.447	136.487	21.067	50.568
324.205	136.621	21.537	50.213
325.721	136.984	21.108	49.554
326.487	137.349	20.736	49.821
327.600	137.080	20.541	50.051
328.282	137.315	21.022	49.809
329.088	137.196	20.695	50.411
330.382	137.997	20.678	50.665
331.071	138.210	20.458	50.637
332.361	139.314	20.108	49.717
333.940	140.322	20.987	50.198
335.573	141.114	20.796	49.047
338.461	141.444	21.474	48.501
340.581	141.258	20.325	48.753
341.944	141.336	20.238	48.914
343.201	141.460	19.892	49.023
344.544	140.707	20.070	50.044
347.078	140.967	18.860	49.578
347.686	141.733	18.947	48.898
348.764	142.113	19.115	49.060
350.569	142.700	19.301	49.157
352.806	143.717	19.881	47.912
353.459	144.309	19.979	47.038
355.728	144.318	18.900	45.642
356.446	144.642	19.767	45.317
358.081	143.883	20.184	46.209
361.277	143.976	19.268	46.528
369.631	147.026	20.434	42.733
374.250	148.170	20.622	43.038
376.781	148.705	21.201	45.199
378.840	149.144	21.306	45.631
380.695	149.543	20.295	46.171
382.906	152.243	19.066	44.328
384.904	150.722	19.641	46.659
386.372	151.975	19.546	45.085
388.618	153.818	20.130	44.282
390.826	154.564	20.659	44.228
393.032	154.970	21.089	44.169
395.147	153.404	20.824	45.417
397.131	154.252	20.488	44.820
398.791	154.074	19.156	44.781
399.424	154.273	19.115	44.698
401.324	154.718	18.665	44.316
402.966	155.425	18.851	44.194
403.897	154.307	19.413	44.687
405.847	155.903	19.858	43.796
406.428	155.022	20.415	44.538
408.875	155.274	20.407	43.089
410.086	155.469	20.950	43.210
413.012	155.429	19.921	43.116
414.297	155.825	19.402	43.535
416.686	156.531	19.048	43.352
416.818	156.684	18.297	42.569
418.644	157.344	20.143	42.696
420.047	158.910	21.573	42.161
421.997	157.992	22.035	43.440
425.057	157.780	21.133	43.633
424.646	157.498	22.594	43.061
424.826	157.953	23.278	42.720
424.697	157.907	24.323	42.526
425.590	158.012	24.592	42.427
425.165	158.154	25.364	42.594
425.672	157.960	24.931	43.116
425.293	158.041	24.604	43.618
425.110	157.997	24.291	43.331
424.226	157.878	24.917	43.526
424.785	158.690	23.588	42.699
422.776	158.369	23.594	43.021
422.672	158.867	21.994	42.685
422.282	158.253	21.404	43.594
419.963	157.560	22.298	43.832
419.851	158.823	21.609	42.514
418.369	157.105	21.554	43.929
417.116	158.148	21.429	42.351
415.785	157.449	20.420	40.627
412.916	157.717	20.185	41.431
413.460	157.791	20.087	41.541
411.025	157.752	20.611	39.870
410.989	157.146	21.166	41.650
409.000	157.020	20.492	42.028
407.765	155.422	20.717	45.247
406.286	155.423	19.673	44.810
405.863	154.088	20.237	44.825
404.839	154.012	20.538	44.751
403.461	154.910	20.896	43.730
403.195	155.193	20.687	43.719
402.495	155.395	20.768	44.470
401.627	156.232	20.158	43.303
401.292	155.144	19.937	44.287
399.793	155.213	20.030	43.947
399.106	156.009	19.726	43.248
396.489	156.109	20.418	43.293
395.365	156.470	19.583	42.863
394.427	155.929	19.784	43.235
392.908	154.271	19.501	44.395
391.597	153.115	20.065	45.755
390.295	153.366	20.323	45.231
389.715	155.674	20.613	42.345
389.072	154.033	20.775	43.966
388.195	155.144	20.852	42.724
387.665	155.530	21.113	42.294
387.173	156.702	20.886	41.439
386.608	156.604	20.771	41.632
385.300	156.874	21.184	41.169
384.671	155.889	21.176	41.905
384.216	156.729	20.037	40.897
382.594	154.377	21.337	42.542
381.951	154.747	21.097	41.716
381.584	154.111	21.001	42.461
381.028	154.458	21.179	41.603
379.489	153.588	21.396	42.825
378.981	152.870	21.144	42.891
377.232	153.374	21.598	42.207
375.730	153.832	21.926	40.911
374.170	153.052	21.418	38.097
371.344	151.908	20.717	41.169
370.108	150.844	20.681	40.695
367.156	148.365	20.962	42.787
366.435	149.336	20.500	42.885
364.815	148.376	20.448	43.166
363.868	148.097	19.423	41.894
360.819	148.257	20.628	41.758
359.818	149.970	20.687	40.194
355.467	148.096	22.190	42.713
353.460	147.495	21.002	44.472
351.673	147.252	20.828	44.039
349.970	146.678	20.644	44.679
349.898	145.688	19.770	45.515
348.801	145.343	19.821	45.681
348.274	145.012	18.823	46.392
346.564	144.964	19.071	46.211
345.488	145.120	18.975	45.777
344.173	144.238	18.879	46.377
343.100	144.575	19.428	45.855
341.982	145.007	19.318	45.587
341.097	144.946	19.149	45.535
339.450	144.994	19.304	45.139
337.935	144.227	19.783	45.910
335.701	143.088	20.481	46.510
334.878	143.218	20.310	45.958
333.159	142.373	19.608	46.334
331.493	141.849	20.035	47.011
329.828	141.766	20.624	46.472
327.486	142.691	21.411	44.870
326.023	143.067	21.504	44.764
324.498	142.961	21.790	44.082
323.669	142.506	20.582	44.884
321.275	141.251	20.533	45.748
319.396	140.340	19.449	46.079
318.696	140.317	18.922	45.775
317.550	139.663	19.409	46.280
316.414	139.518	19.801	46.524
315.019	139.553	20.574	46.095
313.630	139.011	21.232	46.483
313.228	139.123	21.007	45.706
312.145	139.553	20.978	45.197
311.180	139.913	20.980	44.670
309.729	138.927	20.690	44.323
308.909	139.088	20.287	44.024
307.022	138.889	19.764	44.110
305.610	138.081	19.974	44.530
303.699	137.291	20.418	45.252
302.493	137.319	21.053	45.037
301.035	136.899	20.889	45.349
299.375	136.851	21.255	44.466
298.322	136.413	21.902	44.895
296.299	136.414	22.754	45.632
296.301	136.326	22.689	44.884
295.079	136.123	22.616	47.078
293.472	136.187	23.142	49.314
291.146	136.144	22.474	48.440
289.703	135.892	20.454	48.947
287.354	137.075	22.529	50.266
276.349	135.194	24.245	40.895
276.271	135.447	22.658	40.088
275.730	134.985	22.813	40.256
274.554	134.413	24.031	40.670
274.748	134.288	24.140	40.840
274.502	134.293	24.036	40.783
273.628	133.775	23.859	41.463
273.502	133.351	23.459	41.668
272.871	133.351	22.309	41.129
273.131	133.277	20.598	41.685
272.992	132.404	19.707	42.427
271.786	131.575	19.613	42.796
270.794	129.969	19.701	43.524
270.292	130.830	19.778	43.058
269.676	131.507	19.645	42.645
269.184	131.286	19.552	42.456
268.644	130.824	19.343	42.832
268.256	130.424	19.239	43.377
267.233	131.040	19.652	42.580
265.986	131.081	19.814	41.569
264.407	131.659	20.439	40.550
262.291	131.592	20.507	40.102
259.769	131.134	21.927	39.691
257.443	130.449	20.348	39.854
255.967	129.957	19.724	40.264
253.814	129.777	19.618	39.727
252.017	129.222	19.313	39.887
251.467	129.109	18.704	40.094
249.890	128.529	19.202	40.709
248.245	128.095	19.701	40.038
247.132	128.104	19.266	40.326
246.877	127.438	18.607	40.417
245.882	127.891	18.567	40.721
243.506	128.277	19.150	39.909
242.670	127.959	18.784	39.117
240.875	126.837	18.081	40.674
239.677	125.886	17.729	39.648
238.810	125.536	17.697	39.888
236.817	125.050	19.063	40.502
235.526	125.321	19.069	39.382
234.597	125.449	18.928	38.871
233.224	125.951	18.956	38.670
233.018	125.688	18.562	39.299
230.848	126.364	18.510	38.936
229.366	126.502	19.668	38.795
227.457	126.220	20.227	38.830
225.729	125.891	19.931	38.658
221.625	125.676	20.640	38.717
218.129	123.478	18.604	38.506
215.880	122.092	20.555	39.502
214.501	121.091	19.878	41.066
212.919	120.982	19.908	39.732
210.163	120.480	21.135	40.315
208.348	120.821	21.615	39.350
206.469	120.624	21.894	38.700
203.064	120.680	19.960	39.220
201.845	120.838	18.209	38.712
200.121	120.231	19.650	38.644
198.077	119.466	19.891	39.048
195.865	117.989	20.499	40.335
193.326	116.415	20.681	40.998
191.280	116.161	20.523	40.980
189.572	115.467	19.465	42.539
187.731	115.948	20.253	41.555
185.688	116.413	20.386	40.046
183.841	117.008	19.535	39.285
179.249	117.132	20.605	38.490
178.364	116.090	20.450	39.410
174.802	114.807	21.827	39.970
172.530	114.271	20.687	40.243
167.698	112.018	22.287	41.784
165.284	111.687	23.093	42.003
158.035	112.524	20.447	39.632
150.108	110.621	22.419	39.838
148.687	109.532	23.046	39.749
145.805	109.208	23.455	39.622
144.087	108.273	23.042	40.396
143.046	108.689	22.539	39.741
138.398	108.377	23.318	39.516
135.221	108.359	22.648	39.856
131.171	107.619	23.070	39.762
129.100	107.438	23.335	38.937
124.842	106.181	23.586	39.739
122.928	106.009	23.519	39.354
121.149	105.589	23.048	39.070
120.258	104.081	21.409	40.022
118.328	104.038	21.045	38.672
116.628	103.616	21.403	39.013
115.426	103.786	20.414	38.487
114.157	103.952	20.724	38.386
108.327	104.119	22.455	36.401
106.115	103.707	22.473	36.610
104.202	102.860	21.861	37.534
102.767	102.924	21.901	36.635
99.041	101.978	22.522	37.016
99.714	102.144	21.908	35.970
96.653	101.262	21.828	36.393
95.770	101.296	21.693	35.939
94.604	100.935	21.311	36.062
93.952	100.641	21.289	36.003
93.162	100.980	20.551	36.058
90.963	101.145	21.211	35.136
89.319	100.969	20.576	34.943
86.728	100.619	20.489	35.283
86.517	99.987	19.120	35.096
83.701	99.941	19.658	34.958
82.471	99.060	18.957	34.941
81.277	98.564	19.679	35.467
80.099	98.409	19.189	34.742
79.839	98.875	19.248	33.326
79.275	98.597	19.466	33.711
78.781	99.114	18.899	33.066
77.424	99.354	19.374	32.780
76.970	99.649	19.362	32.235
75.889	99.865	19.694	31.697
75.304	99.835	20.025	31.770
73.379	99.732	20.890	32.326
71.892	99.370	21.307	32.582
71.054	98.926	21.523	32.641
69.674	98.019	21.794	33.375
68.141	97.977	22.797	32.997
67.776	98.083	22.669	32.716
67.277	97.736	23.329	33.172
67.621	97.855	22.783	33.508
66.805	98.000	23.765	33.748
66.925	97.682	23.651	33.802
67.984	97.825	23.251	33.789
68.251	98.691	23.605	33.135
68.779	99.046	23.311	33.036
69.716	99.450	23.596	33.427
71.627	99.754	23.248	33.964
72.738	99.315	23.538	34.171
73.903	99.624	23.623	34.530
79.038	101.727	24.490	33.343
80.470	100.435	23.834	35.196
83.095	102.513	23.928	33.881
84.430	102.064	23.652	33.826
85.481	102.493	23.077	33.179
86.737	102.309	23.818	33.710
88.519	102.245	22.569	33.972
89.931	102.309	22.371	34.209
90.712	102.286	22.207	34.349
92.582	102.690	21.508	34.285
94.659	102.918	21.314	34.691
96.344	104.156	22.606	33.791
97.436	104.218	23.027	34.216
100.085	103.948	22.679	35.444
102.518	104.624	23.202	35.097
104.504	104.794	23.003	34.840
106.449	104.392	21.389	35.331
108.160	104.192	21.209	35.578
110.011	104.410	20.623	35.599
121.729	107.183	19.768	35.804
121.583	106.532	21.448	35.993
123.828	106.924	21.170	36.564
126.498	106.867	20.566	36.562
128.424	107.351	20.179	36.593
130.057	107.572	20.322	36.797
133.561	108.241	20.244	36.652
136.829	109.292	20.431	35.600
140.119	109.636	20.670	36.432
142.165	110.014	20.465	36.409
144.854	110.025	20.316	37.071
146.707	110.247	20.236	36.944
148.735	110.625	20.130	37.365
150.506	110.991	20.364	37.342
152.699	112.004	20.218	36.683
155.673	111.911	20.818	37.952
158.474	112.057	19.836	38.056
161.312	112.016	20.520	38.191
163.805	111.900	20.818	39.488
168.952	112.944	24.907	39.194
172.241	113.484	22.376	39.491
175.395	114.571	22.323	38.827
179.390	114.779	22.137	39.450
183.669	114.453	22.136	40.280
190.100	115.347	21.853	40.121
195.753	115.800	22.584	40.378
203.155	118.174	24.879	38.861
208.356	119.390	24.030	39.231
214.588	120.038	21.693	38.298
224.476	120.548	21.658	38.890
231.152	122.328	22.570	39.263
233.819	123.671	23.475	39.265
241.907	124.533	22.442	40.628
251.784	124.816	21.787	43.873
258.761	126.286	23.048	44.074
266.457	129.059	21.066	43.152
275.119	129.635	20.879	43.947
282.815	130.233	22.102	45.059
286.968	131.154	23.783	45.369
300.241	134.789	22.506	45.570
309.137	136.306	22.367	45.639
324.221	139.319	21.097	46.178
329.279	141.165	22.041	45.482
338.111	143.041	22.048	44.796
342.837	142.854	21.794	47.118
352.170	144.438	22.008	44.701
362.043	148.098	22.323	38.548
372.581	149.753	21.138	39.665
377.838	152.726	22.855	40.010
386.724	154.944	21.958	41.325
401.437	154.371	21.476	42.235
410.184	157.439	22.142	40.937
421.330	158.638	20.926	40.152
424.516	160.220	21.484	38.913
438.181	165.385	22.409	35.175
448.384	166.381	19.639	36.661
457.311	168.807	20.275	37.749
465.408	168.088	22.362	39.925
476.825	170.191	21.661	40.061
489.745	171.318	21.376	40.721
497.403	172.107	21.152	40.773
505.634	177.181	21.265	35.973
512.382	177.845	21.657	35.326
520.710	176.934	21.253	35.019
524.638	178.955	19.963	35.357
531.113	179.460	20.989	34.655
537.935	182.209	20.779	38.366
542.927	180.426	19.115	39.448
549.988	180.932	22.084	40.312
553.464	182.017	23.445	38.737
556.301	181.211	23.259	40.469
555.885	181.852	24.330	41.630
561.472	183.197	26.050	43.764
565.662	187.086	25.020	43.114
568.012	186.837	24.690	42.830
570.384	187.257	23.454	48.779
572.290	188.601	24.496	45.288
574.634	187.387	23.314	44.212
575.184	190.238	20.928	42.056
574.986	189.254	22.340	41.762
573.385	188.901	25.277	42.140
569.415	188.537	29.014	43.193
568.270	187.396	25.589	43.276
570.027	192.035	26.366	43.503
569.083	192.589	24.084	42.986
573.343	191.937	25.324	46.742
571.346	190.563	24.378	43.615
564.398	188.487	27.672	46.867
569.455	191.337	26.843	48.031
563.559	186.382	28.307	50.820
562.292	185.491	32.505	54.517
552.950	185.718	28.180	51.810
554.087	185.213	24.524	49.668
544.502	182.706	25.748	45.983
543.751	184.710	23.844	46.687
540.726	185.440	22.064	44.545
536.382	187.576	21.152	42.281
531.220	187.920	26.598	45.020
531.855	191.460	24.989	47.773
519.810	186.182	22.875	50.216
513.377	185.939	23.016	50.321
506.965	185.039	22.497	51.357
501.362	187.487	26.798	50.361
497.919	185.076	22.399	52.930
496.526	187.328	25.756	51.696
491.300	186.953	31.237	55.375
487.199	185.349	29.709	59.120
483.671	186.934	29.471	59.416
479.485	186.780	26.851	56.176
476.209	185.896	29.097	57.922
470.782	184.214	26.196	52.552
469.990	185.273	32.956	51.545
466.656	184.550	29.520	52.079
466.622	185.835	31.224	50.425
460.619	186.159	27.765	48.528
458.782	187.857	25.786	47.223
457.608	188.443	22.518	45.473
457.673	189.374	21.336	43.478
457.021	188.057	21.055	43.363
456.592	188.083	21.226	43.319
456.551	187.724	21.724	43.302
457.553	187.751	20.810	43.724
457.407	188.302	21.632	43.589
456.286	188.084	23.155	43.386
456.878	188.205	22.049	43.714
457.341	187.979	21.893	45.206
457.112	188.147	22.161	44.235
457.095	188.037	21.763	43.895
457.006	188.160	21.966	43.983
457.545	187.629	21.611	44.350
457.474	188.468	21.768	45.004
457.333	186.683	22.064	46.172
457.129	187.760	21.453	44.785
457.590	187.897	21.560	44.054
456.826	187.888	22.676	44.254
457.290	187.957	21.663	45.004
458.034	187.331	21.533	45.010
456.878	188.040	21.959	45.111
457.326	188.285	22.214	44.339
456.761	187.395	19.706	38.040
444.951	175.245	35.856	38.328
436.399	177.910	37.340	40.840
392.430	184.595	22.980	43.039
398.003	186.621	20.691	40.172
399.448	187.225	19.086	39.900
400.098	187.114	17.784	37.139
399.166	187.748	16.815	32.165
398.752	187.285	15.848	31.103
387.555	184.711	18.841	33.040
388.273	183.780	21.313	37.029
384.962	181.856	21.582	37.384
385.131	180.704	21.952	39.270
383.212	180.191	22.679	39.774
381.790	180.842	21.238	40.469
381.371	181.828	22.849	38.835
379.904	182.037	22.064	36.161
378.132	181.289	18.834	35.322
377.085	180.986	18.557	35.074
375.869	179.603	18.502	34.952
376.235	180.594	20.787	34.597
372.834	175.741	18.188	36.431
372.438	177.085	20.818	35.436
370.288	177.159	19.803	37.700
373.413	178.497	25.952	40.525
377.074	178.527	27.118	38.587
365.324	173.611	23.835	38.913
364.042	172.639	22.093	36.397
358.613	172.815	22.319	35.817
358.170	172.521	20.985	36.131
357.588	172.778	19.151	33.650
357.814	172.947	17.934	34.378
356.305	174.645	17.267	34.139
353.946	174.930	17.512	33.656
352.462	174.286	19.591	34.151
351.317	171.099	19.469	37.275
350.174	171.159	20.055	34.931
348.112	170.020	21.880	37.342
346.406	168.925	24.201	40.853
344.942	169.157	24.394	39.575
344.422	168.510	24.498	39.384
340.756	169.075	27.526	39.502
337.955	167.696	28.539	39.401
336.329	166.829	27.158	39.956
335.844	165.052	26.812	41.430
333.849	163.899	28.814	44.487
334.693	163.905	28.122	43.327
332.656	164.460	28.577	42.293
331.342	164.948	28.320	41.433
328.681	164.754	27.989	42.801
328.243	164.801	26.650	45.035
328.102	164.166	24.335	42.405
326.877	163.570	23.968	39.496
326.366	160.804	23.234	37.305
324.906	158.919	24.305	37.614
323.575	158.365	25.361	37.712
321.947	157.947	25.560	35.652
318.990	158.115	26.918	38.159
319.278	158.094	25.941	36.761
316.528	158.779	26.171	38.720
316.885	158.929	26.258	37.495
312.697	158.832	28.120	35.553
310.838	154.961	28.280	38.977
309.825	153.576	28.797	40.503
309.282	153.621	29.467	39.561
308.914	153.365	29.405	37.968
306.590	154.869	29.133	39.349
306.879	155.835	27.987	41.009
306.826	155.849	27.510	43.274
306.433	155.525	27.192	44.607
305.913	154.731	26.744	44.040
305.872	154.462	26.863	41.864
307.255	155.168	25.533	42.495
305.100	155.629	27.173	41.624
304.626	154.708	27.042	44.917
303.547	156.365	26.054	43.206
301.074	156.384	28.340	42.694
299.130	154.996	27.180	44.781
299.477	152.194	25.312	44.620
297.394	151.219	26.781	44.830
296.109	149.241	28.092	45.374
294.628	148.951	29.796	45.730
293.486	149.352	29.657	48.356
294.088	151.266	28.395	49.210
293.113	151.520	28.342	48.371
293.455	150.644	27.277	48.925
293.759	150.776	26.892	49.186
292.684	150.449	27.128	48.546
293.215	150.576	26.568	47.512
292.281	150.603	26.744	47.638
289.017	151.273	28.050	45.844
288.277	151.669	28.306	47.294
286.896	151.688	28.215	49.376
285.688	152.097	28.082	45.655
282.896	152.926	28.696	45.495
281.642	152.801	28.095	44.046
279.252	152.811	28.624	45.533
276.741	152.975	29.026	42.371
273.823	151.999	23.561	42.492
272.061	150.866	23.697	41.581
270.612	152.320	26.070	40.150
269.822	152.587	28.465	40.675
268.986	152.188	27.457	40.119
268.482	153.674	27.260	40.055
268.106	153.518	26.050	40.707
267.892	153.389	25.710	39.782
265.582	152.580	24.869	40.608
265.199	151.982	23.006	42.328
264.419	151.347	23.596	41.405
263.296	151.286	22.797	42.744
261.356	151.765	23.094	41.306
251.769	153.354	24.060	43.323
247.735	154.243	25.331	42.713
241.678	155.000	25.569	41.978
233.498	153.208	25.464	42.895
230.137	151.433	25.354	43.777
227.007	151.413	20.556	45.124
224.929	150.110	21.834	41.168
223.536	151.444	21.645	42.773
218.597	153.574	23.893	38.294
213.187	154.099	22.036	37.942
211.322	152.367	18.844	36.949
205.839	149.653	21.107	37.302
203.389	149.877	22.213	35.637
198.295	149.000	20.685	36.615
195.764	147.064	21.115	38.465
193.502	146.863	22.544	39.998
189.569	146.827	21.314	39.130
186.080	146.328	21.536	39.835
184.533	147.586	22.125	37.545
183.502	146.481	21.003	37.160
179.837	144.057	23.375	38.320
178.373	143.244	24.259	39.966
176.260	141.720	24.481	39.313
175.422	141.122	25.728	39.893
171.466	139.246	26.740	40.235
168.565	137.930	24.841	40.780
166.172	138.221	25.009	40.829
162.677	136.838	24.896	42.354
162.012	135.835	25.543	42.964
159.558	133.947	24.736	44.627
157.995	133.055	24.803	44.682
157.828	132.996	25.126	43.246
155.560	132.156	24.238	43.396
154.241	131.636	23.994	43.827
153.211	131.430	24.695	43.142
151.339	131.241	23.871	43.000
148.757	131.176	24.910	43.013
146.600	130.187	25.044	43.567
144.609	129.010	23.733	43.196
143.029	127.399	23.986	43.806
142.429	126.271	23.704	44.894
139.536	126.041	24.645	44.553
139.260	125.848	23.884	44.740
137.576	126.013	25.257	44.401
135.169	126.239	26.822	44.084
133.335	126.378	27.356	43.173
131.809	126.450	26.579	42.769
131.289	125.653	25.067	43.468
129.524	124.668	24.943	43.416
128.041	122.960	25.052	44.251
127.987	122.104	24.307	44.533
127.215	121.580	23.753	45.087
127.171	121.354	23.010	45.538
125.981	120.724	23.760	46.040
124.488	120.804	25.349	45.904
123.869	120.730	25.779	45.965
122.207	120.687	26.759	45.777
121.172	120.077	26.718	46.026
118.654	119.651	28.035	45.632
117.236	118.985	28.235	46.236
116.412	118.213	28.747	47.348
114.274	116.836	29.315	48.355
112.546	115.766	29.894	49.436
111.541	114.124	30.411	50.168
111.277	114.140	29.879	50.598
110.750	113.314	30.029	50.997
110.330	113.401	30.221	50.267
110.240	111.861	30.345	51.308
110.424	112.160	29.592	50.871
110.884	112.178	28.683	51.095
111.286	112.348	28.016	51.434
111.450	111.959	27.216	51.750
111.679	111.587	26.603	51.019
111.785	111.645	26.015	50.469
111.893	111.728	25.528	50.961
111.416	111.467	25.783	50.606
111.137	111.530	25.902	50.422
111.043	111.987	25.797	49.610
110.848	111.890	25.915	49.426
110.919	111.755	25.559	49.146
110.930	111.603	25.378	49.049
110.818	111.819	25.049	48.147
111.077	111.754	24.596	47.724
111.419	111.656	23.829	48.144
111.476	111.309	23.574	47.764
111.614	111.148	23.012	47.114
111.446	111.090	22.568	47.150
111.196	111.820	22.552	45.952
110.674	111.788	22.702	46.426
109.350	112.065	24.148	45.784
108.897	111.863	24.717	46.033
107.792	111.378	25.917	47.068
108.018	110.876	25.527	47.739
108.521	111.168	24.728	47.389
108.465	110.804	24.833	47.655
107.320	111.398	26.686	47.325
106.841	112.236	26.733	45.978
106.354	112.263	27.343	46.451
106.115	111.626	28.166	47.357
105.948	110.851	29.122	48.769
106.021	111.005	28.826	48.581
104.960	111.038	27.258	47.719
104.455	110.555	26.329	47.908
104.214	110.468	27.074	47.323
103.590	110.640	27.230	47.310
103.365	110.662	28.079	47.585
103.702	110.732	28.810	47.553
103.536	110.831	28.863	47.782
103.676	110.994	28.251	47.980
103.890	111.040	28.763	48.298
104.343	111.200	28.798	47.620
104.231	111.063	29.135	48.225
104.888	109.957	29.475	49.179
105.142	109.708	29.850	50.075
105.952	110.278	29.982	49.269
106.315	109.844	30.057	49.310
106.621	109.903	30.259	49.265
107.544	110.044	29.279	49.225
107.656	109.324	29.218	50.222
107.733	109.833	28.904	49.744
107.673	109.612	29.353	49.601
107.693	109.762	29.005	50.125
107.327	110.067	29.556	49.646
107.016	110.137	29.494	49.715
106.736	110.296	29.553	49.443
106.137	109.636	28.854	49.710
104.864	109.106	29.635	50.668
104.396	107.942	30.007	51.081
103.945	108.620	29.883	50.013
103.955	108.784	29.873	49.474
103.766	108.785	29.865	49.654
103.818	108.667	29.992	49.823
104.228	109.254	29.800	48.936
104.393	109.605	29.228	48.609
105.090	109.566	28.529	49.121
105.465	109.146	29.333	50.314
105.835	109.695	29.193	49.281
106.748	108.480	28.955	50.899
107.101	108.556	28.841	50.746
107.802	108.363	29.148	50.784
108.580	108.701	28.463	50.637
108.237	108.396	28.825	50.335
108.606	108.697	28.913	50.521
108.779	108.629	28.959	51.129
108.737	108.849	28.781	50.459
107.789	107.580	28.908	52.185
107.330	108.115	29.164	51.715
107.349	107.376	29.130	53.245
106.883	107.452	29.301	52.478
106.561	106.958	29.530	53.369
106.380	107.418	29.627	52.115
106.407	107.534	29.663	52.078
106.411	108.294	29.386	52.108
106.341	108.653	29.388	51.660
107.222	108.799	28.804	51.851
107.214	108.326	29.146	52.345
107.652	107.687	28.856	52.839
107.686	107.815	29.490	52.117
108.206	108.019	29.638	52.202
108.970	107.124	29.416	53.302
109.212	107.277	29.157	53.321
108.970	107.702	29.903	52.193
109.305	108.024	29.406	52.946
109.160	108.112	29.226	52.769
108.892	107.887	29.188	53.012
108.509	107.282	29.008	53.563
108.020	106.897	28.355	53.499
107.576	107.454	28.389	53.348
107.254	106.716	28.581	54.388
106.715	106.477	29.234	54.906
106.549	106.881	29.108	53.533
106.502	106.628	28.834	53.820
106.529	106.608	28.700	53.831
107.045	107.173	28.385	53.444
107.230	107.381	28.279	53.572
107.951	107.050	28.208	53.978
108.181	107.106	28.429	54.456
109.405	106.703	28.076	54.731
109.565	106.421	29.329	55.039
110.457	106.084	28.838	55.310
110.807	106.144	28.592	55.416
110.869	105.973	29.040	55.740
110.633	105.737	29.507	55.734
110.922	106.085	29.373	54.763
110.888	105.975	29.510	55.040
110.785	106.032	29.476	54.829
110.705	106.069	29.563	55.727
110.504	106.047	29.584	55.582
110.425	105.554	29.106	56.339
110.118	105.342	29.325	56.103
109.922	104.678	29.339	56.377
109.535	104.697	29.676	56.438
109.249	104.365	29.644	57.300
109.050	103.873	29.714	57.350
109.295	104.154	29.180	56.678
109.704	105.145	29.344	55.823
110.185	104.852	28.995	56.664
110.440	104.600	28.925	56.878
110.757	104.121	28.135	57.182
110.677	104.001	29.921	57.202
110.850	103.684	29.709	58.063
111.056	103.639	29.878	57.482
110.985	103.485	29.674	56.896
111.149	103.893	28.870	57.594
110.889	104.091	29.059	57.510
109.800	104.191	29.669	57.352
110.009	103.974	29.107	57.345
109.601	103.699	28.648	58.554
109.156	102.606	28.831	59.609
109.175	103.138	29.072	59.134
109.866	103.830	28.522	58.334
110.582	103.652	28.297	58.780
111.357	103.732	28.073	58.401
112.535	103.212	28.181	59.460
113.298	101.724	28.863	60.417
113.527	102.279	28.710	60.012
113.311	102.555	28.722	60.198
112.967	102.387	29.066	60.553
112.453	102.515	28.352	60.488
112.485	102.416	28.075	60.388
112.101	102.150	28.247	60.679
111.450	101.276	28.665	61.615
111.772	101.918	28.559	61.785
111.784	102.475	28.472	61.104
112.540	102.214	28.033	61.084
113.158	101.963	28.114	61.018
113.365	102.138	28.116	61.608
113.997	102.270	28.345	62.388
114.074	101.911	28.697	61.992
114.355	101.295	28.311	62.193
114.496	101.170	28.587	62.644
114.711	100.650	28.534	62.993
114.426	101.336	28.801	62.753
114.326	101.574	29.313	62.369
113.779	101.123	29.239	62.828
112.966	101.582	29.907	62.315
112.657	101.582	29.990	62.293
112.074	100.712	30.476	63.098
111.925	100.634	29.962	62.637
111.686	100.392	30.085	63.435
111.771	100.697	30.532	63.187
111.785	100.317	30.399	64.030
111.658	100.382	30.394	63.713
112.242	100.376	30.273	63.772
113.243	101.305	29.485	63.399
113.846	100.360	29.873	63.990
113.888	99.845	30.775	64.369
114.199	99.473	31.101	65.240
115.890	99.452	29.882	64.678
116.117	99.382	30.242	64.906
117.474	98.674	29.243	65.168
118.684	99.174	27.587	65.522
118.742	99.181	27.727	64.472
119.616	99.390	26.635	64.403
121.083	98.390	24.882	64.710
121.312	98.317	25.068	65.019
121.769	98.437	24.013	64.613
121.654	97.768	23.372	65.787
121.436	97.167	22.559	66.223
121.211	97.565	22.784	65.462
120.576	97.161	23.975	66.773
119.423	97.890	25.080	65.580
118.241	98.388	26.691	63.361
117.740	98.035	26.757	63.667
116.460	98.600	28.163	65.233
115.383	99.221	29.575	63.561
115.193	99.434	30.191	63.116
115.279	99.325	31.212	63.224
115.273	99.128	30.824	63.590
114.903	99.294	31.009	63.927
114.693	99.423	31.708	63.866
114.829	99.520	30.876	63.822
114.500	99.731	31.595	63.443
115.025	99.417	31.238	64.242
115.853	100.392	31.368	63.446
116.375	99.997	31.606	63.815
116.829	99.549	31.396	64.259
117.523	99.746	31.042	63.675
118.202	99.468	30.882	64.776
118.074	99.549	31.152	64.064
118.442	99.152	30.729	64.477
118.369	99.505	31.187	63.738
118.984	99.671	30.516	63.766
119.014	99.424	30.507	63.721
118.791	100.336	30.919	63.490
118.753	100.556	30.534	62.947
118.112	100.291	30.613	63.422
118.051	99.675	30.815	64.450
117.850	99.821	31.020	64.288
117.700	99.710	30.743	64.073
116.905	99.354	30.746	64.607
116.847	100.052	30.969	63.886
117.524	101.413	30.522	61.900
117.373	101.806	30.614	61.526
117.613	101.595	30.155	61.852
117.960	101.659	30.242	61.731
118.388	101.468	29.955	62.791
118.407	101.628	30.211	62.054
118.702	101.339	30.296	62.194
118.594	101.211	30.732	62.207
118.613	101.414	30.986	62.633
118.669	101.915	30.952	62.475
118.957	101.764	30.747	63.076
118.743	102.043	30.771	62.552
118.053	101.742	31.276	62.634
117.898	102.128	31.140	62.321
117.358	101.347	29.085	62.656
117.564	101.732	29.464	60.970
117.022	101.742	31.035	58.724
116.983	101.258	30.905	59.992
116.814	101.821	30.598	58.121
117.415	101.528	29.410	58.616
115.991	102.335	31.013	57.725
115.768	102.108	30.963	59.112
115.488	102.382	31.035	58.092
115.599	102.959	30.558	57.303
115.248	103.414	30.773	57.000
115.344	103.118	30.992	58.159
115.657	102.618	30.671	58.025
115.707	102.244	30.468	58.845
115.798	102.802	29.872	58.558
115.648	102.649	30.374	60.048
115.131	103.342	30.340	59.071
114.615	103.927	30.587	60.755
113.405	104.221	31.145	60.185
112.684	103.336	30.679	60.183
112.216	103.439	30.683	59.360
111.839	102.806	30.684	59.199
111.788	103.122	30.152	59.069
111.265	103.206	29.821	58.382
111.041	102.707	29.719	58.422
110.837	104.732	30.002	56.901
110.660	106.371	29.633	55.038
110.877	105.287	29.338	55.952
111.014	105.726	29.375	55.641
111.388	105.168	29.581	56.698
111.741	104.679	29.168	56.698
111.006	103.810	30.460	57.115
111.510	104.482	29.998	56.591
111.426	104.092	29.927	56.369
111.706	104.840	29.822	56.171
111.426	104.871	30.318	55.871
111.390	105.642	30.407	56.176
111.461	105.622	30.085	55.295
111.231	106.457	29.847	54.857
110.250	105.386	30.344	56.137
109.963	105.478	30.285	55.663
109.766	104.480	29.880	56.193
109.355	105.346	30.173	54.639
109.071	105.064	30.092	55.097
108.567	105.178	30.028	55.319
108.415	105.952	29.639	54.493
108.340	106.883	29.500	53.263
108.468	107.162	29.459	52.719
108.750	107.388	28.882	52.774
108.652	107.381	29.351	52.946
108.610	106.974	29.470	53.491
108.890	106.189	29.487	54.019
109.379	106.989	29.504	53.389
108.984	106.534	30.572	53.219
109.634	107.201	29.936	52.641
109.249	107.029	30.052	53.310
109.644	107.697	30.098	52.010
109.264	107.655	29.647	52.911
108.674	107.945	29.362	51.539
108.156	106.900	29.095	52.764
107.029	106.707	30.167	52.744
107.091	107.228	30.199	52.420
106.533	106.534	29.718	52.809
106.423	107.105	29.650	51.945
106.165	107.469	30.753	51.908
105.961	107.711	30.341	51.775
106.073	107.804	30.263	51.103
106.504	109.143	29.500	50.401
108.824	108.116	31.240	51.866
109.152	108.394	30.275	51.697
108.558	108.655	30.420	51.861
108.544	109.334	29.687	51.529
108.347	108.971	29.396	51.361
108.005	109.293	29.849	51.615
106.740	109.082	30.224	51.948
106.375	108.479	30.552	52.061
106.284	108.926	30.714	50.534
105.715	108.358	30.817	50.466
105.614	108.429	30.998	50.412
104.993	108.429	31.059	50.051
104.804	108.763	30.912	49.445
104.997	109.254	29.825	48.370
104.805	109.880	30.421	48.195
104.905	110.206	30.417	47.925
105.250	110.412	30.154	48.067
105.609	110.192	30.181	48.875
106.737	109.544	30.151	49.955
106.759	109.143	30.349	49.766
107.297	109.878	30.834	49.158
107.670	110.028	30.316	49.954
107.688	110.543	30.704	49.830
107.653	110.861	30.858	49.976
107.766	111.326	31.314	50.024
107.944	112.732	31.305	48.936
108.021	112.522	30.548	49.506
107.997	111.706	30.793	49.970
109.230	110.849	29.902	50.618
109.568	111.309	30.026	50.453
109.873	111.793	29.805	50.092
110.960	111.680	28.796	51.005
111.984	112.530	28.417	50.520
113.023	112.460	27.763	50.547
115.021	113.042	26.186	50.477
117.195	114.010	25.008	49.489
129.755	118.583	23.551	50.041
136.504	118.120	22.881	50.406
137.600	118.569	22.715	50.352
141.330	123.448	22.162	46.009
142.939	125.591	22.224	45.149
145.890	128.147	23.334	44.478
149.769	129.314	24.261	43.183
153.167	129.625	22.714	44.487
155.010	130.004	23.055	44.226
159.499	131.498	22.520	45.589
163.811	131.234	22.405	46.763
165.561	130.682	21.922	47.767
169.287	130.320	21.223	48.773
170.884	130.562	21.630	48.805
176.225	135.615	23.007	45.340
183.817	143.030	20.046	40.737
189.142	145.965	20.574	39.015
191.812	144.090	20.385	41.132
196.158	143.683	22.160	43.018
203.170	146.604	21.615	39.727
213.273	150.051	19.965	38.831
215.951	149.193	20.258	37.697
219.558	149.449	20.207	37.574
223.683	149.361	20.732	36.996
227.364	148.488	20.342	42.094
230.337	148.618	20.319	45.366
233.681	148.919	20.606	46.079
239.364	148.897	20.206	47.972
242.633	149.632	20.385	47.365
244.532	150.343	21.383	47.005
246.034	150.754	21.438	46.481
248.844	150.600	21.135	46.404
251.139	149.176	22.802	47.553
252.919	149.408	22.960	47.235
254.399	148.745	24.827	46.350
255.933	148.152	26.832	45.947
257.103	148.500	26.115	46.084
258.562	149.096	25.588	45.528
260.888	148.746	25.564	45.366
263.541	148.699	24.376	45.263
265.096	148.695	24.553	45.201
266.766	148.674	25.001	44.166
268.601	149.141	23.865	44.708
269.770	148.604	23.568	44.996
271.177	148.405	23.337	45.256
271.882	148.784	23.961	44.769
272.533	149.055	24.005	44.716
273.970	149.406	24.288	44.806
275.552	149.417	24.243	44.629
275.788	149.321	25.447	45.109
276.808	149.483	26.565	44.714
277.402	149.505	27.803	44.242
278.601	148.529	29.709	46.250
278.384	148.835	30.524	46.080
279.746	147.811	31.054	46.342
280.769	148.203	30.613	45.981
282.527	147.697	29.769	46.856
283.153	147.539	29.425	47.932
284.073	147.728	28.479	47.640
283.331	146.730	27.709	49.536
283.547	147.338	28.196	48.325
283.032	145.930	27.759	49.849
282.415	146.028	29.095	50.172
281.662	145.807	29.469	50.093
281.189	146.272	29.781	49.015
281.728	146.277	28.951	49.220
281.620	146.674	29.220	48.587
281.837	146.775	29.168	48.018
282.579	145.169	29.478	49.593
283.220	145.041	28.593	50.100
282.697	145.064	28.910	50.319
281.736	145.287	28.885	49.282
280.847	145.971	28.805	48.804
280.131	145.659	28.880	49.147
277.855	144.770	28.784	49.938
276.751	145.111	28.893	49.135
275.531	144.225	28.895	51.538
274.987	143.920	28.639	51.455
274.002	143.897	29.201	51.326
273.525	144.419	29.070	51.048
273.474	143.999	28.648	50.807
272.861	145.133	28.501	49.843
272.604	145.184	28.521	48.610
272.579	144.875	28.462	48.640
272.496	145.122	28.762	48.586
272.560	144.633	28.645	48.731
271.816	144.075	29.260	49.685
272.100	142.961	28.830	50.203
271.729	143.386	28.903	49.763
271.827	143.654	28.118	49.353
271.630	142.931	28.122	50.607
271.069	143.302	27.448	50.859
269.535	143.604	28.485	50.292
267.565	143.803	28.831	49.361
265.185	142.090	28.912	52.476
263.713	141.762	29.016	51.701
263.186	141.871	29.533	52.101
261.470	142.117	30.129	51.818
260.340	141.673	31.013	51.910
259.922	141.936	30.140	51.615
259.948	142.093	29.918	51.421
259.754	142.525	29.731	51.252
259.793	142.530	29.523	52.073
260.138	141.862	28.900	52.681
258.964	141.148	29.117	53.217
258.484	141.162	29.766	53.138
258.411	141.477	29.403	52.775
258.320	141.534	29.158	52.114
257.966	141.555	28.737	52.096
257.501	140.561	28.689	54.412
256.743	140.514	28.682	53.926
255.653	139.616	28.851	53.518
255.391	139.586	28.506	53.936
254.996	139.332	28.982	53.585
254.610	139.502	29.200	54.324
254.372	139.514	29.422	54.092
254.661	139.792	29.012	53.482
254.898	139.737	28.890	54.403
255.146	139.792	29.197	54.740
256.216	139.827	28.492	53.887
256.384	139.129	29.124	55.258
256.841	138.648	29.041	55.096
257.059	138.413	29.029	55.386
257.210	138.374	29.171	55.504
257.319	138.503	29.184	55.547
257.198	138.374	29.169	55.909
257.175	138.423	29.541	55.342
257.250	139.094	28.679	56.176
257.145	138.747	28.454	55.922
256.923	138.881	27.868	56.418
255.906	138.140	28.375	56.772
254.566	137.441	28.259	57.430
253.952	136.879	28.806	58.452
252.380	137.524	29.916	57.537
252.044	136.569	30.246	59.046
251.756	136.889	29.516	57.860
251.535	137.592	30.185	57.771
251.293	138.166	28.618	56.926
250.946	137.522	29.356	57.408
249.452	137.377	28.323	57.472
248.943	137.547	28.175	57.029
246.575	136.222	26.428	59.760
245.490	137.067	25.390	59.393
243.792	138.084	25.835	58.408
243.322	137.694	24.915	58.234
240.616	138.029	24.629	57.651
238.341	137.861	24.335	56.335
236.331	137.390	24.984	56.966
233.985	136.453	25.226	55.768
232.750	134.997	24.842	51.470
230.496	134.065	25.149	51.732
228.393	134.715	23.570	45.743
226.920	135.920	23.234	49.527
228.384	136.098	22.694	45.904
223.210	135.091	25.428	49.728
218.084	134.768	25.857	55.892
215.948	134.378	23.759	52.439
214.990	133.307	22.138	47.932
211.456	134.393	23.542	48.671
213.677	132.962	22.725	49.562
207.313	133.715	24.036	50.398
207.104	134.687	24.488	50.708
202.294	134.651	25.709	54.018
200.456	134.254	26.172	54.993
198.612	135.333	24.742	54.757
197.134	134.776	23.908	55.119
196.343	135.369	23.162	52.404
195.193	132.565	22.322	54.108
195.699	133.162	20.531	53.732
192.740	131.415	21.804	55.121
192.255	131.753	21.564	55.068
188.814	131.003	21.457	54.894
186.570	129.646	21.593	54.152
183.658	131.380	22.922	51.978
180.808	129.583	23.019	52.672
178.267	128.653	23.761	53.273
176.382	127.671	25.064	53.474
175.078	124.453	25.434	55.370
173.433	125.104	24.680	54.426
172.578	125.590	25.224	55.196
173.022	124.283	24.324	54.332
167.637	121.681	24.498	58.144
165.263	119.022	24.392	60.004
165.492	117.821	23.480	61.177
156.331	119.442	26.383	58.986
157.533	120.896	25.775	57.366
152.475	115.945	28.176	59.242
151.441	116.266	27.275	60.310
151.044	117.105	27.267	59.798
150.174	116.312	27.989	60.311
149.927	116.830	27.860	59.059
148.705	116.833	28.132	58.845
147.337	116.328	29.338	58.375
145.750	115.922	29.927	58.177
145.287	115.538	29.509	58.495
144.175	115.028	29.412	59.195
143.185	115.214	28.688	58.077
137.710	114.753	28.871	57.577
136.660	114.039	28.877	58.914
133.841	111.271	28.927	60.481
132.554	110.254	28.729	60.362
132.450	109.404	28.291	61.150
131.276	109.410	28.463	59.841
131.032	109.004	28.254	59.721
130.441	109.253	28.706	59.297
129.985	110.039	28.769	58.925
129.307	110.386	29.322	58.388
128.664	109.328	29.580	59.040
128.400	109.080	29.491	58.955
128.113	108.992	29.518	59.337
127.635	109.326	29.804	58.249
127.928	109.314	29.145	58.987
127.257	108.707	29.153	59.539
126.886	109.093	29.040	58.933
121.694	108.911	28.781	56.761
119.217	107.238	28.278	57.921
118.284	106.218	28.124	58.900
117.920	106.286	28.457	58.761
118.191	106.644	28.274	59.203
118.059	106.780	28.884	58.940
118.621	107.256	28.556	58.377
119.140	107.822	28.357	57.898
119.338	107.758	28.236	58.359
120.772	108.505	28.140	58.200
121.563	108.935	28.727	58.154
123.239	109.348	29.271	57.894
125.059	110.405	30.173	57.944
128.256	110.053	29.646	58.618
131.160	110.374	28.832	58.324
134.662	111.017	26.919	58.746
137.593	111.855	25.359	59.259
140.696	113.557	23.420	57.763
141.858	114.067	23.030	57.987
144.569	115.488	23.138	56.964
147.089	116.167	23.902	57.342
150.375	115.934	22.882	58.359
152.441	115.308	22.448	59.677
153.767	116.549	21.944	57.865
156.625	117.650	22.094	57.996
158.026	118.723	21.661	57.601
160.754	120.553	22.573	56.906
162.271	121.395	22.674	56.772
165.390	121.496	22.476	56.780
169.451	120.822	21.126	58.711
172.664	121.154	22.092	58.593
176.709	126.904	23.100	54.219
183.175	132.191	21.448	51.465
187.163	133.408	20.367	50.872
192.824	133.505	21.511	51.287
194.767	134.860	21.457	50.659
196.790	134.079	20.790	51.022
199.628	135.303	20.485	49.153
203.620	136.537	21.054	46.674
209.262	137.249	20.074	43.991
212.095	138.776	18.924	43.590
215.651	139.081	18.549	38.913
218.449	138.008	19.649	42.007
225.680	137.956	19.241	41.729
227.044	138.338	19.255	43.507
231.066	139.868	19.487	43.663
234.432	139.407	19.907	45.916
241.281	138.110	19.882	53.752
243.872	139.448	21.831	55.283
265.906	140.757	21.857	50.249
266.586	140.690	22.733	48.997
271.551	141.010	22.499	49.007
273.544	140.383	22.525	50.845
276.014	140.635	22.226	50.054
277.057	140.540	21.874	49.926
279.082	140.862	22.102	49.300
282.403	140.084	21.820	48.786
283.431	140.571	22.260	47.846
286.203	140.505	21.953	46.737
288.786	140.592	21.235	47.629
290.612	141.354	21.804	46.249
302.716	147.147	20.853	42.810
302.227	146.898	19.891	41.024
304.525	146.768	19.321	40.795
307.984	148.566	18.396	38.886
309.933	150.615	18.957	37.633
312.576	152.401	18.783	35.886
314.005	153.673	19.027	35.214
316.272	154.863	18.311	34.197
318.392	154.072	18.782	37.129
319.961	153.981	19.090	38.366
323.220	155.481	18.092	36.898
324.473	157.113	18.339	36.381
327.078	158.741	17.912	34.102
328.441	158.872	17.846	33.691
329.869	158.483	18.371	34.197
330.335	158.163	18.219	34.690
331.448	158.509	17.491	33.942
332.289	159.009	16.886	33.057
332.634	159.374	17.613	33.006
331.980	158.084	19.383	35.037
331.399	157.969	20.073	36.427
330.887	158.415	22.593	37.375
330.342	158.876	24.083	37.389
329.513	158.923	26.469	40.240
329.833	158.949	27.284	42.300
329.473	158.322	27.239	41.817
326.963	157.977	28.762	41.437
327.690	158.135	27.993	40.620
326.193	159.010	27.803	37.520
327.246	159.369	25.320	36.597
313.828	155.804	26.152	38.234
310.973	154.658	24.782	38.420
309.984	153.495	23.602	37.714
308.641	153.663	21.489	37.360
305.398	153.879	20.896	37.033
303.302	154.921	21.172	36.097
304.449	155.783	23.664	31.000
302.166	156.028	25.589	33.172
298.345	155.405	25.383	36.433
297.668	154.402	24.277	37.853
296.547	154.292	23.693	37.263
292.507	151.786	23.429	39.371
290.400	149.898	23.557	39.334
286.006	146.825	23.571	42.111
281.510	145.651	25.472	46.261
277.782	146.014	26.117	44.127
274.052	147.573	26.216	42.668
271.796	147.159	26.729	41.136
263.121	145.486	29.182	42.236
256.022	143.717	29.997	47.796
254.001	146.025	28.976	48.249
243.718	148.223	27.915	48.528
237.338	148.673	25.218	45.452
231.162	146.702	24.097	37.560
211.664	145.585	24.644	35.244
196.929	142.671	21.325	41.562
188.548	141.917	21.063	43.748
185.303	137.726	22.337	47.917
176.381	135.050	28.103	48.566
165.944	132.806	29.328	46.956
151.795	125.791	32.079	51.115
145.375	125.517	35.451	48.257
139.606	123.803	34.333	49.072
127.105	118.081	33.485	52.585
118.614	112.154	32.252	54.688
115.828	113.095	35.334	51.240
108.410	111.747	33.461	49.340
107.871	111.424	29.623	46.134
95.803	108.041	32.789	47.678
82.774	104.292	37.730	50.450
64.521	99.992	37.151	44.823
