577.000	262.000	30.000	81.000
575.149	261.777	31.758	81.676
573.621	262.191	31.919	81.178
572.953	262.319	31.056	80.980
571.074	261.291	32.149	80.410
569.554	259.345	31.150	80.887
555.312	254.991	31.374	78.709
553.667	254.863	32.371	77.303
551.713	254.893	32.337	76.940
550.676	253.609	32.142	77.660
550.274	252.444	33.498	75.179
549.441	252.207	32.952	70.464
548.063	251.768	33.075	66.580
547.601	253.001	32.457	63.773
548.154	252.676	31.217	60.861
546.212	251.145	30.827	54.971
545.996	250.755	30.913	51.074
545.798	249.571	30.188	48.785
545.675	249.621	30.549	45.457
545.244	249.459	29.129	46.218
544.465	249.137	30.202	46.081
546.317	248.140	27.518	46.102
544.546	247.093	28.453	42.808
542.286	246.736	28.606	44.927
542.866	247.448	27.159	47.832
541.454	247.075	28.017	50.395
538.741	246.505	27.542	49.005
537.550	245.344	27.723	46.595
536.611	244.015	27.284	45.503
535.909	244.869	27.922	48.460
537.169	245.173	25.687	51.976
536.723	242.779	25.817	53.382
534.639	242.829	26.592	61.978
532.573	242.806	27.707	69.216
527.878	242.513	30.172	74.162
526.811	241.561	30.057	72.836
525.392	240.528	30.035	73.063
523.572	240.850	30.550	72.406
522.561	240.544	30.458	72.343
521.107	239.389	30.310	71.340
519.801	238.398	29.547	72.466
518.653	238.922	29.580	72.073
517.291	239.219	30.071	71.908
515.300	239.145	30.769	71.752
514.652	238.261	30.332	72.625
512.931	237.542	30.314	70.586
511.488	237.055	29.752	71.103
509.312	237.702	29.659	70.783
507.833	237.387	30.079	69.830
506.400	236.775	30.561	69.970
505.307	235.634	30.118	70.054
503.623	236.058	28.931	69.810
502.228	236.539	29.841	68.811
500.847	235.694	29.626	69.016
499.392	235.420	30.355	68.003
498.914	234.372	29.026	68.358
497.736	234.281	28.527	67.840
497.309	233.609	30.199	68.697
497.464	233.461	29.920	68.124
497.292	232.324	29.419	67.764
496.788	232.159	27.844	67.452
496.417	232.236	28.923	67.380
495.689	232.691	29.127	66.573
494.882	232.485	29.534	65.842
494.917	231.465	29.135	67.491
494.024	229.932	30.244	64.914
493.543	229.839	29.451	62.349
493.621	229.268	27.454	57.389
494.737	228.059	26.722	52.098
497.165	224.886	24.442	51.966
495.660	223.068	32.727	62.061
485.756	221.264	44.893	60.420
482.139	211.318	40.697	72.320
472.183	210.376	48.739	74.674
493.804	197.666	42.733	78.350
503.424	202.935	43.036	66.642
513.736	216.242	46.372	82.077
536.831	222.591	44.356	110.005
551.296	242.216	44.851	110.777
544.565	243.026	47.440	105.824
540.989	234.177	45.093	97.187
519.562	229.864	36.082	93.634
508.912	229.921	45.676	101.770
506.009	256.968	47.230	108.892
530.392	319.289	54.744	88.747
521.853	292.838	55.896	87.197
585.530	252.571	32.640	85.975
583.969	252.655	32.499	71.890
576.340	252.257	36.086	73.716
576.668	250.755	37.809	74.131
564.300	238.782	26.882	67.007
565.524	237.883	23.328	59.462
564.044	235.799	23.237	62.130
563.518	235.172	23.477	65.127
561.738	234.680	24.782	66.602
562.422	232.940	25.475	69.630
486.386	216.213	26.932	61.760
485.578	216.218	26.879	60.518
486.005	215.425	25.867	60.714
485.149	215.500	26.934	61.254
485.393	214.719	26.068	61.877
484.796	213.772	26.745	61.308
484.796	214.255	26.580	60.038
484.612	214.418	25.971	60.322
484.785	214.197	26.058	60.029
484.839	212.734	25.851	60.441
485.851	212.351	25.255	60.915
486.014	210.907	25.091	59.834
481.227	209.128	22.361	56.933
479.378	209.400	22.742	50.997
476.063	209.413	21.890	53.573
472.247	208.900	27.026	56.919
461.735	209.089	32.323	58.454
460.672	208.424	25.978	57.487
449.477	208.747	25.886	55.613
445.566	207.739	21.368	53.486
431.062	208.615	31.405	56.676
429.546	209.750	31.250	55.636
426.907	209.289	32.502	56.119
421.143	209.147	27.512	54.488
405.696	204.994	24.731	55.664
403.323	205.693	23.224	54.738
398.001	204.409	24.365	56.871
394.085	205.699	27.604	55.541
389.872	206.981	27.339	53.555
387.447	204.512	24.152	56.013
383.926	204.530	22.756	55.425
377.163	204.202	25.909	57.218
371.828	203.501	26.324	56.248
364.724	202.966	28.621	56.117
359.091	203.192	29.350	53.666
353.395	202.553	25.663	55.891
351.844	202.164	26.688	55.857
347.796	201.438	25.799	56.304
344.377	201.536	24.508	55.005
341.621	200.846	23.933	55.420
335.986	199.835	24.753	55.263
332.214	200.392	25.852	56.034
327.302	200.509	25.923	55.232
323.394	199.649	24.512	54.880
320.068	198.516	22.586	54.528
316.742	198.279	22.717	55.734
313.754	199.100	23.308	56.215
310.447	198.280	22.976	55.872
307.228	198.020	23.054	54.502
303.726	198.201	23.382	54.843
301.236	198.697	23.300	54.284
298.365	198.824	23.871	53.944
293.564	198.273	24.538	53.949
287.209	198.374	25.511	54.213
285.697	198.155	25.186	55.368
282.803	198.127	25.639	54.101
279.345	197.357	25.381	53.815
275.995	196.802	23.971	54.394
274.147	196.399	24.118	54.460
271.358	197.594	22.936	54.217
265.498	197.300	23.283	53.614
261.022	195.317	22.940	55.491
258.383	196.524	23.176	54.226
256.308	197.086	23.484	52.949
252.371	196.516	23.933	54.005
250.199	195.367	21.503	54.705
248.712	195.479	20.612	55.082
243.143	197.503	22.881	51.976
239.861	195.877	22.335	52.755
236.944	194.162	21.542	54.112
233.844	193.949	22.604	54.237
231.169	195.691	22.633	52.154
227.990	195.533	22.603	51.491
226.364	194.655	21.452	52.097
222.876	194.198	21.629	53.268
213.503	195.108	21.440	50.762
213.988	195.148	21.583	51.620
210.262	193.759	21.163	52.699
208.457	194.183	21.931	51.907
205.515	194.360	22.529	51.375
182.702	193.628	22.373	50.311
177.536	193.775	23.571	49.233
174.558	193.975	22.483	48.973
172.052	194.331	22.163	48.717
169.890	192.998	21.671	49.416
168.214	192.590	21.460	49.799
166.069	191.506	21.555	51.180
163.720	192.069	22.774	50.203
159.382	192.222	23.458	50.119
158.728	190.980	22.864	49.963
156.796	190.567	21.192	50.175
155.040	190.828	21.169	50.042
153.004	190.807	21.188	49.424
151.367	190.904	21.006	49.839
149.084	189.339	20.331	50.237
146.939	188.774	19.823	50.542
143.822	189.522	21.568	50.226
130.019	189.446	20.496	48.758
129.276	189.308	18.836	48.323
127.269	188.153	18.645	49.189
124.675	187.329	19.177	49.216
123.387	187.656	18.637	49.162
121.186	187.649	18.932	49.076
119.554	186.556	19.492	49.429
118.836	186.494	18.894	48.811
114.664	184.477	20.333	49.842
114.281	187.289	19.316	47.701
112.076	185.594	19.958	47.760
109.983	185.939	19.375	46.237
107.938	186.459	20.410	46.799
106.543	186.192	19.720	44.112
105.461	185.456	19.316	46.003
103.584	184.818	18.642	44.475
101.738	185.748	19.107	44.741
95.692	185.681	18.901	48.446
89.075	184.356	21.697	48.661
90.054	184.914	20.428	47.141
88.418	184.287	19.403	43.871
86.436	182.901	19.914	45.521
85.481	183.631	19.488	46.465
82.475	184.069	19.080	44.442
78.262	182.951	20.468	40.763
73.032	183.246	20.563	40.055
73.685	183.021	20.221	41.702
67.439	183.427	20.836	42.492
64.390	183.342	21.166	42.108
