9.000	225.000	16.000	41.000
9.368	225.673	20.057	39.533
63.580	223.177	15.451	38.983
57.756	210.526	24.551	32.538
67.315	185.742	22.740	38.268
54.602	186.578	35.877	46.685
138.462	233.287	17.581	59.044
139.400	233.260	22.488	55.349
140.443	234.616	23.803	54.490
140.421	233.696	23.987	52.699
141.932	235.344	23.529	53.135
141.562	234.821	23.343	52.299
141.448	235.310	24.153	53.224
141.011	235.032	23.807	52.906
140.291	235.391	23.016	53.426
140.268	235.162	21.920	53.846
139.046	235.757	22.036	53.332
139.579	236.644	21.328	52.963
139.562	236.482	20.088	52.229
139.079	236.627	20.880	54.077
138.369	235.510	22.343	55.072
138.349	236.332	23.670	53.193
138.497	238.072	24.426	54.048
137.994	238.545	22.281	52.135
115.193	238.757	32.113	42.208
62.630	241.958	27.617	51.429
65.721	241.124	21.303	55.120
66.472	241.535	21.599	53.692
65.363	241.408	21.576	54.322
64.853	242.497	23.306	54.864
65.304	243.368	25.912	57.026
65.266	243.478	24.961	56.343
65.217	243.596	23.685	55.815
65.174	243.624	24.248	55.065
65.454	243.953	23.910	55.802
65.045	243.801	24.319	55.263
65.045	243.458	23.947	55.312
64.872	243.902	24.596	54.849
64.688	243.878	25.266	55.753
64.382	242.974	25.614	57.119
63.503	242.940	27.320	57.382
64.390	243.054	26.429	58.022
64.310	243.129	27.259	57.867
64.438	243.523	26.212	57.661
64.554	243.449	26.772	56.680
65.164	243.080	25.827	57.115
64.794	243.004	25.901	57.624
64.857	243.697	25.864	56.234
64.796	243.353	26.081	56.362
64.924	243.208	25.953	57.247
64.599	243.255	26.642	57.072
64.521	242.855	26.805	57.431
64.816	243.190	26.269	57.241
64.488	242.825	26.569	58.195
64.879	244.820	27.888	60.918
65.342	249.009	28.798	58.790
65.197	250.017	28.193	56.761
64.367	249.010	29.533	58.471
64.520	248.967	27.033	58.273
64.576	248.355	26.998	58.908
64.303	247.624	25.861	60.566
64.362	248.264	24.459	59.958
64.323	248.735	23.959	59.571
63.853	248.030	23.909	58.330
65.130	249.541	24.564	50.389
60.957	226.590	30.154	69.926
61.936	162.929	23.282	69.452
58.414	118.458	28.105	65.209
57.660	119.971	28.078	60.692
57.088	120.569	29.595	60.867
57.528	118.813	28.926	60.234
56.776	121.147	29.436	60.365
56.315	120.440	28.986	60.795
56.082	121.995	29.663	61.323
55.285	121.921	29.622	60.241
55.647	121.577	28.587	59.564
53.391	121.067	28.126	61.950
53.026	121.971	27.816	59.777
52.257	123.589	28.023	61.133
52.494	124.058	27.354	60.130
51.404	124.719	27.681	61.453
51.001	124.082	28.293	60.891
50.098	124.822	29.047	59.788
49.049	124.771	29.545	60.310
48.947	124.263	29.547	60.044
48.843	124.761	28.672	60.836
48.450	124.723	28.034	61.449
48.087	125.964	28.040	59.479
47.108	126.366	27.745	60.692
46.845	126.482	27.218	61.335
45.910	125.898	27.660	61.682
45.826	126.101	27.372	61.754
45.767	125.878	26.331	62.023
44.971	125.941	25.900	61.705
45.330	126.760	25.689	61.184
44.963	126.689	25.310	61.040
45.109	127.198	24.798	62.038
44.709	126.349	25.247	62.605
45.092	126.681	24.547	62.317
43.856	126.952	24.620	62.171
43.716	125.734	25.247	63.842
43.158	126.672	24.775	62.280
42.298	126.479	25.091	65.693
42.327	126.417	24.498	64.904
42.195	128.105	24.274	64.543
41.130	126.912	25.520	63.980
40.971	127.772	25.129	61.065
40.691	127.049	24.405	61.608
39.788	127.457	24.872	61.297
39.626	127.844	24.783	61.572
38.772	128.224	25.749	59.435
37.990	128.059	26.072	58.615
36.803	128.622	27.286	57.285
35.999	129.518	28.160	56.489
36.118	128.358	26.414	55.115
34.915	128.896	26.661	56.569
35.637	129.616	25.593	55.326
34.564	130.351	24.170	54.067
