403.000	239.000	82.000	44.000
407.924	240.108	78.610	49.647
409.305	240.094	79.141	51.247
414.289	241.164	82.342	52.348
422.728	239.127	79.241	54.196
431.067	239.190	75.931	55.762
436.343	240.324	80.712	54.369
437.251	240.726	79.550	54.278
442.340	240.818	78.581	54.231
445.114	242.109	83.454	53.642
448.923	242.198	81.019	54.273
458.675	241.700	79.181	53.456
462.113	241.156	79.353	52.982
469.353	238.861	78.864	52.632
471.253	237.781	78.853	52.071
472.692	236.116	81.665	52.744
481.794	236.252	77.969	51.744
485.400	236.088	77.817	51.950
492.302	236.599	76.875	52.615
493.319	237.184	80.073	52.732
501.864	238.144	79.127	51.445
505.263	237.326	75.247	51.422
511.228	237.010	74.598	50.559
518.642	236.490	73.488	49.237
521.395	237.085	77.073	48.115
434.726	243.257	72.633	43.227
384.284	238.131	75.121	48.265
405.426	241.069	76.553	46.416
406.590	240.841	74.070	46.779
413.700	237.061	76.982	47.391
414.821	238.819	79.562	43.889
421.334	237.158	78.395	45.167
422.101	235.590	81.349	46.658
426.768	237.995	80.097	45.213
439.648	238.410	73.460	44.947
442.684	239.803	70.550	45.164
445.500	239.108	70.808	45.460
447.144	239.933	70.968	43.902
452.667	239.135	65.282	43.189
460.095	239.192	67.868	40.450
461.733	238.194	80.796	39.257
384.719	239.625	80.967	36.679
319.378	238.207	73.993	37.335
335.114	241.170	68.550	35.167
345.913	241.454	73.227	33.393
354.167	241.928	73.918	34.030
355.089	240.586	75.392	33.723
368.159	238.249	66.099	32.562
370.719	238.575	70.298	29.712
375.909	239.708	70.337	29.060
379.245	238.896	70.305	30.322
383.287	240.570	73.493	30.099
386.993	239.782	72.199	30.952
392.897	240.412	73.288	31.710
365.127	243.910	67.799	30.140
301.554	242.081	66.867	32.946
302.590	241.368	73.066	32.902
306.864	239.051	74.173	34.629
310.477	236.414	71.534	36.700
315.678	235.827	68.416	37.186
318.717	236.106	68.011	36.438
322.580	235.908	69.838	36.931
325.144	236.857	68.381	35.834
327.904	236.971	68.659	35.191
330.313	237.474	68.574	35.565
333.928	237.745	71.403	35.543
333.969	236.646	70.106	36.895
336.711	234.144	70.606	38.813
341.787	232.471	65.922	41.064
346.959	234.693	66.196	39.218
349.829	236.279	68.576	36.650
354.065	233.757	69.664	36.078
356.356	232.799	71.464	35.472
355.881	232.489	71.454	34.271
361.145	228.557	65.847	36.318
361.190	226.446	67.384	36.110
363.858	223.292	64.927	38.372
364.078	222.024	67.746	38.556
365.147	220.570	70.647	39.742
366.864	221.120	67.596	39.552
372.563	220.551	66.301	41.028
371.018	218.041	68.228	42.268
372.177	218.326	68.439	40.291
372.276	217.524	68.436	40.695
372.314	220.908	68.553	37.420
372.948	220.324	68.291	35.968
375.008	221.113	64.638	34.594
371.841	218.864	69.270	33.740
370.373	217.827	71.017	33.790
371.254	216.140	65.314	33.334
370.539	216.661	66.424	30.587
370.321	214.987	64.035	30.112
368.706	215.583	63.397	28.184
367.958	217.065	61.864	27.109
369.141	217.043	60.633	27.320
363.696	213.890	62.689	28.156
367.766	213.084	59.846	30.516
367.593	211.706	59.431	30.449
366.848	211.290	58.533	31.212
367.437	211.252	58.145	31.505
369.495	211.780	58.244	31.311
368.110	212.187	59.464	31.186
369.040	211.072	59.123	31.948
369.067	210.576	58.235	31.194
370.089	209.420	56.641	31.864
372.458	208.567	56.372	31.927
371.254	206.882	54.511	30.354
373.902	206.943	51.637	27.070
370.964	205.021	51.337	28.361
366.525	205.487	54.826	27.357
371.741	206.762	47.995	26.128
368.674	205.333	48.599	27.150
370.866	204.706	43.873	26.570
374.388	206.952	40.684	23.450
369.342	204.342	46.211	27.366
369.013	204.367	44.511	27.454
370.783	202.983	43.994	25.378
371.644	202.169	49.437	26.761
370.162	201.097	46.338	26.549
373.762	201.408	45.558	26.157
370.611	200.819	49.586	26.056
371.817	201.684	47.400	23.982
371.969	199.442	45.547	26.143
377.177	197.604	40.766	25.196
375.083	198.234	40.737	26.111
375.244	198.112	40.080	24.932
377.010	200.147	38.428	24.767
377.236	200.439	37.571	25.310
377.030	199.064	38.855	27.562
377.027	199.392	38.776	26.482
375.455	196.924	40.376	28.017
372.925	193.431	42.303	28.451
374.333	190.903	39.461	27.515
375.491	186.744	41.534	32.161
369.115	187.369	49.215	29.850
369.150	186.966	49.539	30.180
366.753	186.731	53.665	30.520
369.222	185.607	50.123	29.864
372.530	185.060	49.153	29.817
373.867	186.291	46.881	27.768
379.131	185.291	45.262	29.121
379.231	184.843	44.054	29.814
379.386	184.138	42.946	31.704
380.392	184.318	42.463	32.080
377.637	184.574	44.535	31.109
379.997	185.296	43.293	29.724
378.647	183.901	43.939	28.759
378.838	183.629	44.297	27.589
379.105	182.849	45.935	26.883
381.168	180.833	43.591	27.623
383.716	180.284	43.551	28.127
384.726	179.265	40.866	30.240
384.073	178.782	43.317	28.378
381.189	175.573	47.213	30.181
378.807	173.089	49.441	31.172
379.072	170.755	50.109	28.821
378.969	168.833	48.851	28.057
381.679	167.834	46.017	25.914
381.659	167.872	45.445	24.769
380.451	167.332	45.423	21.932
382.174	165.661	44.827	21.994
382.538	166.018	44.116	21.753
382.785	164.304	43.631	24.245
376.979	161.780	48.303	24.876
377.477	158.080	47.112	26.951
375.919	155.863	50.371	27.101
376.028	155.956	50.103	28.069
377.189	154.965	48.404	29.388
377.880	154.549	48.449	29.755
375.796	153.169	49.320	30.269
375.430	152.271	50.266	29.508
374.361	149.939	51.357	28.833
375.379	148.874	48.822	27.851
373.025	146.969	50.272	28.093
371.249	146.160	51.381	28.278
371.194	145.333	50.920	29.053
370.484	145.262	49.557	29.409
369.540	144.332	50.144	31.211
368.061	142.283	51.538	29.980
367.623	141.175	54.965	29.392
363.280	137.223	56.307	31.633
364.922	136.142	55.189	32.015
362.320	134.616	58.122	32.708
363.856	134.713	57.821	32.407
363.837	134.107	57.392	33.470
363.646	133.653	57.577	33.940
362.984	132.555	59.505	34.495
363.010	130.836	57.771	35.203
363.061	128.213	58.616	34.675
363.468	125.674	59.736	33.180
363.355	124.140	61.572	33.691
363.349	123.201	58.926	33.440
361.982	123.395	59.515	32.926
361.549	123.650	60.061	33.093
361.026	123.826	59.230	32.703
361.025	122.440	58.433	32.600
360.984	120.928	58.755	33.443
360.380	118.760	58.298	34.598
359.907	117.532	59.556	35.270
360.763	116.088	59.138	36.880
361.463	114.998	60.964	37.239
363.353	114.443	61.626	35.627
364.123	114.296	58.075	34.373
366.171	113.867	58.818	33.867
367.854	113.657	58.191	31.513
368.240	112.892	57.303	30.402
369.877	109.576	54.880	30.554
370.819	107.879	50.365	31.248
371.516	105.526	50.813	29.209
371.701	104.329	52.379	28.254
372.116	100.594	47.032	30.280
371.499	100.506	49.577	27.664
370.063	99.995	51.838	27.948
369.384	98.418	56.022	27.328
369.278	97.484	55.403	26.033
367.878	95.134	57.947	27.272
367.091	95.685	59.922	25.462
367.628	95.016	59.251	25.270
367.980	94.780	59.042	24.759
370.708	95.066	58.736	23.632
371.561	95.080	59.123	24.460
373.713	95.093	58.942	24.758
375.544	95.133	60.507	24.810
376.934	95.040	60.615	24.580
379.464	94.768	59.256	24.071
382.423	94.662	56.947	23.735
384.302	91.813	55.329	22.852
384.918	90.795	56.008	23.178
386.051	89.906	53.708	23.665
385.151	89.884	54.220	23.023
385.666	90.145	54.358	24.177
386.112	90.936	56.343	24.183
386.299	91.528	54.840	23.754
387.842	90.069	53.271	24.307
388.764	86.947	53.873	24.158
389.612	85.497	52.111	22.583
390.783	82.896	51.858	23.114
390.121	82.349	50.503	22.962
391.024	80.900	51.885	22.691
393.214	81.725	49.719	22.278
393.912	81.859	49.660	22.884
396.261	83.002	47.619	23.840
396.046	84.173	48.987	23.025
399.041	84.219	50.774	25.754
402.011	85.862	47.735	25.114
405.588	84.489	49.034	25.827
407.801	83.540	46.330	25.922
409.393	82.439	40.692	25.857
411.889	81.008	47.275	26.335
412.301	81.744	49.137	25.273
415.016	81.041	43.185	26.464
417.134	82.245	45.175	26.716
417.958	82.493	44.473	26.750
418.495	82.595	43.602	26.017
420.465	80.674	41.690	26.203
421.421	78.165	40.635	26.538
422.040	77.807	39.688	26.243
424.603	73.391	38.286	27.544
425.793	74.797	36.252	26.837
430.811	73.470	34.793	26.568
429.506	75.049	31.708	24.887
433.972	72.824	30.887	27.535
435.420	70.679	39.826	29.615
437.831	67.403	44.639	30.538
437.485	64.770	43.484	31.073
437.942	62.479	44.798	32.063
436.354	61.684	48.725	31.944
439.476	60.848	43.394	30.847
441.392	61.273	44.329	32.981
438.875	59.470	45.215	30.748
440.790	60.967	42.960	30.847
442.222	60.314	43.883	31.833
442.218	60.109	47.122	31.080
439.577	58.257	45.330	29.244
442.489	57.565	41.652	27.979
442.421	56.711	41.585	27.624
442.059	56.970	44.503	27.020
442.020	56.985	44.351	26.730
443.337	56.971	42.869	26.258
444.247	57.798	41.803	24.041
442.397	57.072	41.352	24.852
443.437	57.411	38.708	25.320
444.249	56.336	40.877	25.330
444.855	53.389	39.384	27.070
442.642	52.680	37.475	24.329
445.269	52.102	35.237	25.028
442.800	52.335	35.790	24.761
441.892	51.696	38.062	25.359
441.928	51.667	40.063	27.526
441.400	51.250	38.188	27.668
442.351	49.694	37.947	30.053
440.968	49.278	38.755	31.343
440.436	47.507	39.836	31.494
440.881	45.537	40.071	34.332
440.476	44.850	40.635	34.581
440.252	44.945	41.318	33.668
440.112	44.960	43.544	32.963
442.970	44.450	41.886	33.783
442.546	44.143	45.036	34.557
441.606	42.736	46.571	35.230
443.034	41.704	44.711	34.173
448.426	39.725	39.926	37.452
446.354	39.965	42.192	35.785
446.429	38.318	42.180	36.165
450.748	36.663	41.836	36.539
450.774	36.254	48.022	36.443
452.093	36.519	48.871	37.371
451.376	35.687	48.788	36.751
452.963	35.052	48.016	36.821
454.265	33.174	42.319	38.759
454.938	32.007	47.310	36.448
453.197	30.361	45.919	36.611
453.919	29.364	49.006	34.370
455.543	28.348	46.850	33.207
456.035	27.686	51.431	33.301
455.424	28.618	51.945	36.110
456.827	29.058	50.553	36.844
458.356	27.634	52.526	35.722
460.119	27.196	49.636	32.714
459.638	24.401	50.680	34.946
460.761	22.895	50.543	35.645
461.341	22.374	51.474	36.486
461.205	21.415	53.590	36.416
462.130	20.796	53.399	36.095
462.682	20.425	52.189	36.810
462.342	20.362	52.294	37.502
462.101	19.126	52.755	38.290
462.250	16.857	51.767	39.807
462.907	13.156	53.562	37.948
463.839	12.498	54.668	39.449
464.256	13.030	55.893	39.773
467.581	13.158	56.406	38.754
468.664	11.576	61.437	38.974
469.435	10.167	58.784	40.481
471.873	7.299	56.854	41.856
472.428	7.943	57.707	42.758
472.527	6.643	57.505	42.832
472.898	6.587	57.604	42.992
473.178	6.300	57.176	43.233
