253.000	51.000	22.000	62.000
253.010	52.525	23.884	59.739
254.043	52.884	23.229	59.518
256.260	50.883	23.317	59.257
256.546	52.454	23.429	57.943
257.322	52.371	22.966	56.868
257.776	50.476	23.087	57.997
259.207	50.286	22.689	57.698
260.776	49.654	23.427	58.963
262.424	50.796	23.338	57.570
263.628	50.559	24.389	57.113
265.850	49.129	24.205	57.070
268.144	47.197	22.628	58.885
270.286	46.964	21.602	59.925
271.339	46.908	21.889	60.215
272.960	48.537	21.565	58.351
273.616	48.624	22.101	57.948
274.183	48.143	22.330	57.239
275.808	47.280	21.835	57.432
277.670	46.370	21.487	57.615
278.270	45.739	21.826	58.718
279.492	46.712	22.004	57.567
280.718	47.038	22.998	56.924
281.805	46.070	23.086	57.089
283.785	45.187	22.938	56.852
285.389	44.406	22.658	58.159
287.348	44.450	22.423	58.495
287.735	44.844	22.732	57.971
288.424	45.222	23.163	57.102
289.050	45.323	23.351	56.665
289.682	44.056	23.841	57.065
290.170	42.867	24.386	58.118
291.300	42.561	23.556	58.608
292.709	43.723	23.537	57.585
292.981	43.713	23.785	57.329
294.037	44.134	24.079	57.101
296.024	42.967	23.960	57.770
297.439	41.860	23.428	57.990
298.547	41.450	23.618	58.288
299.198	41.970	23.984	57.394
299.896	41.986	23.961	57.152
300.157	42.533	24.307	56.220
300.329	42.253	24.257	56.616
300.659	41.559	24.457	56.328
300.978	40.601	24.456	57.032
301.390	40.209	24.651	57.176
301.575	40.573	25.136	57.210
301.648	41.157	24.964	56.459
302.204	41.442	25.177	56.096
302.993	40.739	24.451	56.733
303.572	39.625	24.074	57.210
303.481	39.011	24.529	57.796
303.054	38.918	25.297	57.487
303.505	38.843	24.711	57.588
303.108	39.548	24.235	58.438
304.021	67.550	23.488	62.372
303.194	104.335	24.813	57.814
301.977	102.327	24.607	56.667
300.523	101.661	23.858	56.655
300.262	102.674	23.969	56.134
299.635	101.886	25.319	55.642
299.740	100.471	24.816	55.954
299.740	100.066	24.512	56.480
299.168	100.267	24.576	56.128
298.690	100.760	24.600	55.461
298.398	101.191	24.202	54.427
297.937	101.474	24.348	54.151
296.916	100.545	24.141	54.582
296.110	99.816	24.489	54.724
295.934	98.802	23.807	55.351
295.242	99.255	24.156	54.791
295.159	99.274	23.849	54.856
294.963	99.777	23.578	54.167
294.644	99.625	23.525	54.161
294.111	98.818	23.458	54.585
293.503	98.424	24.006	54.509
292.808	97.596	24.103	54.659
292.429	97.877	23.601	54.458
291.630	98.539	23.343	53.045
290.889	98.381	23.984	53.121
290.218	98.830	23.342	52.923
289.503	98.084	23.062	53.134
288.614	97.405	23.214	53.222
287.442	96.951	23.523	53.510
287.281	96.479	23.052	53.999
286.829	97.475	22.704	52.548
286.513	97.219	22.368	53.318
286.426	96.788	22.049	53.204
285.486	95.900	22.636	53.439
284.296	95.651	22.888	53.264
281.112	95.208	24.613	54.351
241.123	96.131	24.250	52.980
242.535	97.828	23.125	51.433
241.833	97.520	23.624	51.723
241.125	97.507	23.077	51.270
240.428	96.265	23.065	51.452
240.420	95.701	22.346	52.464
238.985	95.845	22.936	52.628
238.713	95.278	22.142	52.010
237.912	96.226	22.393	52.303
237.783	96.066	22.283	51.896
237.264	96.005	22.015	51.044
236.865	94.920	22.095	51.786
236.317	94.719	21.858	52.115
235.421	93.680	21.884	52.872
234.790	94.768	21.641	51.778
233.896	95.242	21.581	50.447
233.171	95.746	21.678	50.240
231.937	95.173	21.637	50.132
231.171	94.822	21.881	50.452
230.657	93.829	21.334	50.827
230.028	93.682	21.932	51.621
229.211	94.288	22.173	50.539
228.573	94.055	22.660	50.566
228.436	94.055	22.176	50.103
227.671	92.996	22.500	50.893
226.562	92.939	22.356	50.254
226.211	92.867	20.879	50.236
225.448	93.366	21.161	49.485
224.903	93.758	20.319	48.826
224.045	93.189	20.083	49.294
223.840	93.120	19.616	48.906
223.420	92.414	19.667	49.515
222.829	92.650	19.770	49.059
222.955	93.354	18.914	48.465
222.394	93.155	19.222	48.023
222.358	92.624	19.684	48.441
222.026	91.715	19.276	48.782
221.419	91.632	18.981	48.694
220.431	92.919	19.776	47.209
219.735	92.625	19.666	47.522
219.215	91.802	18.862	48.070
218.359	92.010	18.561	47.413
217.719	91.133	18.921	48.073
217.298	90.991	18.820	48.043
216.859	91.139	18.596	47.591
216.340	90.829	18.851	48.034
216.163	90.792	18.851	47.744
216.379	90.207	18.860	48.061
215.881	89.858	19.005	47.824
215.288	89.941	19.379	47.897
215.236	89.896	19.263	47.528
214.891	90.119	18.606	47.320
214.643	89.829	18.689	47.276
214.672	89.571	18.684	47.396
214.957	89.317	18.422	47.898
214.478	89.637	19.329	47.202
215.085	89.603	19.024	46.438
215.540	89.783	19.696	46.448
216.435	88.371	18.491	47.372
216.544	87.690	18.508	48.459
216.511	87.809	19.010	47.663
216.725	87.637	18.965	48.129
217.138	87.153	18.748	48.302
216.694	87.464	18.482	48.113
216.001	88.011	19.400	47.321
216.141	87.390	19.380	47.911
216.419	87.691	19.140	47.978
216.056	88.032	19.180	47.072
216.554	87.073	19.280	48.044
216.631	87.111	19.681	48.014
217.261	86.766	19.423	48.100
217.389	87.447	19.495	47.420
219.007	86.988	18.776	47.939
218.478	87.976	18.887	46.992
218.473	87.943	19.808	47.142
218.479	86.691	19.223	48.569
218.587	87.211	19.347	48.425
218.499	86.791	19.610	48.834
218.667	85.892	19.504	49.293
218.593	87.176	20.141	48.711
218.615	86.753	20.738	49.502
217.828	86.417	21.373	49.696
217.552	86.263	21.504	50.443
217.973	87.424	21.747	49.041
217.805	86.532	23.530	49.634
219.523	86.933	23.243	49.023
217.990	87.064	23.005	50.168
218.628	87.520	23.404	48.906
218.042	88.474	21.097	49.757
219.362	87.486	21.658	51.828
218.995	86.703	22.344	53.226
218.793	87.838	22.090	51.251
218.869	88.102	21.966	48.869
218.309	87.161	22.218	49.757
218.478	86.092	21.773	50.742
217.929	86.950	22.545	51.419
218.081	86.299	22.708	50.102
218.148	87.139	22.086	49.318
218.325	86.777	21.595	51.096
217.841	86.494	21.851	51.127
217.304	86.515	21.656	49.908
216.007	85.852	23.073	50.286
216.177	86.540	23.082	50.047
216.101	86.086	22.932	50.211
215.724	85.845	22.221	49.646
216.297	84.656	22.331	51.377
216.089	85.994	20.834	49.123
216.507	85.779	21.137	49.299
216.439	85.757	21.621	48.937
216.572	85.713	20.830	48.602
217.302	86.724	21.647	51.229
217.853	86.426	21.053	51.165
218.697	86.173	20.106	51.364
218.763	86.176	20.605	50.735
217.887	87.154	20.973	48.465
218.909	86.637	20.051	49.512
219.477	86.772	19.197	51.495
218.654	86.168	20.329	51.200
218.794	86.543	20.399	49.816
218.335	86.598	20.638	48.930
219.225	87.187	20.367	48.691
219.173	86.412	20.203	48.955
218.539	86.047	21.013	48.795
218.777	86.819	20.733	48.560
219.218	86.705	21.161	49.906
219.849	87.468	20.165	49.496
218.948	86.868	20.949	48.185
219.382	86.982	20.246	48.407
219.040	88.993	20.194	46.887
218.229	88.411	20.756	46.609
218.055	89.270	20.281	45.065
218.065	88.380	20.028	46.319
217.175	88.940	20.099	45.696
216.591	89.459	20.664	45.180
216.280	89.782	20.900	44.712
215.230	88.847	20.276	44.503
215.161	90.187	20.212	44.789
215.385	90.321	19.540	43.944
214.952	90.543	19.752	44.325
214.850	90.562	19.806	43.981
214.335	90.003	20.623	43.333
213.805	90.690	20.165	46.166
213.392	90.647	20.726	44.798
213.619	91.021	21.569	46.591
214.518	90.546	21.249	44.287
213.628	89.789	20.775	44.665
213.132	90.982	19.519	44.267
212.982	90.022	19.631	45.092
213.385	91.112	18.859	46.502
213.494	90.866	19.464	44.347
212.810	90.783	18.579	47.430
213.694	89.972	18.785	48.772
213.041	90.691	19.210	46.392
214.516	90.672	19.178	46.218
214.193	90.507	19.638	45.193
214.697	91.073	19.281	49.072
214.612	90.750	20.532	50.754
215.017	91.107	20.771	49.562
215.832	90.779	21.344	54.380
216.846	90.516	21.614	47.867
215.368	89.660	22.058	50.474
216.443	90.526	21.131	49.838
216.762	91.267	21.378	51.564
217.625	90.338	21.558	54.035
217.852	88.820	21.678	51.679
217.789	89.910	21.491	52.956
219.540	88.773	21.355	50.718
220.327	88.290	21.341	51.229
220.389	85.999	21.945	50.870
220.389	85.960	21.470	47.630
221.920	86.055	20.614	48.375
221.970	86.174	20.875	54.038
222.130	85.853	20.470	49.020
221.980	86.469	20.903	57.674
220.886	88.349	21.519	55.494
220.718	87.978	21.761	54.158
221.168	89.712	21.769	58.149
221.825	87.385	22.311	57.249
222.636	88.936	22.238	52.506
222.795	87.582	22.253	52.373
224.536	88.439	21.359	51.405
224.860	88.821	22.601	48.347
227.135	88.691	21.303	45.820
228.267	88.833	20.662	48.771
228.347	88.233	20.731	48.954
228.281	89.055	20.654	52.307
228.600	89.449	20.341	52.017
229.009	88.082	20.012	55.226
227.933	90.846	20.443	54.829
228.027	90.225	20.376	53.466
227.442	91.077	20.915	50.406
227.179	88.100	18.307	48.354
225.340	88.440	17.865	49.277
223.816	88.759	17.570	50.397
223.506	87.412	16.519	50.716
222.598	88.186	16.513	49.417
221.213	87.546	16.664	50.084
219.367	87.358	17.305	49.583
217.563	86.808	17.829	49.052
216.118	87.721	18.102	48.214
215.116	88.203	18.272	47.506
213.794	89.069	18.149	48.270
211.912	89.555	17.771	47.348
210.475	89.578	17.468	46.507
209.743	88.753	18.340	47.387
208.933	89.153	18.090	47.555
207.069	89.304	18.180	45.930
205.546	89.545	19.053	46.513
203.852	90.005	19.345	46.484
200.910	90.068	20.731	46.681
198.661	89.896	19.509	46.405
198.140	89.218	20.716	46.903
197.465	89.025	20.143	47.366
196.805	89.175	19.868	47.134
194.776	89.075	20.239	47.396
193.867	89.199	20.058	47.184
191.004	89.808	20.679	46.752
187.773	90.453	23.247	45.708
188.403	89.923	20.702	46.734
187.359	89.419	21.200	47.071
185.613	89.219	21.090	46.918
184.501	89.219	20.012	46.788
183.846	89.053	19.681	47.145
182.942	88.375	19.806	47.888
181.712	88.330	19.247	46.767
181.108	87.938	19.777	47.876
180.419	88.546	19.859	47.705
180.503	87.802	18.788	48.426
180.215	88.054	18.927	47.989
180.358	87.087	18.729	49.473
179.839	87.497	18.830	50.159
179.801	87.136	18.334	50.336
178.945	86.502	17.963	50.176
177.142	87.677	19.303	49.437
177.819	87.862	19.086	51.220
175.661	86.314	19.368	52.311
174.374	88.198	23.412	52.141
173.974	87.319	21.924	52.984
173.952	87.048	20.892	52.461
173.190	87.015	19.937	50.214
171.961	87.095	19.367	48.649
171.696	86.504	19.137	48.343
171.113	87.025	18.353	47.880
170.860	87.645	18.505	47.087
170.948	86.633	18.526	47.078
170.920	87.026	18.578	47.118
170.873	87.090	18.341	46.802
171.130	86.188	18.247	47.464
171.040	86.175	18.387	47.492
170.994	85.040	18.552	47.876
171.092	85.479	17.580	47.786
171.217	83.683	18.239	50.193
171.349	84.546	17.795	49.376
171.094	84.923	18.141	48.789
170.950	84.858	17.685	47.727
170.688	84.791	18.026	47.951
170.544	84.938	18.007	47.600
170.489	84.014	18.133	48.480
170.554	84.775	18.090	47.473
170.767	84.035	17.808	48.163
171.305	84.411	17.539	48.337
171.399	83.505	17.886	49.162
171.936	83.748	17.876	48.862
172.840	84.549	18.244	48.197
173.050	84.711	18.683	47.669
174.074	85.352	18.459	46.913
174.489	84.663	18.652	47.293
175.516	85.215	18.198	46.226
176.225	85.738	18.079	45.780
177.081	85.688	17.504	45.918
177.143	84.755	18.057	46.917
177.446	85.457	18.003	45.916
177.459	85.270	18.126	46.211
177.497	85.904	18.031	45.599
177.710	85.223	18.347	46.324
177.517	85.132	18.790	45.762
177.241	84.899	17.932	46.544
177.050	85.531	18.616	45.862
176.526	85.426	18.522	46.124
176.373	84.708	19.099	46.857
175.603	85.486	18.880	45.715
175.053	84.857	19.852	46.425
174.031	85.373	19.836	46.168
173.231	84.581	20.925	46.866
172.269	85.670	20.019	45.746
172.278	85.153	20.230	46.435
171.345	86.107	19.217	45.419
171.415	85.747	18.987	45.590
170.998	86.007	18.556	45.135
170.898	85.432	18.569	45.870
170.362	85.925	17.564	45.515
170.626	84.592	17.856	47.121
170.095	85.827	18.319	46.148
170.336	85.447	18.055	46.119
170.140	85.697	17.936	45.948
170.276	85.625	17.168	46.028
170.096	85.639	17.722	45.883
170.076	85.598	18.724	46.003
169.623	85.195	19.031	45.745
169.925	85.477	20.157	45.960
170.286	84.840	18.794	46.797
