214.000	164.000	14.000	20.000
214.671	163.878	14.892	21.935
215.627	164.186	14.915	22.484
216.623	164.338	14.665	22.698
217.532	163.964	14.745	22.652
219.224	163.763	13.958	22.947
220.457	164.019	13.659	23.261
221.275	163.997	13.309	23.585
222.376	163.630	13.480	23.977
223.868	163.360	12.879	24.558
225.205	163.533	13.072	24.630
225.832	163.204	14.003	25.354
227.416	163.517	13.200	25.195
228.828	163.678	13.054	24.733
230.727	165.500	12.806	23.803
236.555	166.006	14.318	24.557
238.423	166.319	14.032	24.614
240.740	166.597	13.762	24.320
241.720	166.531	13.975	23.657
242.516	166.632	14.221	23.503
242.946	166.758	14.442	23.647
244.130	166.904	14.092	23.723
245.210	167.217	14.046	23.812
246.115	167.028	13.843	23.595
246.965	167.477	14.207	23.732
248.908	168.025	13.640	24.512
250.314	168.138	13.802	24.607
254.585	168.244	14.247	24.849
257.210	167.830	13.028	25.388
263.080	168.938	14.221	24.829
263.131	168.806	14.151	24.925
264.672	169.372	16.493	25.767
276.504	167.865	14.979	28.973
279.084	169.329	14.187	28.090
283.104	170.896	13.820	25.755
284.992	171.529	15.635	26.242
286.035	172.306	16.637	26.137
287.127	171.694	15.582	26.310
286.304	171.818	16.195	26.779
285.905	171.901	17.001	26.525
286.841	171.679	16.418	26.779
286.158	171.560	16.013	26.667
286.410	171.630	16.604	26.968
285.431	170.628	16.898	26.920
285.678	171.646	16.597	26.467
285.568	171.446	16.981	26.706
286.151	171.660	16.830	26.901
285.541	171.112	15.331	26.651
285.736	171.376	16.438	26.231
285.535	170.375	15.528	27.090
284.511	169.614	17.081	27.275
285.708	170.001	15.735	26.848
285.737	170.149	15.021	26.753
285.864	170.009	15.261	27.307
286.566	170.077	15.119	27.394
285.343	169.485	14.676	27.592
287.574	170.563	13.921	27.039
286.780	170.617	13.382	26.559
287.521	170.468	14.282	27.651
287.094	170.656	14.678	27.774
288.430	170.906	14.154	27.638
288.445	171.221	15.221	27.072
289.935	171.571	14.898	26.484
290.956	171.986	14.652	26.309
292.484	171.574	14.411	26.864
293.910	172.065	13.760	26.817
295.088	172.076	13.710	27.496
295.741	171.898	14.631	27.447
297.276	171.873	13.759	27.636
297.772	172.193	14.147	27.647
298.361	171.988	14.874	28.006
298.953	171.906	14.535	28.062
299.137	172.372	14.708	27.749
299.618	172.621	14.934	27.289
300.383	172.854	14.249	27.472
301.566	172.633	14.764	27.633
303.178	173.113	14.425	27.818
304.353	173.288	14.472	27.820
306.923	173.271	16.382	24.689
307.731	174.472	15.030	26.074
303.930	178.465	30.372	28.106
303.275	182.682	41.936	39.808
298.729	165.045	48.772	52.969
327.841	175.744	31.988	45.422
315.231	167.906	44.064	53.982
321.281	174.034	28.074	47.305
326.759	188.832	21.936	33.834
330.515	186.729	18.989	32.784
318.287	178.366	32.948	39.640
323.265	179.106	29.405	43.980
331.559	183.065	21.604	36.643
333.201	186.509	18.817	33.368
330.426	188.601	21.570	34.197
327.137	185.641	25.702	36.283
324.468	188.133	29.924	42.907
314.415	181.750	45.780	56.949
320.601	176.195	48.865	60.873
310.017	177.956	61.306	70.742
309.385	177.792	79.022	78.545
314.863	174.797	83.634	90.808
324.202	179.858	92.853	93.002
346.591	199.863	95.492	88.906
387.785	187.259	74.497	77.462
404.736	200.884	64.172	75.733
423.888	219.866	68.039	71.716
437.291	232.695	69.619	65.750
432.067	241.442	69.508	87.517
436.167	252.997	88.865	100.179
415.383	287.188	92.109	91.708
455.577	304.638	64.843	72.856
471.803	299.506	44.190	53.129
475.612	299.037	38.393	43.139
477.551	300.994	38.945	37.228
477.110	301.032	29.970	35.594
477.756	300.063	25.711	32.905
478.211	300.861	23.658	32.675
479.390	301.338	23.651	31.333
480.122	304.218	22.358	29.652
478.189	303.442	22.396	30.108
475.775	302.831	22.922	28.010
479.806	302.369	22.076	28.733
479.262	303.869	23.331	28.097
479.667	301.620	23.107	30.819
481.063	302.995	22.112	30.035
478.856	301.362	23.482	30.230
479.849	302.441	21.446	30.379
480.761	300.492	21.473	29.836
479.067	303.824	21.096	28.102
478.451	302.218	21.491	28.644
480.802	303.764	21.604	28.122
480.447	301.477	24.363	29.346
480.597	300.838	21.634	29.714
479.521	302.973	23.372	28.719
479.784	302.231	22.933	30.213
479.368	302.003	23.710	29.400
479.355	301.780	21.953	30.098
479.725	302.382	22.912	29.492
478.930	300.283	23.496	29.150
480.002	301.125	23.444	29.654
478.985	303.269	21.795	29.615
479.174	302.170	23.297	30.141
478.794	302.222	22.757	30.452
478.708	302.840	23.439	30.054
480.894	302.653	22.193	30.492
479.659	303.339	24.514	30.061
479.660	300.794	23.595	30.785
478.607	303.285	23.398	29.651
479.083	302.834	22.976	30.171
479.962	302.144	23.521	30.806
479.233	301.300	25.284	29.255
479.753	302.722	22.566	29.620
480.254	301.288	23.574	29.745
480.434	302.309	21.599	29.814
481.154	300.474	21.100	30.540
480.032	302.423	23.065	29.208
479.972	304.256	22.232	28.325
478.541	301.681	23.718	29.412
478.368	301.918	23.845	29.014
481.307	302.754	22.437	29.140
482.435	303.185	22.656	29.842
479.428	302.937	25.796	29.708
479.205	300.871	22.532	31.905
479.765	302.348	23.155	30.805
478.956	303.271	24.204	29.635
480.364	302.632	22.784	30.543
477.673	302.295	24.704	30.302
480.240	302.535	21.434	30.746
478.155	302.564	23.807	29.877
480.894	303.020	22.544	29.123
480.874	299.680	22.294	30.318
481.942	298.954	22.603	30.822
478.692	300.998	22.336	28.892
482.460	301.407	21.171	29.072
480.667	300.485	24.891	29.190
480.515	301.441	20.652	30.633
479.838	303.478	21.658	28.804
478.392	299.799	21.993	28.415
478.242	302.891	21.283	28.045
480.348	304.153	20.964	28.096
480.484	302.442	21.027	29.559
481.945	304.308	21.680	28.097
479.267	303.407	23.953	29.005
481.115	300.602	23.048	29.728
479.831	303.951	21.910	27.912
478.856	301.567	22.603	29.387
473.175	295.761	23.060	30.445
478.731	302.968	22.081	29.690
499.128	295.488	22.273	30.108
509.615	300.872	19.640	30.885
507.460	301.094	30.729	33.094
495.612	301.144	28.715	34.614
482.965	300.256	35.047	35.948
477.033	301.797	27.234	32.865
478.610	302.746	24.070	32.704
478.836	301.613	22.626	32.625
477.849	304.192	21.683	30.207
479.500	302.574	22.382	28.806
480.047	303.035	22.740	29.222
479.327	301.767	23.207	29.252
480.099	301.516	21.532	28.384
480.329	303.452	21.665	27.777
482.368	303.500	19.793	28.127
480.239	300.614	21.856	27.639
482.408	302.664	21.805	28.804
480.461	303.081	22.680	28.709
480.333	302.501	20.519	30.094
479.256	302.883	21.324	27.865
481.408	304.534	19.913	27.178
477.553	301.974	21.995	26.394
481.379	301.409	19.989	27.940
480.479	303.526	22.089	27.782
480.882	302.407	21.353	28.083
480.239	302.583	23.163	28.328
480.095	301.051	23.542	29.795
479.975	301.222	22.193	29.862
479.972	301.457	21.673	28.686
481.701	301.426	20.086	29.349
481.602	302.716	20.377	28.724
479.864	301.876	23.110	27.457
479.981	303.704	21.589	28.150
478.897	301.295	23.969	28.007
478.947	302.330	22.517	29.305
481.499	301.062	21.322	29.534
479.770	303.392	22.036	28.828
480.782	303.407	20.680	28.366
480.805	301.030	22.916	27.493
479.067	301.948	21.399	29.318
481.216	304.900	21.818	28.338
477.796	303.443	23.439	27.877
478.719	303.099	23.890	28.659
479.185	301.236	21.203	29.454
480.636	302.738	20.971	28.593
477.698	300.545	21.417	26.627
479.565	302.490	21.514	27.251
481.212	301.514	19.811	28.975
481.627	304.061	21.359	27.201
479.331	302.523	23.508	28.815
479.261	302.457	23.508	29.599
480.845	303.457	21.361	29.833
479.983	303.522	22.521	28.955
480.292	303.770	26.018	29.517
480.193	300.520	23.804	30.937
479.739	302.276	22.104	30.114
478.842	301.724	22.721	29.925
478.704	303.545	21.320	29.357
478.064	302.580	21.867	28.526
480.278	303.667	20.746	28.620
478.913	303.339	22.411	28.670
481.131	302.255	20.543	30.122
478.838	303.006	23.996	28.496
