418.000	78.000	21.000	50.000
422.842	76.220	23.714	50.082
424.375	76.696	25.266	49.130
426.367	76.523	25.077	49.740
429.661	76.819	22.683	48.374
431.898	75.645	22.907	48.933
433.075	74.864	23.270	49.292
433.417	74.700	23.806	50.233
435.763	75.829	22.599	48.859
436.781	75.435	23.181	48.808
438.485	73.498	23.357	50.702
439.878	72.987	23.288	50.908
441.416	72.986	22.468	48.873
442.468	73.281	22.376	48.858
444.620	72.054	23.025	49.501
447.150	71.566	21.792	49.311
447.986	72.246	22.649	49.513
451.425	71.163	22.154	49.524
456.260	70.290	22.384	47.944
456.530	70.228	22.005	48.499
459.023	67.974	22.488	49.764
466.141	66.564	22.094	49.861
466.662	66.928	21.996	49.883
468.391	67.394	21.807	49.571
468.888	67.222	22.414	48.664
469.976	66.884	22.484	48.968
470.186	67.019	22.643	48.125
469.891	67.619	23.357	48.511
471.079	67.462	22.704	49.744
471.319	68.289	23.639	47.457
473.628	67.213	21.745	49.366
475.310	66.557	20.897	49.307
482.501	65.799	19.863	47.723
483.501	66.932	20.427	45.871
484.749	63.970	20.169	47.703
484.719	64.031	20.925	47.531
485.737	64.540	20.538	46.581
485.881	64.881	21.099	45.890
485.855	63.661	20.930	45.271
486.640	64.098	20.498	46.213
487.580	63.442	20.165	45.836
489.372	62.818	20.836	45.869
493.458	61.573	19.552	46.222
493.422	62.589	20.213	44.132
499.665	60.172	20.015	45.223
499.841	58.598	19.615	46.043
500.617	59.156	19.876	44.591
502.128	59.981	20.025	42.951
502.848	59.055	21.312	43.258
504.307	59.148	20.407	44.066
505.297	59.357	20.286	43.775
506.553	58.466	20.056	43.919
509.175	57.179	19.804	44.482
511.578	55.194	20.386	46.365
513.182	56.691	19.511	44.845
513.952	56.801	19.553	44.102
514.397	55.813	20.344	44.910
515.992	55.333	20.273	45.388
517.803	55.089	22.085	44.962
518.005	55.828	21.610	44.009
518.497	56.083	22.495	43.623
520.097	55.499	22.316	44.542
522.160	56.952	22.228	42.738
526.683	58.924	20.813	41.717
529.652	98.103	21.167	31.341
534.276	97.822	27.885	32.049
552.329	160.191	20.537	13.820
533.984	161.098	17.288	19.795
543.022	157.670	19.995	21.984
544.437	159.167	18.189	22.802
554.000	162.994	19.599	24.599
553.757	156.651	20.616	28.812
568.045	159.638	21.595	33.817
570.477	159.492	20.293	37.991
573.495	159.457	20.121	38.925
575.749	158.374	18.617	39.284
578.327	158.578	20.938	40.683
580.680	159.188	20.962	40.191
