375.000	197.000	19.000	32.000
373.589	196.703	19.353	33.455
372.816	196.694	19.274	34.015
371.617	196.357	19.673	34.271
371.157	196.990	18.928	33.854
370.173	196.661	19.076	34.322
368.796	196.803	19.854	34.963
367.702	197.131	19.907	34.262
366.555	196.844	20.655	35.104
365.380	197.888	21.304	34.026
364.239	197.671	22.424	34.589
362.813	198.309	22.359	33.842
362.198	198.545	21.799	34.170
361.135	198.843	21.582	33.724
360.557	198.671	20.803	33.666
359.293	198.704	20.742	34.080
359.146	198.640	19.472	34.092
357.991	198.449	19.497	34.398
356.785	198.450	19.775	34.763
355.815	198.758	20.393	34.884
354.740	198.958	20.592	34.533
354.872	199.131	19.810	34.403
353.133	199.120	20.909	34.615
352.246	199.137	21.639	34.765
351.835	198.630	21.286	35.586
350.673	198.900	22.083	35.784
350.644	198.731	21.572	36.961
350.003	198.641	20.610	37.303
349.348	199.777	20.287	37.024
349.016	199.441	19.303	37.011
348.631	199.991	18.922	37.290
347.863	200.615	18.898	37.247
345.805	200.803	19.325	36.362
344.130	200.178	19.914	39.520
342.392	200.316	21.155	37.470
340.926	200.430	20.104	39.698
340.588	200.827	20.080	40.192
339.845	200.334	19.693	40.036
339.210	200.663	19.167	41.696
338.132	200.848	19.816	40.224
337.446	200.889	19.469	41.450
336.835	200.501	19.317	41.032
336.051	200.535	18.810	41.659
335.371	200.805	19.368	42.390
334.872	201.385	19.322	41.707
334.823	201.088	19.071	42.314
333.977	201.053	19.306	42.307
333.494	200.927	19.618	42.576
332.943	200.454	20.174	43.268
332.361	200.499	20.284	43.738
332.256	200.652	19.664	44.465
332.055	201.052	20.015	43.921
331.641	201.142	20.039	44.013
330.598	201.514	20.506	43.238
329.689	201.366	21.634	43.205
329.192	201.608	21.388	43.504
328.566	201.616	22.174	42.598
327.873	201.178	21.599	43.047
327.325	201.431	22.440	43.254
326.602	201.949	21.754	42.951
325.513	201.914	22.240	43.794
324.472	201.764	21.984	44.233
322.837	202.210	22.829	44.221
322.206	202.001	23.735	43.358
322.324	201.251	21.751	44.770
321.676	200.710	22.421	44.407
321.269	200.584	21.962	43.914
321.107	200.210	21.408	42.910
320.829	200.359	21.746	44.964
320.324	200.250	21.896	43.797
319.498	199.775	21.330	45.957
319.306	199.495	21.224	46.554
318.910	199.351	20.388	46.729
318.151	198.593	20.913	48.246
317.301	198.374	21.537	48.624
316.828	198.273	21.550	48.042
316.408	198.130	20.935	48.851
315.419	198.550	21.937	48.280
315.243	198.716	21.842	48.011
313.615	198.320	22.383	48.868
312.529	197.974	22.336	48.962
311.586	197.589	22.368	49.264
311.173	196.937	22.690	48.580
310.783	196.383	22.318	49.336
310.116	196.529	22.377	49.315
308.993	196.662	24.119	49.793
308.786	196.694	23.576	49.638
308.713	196.277	23.904	50.227
308.553	196.386	23.476	50.224
308.713	196.173	23.472	50.216
308.223	196.445	23.881	50.645
308.203	196.609	23.868	50.493
307.938	196.745	23.753	50.052
307.902	197.191	24.311	49.867
307.989	197.265	24.309	49.952
307.997	197.282	24.121	49.431
308.277	197.512	24.528	49.453
308.174	197.579	24.579	49.548
308.952	197.265	24.176	50.021
308.981	197.622	24.586	49.030
309.473	197.546	24.666	49.166
309.631	197.596	24.496	48.841
309.630	197.563	24.950	48.851
309.967	197.696	24.868	48.832
309.530	197.276	25.397	49.001
309.768	197.233	25.354	48.801
310.247	197.266	25.085	49.090
309.974	197.066	26.063	49.059
309.736	197.008	26.121	49.123
310.025	197.241	25.834	48.843
309.846	197.334	26.255	48.837
309.783	197.374	26.348	48.803
309.924	197.225	26.346	49.511
310.399	197.547	25.784	48.739
310.707	197.553	25.843	48.823
310.730	197.770	25.382	49.044
310.608	197.897	25.729	48.839
310.997	197.853	25.710	49.100
311.383	197.869	25.226	48.829
311.728	197.592	24.963	49.190
311.758	197.039	24.787	49.358
311.638	196.830	25.215	50.343
311.486	196.764	25.262	50.592
311.664	196.521	24.922	51.072
311.063	196.503	25.759	51.256
310.769	196.309	26.314	51.861
311.157	196.505	25.585	51.893
310.723	196.660	26.592	51.504
311.309	196.577	25.744	51.895
311.588	196.589	25.690	51.767
311.555	196.553	25.884	51.875
312.055	196.748	25.359	51.440
312.261	197.124	25.375	51.216
312.705	197.715	25.557	50.959
313.018	197.397	25.565	50.653
312.563	197.768	26.457	50.564
313.494	197.935	25.956	49.717
313.582	198.039	25.953	50.152
313.623	198.176	26.666	49.734
314.422	197.953	25.903	50.144
313.922	197.937	26.941	50.231
314.984	198.074	26.340	49.788
315.019	197.809	26.442	50.169
315.562	197.780	26.302	49.593
315.848	197.819	26.064	49.826
316.094	198.261	26.033	49.649
316.185	197.902	25.941	50.125
316.796	197.691	25.511	50.235
316.238	198.057	26.248	50.276
316.539	198.106	26.378	50.368
316.329	198.192	26.307	49.507
316.813	198.764	25.669	49.733
317.157	198.584	25.569	49.247
317.383	198.886	25.212	49.300
317.323	198.598	25.316	49.454
317.383	199.034	24.910	48.965
317.433	198.914	25.154	49.073
317.074	199.398	24.959	48.635
317.018	199.054	25.117	49.042
316.257	199.645	25.739	47.978
315.554	199.596	25.859	48.750
315.517	199.819	26.301	48.283
314.310	200.099	27.643	47.822
313.148	200.402	29.358	47.473
312.457	200.400	28.266	47.790
311.297	200.071	32.126	48.736
310.681	199.842	30.829	48.408
310.119	199.663	33.306	49.017
308.989	199.958	36.136	48.040
308.355	199.678	34.191	48.303
307.617	198.881	28.396	48.079
308.103	198.161	29.911	48.487
307.230	198.259	28.063	48.187
307.130	197.802	27.187	49.028
306.559	197.892	28.099	48.804
306.257	196.994	29.697	50.505
306.119	196.864	30.356	50.093
305.117	196.849	29.282	49.641
304.747	197.545	31.341	48.364
304.430	197.763	30.599	48.100
303.715	197.654	27.369	48.324
303.117	197.497	28.273	48.310
302.536	197.596	29.580	48.001
301.927	197.631	28.835	48.317
301.543	197.469	29.731	48.470
300.531	196.501	30.274	49.217
300.349	196.461	30.989	48.760
299.669	196.201	30.767	49.202
298.914	196.043	28.670	49.692
298.218	195.495	27.569	49.947
297.646	195.599	27.362	50.422
295.978	195.540	28.686	50.150
295.379	195.458	28.676	50.422
295.220	195.527	28.059	49.924
294.142	195.052	28.916	50.604
293.464	195.009	28.263	50.348
292.335	194.686	29.309	50.630
291.383	194.190	29.256	51.399
290.010	193.723	29.768	51.481
288.857	193.314	31.787	52.083
288.119	192.600	35.486	52.051
287.172	192.110	34.749	51.698
286.825	191.083	32.882	53.168
285.610	190.235	32.299	53.570
284.813	190.059	31.107	53.473
283.445	189.084	31.065	54.568
283.301	188.743	28.464	54.145
282.613	188.852	27.825	53.821
282.030	189.087	27.860	53.865
280.544	189.599	29.131	53.328
279.796	190.263	29.388	52.327
279.818	190.399	29.342	52.679
278.141	190.743	30.442	51.209
278.169	190.452	30.540	51.333
277.196	190.153	31.633	51.436
277.105	190.099	30.179	51.608
276.614	189.797	29.615	51.598
276.156	189.705	28.764	52.085
276.130	189.214	27.324	52.304
275.796	188.923	26.736	52.668
275.401	189.174	25.785	52.408
275.011	189.326	25.268	52.681
274.326	189.742	25.457	51.657
273.644	189.955	25.024	52.214
272.708	190.167	25.283	51.772
271.482	191.068	26.037	50.588
270.535	191.534	26.504	50.193
269.387	191.667	26.554	48.853
268.058	191.783	26.457	47.735
266.842	192.251	27.183	47.252
265.395	192.304	27.645	46.080
263.441	192.691	28.709	44.867
261.451	192.777	28.919	44.827
259.838	192.475	29.034	44.762
258.784	192.453	29.113	44.483
257.813	192.323	28.722	44.763
256.115	192.127	30.219	45.462
254.058	190.714	30.240	46.846
252.427	191.450	30.179	46.610
250.900	191.313	29.317	46.574
250.075	191.392	28.212	45.971
248.698	191.472	28.126	45.956
247.125	191.582	28.121	46.114
245.647	191.844	28.263	46.026
244.227	191.884	28.882	45.823
243.036	193.652	27.590	43.489
240.886	192.867	27.871	44.089
239.107	193.231	26.741	43.346
237.203	192.583	27.241	42.958
234.885	192.221	27.730	43.114
233.054	190.837	27.571	44.894
231.194	190.002	26.689	45.945
228.642	189.430	27.591	45.793
226.910	188.634	26.912	46.286
224.915	188.278	26.566	46.709
222.343	188.616	26.269	47.065
219.740	189.473	25.998	45.707
217.236	189.999	25.612	44.265
214.253	189.758	25.795	44.022
211.177	188.559	27.025	44.925
209.139	187.547	26.456	46.266
205.953	186.660	26.965	46.668
203.492	186.272	27.499	44.297
201.762	186.475	25.653	43.756
198.221	186.997	25.592	42.430
195.874	186.849	24.962	42.562
193.132	186.181	23.082	43.100
189.388	185.083	23.442	43.929
185.643	184.628	24.235	44.889
182.264	183.550	25.238	45.208
178.413	182.881	27.089	45.932
174.857	181.723	27.103	47.103
170.727	182.163	27.299	46.234
167.418	182.170	28.709	45.310
163.252	181.910	27.135	44.977
159.651	181.091	28.901	44.988
155.437	180.626	30.777	44.838
150.781	179.486	30.324	45.498
147.036	178.464	30.630	45.491
142.792	177.730	29.697	45.076
139.994	177.677	28.211	45.043
140.336	177.454	27.380	43.461
139.636	177.242	26.965	42.633
140.010	176.377	26.670	42.330
139.518	174.442	26.848	44.114
140.030	173.761	26.830	44.232
140.549	172.527	26.536	44.654
140.100	171.652	27.098	44.101
140.388	170.910	25.971	42.584
139.485	170.692	26.226	42.090
139.880	170.562	26.157	41.669
139.561	170.144	26.942	40.983
140.037	168.864	28.138	41.774
140.731	168.040	26.846	41.121
140.348	166.080	26.650	41.995
140.164	164.214	25.952	42.317
139.801	163.796	26.035	43.002
139.054	162.846	26.119	43.026
139.524	162.683	25.722	40.925
138.843	162.253	26.265	41.141
138.989	162.356	26.196	40.325
138.264	160.098	25.321	40.413
138.389	158.234	23.943	41.018
138.374	156.780	25.303	43.471
138.606	155.996	24.574	42.017
138.746	154.459	24.527	43.203
138.544	154.536	24.554	41.403
138.652	154.109	23.750	41.292
138.748	153.454	23.267	40.754
138.780	152.478	23.404	40.846
138.995	151.885	23.592	39.909
138.674	150.351	23.932	40.887
137.460	148.922	25.038	41.038
137.183	147.779	23.840	41.252
136.983	146.736	23.985	41.416
137.411	146.755	22.302	40.057
138.543	146.350	21.737	40.028
139.764	146.643	21.040	38.484
139.526	145.871	21.414	37.992
139.924	143.807	20.532	39.334
139.593	143.184	20.164	38.129
139.467	141.261	20.492	39.915
138.671	140.042	20.712	39.261
139.767	140.233	19.899	37.700
140.180	140.120	19.279	37.484
140.159	139.520	19.358	36.450
140.022	139.316	19.615	35.813
139.648	138.834	20.163	35.759
140.228	137.177	19.645	36.340
140.305	136.004	20.250	36.530
141.350	134.982	20.821	36.285
140.907	133.700	20.684	36.622
141.650	133.300	19.823	36.068
141.787	133.359	19.896	35.241
141.661	133.345	20.229	33.855
142.944	133.132	19.607	33.437
