22.000	298.000	65.000	109.000
24.500	295.818	67.322	112.282
26.818	295.672	65.201	111.930
30.045	294.460	68.729	112.267
32.777	293.305	66.261	114.513
33.937	293.272	64.575	115.269
37.323	293.268	63.375	113.976
40.202	293.868	62.208	113.002
58.325	287.929	68.069	112.366
64.649	286.851	70.507	115.649
68.562	286.846	72.114	113.898
72.014	288.781	71.558	112.556
77.142	290.044	71.405	109.653
81.474	288.907	68.258	105.108
83.580	286.308	68.066	108.831
88.169	286.182	67.755	110.190
91.674	285.423	65.676	111.820
98.936	285.060	59.544	111.790
104.044	286.275	60.248	108.081
105.067	287.123	62.759	109.549
105.535	286.226	63.630	109.237
107.097	285.648	65.717	109.067
109.895	284.485	66.059	109.623
115.515	283.078	63.779	108.647
119.866	283.101	64.294	106.465
122.359	281.773	64.828	107.651
125.911	282.527	66.740	109.001
127.137	283.284	69.158	107.917
132.012	284.421	69.928	106.718
134.782	286.338	72.551	106.179
146.369	286.438	65.639	109.085
152.941	286.089	65.195	107.370
155.928	284.991	63.278	107.095
164.352	282.892	64.077	108.337
168.611	283.125	62.286	108.450
171.712	283.253	62.462	107.041
191.867	278.145	56.673	108.515
194.637	277.634	65.055	105.879
198.939	279.743	64.608	104.296
203.800	279.473	66.927	104.304
210.605	278.211	63.509	106.592
213.018	277.181	64.436	105.982
218.245	275.521	63.656	106.223
221.518	273.863	65.053	107.542
230.199	274.794	63.872	105.535
234.298	275.848	63.646	102.653
238.861	272.632	64.795	104.129
241.914	271.024	64.892	103.566
247.656	269.298	64.810	102.960
251.885	268.928	64.609	103.270
255.523	269.885	66.007	103.742
257.795	270.042	66.404	103.175
260.169	269.552	66.029	104.114
265.230	269.946	64.989	103.239
270.686	267.677	64.094	104.351
275.777	266.943	62.697	103.491
279.412	266.876	61.208	103.368
282.451	267.273	60.230	102.517
285.525	267.445	60.843	101.187
287.403	267.432	60.133	100.867
289.342	266.653	59.296	100.805
290.636	266.173	62.411	98.649
292.159	265.180	62.016	99.219
294.069	264.427	62.321	99.195
299.221	264.159	60.065	99.006
303.115	263.400	63.291	99.396
306.914	263.755	62.546	100.972
310.363	264.854	63.186	98.703
320.658	262.351	62.171	99.771
323.316	262.127	62.970	98.944
325.620	262.657	62.153	96.772
329.409	262.818	61.463	97.225
332.506	262.068	60.234	97.786
335.125	261.111	59.654	97.027
336.968	261.323	58.852	95.314
339.435	260.139	59.585	95.754
341.923	260.758	58.806	94.476
344.418	259.752	58.309	94.766
346.926	259.784	59.345	94.508
348.682	259.868	59.737	94.579
350.881	259.645	60.747	94.484
357.114	258.038	59.161	95.304
358.980	257.691	59.229	94.029
362.722	257.485	58.264	93.830
365.373	257.567	57.378	93.711
367.390	258.002	57.056	93.103
368.555	258.056	56.287	92.653
369.417	257.312	58.468	93.930
370.694	256.726	58.014	94.194
371.303	255.693	57.633	94.316
372.860	254.694	57.584	95.020
373.843	253.608	57.193	95.278
374.876	254.019	56.205	94.349
375.483	253.922	57.694	93.708
376.925	256.318	59.220	90.654
378.740	255.277	60.595	93.188
381.272	254.443	61.327	93.449
382.741	252.642	60.512	95.088
382.893	251.760	60.971	94.954
383.593	251.251	60.698	95.508
383.109	251.349	62.510	94.727
383.755	252.255	62.178	94.603
384.700	250.763	61.293	94.994
386.767	252.360	59.011	93.185
387.329	250.273	59.913	97.327
387.270	250.128	61.546	94.404
388.496	248.523	60.912	93.942
388.777	248.030	61.943	93.440
389.654	247.665	60.043	93.881
392.274	247.724	59.676	92.728
393.949	248.274	59.348	92.928
396.076	250.207	58.050	90.446
397.234	250.123	58.144	90.520
399.586	250.226	55.304	89.348
401.508	249.700	54.534	89.353
403.258	248.858	55.328	88.304
403.414	248.063	57.010	89.375
405.878	247.352	56.059	89.870
406.293	248.281	55.919	88.960
407.672	247.751	55.826	89.299
409.122	247.997	54.843	89.007
408.953	246.325	55.332	88.431
410.774	246.955	54.680	89.197
411.349	245.543	54.580	89.438
411.418	244.803	54.969	90.047
412.439	243.927	55.247	91.126
413.166	244.304	53.949	88.980
414.680	244.841	55.288	88.652
415.909	245.293	54.547	88.449
418.389	245.398	55.507	88.659
420.754	245.557	53.980	88.933
423.214	244.906	54.786	89.103
427.375	242.334	53.209	90.562
427.985	242.288	54.504	90.029
427.106	242.149	56.261	91.368
427.734	242.733	55.865	89.862
430.087	243.312	55.482	86.944
432.165	243.040	53.638	86.691
433.825	243.525	53.986	86.403
434.108	242.278	56.336	89.334
436.437	241.872	54.737	88.290
437.625	241.290	55.166	87.042
440.081	240.664	53.576	87.602
440.371	240.971	53.949	88.869
441.046	241.388	54.458	86.759
444.032	241.425	52.778	87.021
444.610	242.266	53.337	86.091
446.473	242.066	54.006	86.183
447.704	242.527	54.512	85.193
448.821	242.344	53.704	85.391
450.352	241.544	54.575	84.798
450.846	240.933	51.712	84.965
451.847	239.510	51.593	84.742
452.324	238.619	52.658	87.071
453.590	237.768	50.922	87.288
453.547	236.274	52.485	88.084
453.604	237.072	52.498	87.503
454.119	234.854	50.670	88.793
453.415	233.132	50.094	92.278
454.186	233.272	49.880	88.990
454.205	232.184	50.309	89.630
455.867	234.061	48.455	86.462
456.114	234.307	49.495	86.909
456.446	232.516	47.731	86.415
456.341	232.683	48.758	86.479
456.330	232.296	49.562	85.632
456.221	231.585	48.682	87.304
456.236	230.840	48.233	87.589
455.853	230.549	47.664	88.419
455.461	229.584	47.559	88.785
455.321	230.129	47.452	87.748
455.748	229.503	46.762	86.818
454.986	228.708	46.569	87.141
453.819	229.422	47.516	85.751
453.074	228.538	46.741	86.186
451.877	228.692	46.887	85.576
451.535	228.879	47.482	85.457
451.534	227.998	45.105	85.982
451.821	228.909	45.384	83.676
451.378	229.152	45.218	84.806
449.699	228.874	47.652	84.052
450.021	228.906	46.611	83.247
449.424	228.970	47.198	82.177
449.224	228.742	45.801	82.370
448.786	229.070	45.993	81.640
447.709	229.571	47.673	80.908
447.184	228.975	46.293	81.936
446.184	227.468	47.371	83.512
444.714	226.623	48.344	83.025
446.027	224.535	47.400	83.993
444.658	225.919	47.581	81.305
446.037	226.280	48.340	82.259
446.714	226.387	46.817	82.135
446.125	224.776	46.935	82.989
446.114	224.889	46.743	84.486
445.357	223.791	47.427	83.959
444.883	224.229	48.843	83.091
445.835	223.500	48.926	81.258
446.042	223.582	46.297	81.163
445.331	223.371	46.637	81.732
444.663	224.132	46.698	80.789
444.982	225.015	47.299	79.950
444.740	224.417	46.309	80.017
443.220	224.267	47.249	81.157
442.745	224.400	46.508	81.219
442.147	223.981	47.235	80.872
442.638	222.384	46.972	81.231
443.151	222.329	44.292	80.661
443.470	220.985	42.352	82.760
443.488	221.095	41.119	81.867
442.136	222.776	43.514	79.201
442.143	222.856	44.569	79.989
443.173	222.981	45.061	79.691
443.547	222.867	44.905	80.049
443.703	222.981	45.607	79.609
443.408	221.519	46.346	79.473
444.131	221.867	45.393	77.385
444.366	221.806	44.914	77.990
444.650	221.990	43.948	76.884
444.886	221.916	43.770	76.355
444.275	221.509	44.972	76.628
444.781	221.088	42.148	76.819
443.799	220.879	42.070	77.413
443.616	218.622	44.475	77.957
444.167	219.017	42.383	76.312
444.592	217.923	44.217	76.484
444.451	218.884	44.679	75.967
445.266	218.988	44.772	76.230
445.244	219.742	43.465	75.844
445.470	219.673	43.477	75.288
445.753	219.260	44.373	76.028
445.861	220.004	44.512	74.632
445.748	219.574	46.080	75.681
445.716	219.470	45.787	75.205
445.925	218.015	46.829	73.902
445.959	217.557	45.633	74.381
445.554	217.567	45.832	74.824
445.658	218.516	46.358	73.493
444.885	217.993	46.276	74.740
445.089	217.851	46.437	75.384
445.083	216.613	45.311	74.904
444.684	215.812	45.703	76.334
443.775	214.423	45.287	76.970
444.602	213.649	45.014	75.605
444.245	214.008	46.223	75.853
444.541	214.001	45.719	75.854
444.953	214.735	46.479	74.437
445.245	215.366	46.369	74.537
445.285	215.614	46.405	73.198
445.466	215.613	46.704	76.867
445.840	215.786	46.828	73.822
445.300	214.782	45.857	74.172
446.045	214.195	44.601	74.335
446.078	213.601	44.517	74.152
445.672	212.947	44.874	74.660
445.330	213.578	44.173	73.479
444.708	213.135	45.150	74.005
444.303	212.673	44.032	75.212
443.042	211.624	44.643	74.932
442.873	210.545	44.483	75.260
442.510	211.892	45.310	73.291
442.134	210.562	44.950	73.620
442.190	212.118	44.872	71.677
441.987	210.436	44.585	73.695
442.266	212.765	43.960	71.479
442.581	212.250	44.293	72.383
442.416	211.801	43.802	72.777
441.442	210.436	44.780	73.327
441.918	211.323	44.480	71.623
441.987	208.705	43.289	74.357
441.530	208.471	43.166	75.005
442.189	210.079	41.865	72.012
441.611	209.571	42.032	72.858
441.489	210.215	41.365	73.142
441.272	210.770	41.914	71.190
441.518	207.782	41.541	73.696
441.294	208.319	42.484	71.946
441.357	206.900	42.625	72.006
441.935	207.044	41.476	72.478
442.560	207.238	41.326	71.848
441.757	206.818	43.627	73.175
442.047	207.897	42.137	72.008
442.329	207.880	42.048	71.132
442.107	207.878	41.442	71.619
442.081	207.162	42.755	72.040
442.050	206.677	42.858	72.313
442.124	206.292	43.557	72.217
441.986	206.760	42.652	71.061
443.380	205.820	42.326	72.885
442.381	206.044	44.218	71.851
443.501	205.586	44.018	72.925
442.615	205.196	45.395	73.699
444.085	204.153	42.803	72.646
444.561	204.422	43.038	72.860
445.332	203.686	44.110	72.867
446.125	204.352	43.610	71.754
446.482	204.594	44.240	70.898
447.609	205.530	44.587	70.843
447.786	206.096	44.937	69.762
449.031	206.363	44.267	69.620
449.464	206.299	44.402	69.977
450.355	205.557	45.325	70.864
451.038	205.420	44.480	72.183
455.035	204.196	44.298	68.795
453.163	203.852	49.870	69.294
454.989	202.820	48.561	69.460
454.856	201.602	50.126	70.739
460.212	201.229	45.312	71.238
458.130	202.365	48.133	69.434
462.525	203.097	45.978	70.202
460.628	201.971	48.713	75.160
460.081	202.002	49.088	73.905
462.423	200.441	48.358	76.433
462.872	200.951	47.638	75.740
463.470	199.678	47.629	76.198
464.539	199.891	46.967	77.382
465.385	199.574	47.043	76.287
466.620	199.979	45.859	74.835
469.159	201.083	44.396	71.558
468.321	201.591	45.090	68.199
469.218	202.624	45.378	67.226
470.798	199.643	45.942	67.830
471.065	199.642	43.685	70.546
471.333	197.842	45.979	70.878
472.176	198.772	44.834	72.418
473.223	198.491	45.814	73.576
475.136	199.197	44.693	71.742
475.616	199.180	45.725	70.034
476.641	199.298	43.932	69.990
478.123	199.747	44.379	68.372
479.443	199.272	44.095	69.080
480.301	198.384	44.310	70.892
480.531	198.207	44.621	71.303
481.703	198.076	43.740	71.526
482.633	198.139	44.773	71.470
483.129	197.987	44.480	67.895
483.409	198.458	44.325	68.471
484.179	197.357	45.526	68.444
484.445	197.610	44.529	69.564
485.598	196.735	43.274	72.656
486.751	196.801	43.742	75.009
486.442	195.973	44.695	74.104
488.886	195.465	43.510	73.307
488.314	196.283	44.989	72.120
490.499	197.144	44.322	71.849
491.012	197.833	45.504	70.107
492.408	197.588	46.095	71.038
493.009	196.234	46.355	72.315
496.331	195.750	44.529	72.160
496.884	195.000	44.616	72.302
498.176	195.794	46.783	70.547
498.078	195.494	46.583	69.825
498.663	196.118	45.412	69.967
499.978	196.163	44.805	69.223
500.015	195.947	45.798	69.503
501.898	195.444	44.792	69.764
501.796	194.995	45.757	70.253
502.585	194.350	45.290	70.177
503.159	193.935	45.937	70.509
503.203	194.168	45.815	71.261
504.539	194.519	45.566	71.192
505.411	194.999	45.325	70.231
506.810	195.499	44.706	68.193
507.509	195.546	43.930	67.508
508.582	195.755	42.322	67.873
509.310	195.442	41.792	66.769
509.060	195.179	42.460	65.695
509.546	195.155	41.484	66.464
509.616	195.059	41.494	67.016
509.500	195.155	41.166	66.874
509.662	195.378	40.903	64.508
509.629	195.294	40.359	64.897
509.607	194.983	39.439	65.297
509.195	194.384	39.210	64.279
509.150	193.019	39.258	65.552
507.996	192.983	39.918	64.785
508.347	191.983	39.491	66.136
508.081	192.517	39.801	67.297
507.208	192.439	39.785	65.970
507.546	192.548	39.550	69.054
506.945	192.725	39.941	68.305
506.674	192.533	40.905	69.231
507.234	192.455	39.213	70.489
506.074	192.267	40.081	72.398
506.601	191.653	39.175	73.205
505.761	190.990	38.681	74.108
503.687	191.343	41.749	72.393
503.418	191.598	40.831	71.894
503.035	191.692	40.830	70.936
502.045	192.315	41.752	67.840
502.076	191.608	40.717	66.735
502.330	191.808	39.182	65.867
501.434	191.452	39.449	67.532
501.060	191.194	39.796	70.399
500.304	191.431	40.151	69.651
500.287	190.389	40.579	70.596
500.471	190.594	39.367	69.967
500.071	190.608	39.679	69.502
500.171	191.035	39.823	68.418
500.212	191.220	39.409	66.618
500.043	191.297	39.134	65.623
499.847	191.451	39.173	65.196
500.204	190.700	38.455	68.454
500.011	190.614	39.317	67.655
499.718	190.375	38.240	68.879
498.215	190.665	40.981	68.613
498.243	190.180	40.119	69.186
498.001	190.150	40.310	67.874
497.557	190.323	39.464	67.235
497.891	190.822	39.110	66.888
497.036	190.491	39.389	67.180
497.265	189.313	37.872	68.493
497.014	189.046	38.098	68.712
497.570	188.241	37.695	68.983
497.059	188.074	37.663	67.841
497.180	188.035	37.747	67.170
497.205	188.155	38.351	66.994
497.064	188.405	39.182	66.936
497.415	188.791	39.091	66.198
496.122	188.452	40.478	66.830
496.467	188.484	40.652	66.883
496.106	188.420	41.107	66.995
497.034	188.097	39.998	68.447
498.653	187.591	37.926	69.124
498.634	187.761	37.130	68.302
499.071	188.128	37.109	68.746
498.561	188.421	38.320	67.886
499.157	188.953	37.268	67.708
499.444	188.984	36.863	68.560
498.938	188.396	37.742	68.848
498.490	188.218	38.915	69.919
499.794	187.004	37.668	71.024
501.234	185.723	36.958	71.678
500.239	186.133	38.454	72.618
499.836	184.862	38.701	73.538
498.461	185.030	40.827	74.776
497.200	185.032	43.502	74.307
495.993	185.734	44.705	72.600
497.958	185.361	43.172	73.498
497.704	185.820	43.600	73.815
496.680	185.285	44.898	75.404
496.913	185.990	44.698	75.022
497.363	184.442	43.616	77.375
497.173	185.198	43.185	77.166
497.964	185.204	42.684	75.010
497.224	185.267	43.582	73.617
497.779	185.004	43.216	73.989
499.479	185.372	40.979	73.769
498.004	185.627	42.618	74.278
498.754	184.732	41.566	75.234
498.094	185.070	42.026	76.694
498.494	184.098	42.212	78.025
499.739	183.924	40.060	78.191
500.019	184.747	40.331	77.695
499.684	184.501	41.848	77.876
500.513	184.814	41.356	77.090
500.914	184.768	40.883	77.718
500.658	184.421	41.662	77.811
500.780	184.360	41.924	78.860
500.762	184.423	42.405	78.425
501.822	183.518	41.561	77.695
503.172	183.946	39.848	77.503
504.140	183.697	39.074	78.370
504.683	183.511	37.993	79.741
503.974	183.343	38.888	78.959
503.783	183.632	39.304	76.158
503.238	183.323	40.015	77.085
503.385	183.016	39.354	77.082
503.892	182.736	38.700	78.176
503.562	181.876	39.677	79.231
503.775	181.971	39.529	77.961
504.536	181.845	38.607	78.304
504.192	181.775	39.173	77.789
503.682	181.965	39.167	77.540
504.531	181.586	38.779	76.204
504.169	181.893	40.535	75.801
504.237	180.922	41.478	75.982
504.635	180.684	40.930	76.726
505.972	180.612	40.063	75.837
505.521	179.948	41.679	77.311
504.999	180.133	42.002	76.501
505.376	180.776	42.128	74.948
505.253	180.740	42.135	74.319
505.350	180.824	41.561	74.410
505.678	180.440	41.511	73.950
507.516	180.389	39.903	75.573
508.507	180.216	40.027	75.293
507.923	180.032	39.294	71.788
508.501	179.243	39.592	75.785
508.265	178.911	40.043	75.081
508.720	179.083	40.884	74.395
508.813	179.287	40.559	73.635
509.477	179.869	41.219	73.777
509.963	181.010	40.177	72.263
510.373	180.239	40.872	73.343
510.979	180.153	40.832	73.670
512.617	178.882	39.202	74.641
512.223	178.565	39.192	75.628
512.349	177.811	39.621	74.837
513.035	178.049	38.334	71.341
513.233	178.114	39.482	74.131
513.863	179.357	39.259	71.259
514.611	179.563	39.212	71.028
515.603	178.531	39.105	72.086
