307.000	118.000	38.000	90.000
306.411	117.376	36.433	90.066
305.704	117.696	36.502	90.228
305.603	117.615	35.069	91.929
303.413	117.573	36.649	89.679
303.677	117.655	34.690	90.993
302.326	117.498	34.531	91.316
301.928	118.033	35.361	91.188
300.643	118.410	36.073	90.234
300.278	118.329	35.737	89.976
298.393	117.539	36.366	90.259
298.880	117.451	34.835	89.333
298.006	117.882	35.527	89.261
296.635	117.638	35.722	88.807
296.605	117.721	34.969	89.422
295.415	117.516	35.202	89.360
293.897	117.113	34.136	90.941
292.418	116.863	34.035	91.561
290.797	116.685	35.302	92.398
290.244	117.434	35.003	90.183
288.576	117.578	35.067	90.722
287.236	117.804	35.211	90.822
285.036	117.941	36.020	89.483
285.011	118.354	35.823	90.397
283.989	118.380	35.068	88.443
283.682	118.122	35.835	89.000
282.669	117.640	35.480	89.076
283.251	117.732	33.948	88.344
282.133	117.768	30.549	89.072
282.059	115.358	27.480	93.142
281.529	115.624	26.491	92.730
281.374	117.010	26.276	91.080
281.596	115.811	25.590	92.288
280.445	116.753	26.059	91.565
281.065	116.685	24.973	90.562
279.988	117.189	25.460	89.391
280.988	118.184	23.675	89.697
279.188	118.269	25.291	88.305
280.999	120.862	21.945	85.639
280.735	120.973	22.053	86.233
278.326	121.208	24.374	83.317
276.132	121.594	26.449	82.278
273.530	122.657	28.922	80.779
270.688	122.830	29.124	80.595
269.939	118.547	31.333	82.197
273.380	117.258	31.159	84.105
269.888	117.959	30.809	82.554
273.999	117.206	30.726	78.276
267.819	119.682	32.845	76.308
275.121	118.481	29.107	79.545
270.716	122.125	32.951	75.790
277.542	122.680	30.059	77.606
270.721	121.439	32.682	78.274
278.015	117.087	28.686	80.830
272.570	119.104	29.972	80.569
270.455	118.338	32.827	78.106
264.025	116.959	36.469	81.578
270.849	116.887	31.364	82.450
268.691	117.676	32.703	80.831
273.272	116.663	30.770	81.322
269.050	120.140	29.942	78.283
272.467	119.234	32.900	76.123
268.272	117.653	31.059	80.275
276.844	117.422	28.952	79.383
276.673	114.728	27.141	81.888
270.118	116.861	33.749	79.942
273.104	112.617	28.579	84.166
273.658	115.340	29.830	80.004
278.059	117.628	25.307	77.463
280.756	117.212	23.832	79.618
278.766	116.967	23.492	83.129
279.761	116.371	25.619	84.401
279.961	118.361	23.352	81.918
280.717	117.963	23.836	85.552
280.649	119.507	24.340	87.053
281.414	118.576	24.319	89.175
280.969	119.059	26.785	88.910
281.455	119.442	30.281	86.738
281.289	119.530	32.226	87.617
281.937	119.605	33.280	87.895
282.684	120.051	33.721	86.478
282.817	120.576	34.955	88.420
282.740	119.345	35.090	87.865
283.872	119.056	34.051	88.585
283.901	118.718	34.393	89.872
284.234	118.138	34.611	88.679
286.233	118.320	34.178	89.826
289.783	117.782	31.849	90.126
288.853	116.998	32.636	92.009
290.396	116.479	32.226	91.509
293.543	117.434	31.089	88.390
294.206	117.790	31.114	89.293
296.422	117.618	30.890	90.949
296.381	118.119	31.442	90.628
299.211	118.281	29.521	91.155
299.124	118.859	31.672	90.603
300.370	118.716	30.936	89.760
301.235	119.251	32.209	89.932
301.667	118.999	32.667	89.999
303.100	118.716	32.413	89.821
305.484	118.595	31.339	90.870
305.645	117.821	32.215	91.988
305.729	118.138	32.377	91.160
307.277	118.100	31.678	90.710
307.256	118.321	33.213	90.112
308.386	118.438	34.681	90.179
308.546	119.364	35.554	87.840
308.898	119.634	38.823	88.547
309.286	120.276	43.001	87.009
311.094	120.102	39.077	87.302
311.906	120.387	38.155	86.494
313.589	120.004	37.073	87.411
314.401	119.445	37.009	88.486
315.661	119.413	36.106	88.629
316.014	118.598	36.457	89.302
316.557	118.155	35.778	89.673
317.616	117.140	35.960	90.043
319.241	117.333	34.777	89.943
319.818	117.273	34.734	89.780
320.250	117.035	35.046	90.481
319.685	117.564	36.349	88.811
319.822	118.049	36.212	88.899
320.203	118.485	35.921	87.720
320.249	117.797	35.581	87.494
323.047	117.269	33.193	88.892
324.452	118.461	32.489	87.499
326.222	117.906	31.389	89.069
327.011	116.686	30.945	90.689
328.009	117.248	29.822	90.311
328.207	116.824	29.538	91.637
328.698	117.131	29.651	91.715
329.581	116.505	29.653	92.525
330.075	115.937	29.077	93.390
330.277	116.038	28.124	92.708
330.593	116.686	28.282	91.654
331.014	117.106	28.131	91.292
330.922	116.626	28.700	91.519
331.413	116.743	28.188	91.655
331.235	116.216	28.521	92.087
331.878	115.645	28.075	93.759
331.875	115.069	28.095	94.710
332.416	115.429	28.336	94.122
332.799	115.359	27.922	94.647
333.359	115.332	27.611	94.559
334.050	116.265	28.260	92.710
334.889	115.993	28.497	92.033
335.582	116.052	29.127	92.038
337.015	117.087	29.219	90.066
336.572	117.592	30.240	89.029
336.908	117.869	30.711	89.837
338.353	117.819	30.873	89.961
338.756	118.449	31.270	90.048
339.647	118.010	31.635	90.058
340.165	118.127	33.622	90.588
341.885	118.291	38.522	90.153
342.016	119.311	43.359	90.659
343.431	117.408	41.773	91.636
346.378	117.085	38.440	91.037
347.574	118.649	38.099	90.098
348.286	116.955	38.122	91.153
350.288	117.833	38.464	90.439
351.282	117.725	37.751	90.280
353.188	117.830	36.364	89.918
354.819	116.773	35.333	91.286
355.885	117.082	34.958	91.124
357.476	117.482	34.727	90.864
359.804	117.016	33.871	92.534
361.127	117.145	34.373	93.557
363.823	117.765	32.297	92.248
364.259	117.147	32.703	93.381
366.288	117.731	32.500	93.353
366.839	118.000	33.093	92.789
368.693	117.583	33.279	93.174
368.990	117.315	33.557	93.350
370.521	117.573	33.459	92.314
372.626	116.792	33.392	92.997
374.080	117.269	32.780	92.589
374.997	117.561	33.173	92.925
376.573	117.231	37.653	93.242
376.861	118.400	42.434	91.366
378.813	117.398	42.606	92.618
380.229	118.918	42.233	90.747
381.259	118.546	41.850	91.190
382.513	118.672	41.491	91.253
382.929	118.209	40.712	90.896
383.287	117.052	41.049	91.948
384.450	117.672	39.766	91.474
385.270	117.726	40.455	91.337
388.726	117.052	37.913	91.980
390.078	116.831	37.252	91.898
393.780	116.559	34.828	92.068
395.239	116.918	33.832	91.889
395.322	116.166	32.972	93.424
397.633	116.440	32.002	94.131
398.914	116.625	31.578	94.193
400.778	116.583	31.919	94.495
401.540	116.938	31.276	94.308
403.432	116.936	30.710	93.838
403.897	117.230	30.462	93.844
405.088	116.897	30.400	93.855
406.259	117.147	30.962	93.190
407.247	117.495	30.974	92.536
408.488	116.403	31.728	92.376
409.486	117.393	32.125	91.575
410.472	115.612	31.878	93.636
412.105	116.618	32.755	93.499
412.957	117.000	32.361	93.300
413.942	116.416	36.487	94.078
414.387	116.816	38.714	92.088
415.188	116.406	38.801	92.827
417.125	117.102	38.210	92.586
417.683	117.280	37.409	92.252
419.183	118.174	36.904	91.573
419.894	117.123	36.947	92.557
420.387	117.759	37.652	91.232
421.508	117.239	37.094	91.030
421.738	115.912	37.623	92.673
422.801	116.124	38.426	92.365
424.691	115.816	37.319	92.526
428.476	115.199	35.197	93.482
431.084	115.123	33.991	93.508
432.715	114.818	32.657	95.098
432.955	115.217	34.878	94.149
435.298	116.448	34.495	91.974
435.601	116.463	34.921	92.058
436.627	116.256	35.159	92.108
438.062	118.035	33.445	90.042
439.852	117.059	33.252	91.339
442.144	117.273	32.864	92.394
443.308	116.791	33.608	92.692
444.066	116.273	34.851	93.200
444.208	117.582	37.008	88.626
446.289	117.212	35.952	87.952
446.917	117.201	36.541	89.315
449.032	118.060	35.497	87.838
451.127	116.589	35.033	89.852
453.461	116.232	33.685	89.974
454.942	116.959	33.917	88.858
455.568	117.159	33.784	89.616
457.797	116.100	33.290	90.061
460.924	115.427	32.471	90.322
462.314	114.786	32.463	91.270
464.760	114.536	31.468	89.766
466.063	114.171	31.778	89.743
467.249	114.248	32.605	88.351
468.174	113.573	32.537	89.802
469.114	114.010	32.799	87.950
469.641	114.407	33.683	87.279
470.289	115.027	33.771	84.927
471.396	115.530	33.589	86.070
471.975	115.596	34.158	86.559
473.091	115.393	34.412	85.407
474.407	115.111	33.902	86.158
475.227	114.916	33.818	86.711
477.235	115.432	32.960	86.457
479.037	115.712	32.565	85.787
480.078	115.474	32.947	85.695
479.646	115.491	34.165	86.477
481.878	114.923	32.714	87.086
481.558	115.362	33.457	86.167
482.110	115.323	33.587	87.177
483.701	115.001	32.668	86.561
484.718	114.615	33.149	86.738
485.897	115.410	33.589	86.498
486.525	114.019	34.403	88.071
488.441	113.880	35.037	88.626
488.761	114.039	35.982	88.900
489.729	113.435	36.933	88.709
489.256	113.694	38.244	89.778
474.099	115.883	46.861	91.353
445.586	116.739	44.573	91.450
426.316	116.415	46.012	90.374
386.455	118.251	47.953	87.378
347.885	116.419	48.154	90.508
324.528	118.701	46.042	88.664
306.388	119.831	46.472	86.512
266.008	120.580	46.420	84.601
247.196	120.223	46.111	88.042
250.175	118.835	41.056	89.144
248.441	119.065	40.525	87.679
248.904	119.416	39.219	88.578
247.529	120.127	38.501	87.520
246.927	120.180	38.619	86.675
245.954	119.614	36.612	86.895
244.980	119.198	34.859	86.537
243.435	119.896	35.087	86.353
241.939	120.455	35.317	83.841
239.600	118.926	35.521	88.655
238.929	120.113	34.262	85.266
237.127	120.521	35.571	82.512
236.536	120.850	36.005	82.715
235.254	121.138	34.800	82.168
234.855	120.787	35.280	82.200
233.153	121.344	34.221	82.992
232.406	122.097	34.179	80.851
232.521	122.963	32.603	79.430
231.639	123.276	30.333	77.824
230.288	122.270	32.098	78.886
229.662	123.115	30.648	78.092
230.204	120.032	35.884	78.595
281.048	121.818	36.855	79.766
294.724	120.124	34.830	82.376
293.855	120.766	33.302	81.975
292.727	120.674	33.422	80.199
291.820	120.684	32.949	81.270
291.635	120.871	31.920	79.920
290.455	121.630	33.538	76.529
289.231	120.771	31.586	81.833
288.901	120.603	31.425	81.096
294.494	120.561	37.671	77.841
320.470	117.394	36.667	85.825
353.910	116.903	36.215	87.738
355.081	117.111	33.062	87.847
353.542	116.707	33.284	88.131
352.455	116.949	32.559	89.285
350.572	116.470	33.161	91.429
348.086	116.264	36.007	91.721
343.209	117.260	40.553	91.593
340.178	118.179	41.032	90.307
336.738	118.600	43.800	91.443
335.955	118.149	42.688	92.723
335.864	118.872	42.333	91.620
335.186	118.739	41.783	92.404
333.830	117.410	41.471	93.543
333.549	118.118	39.474	92.530
331.933	117.586	39.134	92.104
331.264	117.570	39.543	92.281
328.833	117.623	36.911	91.777
327.460	117.230	33.453	92.405
326.557	117.654	33.948	93.308
325.202	118.270	33.635	92.449
324.098	117.474	33.633	92.535
323.136	118.412	34.230	90.867
321.724	119.485	34.725	90.084
320.981	119.800	35.074	90.651
319.123	120.237	35.508	89.258
318.375	119.679	34.338	90.584
316.614	118.810	32.947	90.040
315.725	118.719	31.830	92.687
314.065	118.644	30.473	91.623
312.015	119.764	29.807	91.147
310.725	118.582	30.238	91.515
308.404	119.240	31.798	91.480
292.057	119.345	45.643	92.189
295.718	122.017	40.155	88.735
294.311	120.039	39.790	89.812
292.456	119.628	39.070	90.331
290.487	120.088	36.366	89.447
288.140	118.496	30.981	92.462
285.744	118.561	30.659	92.791
282.114	119.059	32.855	92.412
280.977	119.468	32.174	92.082
279.020	119.700	30.791	92.587
275.091	118.903	32.443	92.526
272.635	118.833	32.085	90.855
269.917	118.296	31.187	92.012
267.827	118.541	30.884	92.209
259.741	118.091	37.403	92.737
259.027	120.120	36.382	89.623
256.036	120.818	37.160	89.179
255.519	119.463	37.369	90.872
251.484	118.877	38.444	91.334
248.767	118.425	35.288	91.131
246.860	118.941	31.559	91.869
244.403	117.498	32.107	93.854
241.893	119.114	31.188	92.541
238.347	118.960	30.824	91.563
235.135	117.997	31.339	92.001
231.322	116.820	32.133	91.439
230.665	117.632	30.745	90.955
223.843	118.168	37.144	91.530
221.070	121.342	38.077	87.328
218.571	121.886	38.786	88.155
215.267	119.698	39.090	89.498
212.315	119.729	38.115	88.387
209.865	118.639	34.815	89.229
207.966	119.321	35.225	90.035
205.836	119.939	35.606	89.347
203.598	120.364	36.115	89.773
200.227	118.917	36.488	88.313
198.710	119.369	33.695	87.541
195.394	119.044	32.212	89.954
190.341	119.494	34.392	89.226
187.932	119.923	34.863	89.691
185.244	119.916	37.526	89.770
185.261	121.115	34.222	86.814
185.333	119.733	27.494	87.830
184.982	118.206	24.440	91.536
184.191	120.968	24.345	87.495
181.865	121.616	25.261	85.918
171.395	118.266	31.456	87.691
173.336	120.082	33.625	82.783
163.667	121.383	37.099	80.781
166.472	120.016	34.434	84.913
168.944	120.444	36.431	84.937
171.488	115.515	35.974	88.725
167.111	114.679	37.184	86.934
246.614	110.078	33.077	88.413
245.057	114.042	32.439	87.693
247.163	114.042	31.456	90.721
244.909	112.524	33.131	91.666
233.710	114.123	40.417	92.657
224.081	116.990	44.569	92.583
226.858	112.647	34.022	92.863
223.460	111.829	32.647	90.844
142.335	127.733	32.059	81.153
142.079	128.333	28.367	79.872
141.081	124.390	27.083	82.035
137.331	123.855	28.462	84.001
132.206	121.777	29.925	83.324
133.523	125.452	26.559	82.634
144.072	118.309	32.757	89.478
143.921	121.229	37.506	85.791
144.288	121.925	36.119	85.670
144.564	123.472	36.133	82.014
144.244	124.114	33.924	82.938
140.887	122.643	35.230	82.727
151.878	116.837	43.507	84.793
174.886	114.071	32.435	92.501
180.731	118.847	24.517	86.236
184.096	119.167	25.142	89.125
183.691	118.017	25.986	90.535
185.201	120.480	25.009	88.691
185.833	119.007	27.192	88.161
186.134	119.820	30.899	88.271
186.355	119.987	35.079	88.787
186.976	121.155	44.166	85.697
188.750	120.833	42.970	86.176
191.140	121.082	40.819	85.227
195.155	119.188	39.204	86.654
199.752	119.531	37.697	86.904
206.650	119.004	33.344	88.821
209.053	118.844	32.674	88.315
211.889	118.527	31.391	89.409
214.431	119.410	31.385	89.057
216.270	119.299	31.348	89.697
218.060	118.280	31.266	90.472
220.542	118.563	31.155	88.327
221.262	117.395	32.738	90.874
223.644	117.833	31.584	91.035
225.651	119.119	34.849	89.069
228.946	120.274	37.908	87.665
230.751	119.033	37.911	88.743
232.567	117.339	39.185	90.324
240.995	117.833	31.825	87.963
245.822	117.972	28.842	89.616
247.592	118.216	30.522	91.687
249.528	117.245	30.289	93.549
251.234	118.549	29.349	91.477
252.650	118.075	31.278	91.889
254.187	116.528	34.339	94.231
254.334	117.781	35.520	92.276
256.649	118.301	37.350	90.203
258.137	120.605	44.053	88.647
260.534	120.792	42.213	87.829
261.817	119.913	42.365	89.546
266.323	118.630	39.306	90.806
270.196	118.457	37.829	89.850
275.870	117.653	33.831	92.080
278.619	118.196	33.193	92.654
282.334	119.074	32.431	92.099
284.532	119.507	32.799	92.278
286.586	119.123	32.904	90.839
289.011	119.755	33.430	91.161
290.728	120.175	36.948	90.105
293.532	120.833	40.623	89.615
295.115	120.942	41.753	89.311
297.231	120.692	39.879	89.439
298.038	119.299	40.152	90.338
300.564	119.199	39.047	90.178
306.066	118.019	35.893	91.171
310.136	117.422	32.931	92.194
312.729	117.831	31.508	94.059
315.158	118.062	31.953	93.075
318.418	118.577	31.270	93.447
320.573	118.249	32.321	93.014
322.172	118.520	33.410	92.112
325.140	119.155	31.669	92.177
326.730	119.042	34.282	92.671
328.303	120.574	39.835	91.265
328.703	119.306	39.853	90.733
329.603	119.282	40.488	90.935
332.341	118.306	39.230	92.483
334.347	117.501	39.856	92.719
337.027	118.633	39.447	90.212
342.276	117.853	36.381	91.806
344.812	118.871	35.021	90.217
346.177	118.836	35.104	90.733
347.568	118.580	34.867	91.047
348.419	117.971	34.168	91.554
349.209	117.745	35.983	90.759
350.329	117.505	34.828	90.341
350.768	117.958	35.861	90.768
350.546	118.165	36.666	91.865
350.814	117.333	36.792	94.432
354.278	117.476	36.138	91.562
356.664	116.259	36.730	93.308
357.992	117.124	38.058	91.417
358.517	116.810	40.442	92.132
359.635	117.092	40.371	92.564
359.328	117.251	40.444	91.719
358.536	117.388	40.651	92.430
359.032	117.065	37.665	91.708
357.955	116.837	35.642	92.521
356.255	117.002	35.854	92.310
354.061	118.281	35.386	88.585
351.140	117.676	36.466	89.262
347.782	118.333	37.513	89.731
345.954	118.018	35.589	90.414
340.278	118.251	39.168	91.865
338.326	119.969	38.271	90.653
336.693	118.815	37.166	89.956
334.337	118.615	35.782	92.021
328.868	117.987	34.456	91.384
326.484	118.465	33.229	92.077
324.880	118.643	33.644	92.110
322.973	118.905	34.363	91.763
320.546	118.908	34.404	89.711
317.768	118.296	31.741	92.060
313.803	118.084	32.223	92.788
307.221	118.536	37.410	92.011
302.492	120.568	40.352	89.516
300.107	119.634	40.565	90.891
297.491	119.400	41.135	91.303
294.794	120.073	39.167	88.884
293.399	120.049	35.706	89.118
292.510	119.763	32.780	91.032
291.170	119.495	30.553	91.058
289.971	120.032	31.023	90.809
289.138	120.253	30.583	90.466
286.281	119.483	32.478	91.543
285.154	120.786	33.220	89.943
281.954	119.434	34.015	91.289
278.651	120.513	33.811	87.601
275.923	119.371	31.059	90.227
272.624	118.059	31.890	92.337
263.542	120.351	39.771	90.377
262.383	121.202	38.813	88.741
261.880	121.765	38.480	87.821
258.743	119.794	40.208	90.878
253.856	118.410	40.572	90.093
252.040	119.637	33.193	90.692
250.540	119.138	31.985	92.040
249.579	118.003	31.258	93.489
248.028	118.040	31.407	92.630
247.807	118.540	31.484	93.415
246.615	118.881	32.306	91.643
244.805	118.290	32.911	92.013
242.593	118.485	30.813	90.553
239.359	117.710	30.560	91.320
236.210	119.243	31.045	89.628
229.959	118.859	35.150	91.168
225.497	119.899	39.980	88.729
224.558	119.606	37.852	88.660
224.785	120.581	36.874	87.894
224.697	120.605	35.878	87.901
223.411	120.360	36.640	88.916
221.081	121.094	37.001	88.225
219.072	119.877	37.779	89.336
218.169	120.468	36.397	88.325
216.302	119.313	33.119	89.011
214.909	119.200	31.848	89.245
213.682	118.847	31.714	90.227
211.927	118.514	31.391	90.888
210.471	118.716	32.401	91.535
208.636	118.741	33.121	91.877
206.669	117.541	34.545	91.481
204.632	117.868	34.933	90.914
204.053	117.827	35.439	89.307
202.041	117.191	36.929	90.385
201.473	117.427	34.568	89.803
200.734	117.157	33.259	90.989
198.086	116.809	33.074	92.751
195.037	117.415	34.884	92.725
192.784	117.723	35.948	91.029
190.554	118.000	37.137	90.366
188.878	118.080	37.364	90.024
187.542	117.896	38.639	89.993
