421.000	100.000	19.000	48.000
418.847	99.049	18.992	49.887
418.399	99.159	18.587	49.926
416.515	98.973	18.736	50.704
415.748	98.919	18.643	51.080
413.693	99.076	19.611	50.922
410.571	99.045	22.080	51.089
408.556	98.342	22.221	52.143
407.777	98.757	20.951	51.486
405.806	97.704	19.972	52.591
405.557	97.859	19.290	52.517
404.429	97.644	18.548	52.559
402.751	98.311	18.492	51.854
401.360	98.246	19.700	52.166
400.002	98.305	20.051	51.992
396.598	98.898	21.542	51.234
396.121	98.705	21.261	51.350
395.152	98.269	20.421	52.167
394.289	98.945	20.140	51.421
392.699	98.488	19.343	51.636
391.936	98.647	18.817	51.415
390.115	98.746	19.238	51.806
387.338	99.627	20.837	50.887
385.447	99.290	22.327	51.037
382.551	98.556	23.208	51.810
381.463	99.241	24.449	51.365
380.349	98.901	22.415	52.120
380.064	98.253	21.299	52.735
379.104	98.646	20.444	52.113
377.985	98.658	19.767	52.418
376.683	99.092	19.359	51.665
374.940	98.992	19.576	51.777
373.096	99.210	19.591	51.264
369.905	99.347	21.563	51.145
369.816	99.268	20.741	50.957
368.683	99.638	20.378	50.447
367.077	98.920	20.234	51.204
361.374	99.748	21.423	51.342
355.831	100.154	21.917	50.123
354.320	99.586	20.470	50.638
352.156	99.416	20.661	50.748
351.144	99.130	20.407	51.742
349.957	99.033	20.221	51.399
348.592	99.435	20.169	51.297
347.594	99.913	20.712	50.203
345.569	99.370	20.976	51.143
344.702	99.545	20.727	50.851
341.826	99.777	20.401	50.608
340.035	99.138	19.742	50.752
338.115	100.116	20.329	49.717
336.473	100.139	21.349	50.937
335.619	99.799	21.537	50.564
334.188	100.348	21.142	49.599
332.188	100.332	21.904	50.391
330.159	99.945	21.173	51.327
325.702	100.085	21.246	51.705
322.396	100.127	20.497	50.684
320.011	100.974	20.910	50.289
318.557	100.624	20.187	51.313
316.671	100.362	20.660	50.474
315.282	100.497	20.749	49.947
314.221	100.074	19.905	50.483
312.702	100.485	21.792	50.453
311.575	100.637	21.842	50.564
308.458	100.603	23.924	50.459
306.265	99.804	25.034	51.670
305.360	100.043	24.310	51.646
303.663	99.955	24.415	52.043
303.472	99.757	22.552	52.052
302.115	99.989	21.143	51.451
301.426	100.078	20.376	51.030
299.978	99.876	20.767	51.001
299.029	100.589	20.628	49.942
296.332	99.866	21.568	51.353
294.554	100.752	21.707	49.174
293.859	100.534	21.411	49.888
292.923	100.228	21.053	49.934
292.089	100.128	20.008	50.295
290.584	100.564	21.662	49.974
289.479	100.210	20.574	50.361
288.077	100.263	20.076	50.285
285.014	100.803	22.792	50.147
282.959	100.532	23.399	49.845
282.576	100.859	23.096	49.876
281.397	100.966	22.554	49.753
279.806	100.928	23.181	50.357
278.929	100.429	21.433	50.878
277.188	100.837	20.974	50.324
273.019	100.540	19.881	50.584
267.395	100.409	20.551	50.494
264.357	100.027	21.374	50.800
261.917	99.644	21.385	51.000
260.738	99.804	21.756	50.519
257.252	100.393	23.943	50.434
257.455	100.982	23.763	49.768
257.426	100.453	22.472	50.424
253.347	100.948	21.537	50.323
248.497	101.410	20.606	49.929
246.026	101.211	21.100	49.733
244.262	101.450	21.410	50.482
242.417	101.033	21.126	50.023
241.336	101.818	20.911	48.851
238.610	100.638	21.869	50.676
234.139	100.127	23.877	50.661
229.848	101.415	21.967	50.616
224.578	101.431	20.238	49.869
220.158	102.422	21.813	49.527
218.252	102.538	21.277	48.772
216.801	102.444	21.241	49.213
215.668	102.042	21.796	48.514
214.076	101.982	21.677	48.795
213.169	102.439	22.757	48.579
210.354	102.331	23.555	48.425
207.002	102.525	24.671	48.276
207.986	102.311	23.103	48.871
205.632	101.967	22.228	49.346
203.702	102.164	21.515	49.110
202.522	101.509	19.896	49.823
200.963	101.592	19.828	49.881
200.842	102.041	19.906	49.143
197.975	102.699	20.861	48.283
197.805	102.561	21.155	48.391
196.482	102.330	21.259	48.939
194.839	102.039	20.332	49.091
193.149	102.019	20.202	48.740
191.690	102.332	19.743	48.582
190.721	101.929	19.445	48.867
188.711	102.546	18.858	48.517
185.457	102.394	21.030	48.384
185.204	102.813	21.436	47.946
183.325	102.386	21.927	48.595
181.972	102.340	20.802	48.611
180.869	102.567	19.877	48.863
179.493	102.272	20.168	48.867
177.397	101.044	21.489	50.614
176.020	101.055	21.628	50.274
174.160	100.822	21.616	50.159
173.212	102.113	21.238	49.145
171.208	101.870	21.521	49.209
171.530	102.767	21.994	48.386
170.409	102.668	21.611	48.168
170.047	103.406	21.002	47.353
167.632	103.106	19.536	47.438
165.745	103.184	18.902	47.531
161.874	103.172	21.410	47.399
159.247	103.722	23.265	46.892
158.640	103.005	23.336	47.344
158.866	104.032	22.167	46.048
156.773	103.288	21.440	47.044
156.770	103.689	20.888	46.545
155.924	103.438	18.949	47.253
155.060	104.047	17.972	45.931
153.510	104.022	17.441	46.470
152.850	103.074	18.131	47.710
150.891	104.110	18.625	46.331
149.014	103.726	18.495	47.051
148.247	103.752	19.520	46.381
146.659	102.607	19.900	47.326
146.181	103.261	20.081	46.837
144.630	102.659	18.668	47.155
143.231	102.857	17.599	47.270
141.419	102.873	17.366	47.397
138.787	102.148	18.293	48.984
137.374	103.474	19.489	46.689
136.673	103.626	20.335	46.737
135.318	103.513	20.003	46.852
133.878	103.432	19.028	47.104
133.323	103.857	18.635	46.567
132.100	103.336	17.614	46.916
130.680	103.131	16.970	47.396
129.154	103.083	16.868	47.487
128.357	104.044	16.913	46.914
126.933	104.223	17.826	46.386
125.958	105.044	18.524	45.114
125.580	104.335	17.639	45.249
124.065	103.986	16.817	45.186
123.186	103.856	17.317	45.533
122.087	104.065	17.227	45.330
119.710	104.469	18.740	45.209
118.401	104.640	19.444	45.090
116.956	104.525	18.967	45.101
115.854	103.668	18.619	45.978
114.475	104.259	17.597	45.715
113.418	103.677	16.979	45.977
112.306	103.034	15.987	46.544
112.361	104.134	15.607	45.731
111.312	104.064	15.874	45.598
110.448	103.487	16.302	45.779
109.483	103.590	16.125	45.964
108.143	103.964	17.161	45.901
108.279	104.929	17.098	44.171
107.698	105.498	16.563	43.166
106.580	105.360	17.254	43.800
105.956	104.358	17.282	44.758
105.153	105.339	17.487	43.321
104.149	105.708	17.508	42.987
103.047	104.736	16.747	43.842
102.588	105.033	16.648	43.920
101.476	104.880	16.860	43.504
100.506	104.324	15.868	44.553
99.804	104.522	16.230	43.943
99.199	104.522	16.332	43.347
98.484	104.942	17.030	42.663
98.529	104.903	16.470	42.377
97.727	103.944	16.817	43.477
97.292	103.680	16.622	44.227
96.675	103.080	17.145	43.177
96.626	103.169	16.169	43.235
95.374	102.082	16.456	44.960
95.159	101.468	16.561	45.825
93.935	102.121	17.102	44.515
93.401	102.639	17.511	43.614
92.160	102.218	17.416	43.807
90.263	102.171	16.977	43.434
89.837	101.670	15.738	44.669
88.168	101.253	16.587	44.958
87.716	102.073	16.160	44.204
87.267	100.319	16.332	46.071
87.125	100.715	15.911	45.407
86.868	100.672	15.673	45.714
86.553	99.700	15.746	46.730
86.151	99.905	16.341	46.068
85.663	101.315	15.508	44.239
85.235	100.490	15.683	45.512
85.035	99.890	15.326	45.995
83.047	99.747	16.613	45.353
81.167	102.393	17.390	44.471
78.079	99.041	18.191	45.798
83.266	100.470	15.949	44.136
76.535	98.304	19.769	46.693
79.205	100.738	17.132	43.719
76.680	99.084	19.079	46.639
77.622	97.463	17.972	48.447
77.851	100.409	17.560	47.785
74.897	99.082	18.812	46.092
73.875	99.907	17.086	44.205
72.888	100.320	16.482	42.816
72.138	98.395	14.687	44.526
72.233	97.631	15.616	45.651
70.747	98.249	15.842	45.675
69.978	97.846	15.681	45.061
69.642	97.970	16.260	45.757
68.522	98.006	15.337	45.254
68.760	98.535	16.337	44.947
67.736	97.332	17.208	46.089
67.055	98.224	18.132	45.095
66.609	97.667	18.053	44.998
66.635	97.222	17.692	45.788
66.256	97.079	18.291	45.850
65.497	96.732	18.056	45.873
65.355	95.936	17.413	46.057
64.743	95.939	16.931	46.143
63.680	95.393	17.062	46.637
63.159	96.998	17.285	44.955
60.844	95.610	18.213	45.986
59.896	96.375	18.461	45.111
59.041	96.742	18.803	44.601
58.415	96.129	17.899	44.703
56.955	95.856	18.536	45.492
56.936	96.151	17.356	45.558
55.371	95.393	18.064	46.124
54.317	96.558	18.474	45.343
53.605	96.865	19.194	44.819
50.423	96.270	18.656	44.927
48.222	95.319	18.372	45.692
44.788	95.415	20.903	46.468
42.785	96.618	20.937	44.675
42.545	96.843	21.660	45.131
41.123	98.918	22.282	45.605
40.233	96.833	22.157	46.938
39.042	98.169	18.146	45.908
37.639	97.732	17.570	45.935
37.278	96.820	17.642	46.232
35.685	97.966	18.350	46.065
34.332	97.771	18.602	44.955
34.400	97.776	17.697	45.750
33.522	97.414	17.351	46.320
33.076	97.541	17.443	45.717
32.206	96.244	17.511	46.178
31.486	97.254	17.066	45.796
29.506	96.938	18.358	45.416
28.424	97.441	18.527	45.537
28.248	97.472	18.706	45.361
26.350	97.050	18.472	45.330
26.418	96.604	18.092	45.735
24.753	96.063	17.996	46.071
24.495	96.301	18.132	45.656
24.009	96.534	17.425	46.350
