279.000	189.000	20.000	52.000
278.563	188.323	22.406	52.835
279.514	188.982	21.321	53.385
280.823	189.520	21.031	53.383
281.548	190.733	20.836	52.027
282.515	190.956	20.636	51.130
284.124	189.763	20.394	53.063
284.642	189.297	20.975	53.855
286.004	189.888	22.371	52.076
287.722	190.717	22.032	51.033
289.383	190.426	21.551	51.182
289.726	189.956	21.398	51.251
291.424	189.466	21.822	50.948
293.292	190.644	21.680	50.000
293.462	191.298	22.536	49.434
295.842	191.612	21.711	54.508
296.589	192.775	22.153	53.437
298.396	191.805	21.423	55.245
301.031	193.012	20.503	54.555
301.586	193.068	20.643	55.019
303.312	193.929	20.269	54.076
305.063	195.623	19.519	53.938
304.691	192.790	21.147	57.100
304.709	194.151	22.175	55.840
305.789	195.525	22.161	55.349
306.875	197.032	22.505	55.132
307.944	196.537	22.385	55.688
308.885	195.626	22.265	56.906
310.334	195.456	22.123	58.341
311.838	197.139	21.928	56.948
312.541	197.969	23.498	57.089
313.287	197.807	23.783	57.323
314.588	197.295	24.844	57.835
315.777	198.174	24.955	57.143
317.707	199.995	24.143	56.552
318.456	200.127	23.736	55.837
320.923	197.982	23.046	58.715
322.824	197.748	22.217	59.841
323.439	199.976	23.397	57.893
325.153	201.807	23.033	56.911
326.686	201.640	23.708	57.325
327.218	201.624	23.884	57.642
328.613	201.870	24.371	56.733
330.833	202.507	23.218	57.291
331.907	203.222	23.175	57.076
332.347	204.007	23.679	55.591
333.707	202.815	23.666	57.487
334.691	203.086	23.172	55.579
336.005	202.121	23.900	58.809
337.937	204.479	23.636	56.108
338.752	205.311	25.092	56.330
339.635	205.954	24.935	55.940
342.776	205.014	23.914	56.924
343.333	204.624	25.816	59.248
346.159	205.969	24.556	56.974
348.425	206.125	23.303	58.653
350.005	206.569	23.436	58.895
351.498	206.837	22.998	57.033
353.038	205.594	22.564	58.337
354.285	206.507	22.946	58.104
355.368	206.792	23.406	57.338
357.966	208.493	22.467	57.397
358.248	209.433	23.737	56.420
359.534	209.665	23.545	56.346
361.457	208.228	23.296	56.811
363.196	208.931	23.835	56.812
363.460	209.261	24.576	57.562
366.350	210.828	23.746	57.772
367.494	210.475	24.869	61.912
368.700	211.508	24.527	58.344
370.191	210.386	24.461	62.003
371.556	210.588	24.123	62.505
373.061	211.754	23.717	61.027
373.988	212.115	24.912	60.177
376.078	212.890	23.860	60.943
377.512	212.359	23.504	62.158
378.960	211.594	24.318	63.500
378.843	211.972	25.500	64.006
380.444	212.870	25.283	64.029
381.862	213.950	25.307	63.556
383.519	215.437	24.700	63.011
384.480	214.654	24.290	64.430
385.857	213.697	24.585	66.516
387.144	213.620	24.406	65.875
388.658	218.071	25.923	62.382
391.223	219.275	25.990	60.975
393.633	216.688	25.599	64.296
395.017	217.773	26.009	62.900
396.947	218.583	25.658	65.681
398.466	220.443	25.660	64.267
400.791	220.192	25.206	64.601
401.603	219.147	24.972	66.931
402.846	219.005	25.484	67.792
403.527	220.353	25.803	66.188
405.465	222.207	26.166	65.529
406.806	223.268	26.227	63.478
408.926	222.335	27.072	66.020
410.619	222.746	26.374	65.058
412.436	222.394	26.756	66.947
415.259	224.182	26.053	64.599
416.956	225.055	25.607	64.710
419.137	225.203	25.300	65.351
419.934	225.418	25.221	65.785
422.863	224.088	24.764	66.054
423.435	225.921	26.242	65.068
425.849	227.697	26.718	63.773
427.126	227.824	27.240	66.388
430.628	228.070	26.021	66.954
433.438	227.709	25.736	65.990
434.584	227.621	26.609	66.872
437.712	228.975	26.462	65.596
438.844	230.752	27.017	63.685
441.170	231.379	26.760	65.286
442.648	231.526	25.893	64.704
445.532	230.440	25.255	66.233
446.770	231.766	26.591	66.613
449.699	233.063	25.545	66.890
450.797	233.169	26.675	67.683
452.968	233.190	27.229	69.081
455.930	231.360	27.335	70.649
457.900	232.793	27.399	69.349
460.143	231.637	26.507	69.577
464.488	235.678	25.715	69.395
465.296	237.242	25.974	67.083
468.920	235.985	25.067	69.129
471.654	234.060	24.034	73.848
472.345	235.200	23.754	72.241
474.376	237.136	27.097	67.061
476.877	241.613	26.286	64.654
482.055	233.573	27.539	68.367
484.109	235.482	27.644	69.962
485.679	234.464	26.891	70.130
486.532	236.791	24.607	73.875
486.304	238.142	25.974	72.303
481.227	230.048	27.569	73.783
483.906	232.789	25.383	68.033
485.734	231.990	24.120	70.216
482.779	230.647	25.098	53.770
484.221	230.218	23.450	50.269
485.431	230.293	22.910	53.545
485.071	231.025	21.762	51.521
485.547	231.051	21.991	49.789
485.308	231.427	22.318	49.498
484.975	231.258	22.587	50.710
485.383	231.689	22.365	54.392
484.525	231.653	23.100	49.699
485.600	231.276	21.247	50.024
484.127	230.931	22.849	52.251
485.383	230.454	21.800	52.868
485.342	230.363	22.168	49.997
484.761	230.875	22.945	51.536
487.177	230.509	19.178	45.470
500.960	228.483	31.635	60.487
515.232	219.078	31.173	69.177
561.298	255.494	29.037	73.055
566.333	258.223	26.540	70.133
572.191	261.479	26.806	69.726
575.334	261.223	29.760	73.346
579.314	259.632	29.362	70.679
584.564	262.044	26.166	73.203
588.756	260.830	23.990	68.161
