206.000	161.000	38.000	64.000
205.840	161.950	36.653	65.685
205.703	161.777	36.111	66.572
205.370	161.792	36.440	67.221
204.995	160.841	36.131	70.007
205.137	161.613	36.035	71.444
203.513	161.702	36.921	72.513
203.275	161.130	37.327	74.104
201.734	159.438	38.082	76.289
200.863	155.730	39.127	77.095
200.116	154.942	39.430	80.963
201.360	157.021	37.511	76.011
202.398	158.770	37.332	74.725
199.331	155.338	37.068	76.723
203.231	160.709	35.898	71.644
197.566	155.211	39.875	77.994
196.113	155.694	37.916	77.272
200.642	159.603	37.923	73.575
195.276	152.150	36.334	80.487
200.704	157.966	38.633	76.817
196.878	151.986	36.885	79.706
202.596	159.098	38.085	74.418
196.127	149.365	38.398	82.410
197.920	151.519	40.241	82.340
202.765	159.157	39.121	75.054
197.909	149.565	35.218	82.463
200.768	152.633	37.310	79.256
201.413	154.813	37.685	79.520
201.444	155.262	37.274	78.442
201.706	158.216	38.086	76.221
202.176	161.781	36.998	70.320
203.277	162.857	36.983	71.302
204.312	162.075	35.484	71.921
204.544	161.829	34.535	74.175
205.001	162.707	34.775	72.625
205.847	161.503	34.523	74.769
206.264	161.646	34.301	73.923
207.483	161.189	33.334	72.015
208.175	160.287	32.759	73.069
208.687	160.699	32.286	72.930
210.035	159.574	31.763	78.228
211.005	159.399	30.430	77.872
211.034	159.112	30.783	77.105
211.726	159.287	29.897	78.136
212.543	159.365	30.077	77.765
212.032	158.357	32.091	77.838
212.550	158.534	31.439	77.830
212.627	158.770	32.228	76.222
213.356	158.906	33.181	76.584
213.620	158.040	33.141	79.282
213.999	158.088	34.717	79.012
214.188	159.032	35.912	78.476
214.443	158.029	37.871	78.671
215.392	158.741	38.937	79.042
215.659	159.215	39.905	78.183
217.163	158.965	41.625	78.056
218.240	159.628	41.615	76.682
219.507	159.633	43.359	77.323
220.394	158.894	43.465	77.851
222.424	159.729	43.160	77.758
223.562	160.873	43.610	76.907
224.883	159.157	43.073	78.054
224.702	159.860	43.799	77.099
224.412	159.648	45.303	77.788
223.696	160.544	44.966	77.421
223.905	159.761	44.599	77.712
222.534	159.914	45.564	77.510
222.015	160.907	45.464	76.869
220.800	160.503	45.831	77.268
220.442	160.433	44.833	77.764
219.262	160.991	44.283	77.203
218.452	160.711	43.828	77.721
216.848	160.354	43.659	77.825
215.870	160.247	43.557	78.079
214.080	160.334	43.426	77.799
213.676	161.367	42.604	77.278
212.740	160.113	42.530	79.109
212.010	160.048	42.454	78.491
211.215	159.636	42.343	79.240
209.732	160.307	42.774	78.988
209.603	161.088	42.609	79.173
209.347	160.628	42.865	79.837
208.598	160.047	44.103	79.544
208.033	161.009	44.623	78.318
206.696	160.806	47.423	79.840
206.579	160.026	48.036	80.773
206.409	159.706	46.087	81.516
205.868	159.757	45.284	80.904
206.455	159.501	44.470	81.091
206.372	159.546	44.779	80.607
206.114	160.187	47.277	79.665
206.089	159.799	45.871	80.342
206.610	159.984	46.903	79.149
206.840	159.495	46.457	79.498
207.052	160.388	46.997	78.656
207.379	160.304	46.667	80.125
207.225	160.330	47.285	80.336
207.982	159.642	46.037	81.130
207.683	159.100	47.145	82.564
207.945	159.355	47.121	81.932
207.929	161.043	47.511	80.895
208.419	159.843	47.857	82.603
208.487	160.624	47.835	81.866
210.716	160.737	46.918	81.099
210.730	160.829	46.878	80.580
212.099	161.929	46.330	78.598
213.487	161.707	45.695	78.974
214.334	162.320	45.712	78.965
215.385	162.545	45.961	78.388
216.377	162.980	44.435	79.185
216.263	162.954	44.781	78.306
217.419	162.722	44.386	78.397
217.827	162.991	43.408	79.184
218.614	163.466	42.234	78.421
219.273	162.223	41.422	80.399
220.185	163.175	39.807	77.811
220.115	162.705	39.783	79.374
220.650	161.773	38.618	81.233
221.390	162.446	37.808	80.923
221.450	163.039	37.780	79.367
221.675	162.422	37.307	79.348
221.622	162.309	37.382	79.787
221.174	162.088	37.763	79.137
221.148	162.528	37.660	78.858
220.844	162.235	37.336	78.775
220.856	162.270	37.147	78.127
220.869	161.772	37.020	78.690
220.784	161.100	36.708	78.950
220.561	161.354	36.996	78.674
220.394	161.534	37.030	78.304
220.470	160.772	36.182	78.185
219.818	161.300	37.222	76.666
220.001	161.434	36.680	75.498
219.717	160.334	37.574	75.349
219.550	160.858	37.284	75.655
219.521	160.417	37.444	76.079
219.284	160.774	37.374	75.388
219.436	160.722	36.730	75.780
218.760	160.792	37.000	76.501
219.002	160.398	36.568	77.058
218.789	162.122	37.534	74.551
218.542	161.159	37.749	75.391
218.572	161.405	37.976	75.246
218.724	161.580	37.779	74.788
218.651	161.300	37.999	74.787
219.521	160.736	37.220	75.683
219.111	161.370	37.898	73.273
219.141	161.413	38.203	73.318
218.944	161.735	38.536	72.301
219.531	160.933	37.813	74.537
219.695	160.792	37.865	75.244
219.896	161.438	37.337	73.681
219.578	161.002	37.902	75.090
219.616	160.949	37.842	75.213
219.506	161.715	37.997	74.889
219.789	162.239	37.940	74.593
219.695	161.652	38.046	75.539
219.572	161.457	37.931	75.757
219.896	161.809	37.833	75.873
219.586	161.255	37.345	77.307
219.449	160.371	36.886	80.501
219.148	160.676	36.900	79.898
219.003	161.342	36.956	78.755
219.346	160.332	36.101	79.886
218.890	160.793	36.713	78.933
219.120	160.881	36.591	80.163
219.107	160.719	36.674	80.626
219.053	160.645	36.661	80.314
219.015	160.273	36.433	81.016
218.907	160.528	36.985	79.963
219.193	160.905	36.255	79.961
218.622	161.429	37.026	79.653
218.590	161.465	37.264	79.905
219.075	160.972	36.643	79.517
218.793	160.990	37.211	79.709
219.134	161.784	36.993	78.820
219.367	161.648	36.478	79.572
219.095	161.974	36.799	79.412
218.600	161.391	37.047	80.116
218.444	161.344	37.183	80.369
218.453	161.823	37.516	79.423
218.361	161.682	37.357	79.141
218.272	161.612	37.111	79.840
218.444	161.759	37.004	79.095
217.766	161.938	37.792	79.476
217.675	161.823	38.081	78.908
218.318	162.291	37.626	78.367
218.245	162.051	37.719	79.428
218.486	162.235	37.459	79.341
218.815	161.273	37.221	80.933
219.265	161.412	37.102	80.888
220.674	160.661	37.224	80.548
221.558	162.756	36.695	79.723
221.866	160.975	37.139	81.891
222.750	161.854	37.032	81.012
223.467	160.624	36.594	82.771
223.232	160.387	36.792	82.283
223.483	161.780	37.189	80.871
223.902	162.006	37.205	81.104
223.979	161.778	36.890	81.055
223.902	163.106	36.885	78.781
223.784	161.963	37.061	79.875
224.075	163.147	36.870	78.511
223.590	163.354	37.210	78.783
223.160	162.362	37.443	80.011
222.696	162.749	37.286	80.687
222.370	162.673	36.966	81.073
222.391	162.150	36.634	80.957
222.656	162.158	36.102	81.959
222.265	162.188	36.277	81.334
222.479	162.639	36.014	80.882
222.433	162.719	36.038	81.579
222.379	162.487	35.894	81.447
222.637	161.974	35.548	82.210
222.637	161.850	35.417	81.868
222.850	161.974	34.987	81.985
222.483	162.236	35.565	81.892
222.637	161.123	34.858	82.617
222.857	162.010	34.839	81.483
222.789	161.540	34.901	81.985
222.521	162.612	35.571	80.226
223.113	161.852	34.900	81.193
222.970	161.990	34.514	81.722
222.670	161.540	35.399	81.377
222.711	161.799	35.454	81.485
222.533	162.317	35.850	80.771
223.039	162.685	35.300	80.347
222.766	162.991	35.858	80.054
223.423	162.027	34.907	81.138
223.010	161.952	35.622	80.637
223.209	162.938	35.641	79.838
223.264	162.881	35.432	80.809
223.248	163.210	35.558	80.679
223.345	162.276	35.114	81.067
223.090	162.064	35.804	81.405
223.445	161.448	35.208	81.759
223.426	161.124	34.924	82.918
223.295	161.224	35.030	83.673
223.413	163.002	35.277	80.920
223.557	162.050	34.773	81.927
223.173	161.787	35.567	81.697
222.996	161.449	35.832	82.044
223.372	161.186	35.389	82.307
223.120	162.084	35.640	82.004
223.139	161.580	35.099	82.828
223.178	161.131	34.889	83.008
222.965	161.412	35.002	82.364
223.229	160.960	34.652	83.186
223.210	160.960	34.844	82.929
223.210	161.186	35.019	82.703
223.339	160.656	34.845	83.489
223.080	160.530	35.331	83.712
223.318	161.030	35.197	82.629
223.159	160.504	35.253	83.756
223.261	161.481	35.386	82.784
223.391	161.055	35.501	83.596
223.183	161.539	35.771	82.580
223.237	161.548	35.744	82.338
223.372	161.510	35.565	82.207
223.618	161.749	35.230	82.540
223.734	161.850	34.888	81.756
223.730	161.238	34.662	83.297
223.561	161.510	35.375	82.601
223.467	161.737	35.249	82.346
223.870	161.337	34.540	83.039
223.850	161.299	34.644	82.335
223.765	161.724	34.628	83.043
223.793	161.770	34.574	82.053
224.001	162.170	34.139	81.735
223.576	162.176	34.883	81.938
223.709	161.974	34.684	83.242
223.876	161.504	34.578	83.045
223.793	160.816	34.195	83.341
223.683	162.084	34.677	82.696
223.521	161.656	34.743	82.001
223.821	162.170	33.890	80.475
224.215	162.534	33.518	80.716
224.684	162.843	32.395	80.120
225.220	162.934	31.857	79.626
224.702	163.009	32.759	78.524
224.702	163.078	32.353	78.644
224.944	162.755	32.071	79.561
224.609	163.260	32.715	78.977
225.717	162.504	31.280	79.924
225.196	162.432	32.264	79.669
225.058	162.942	32.448	77.493
225.437	163.182	32.324	77.645
225.352	163.288	32.792	77.194
226.054	163.252	32.136	77.335
226.124	163.183	32.254	77.450
225.724	164.164	32.613	75.767
225.935	164.130	32.481	75.291
225.953	164.406	33.201	75.454
227.680	164.954	32.347	74.839
228.423	164.874	32.986	75.104
228.883	165.042	32.736	75.103
229.575	165.046	32.997	75.010
230.142	165.268	33.303	73.865
231.067	165.297	33.426	73.021
232.448	165.137	32.883	74.240
233.084	165.432	33.746	73.388
234.032	165.331	33.925	73.212
235.032	164.958	33.882	73.385
235.461	164.558	34.453	74.472
236.978	164.058	34.533	75.580
237.831	164.303	35.339	73.718
239.728	163.954	34.944	74.813
241.020	163.523	33.705	75.297
242.849	163.127	33.056	75.796
243.041	163.023	33.114	76.451
244.435	163.488	32.795	75.460
244.635	163.165	33.518	75.488
245.199	162.745	33.663	75.738
244.982	162.628	33.914	75.321
244.963	162.905	34.265	74.180
244.194	162.270	35.580	73.562
244.113	162.499	35.032	73.473
244.117	162.454	36.203	73.247
242.878	163.374	37.013	72.686
242.632	162.752	37.376	73.598
242.207	162.577	36.637	73.218
241.852	162.062	36.851	73.414
241.879	163.389	36.991	72.131
241.036	163.103	36.988	71.992
240.543	163.340	37.334	72.530
240.024	164.516	36.916	70.706
239.984	164.135	37.148	71.628
239.987	164.206	36.861	71.740
239.493	164.440	37.389	71.654
239.085	164.240	37.208	72.128
238.831	164.137	37.999	71.522
239.135	164.215	37.282	72.537
239.201	164.205	37.523	71.817
239.365	164.475	37.690	72.037
239.463	163.832	37.573	72.829
239.835	163.565	37.697	73.226
240.338	162.795	37.691	74.675
240.431	163.141	37.417	73.879
240.819	163.162	37.841	73.608
241.432	163.221	37.636	73.664
242.575	161.995	37.220	74.187
243.473	161.570	36.784	75.647
244.207	161.052	36.761	75.829
245.838	161.300	36.986	75.068
246.514	161.703	35.577	74.005
246.837	161.319	36.612	74.502
248.180	160.814	36.827	75.558
247.890	160.967	37.761	75.483
249.169	161.438	37.884	75.140
249.177	161.230	37.032	75.215
248.001	163.627	38.740	72.512
248.355	163.363	39.126	71.987
248.986	163.159	38.133	72.290
249.273	162.908	38.026	73.133
249.600	163.159	37.303	71.391
249.738	164.004	35.283	69.755
250.616	163.969	34.297	68.837
251.141	163.550	35.713	69.246
251.264	163.970	34.252	70.014
251.508	163.719	33.953	69.228
251.709	163.388	34.492	69.930
251.610	163.571	33.706	69.486
252.178	163.583	34.699	69.261
252.776	162.556	33.321	69.883
252.880	162.680	33.866	69.329
252.899	162.841	33.643	67.620
252.977	162.825	33.964	68.747
253.572	162.412	33.796	69.190
253.766	161.864	34.519	69.150
253.515	161.030	34.692	70.624
253.768	159.911	34.395	69.685
253.038	160.399	34.440	69.587
253.338	159.914	34.957	69.548
253.782	160.408	34.514	68.131
253.755	159.373	35.076	69.514
253.754	159.132	33.375	66.745
253.465	159.405	34.962	66.125
254.488	159.138	34.917	66.996
254.831	159.128	34.085	66.399
255.156	159.002	35.515	67.238
254.477	158.796	33.721	68.926
258.256	157.015	32.082	71.332
252.859	160.516	34.190	67.355
271.616	156.879	35.851	70.346
278.095	156.405	34.752	70.409
284.456	154.405	36.446	69.014
285.306	155.160	35.152	70.669
288.163	154.312	34.412	69.534
290.847	154.038	33.690	70.571
291.616	153.786	33.372	70.481
290.957	153.432	33.136	69.879
292.304	153.540	33.854	68.920
292.362	153.302	33.795	70.191
292.522	153.443	35.204	70.165
292.804	153.629	35.613	68.308
293.038	152.979	35.875	71.130
292.322	153.034	36.170	73.385
292.572	152.627	36.523	72.664
292.801	151.817	36.885	76.136
294.202	150.469	36.454	83.182
292.754	150.848	38.542	90.459
295.112	149.454	38.703	81.872
293.491	149.546	38.967	77.938
294.417	149.711	37.328	77.270
294.646	149.689	36.737	77.546
295.112	149.796	37.393	77.619
295.343	150.020	37.911	79.822
296.508	150.043	36.882	77.560
294.241	150.086	38.624	75.634
295.314	149.332	37.845	74.754
296.328	149.867	36.999	77.253
295.264	151.321	36.852	82.628
296.346	148.906	36.786	83.389
295.465	150.335	36.502	83.109
294.441	151.110	38.595	79.023
292.139	150.933	39.046	76.629
293.465	150.227	37.890	76.662
291.735	148.554	38.041	74.266
291.530	148.093	37.284	75.607
288.876	148.246	37.964	72.449
287.723	146.942	37.626	77.411
284.670	148.024	37.914	80.218
281.801	148.302	39.315	82.687
279.295	152.218	40.895	88.238
274.700	152.520	42.676	87.265
277.056	150.040	42.239	88.045
273.370	151.709	36.407	80.880
265.874	152.601	41.535	81.730
269.767	150.981	40.090	82.555
270.396	143.708	38.372	81.513
269.078	145.307	35.863	76.131
268.663	145.115	36.647	69.890
267.478	142.900	34.575	74.141
263.516	141.789	39.647	74.374
256.327	141.636	41.774	71.074
257.891	143.456	41.094	72.031
255.848	140.896	37.979	76.541
256.483	142.152	37.142	71.967
254.599	142.495	35.580	90.363
253.188	144.728	37.147	89.572
251.595	142.923	36.639	86.261
248.831	142.911	37.229	96.183
246.956	142.685	38.993	98.289
241.626	147.012	42.827	100.764
238.428	145.088	45.040	102.269
236.036	146.499	44.921	99.774
233.961	146.501	46.103	98.253
231.196	148.752	43.122	92.879
229.703	149.203	39.874	91.990
226.797	152.219	37.223	86.402
226.449	152.864	35.208	85.604
225.426	152.976	34.498	83.144
222.254	154.158	34.995	84.582
221.313	155.207	35.645	79.980
219.481	154.778	35.258	79.872
217.844	153.786	35.706	80.463
