449.000	257.000	43.000	74.000
449.670	255.074	38.384	80.508
449.977	255.187	38.152	81.990
448.825	254.914	38.822	82.182
448.939	255.065	38.466	82.831
447.704	254.708	38.824	83.287
447.185	255.032	38.359	83.560
446.651	255.075	38.492	84.313
445.769	254.809	39.344	85.996
445.279	255.833	40.106	83.291
445.555	254.471	39.655	86.323
444.535	255.018	41.460	86.970
444.365	254.988	41.992	86.949
444.120	255.907	42.632	86.449
443.953	255.359	42.870	87.097
443.667	255.467	43.567	87.537
443.747	254.887	43.046	87.731
442.401	254.477	44.376	87.312
441.708	254.816	44.497	86.507
440.749	254.457	45.184	86.273
440.637	254.459	44.692	84.273
439.378	254.321	45.633	85.396
437.660	255.178	45.705	84.757
436.517	254.726	46.566	84.304
433.856	255.807	46.900	83.140
433.458	254.699	45.805	83.603
431.644	255.569	46.131	82.784
426.721	255.034	48.620	81.316
426.188	254.966	48.109	81.843
423.671	254.498	49.402	80.942
421.248	255.354	50.856	80.100
419.660	255.626	51.213	77.758
417.545	255.194	50.523	77.537
417.246	255.150	50.676	78.082
416.333	255.034	50.243	76.946
416.667	254.428	48.294	80.718
416.463	253.739	47.736	79.814
415.432	254.391	47.996	81.013
415.556	253.191	46.911	79.996
414.967	253.632	46.739	81.193
414.310	253.329	46.140	80.990
414.810	252.796	45.212	81.336
414.007	251.257	43.992	82.391
413.712	250.687	43.517	82.402
413.403	250.590	43.193	81.750
412.077	249.513	43.939	83.832
411.641	248.446	44.285	83.298
409.930	249.751	45.565	82.288
409.038	248.889	46.017	82.735
406.191	249.436	46.737	82.211
405.505	248.529	46.126	81.473
402.505	249.435	46.821	79.856
400.563	249.103	46.641	81.351
398.533	249.681	47.239	78.279
395.246	247.585	47.478	78.816
393.929	246.859	47.558	76.219
393.219	247.291	47.708	76.080
390.814	246.672	47.377	75.947
389.709	246.399	46.426	77.296
388.357	246.525	47.487	77.056
386.346	247.642	45.864	76.403
384.303	247.098	45.093	77.363
380.997	247.877	43.171	76.289
374.379	247.152	43.408	78.070
368.570	245.850	43.859	76.647
366.499	243.656	43.047	79.376
363.746	243.046	42.295	77.349
362.587	242.831	41.402	75.872
358.387	243.413	41.212	76.508
357.418	242.522	42.049	83.785
354.330	242.942	39.612	77.280
353.419	243.283	39.958	72.679
352.392	243.073	41.438	75.919
348.876	241.888	39.787	75.403
348.466	242.743	38.644	73.456
346.454	238.290	34.551	80.514
344.746	237.705	36.286	82.546
339.796	236.444	38.267	90.242
336.902	235.071	39.529	92.445
333.691	236.674	41.571	91.693
327.857	237.211	43.047	95.796
323.484	238.111	46.866	93.177
316.427	237.725	49.092	101.752
313.562	238.663	51.039	104.756
305.840	237.685	57.113	105.167
303.975	235.652	55.476	111.517
302.589	233.538	54.117	113.623
300.718	232.639	54.644	112.898
297.829	232.450	56.185	109.111
297.245	232.027	55.341	111.420
298.540	231.969	53.277	115.632
295.548	231.188	53.040	117.044
294.208	232.175	52.888	114.001
292.158	231.760	52.685	111.393
291.191	231.314	52.303	111.447
290.385	229.152	51.174	110.106
289.805	228.216	51.025	113.851
288.607	227.516	49.829	114.932
288.619	226.753	49.113	116.597
285.857	227.880	49.446	114.883
284.699	228.434	48.520	115.093
281.645	229.157	49.043	113.788
279.934	227.575	48.494	117.317
278.908	227.679	47.970	115.703
277.548	224.812	45.379	116.031
275.947	224.776	44.972	116.998
273.710	221.172	44.774	117.675
270.394	221.225	46.290	115.424
267.161	220.948	48.154	115.908
264.514	222.122	48.356	115.728
261.642	223.059	49.702	112.577
260.494	223.329	49.098	111.418
260.379	222.896	47.937	112.424
259.568	221.607	48.040	113.367
257.931	219.588	46.968	112.728
259.098	220.755	44.220	112.066
256.103	219.663	44.931	113.663
254.467	221.165	45.573	110.659
251.862	220.721	45.528	112.780
249.772	221.688	47.456	110.059
245.909	220.830	48.588	111.048
242.181	220.060	49.521	109.914
239.742	218.017	48.371	109.743
238.478	217.307	46.843	108.260
235.553	215.728	46.237	110.082
233.371	215.404	48.192	109.353
231.005	215.377	47.121	109.524
229.037	215.562	46.666	107.199
226.617	217.148	46.872	106.620
223.833	216.541	46.363	104.412
222.843	216.817	45.977	101.987
221.689	214.819	43.318	97.414
220.391	213.771	43.532	98.012
217.945	213.774	42.035	97.621
216.164	214.163	42.940	94.817
214.858	214.725	42.629	93.703
212.260	214.496	42.631	93.311
209.931	215.076	43.069	90.990
207.017	214.379	42.266	91.037
204.701	213.440	41.726	89.342
203.454	211.982	40.374	92.036
200.011	210.763	41.800	88.233
197.621	208.747	43.188	86.398
195.901	207.572	41.088	86.027
193.680	207.372	41.168	84.567
192.542	208.508	41.037	83.019
191.508	208.910	39.203	79.749
188.134	209.132	40.117	79.977
187.347	207.592	39.028	83.832
185.756	206.023	35.445	85.343
184.916	203.687	33.911	84.346
182.944	203.978	33.907	83.730
179.905	202.280	33.612	82.203
177.953	204.136	34.104	83.362
173.314	203.452	35.418	81.909
171.005	203.620	36.413	86.389
169.071	204.605	35.846	85.440
165.626	203.311	36.522	86.079
164.268	202.117	37.533	86.055
159.500	201.440	39.224	79.979
157.077	199.827	39.789	81.272
153.905	200.564	39.184	77.252
152.847	199.207	38.057	73.720
152.542	201.414	37.290	69.149
149.815	201.289	37.596	74.531
147.521	201.764	38.717	72.562
145.934	199.973	36.815	71.083
144.831	199.448	36.322	74.063
144.634	198.239	33.684	77.184
140.666	198.593	34.411	72.163
140.381	195.488	33.212	77.596
137.715	195.228	33.854	72.106
134.818	194.146	34.423	69.618
129.863	197.211	36.730	72.211
129.567	194.289	35.001	76.817
125.676	193.440	37.080	73.841
122.918	192.787	37.913	76.420
121.322	192.491	38.628	75.595
119.508	193.458	39.046	72.671
118.367	193.140	38.122	73.193
116.375	191.913	36.851	78.641
113.729	193.436	38.284	75.462
112.125	193.713	36.994	73.236
111.527	194.059	36.865	71.852
108.699	193.632	38.904	69.134
106.009	192.627	39.436	76.873
106.961	191.735	36.864	76.790
104.048	191.173	37.257	75.809
104.220	190.513	35.787	78.255
102.077	190.680	35.678	78.361
99.024	191.147	34.909	80.298
96.968	191.734	35.698	77.794
93.641	191.460	37.399	79.213
91.949	191.694	38.464	78.304
91.078	190.012	38.362	80.025
89.854	189.114	38.133	78.131
88.490	188.354	38.745	81.014
85.672	189.589	39.745	78.854
84.467	189.483	39.156	79.660
81.587	189.187	40.206	78.789
80.701	189.548	40.033	75.573
79.988	188.216	38.738	78.250
79.612	188.705	38.259	76.751
79.995	185.524	35.215	79.531
78.542	184.836	36.023	78.920
77.494	183.128	36.679	77.759
75.795	183.518	37.599	80.759
75.128	186.008	36.911	78.617
73.333	185.011	35.687	79.708
72.421	184.662	35.835	79.529
69.305	184.945	35.417	76.324
68.648	184.263	34.000	77.014
66.186	182.568	34.912	79.344
63.947	182.446	36.046	78.550
62.747	181.789	34.627	78.309
61.478	181.441	34.867	77.084
60.662	182.426	33.202	74.422
59.614	182.406	33.752	77.533
58.328	182.751	33.701	77.599
58.198	181.954	32.198	79.942
56.423	185.266	34.007	74.975
54.679	182.352	33.721	77.386
52.563	183.168	34.374	75.175
50.698	178.902	33.243	81.916
49.822	179.212	33.935	82.677
48.859	180.023	33.942	77.775
44.787	181.451	34.538	72.666
44.405	181.482	33.523	74.935
40.389	182.645	33.546	72.121
40.137	179.293	33.258	76.880
38.312	179.650	32.817	70.593
34.395	177.207	35.247	70.586
33.048	176.936	33.917	72.187
31.072	174.424	33.347	76.017
28.843	177.806	33.420	74.095
27.017	177.998	34.409	78.708
25.484	178.488	33.059	73.670
24.732	178.700	31.638	71.870
23.150	177.001	31.961	74.996
21.587	176.951	31.880	73.352
20.431	177.312	32.135	73.968
18.850	176.183	31.257	72.345
17.816	175.917	30.146	72.908
14.075	176.408	32.480	71.329
12.870	175.499	31.212	76.227
8.656	176.285	30.335	71.426
8.389	175.298	31.106	68.685
4.344	174.259	29.788	72.781
5.685	173.799	29.763	70.900
4.122	174.453	28.084	72.602
2.364	171.129	27.097	78.051
1.496	171.061	27.459	82.962
60.715	140.639	32.494	67.117
57.376	140.840	30.375	68.128
56.302	139.468	29.447	69.131
53.665	139.349	30.122	70.618
46.784	140.922	31.703	65.210
46.849	140.271	30.973	66.255
43.035	141.258	30.444	64.289
42.488	139.403	30.147	60.943
48.619	165.546	39.228	61.339
74.590	162.209	40.286	77.071
43.529	134.407	44.632	80.072
1.408	180.338	42.445	65.751
10.900	162.204	58.605	66.482
26.457	150.482	64.908	79.223
41.182	99.714	89.510	124.080
87.512	138.357	91.020	105.756
122.196	123.189	73.219	95.352
156.907	126.363	63.507	93.523
175.213	130.610	63.927	83.439
196.653	132.749	58.888	80.007
241.860	105.834	46.576	88.449
286.715	162.145	54.566	73.525
291.361	157.515	57.235	75.773
304.686	162.757	44.963	70.779
306.380	163.071	48.076	71.370
309.821	161.020	42.430	74.508
309.047	164.521	43.931	70.164
312.274	165.234	46.429	69.254
312.605	159.890	40.471	74.779
310.281	159.016	42.262	76.129
304.318	151.231	47.211	86.513
304.811	155.778	42.147	83.844
305.004	164.788	51.134	71.360
309.795	159.403	42.948	76.206
310.528	152.753	43.040	80.878
295.342	149.471	50.088	91.050
305.603	156.982	44.001	77.328
301.220	155.415	46.898	78.540
307.023	158.246	43.885	76.737
308.257	155.119	43.923	80.545
304.807	157.263	39.130	83.996
300.895	160.573	45.930	75.011
309.448	157.877	43.267	78.389
298.890	155.505	42.273	80.003
306.449	162.867	48.272	76.814
309.786	160.815	41.356	73.399
308.935	161.753	43.453	71.615
307.443	159.095	44.104	77.118
297.133	153.085	49.072	81.542
309.209	159.196	41.994	72.904
306.812	159.477	40.943	80.362
308.482	156.731	42.996	74.892
296.779	138.986	44.810	91.230
311.775	153.030	47.649	78.674
310.862	156.812	39.366	75.290
300.963	148.801	42.794	82.878
312.046	162.555	42.829	74.548
308.903	143.611	38.869	85.869
307.407	152.270	43.946	76.721
308.548	148.261	40.468	85.829
312.622	157.213	42.701	75.311
295.956	146.765	40.309	93.309
279.917	154.778	44.253	85.235
276.973	150.742	46.844	81.904
292.589	152.884	55.155	87.387
304.816	152.555	42.478	77.549
303.513	159.140	44.798	76.689
379.370	143.450	37.347	83.861
379.982	141.996	34.485	80.014
375.859	144.948	33.903	80.181
370.521	144.982	37.739	78.585
370.161	146.733	37.222	79.936
369.052	146.904	33.717	77.307
360.802	145.677	33.365	74.252
360.509	145.278	30.000	80.712
355.315	145.032	34.019	88.599
350.230	143.850	34.443	75.273
349.302	145.190	34.235	73.629
339.783	145.767	35.901	71.698
337.108	145.927	32.466	70.349
338.911	145.943	32.859	71.770
335.407	143.537	33.809	67.620
318.425	161.811	39.211	70.022
312.997	144.801	37.865	85.968
297.837	157.263	46.922	76.026
303.322	146.880	39.838	87.050
302.829	147.474	42.793	77.254
305.670	155.663	43.421	73.015
305.562	153.615	42.098	77.961
301.336	152.543	44.675	76.531
305.427	149.130	41.157	81.965
291.698	149.017	41.670	76.478
280.159	148.635	42.591	73.634
281.948	149.249	42.948	76.121
296.369	154.930	46.757	75.203
283.872	156.039	41.750	80.324
284.607	150.505	35.464	77.556
277.513	148.646	32.387	69.187
276.986	155.677	34.045	63.331
270.712	149.271	34.664	64.133
266.072	146.651	31.737	62.059
262.787	146.399	31.679	60.684
255.048	148.425	32.671	54.652
255.176	148.089	32.842	54.795
254.014	149.947	31.761	53.198
251.294	149.309	31.279	53.847
242.976	148.012	34.746	57.173
240.038	148.045	33.212	57.592
239.887	148.872	29.921	54.920
237.362	148.084	29.147	52.832
229.070	142.441	29.148	55.059
222.857	148.417	28.652	53.069
218.578	150.359	28.579	54.215
217.216	149.755	29.030	49.247
212.499	148.947	29.117	56.440
209.986	148.286	29.831	55.705
205.528	146.790	31.357	57.267
203.134	146.234	32.157	57.200
199.522	146.805	32.189	55.731
195.623	146.413	34.120	53.352
186.700	150.359	39.577	50.655
182.111	149.428	40.243	50.413
175.135	148.482	34.494	51.726
171.386	150.181	36.089	47.051
169.245	150.370	36.672	47.916
