32.000	213.000	41.000	104.000
33.073	213.253	45.651	102.359
35.203	213.603	45.895	102.146
37.628	213.435	45.212	101.456
40.297	211.424	44.106	103.075
45.932	208.971	41.262	102.673
48.278	208.324	41.058	102.516
50.666	207.277	40.308	103.576
52.958	207.464	39.848	103.142
57.664	207.519	39.925	103.185
60.240	207.472	39.517	102.421
62.005	206.772	40.090	101.880
63.941	206.143	40.329	102.518
68.882	205.031	39.360	101.237
70.565	203.106	39.533	101.525
72.261	202.279	39.783	100.220
73.654	202.596	40.567	99.722
77.649	201.416	41.484	102.044
81.299	202.711	45.176	100.383
82.291	203.414	46.461	98.847
84.183	203.103	46.518	99.269
89.205	200.539	43.848	100.323
90.181	200.507	43.931	99.842
93.847	198.509	41.617	100.538
99.703	197.089	40.272	101.621
102.431	196.743	39.079	101.324
105.342	196.508	37.749	101.565
106.473	196.778	38.948	101.455
110.732	196.276	39.196	100.919
112.749	196.551	39.026	99.223
115.521	195.914	37.969	99.301
117.972	195.195	37.356	99.185
122.575	192.511	36.562	97.186
124.165	191.095	36.577	97.097
125.888	191.003	37.104	97.065
127.239	190.124	37.804	98.480
129.907	190.612	40.698	99.841
131.151	191.369	42.761	98.283
132.930	191.995	43.430	97.086
137.512	189.782	42.045	99.534
138.791	188.881	42.456	99.547
141.531	187.926	40.750	98.077
146.960	185.820	38.376	99.474
149.550	185.595	37.543	99.245
151.751	185.150	37.497	99.805
153.402	185.768	37.643	99.520
157.863	185.240	37.605	99.040
159.434	185.890	38.380	98.167
161.402	185.417	38.309	97.390
163.527	185.277	37.772	96.691
167.854	184.154	37.434	95.313
169.856	182.538	37.234	95.506
171.728	181.888	37.211	95.349
173.696	181.062	37.595	95.854
176.917	180.946	38.722	97.346
178.010	180.763	40.801	98.100
179.792	181.157	41.568	97.466
182.090	181.482	41.764	96.945
186.553	180.491	39.840	97.097
187.968	180.256	40.211	96.082
189.959	178.283	39.433	96.325
192.559	177.542	37.842	95.650
196.927	175.859	36.398	97.546
197.702	176.134	37.156	97.269
198.572	175.926	38.098	97.757
200.812	176.071	37.335	97.556
204.124	175.904	37.417	97.126
204.180	176.515	38.347	96.017
206.710	175.552	37.625	96.260
207.982	174.960	37.167	95.372
211.431	172.257	36.369	94.940
212.656	172.454	36.914	94.296
214.225	171.981	36.249	94.898
215.067	171.320	37.416	95.299
218.274	171.339	37.727	95.916
219.107	172.378	39.636	94.491
221.117	172.669	38.553	93.728
223.590	171.329	38.563	93.579
225.419	170.993	37.793	92.650
227.359	169.002	36.782	92.769
229.551	167.818	35.105	93.455
232.748	167.059	34.288	94.351
233.188	166.447	35.048	95.681
235.747	166.751	34.057	96.081
236.279	167.519	34.578	95.102
238.670	166.646	34.081	95.060
239.141	167.053	35.273	94.494
239.918	166.340	35.929	92.744
240.299	165.904	36.829	91.304
243.468	163.790	36.060	90.883
244.769	163.214	35.959	92.402
245.444	163.293	36.537	91.607
246.763	163.624	36.886	90.931
249.914	163.044	37.239	92.332
250.967	162.806	37.528	92.269
253.654	163.302	37.118	91.993
254.253	162.932	37.163	92.384
257.446	160.530	35.943	92.031
258.770	160.306	35.637	90.943
260.047	158.938	35.918	91.570
260.653	158.806	35.395	89.328
263.052	158.760	34.889	91.488
264.472	158.959	34.973	91.911
265.611	158.753	35.128	91.516
267.803	159.000	34.455	90.831
268.978	159.607	35.588	88.880
270.114	158.546	35.688	88.855
270.835	157.670	36.199	88.236
272.616	157.074	35.794	87.539
275.190	155.018	35.597	88.923
276.301	154.760	35.454	90.190
277.582	154.278	35.653	90.754
278.819	155.089	36.290	90.001
281.806	154.910	37.881	90.164
283.426	155.281	37.854	89.039
285.852	155.183	36.594	88.043
287.649	153.905	36.197	89.510
290.058	151.875	35.959	89.222
293.434	150.412	34.758	88.960
294.343	150.799	35.442	87.927
295.732	151.078	34.690	89.009
298.784	151.000	35.051	88.680
300.133	151.560	35.139	88.624
301.453	151.799	34.819	88.201
303.112	151.344	34.538	87.158
305.522	149.884	34.089	86.226
306.515	149.407	34.710	85.717
307.642	147.733	34.823	86.176
309.431	147.321	34.234	85.691
311.672	146.525	34.317	86.447
313.218	146.666	34.236	87.524
314.005	147.075	35.467	87.295
316.926	148.015	36.008	85.517
318.589	147.818	34.984	85.186
319.423	147.344	35.361	85.042
320.921	146.250	34.680	86.369
323.949	144.251	33.643	86.009
324.726	142.747	33.539	86.963
325.370	143.150	33.602	86.687
326.254	142.528	33.453	86.417
327.839	143.636	33.899	86.183
328.575	142.816	33.781	87.631
329.682	143.545	34.060	86.077
331.362	141.444	33.521	86.983
331.725	141.103	34.336	86.864
332.827	139.886	33.863	86.467
333.542	139.880	34.609	85.544
335.065	139.447	34.491	85.304
335.540	139.305	34.549	84.474
336.595	139.530	35.078	85.140
338.331	140.152	34.590	85.205
340.741	140.060	35.390	85.736
341.884	140.300	34.826	84.827
343.243	140.214	33.977	85.109
345.573	138.592	34.256	85.301
346.276	138.401	33.944	83.134
347.813	137.497	33.368	84.000
348.913	137.656	32.327	83.950
351.542	137.480	31.971	84.693
351.795	138.163	32.470	83.866
352.779	138.578	32.551	82.649
353.984	138.674	32.367	81.172
356.106	138.897	31.731	80.309
356.993	138.679	31.247	80.291
357.454	137.922	31.662	80.342
361.358	135.793	29.517	80.563
360.944	133.226	30.492	84.375
361.993	133.793	30.861	84.230
363.158	133.922	32.352	83.744
364.175	135.027	32.327	82.799
365.717	135.417	32.022	81.426
366.636	135.282	31.528	81.378
369.095	134.319	30.632	81.595
370.459	133.872	30.067	80.444
370.313	132.988	30.890	80.866
373.299	130.920	29.275	82.509
374.380	130.370	28.727	84.459
375.152	130.067	28.749	84.588
376.003	130.542	29.002	84.092
377.494	131.448	29.565	80.953
377.929	131.097	29.456	80.702
379.083	130.601	28.989	81.093
380.163	128.460	28.898	82.753
380.932	129.171	28.394	80.970
381.678	127.968	28.727	80.347
382.321	127.541	28.820	81.218
382.836	127.207	29.781	81.955
384.356	127.739	30.217	81.830
384.500	128.901	31.453	80.809
385.809	129.763	30.675	78.472
386.526	129.972	29.847	77.635
388.782	128.061	29.709	77.840
389.491	127.035	29.479	77.681
390.673	126.071	28.998	78.590
392.895	124.737	28.114	81.017
393.203	125.261	28.404	79.503
393.721	125.483	29.680	78.862
394.235	126.189	29.452	77.725
396.016	126.095	29.692	77.832
396.561	126.200	29.377	76.130
397.872	125.550	28.133	75.254
399.159	124.082	27.478	76.545
399.923	123.181	27.523	79.335
400.844	123.728	27.562	75.607
401.937	122.044	28.110	78.128
402.050	122.648	28.749	77.276
402.805	123.423	29.456	75.956
403.177	123.759	30.320	76.228
404.621	123.711	30.146	74.488
405.623	123.676	30.115	75.550
406.546	122.863	29.060	75.443
407.474	122.057	29.334	74.850
408.231	120.816	29.229	75.697
408.390	120.947	29.532	75.570
409.290	120.719	29.242	75.753
410.140	121.117	28.297	75.115
410.188	121.508	28.579	74.827
410.604	121.075	29.551	73.810
410.979	121.553	29.082	73.054
411.074	121.013	29.177	74.248
411.618	120.380	28.628	73.185
412.603	119.779	27.747	74.176
412.636	118.834	28.107	75.401
412.825	119.205	28.796	74.588
412.873	118.596	28.912	74.765
412.655	119.599	29.702	73.516
413.084	119.353	29.917	72.042
413.584	119.527	30.150	71.724
413.695	119.779	29.947	71.205
415.274	118.694	28.224	70.741
415.761	118.262	28.287	70.158
415.974	117.621	28.236	71.079
416.153	116.483	28.310	71.872
417.019	116.775	27.920	71.987
416.926	116.738	28.465	71.949
417.479	116.710	27.912	71.853
417.467	117.131	28.102	71.667
416.921	117.324	28.576	69.876
416.801	116.685	28.208	70.774
416.785	116.156	28.319	71.453
417.634	115.345	27.514	70.366
417.679	114.697	27.558	71.839
417.609	114.841	27.765	70.301
417.574	114.110	28.135	72.061
416.963	114.999	29.428	69.769
417.540	115.633	29.084	68.740
418.091	115.699	29.100	68.001
419.663	115.142	28.116	68.283
419.975	114.005	27.906	69.829
420.033	113.560	27.789	69.210
422.272	112.252	26.363	68.967
422.101	112.613	26.496	68.711
421.863	112.177	27.050	69.360
421.947	112.626	27.163	69.275
422.673	113.166	27.567	68.891
423.045	113.274	27.412	68.249
423.017	112.971	27.645	67.894
423.280	112.460	27.102	68.545
422.946	111.541	27.332	69.558
423.017	111.102	27.475	67.443
423.754	110.863	27.264	67.692
423.970	110.224	27.293	68.484
424.613	110.367	27.582	68.615
425.059	110.657	27.574	67.400
424.621	110.597	28.855	67.751
426.401	110.321	27.966	65.779
427.146	109.949	27.357	67.461
427.970	110.273	26.667	66.196
429.906	108.191	25.358	68.071
430.980	107.728	25.190	67.888
431.441	107.933	25.237	66.797
432.268	107.645	25.040	67.687
433.285	107.218	25.231	67.945
432.759	108.568	25.897	66.080
433.343	108.549	25.436	65.328
433.506	107.524	25.888	65.952
434.016	106.936	25.498	66.654
434.351	106.941	25.720	65.113
434.807	107.069	25.487	64.484
436.569	105.832	24.872	64.870
437.673	105.457	24.344	65.895
438.941	105.417	24.432	67.127
439.302	106.030	24.956	65.465
438.283	107.170	26.471	63.208
438.973	107.017	26.531	63.820
439.769	106.593	26.077	64.138
442.147	105.417	24.811	64.788
442.936	104.557	24.057	65.456
443.740	103.570	23.709	67.180
443.978	103.283	24.285	67.745
444.185	103.549	24.790	67.736
444.481	103.837	24.769	67.131
444.722	104.619	25.024	65.919
444.351	104.890	26.210	64.118
444.865	104.629	26.082	65.658
444.827	103.960	26.041	65.156
445.552	103.440	25.625	63.587
446.226	101.282	26.123	65.903
446.640	102.816	26.286	64.245
446.541	102.424	26.672	64.188
447.360	102.358	25.973	63.818
447.749	102.450	25.864	63.892
447.555	103.765	27.398	61.548
447.933	103.195	27.103	62.418
448.458	102.669	27.595	62.249
450.095	100.461	26.880	63.986
451.435	100.753	26.532	63.134
451.360	99.330	27.067	65.333
452.296	99.749	26.581	63.722
452.607	100.113	26.789	64.630
453.552	99.846	25.583	64.621
453.574	100.153	25.757	64.635
453.769	99.801	26.063	64.120
453.852	99.570	26.250	63.764
454.815	100.178	26.004	62.814
455.543	98.970	26.062	63.224
455.749	98.844	26.402	62.640
455.170	98.935	27.054	61.903
456.575	98.477	25.593	62.503
457.359	98.938	25.740	62.428
458.238	99.257	25.394	61.375
458.322	99.037	25.890	61.108
458.885	99.016	26.425	60.690
459.131	98.530	26.903	61.512
460.270	98.283	26.572	61.184
461.034	95.570	26.157	63.477
462.249	95.822	25.449	62.832
462.257	95.984	25.567	62.054
462.831	95.576	24.865	62.294
463.130	95.736	24.728	62.959
462.541	96.678	25.646	61.538
462.395	95.999	26.092	61.985
462.923	95.205	26.061	62.203
463.304	95.348	25.972	60.871
463.163	93.579	26.481	61.962
463.376	93.496	26.063	61.250
464.315	93.102	24.910	62.527
463.685	92.800	25.958	62.863
464.606	94.326	25.604	60.711
464.673	94.418	25.834	61.058
464.841	94.585	26.185	59.171
465.072	94.424	26.189	59.215
466.502	92.964	25.542	61.189
466.641	92.074	25.866	62.062
466.624	91.917	26.523	60.829
467.623	91.615	26.024	62.045
467.995	91.491	25.574	61.896
468.487	91.902	24.924	61.674
468.605	91.673	25.101	61.687
467.831	91.780	25.501	60.650
468.020	91.582	26.045	59.459
467.864	90.924	26.444	58.995
468.084	89.777	26.301	60.024
468.092	89.856	26.261	58.637
468.175	89.182	26.155	61.284
468.460	89.245	25.498	61.302
468.163	89.585	26.035	60.422
468.384	89.836	25.913	60.050
468.310	90.182	26.222	59.618
468.593	90.038	26.264	58.441
468.824	88.811	27.076	58.838
469.024	88.365	27.235	59.270
469.744	87.605	27.067	59.824
470.143	87.242	26.944	60.045
470.831	86.965	26.655	60.849
471.748	87.042	25.186	60.901
472.301	87.141	25.030	61.080
472.413	87.624	25.277	59.149
472.807	87.217	24.945	59.242
472.751	86.503	25.653	59.576
473.319	86.692	25.650	58.201
473.232	86.207	25.824	58.000
473.045	85.411	26.136	59.505
473.507	85.064	25.988	60.585
474.027	85.335	25.300	59.606
474.613	85.890	25.395	58.400
475.510	86.253	25.087	57.587
475.814	86.242	25.469	56.501
476.236	85.639	25.159	57.553
476.569	84.589	25.594	58.471
477.217	84.023	25.837	59.378
478.253	83.300	25.808	58.911
478.718	82.895	25.652	60.005
478.973	82.982	25.587	59.898
479.880	83.145	24.648	59.576
480.945	83.438	24.396	59.212
481.041	83.626	24.949	58.319
481.674	83.007	25.024	58.505
481.707	82.737	25.422	57.622
482.179	82.108	25.256	56.684
483.051	82.266	24.402	56.952
483.324	81.930	23.646	58.391
483.668	81.756	23.424	58.818
484.242	82.705	23.071	57.022
484.501	82.587	23.599	57.370
485.202	82.857	23.473	56.287
485.342	82.955	23.794	55.638
487.201	82.245	23.271	56.284
487.097	82.050	22.988	56.915
487.983	81.070	22.910	57.626
488.681	81.014	22.144	57.933
489.716	80.412	21.510	58.493
490.160	80.173	20.612	58.772
490.654	80.802	20.500	58.406
491.019	80.440	20.540	58.221
491.250	79.944	20.962	57.792
491.516	79.902	21.802	56.825
491.118	79.922	24.443	56.483
491.691	79.488	24.693	55.211
492.545	78.859	23.564	57.203
492.835	77.951	23.306	57.673
492.860	78.073	23.417	58.511
492.723	78.763	23.783	56.520
493.460	79.147	24.040	56.862
493.402	79.350	24.709	54.927
494.137	79.527	24.666	54.014
494.975	78.524	25.425	52.966
495.830	77.703	25.292	53.703
496.535	77.516	25.301	53.434
496.962	76.458	24.839	55.395
496.819	75.850	24.412	55.407
497.477	76.155	23.269	55.484
497.886	76.533	23.530	53.946
498.291	76.013	23.109	54.071
498.180	76.430	23.828	52.861
498.468	75.615	23.911	52.623
498.024	75.720	24.527	51.897
497.889	74.442	24.297	53.809
498.347	73.505	24.079	56.641
498.329	73.073	23.902	57.563
498.137	74.530	24.033	55.888
498.752	75.381	22.993	54.364
498.778	75.276	23.569	54.325
498.157	73.817	24.458	56.111
498.563	73.741	24.298	55.890
499.290	73.589	24.078	55.830
500.390	72.732	23.890	56.943
499.959	72.331	24.801	57.124
500.325	72.769	24.200	56.682
499.938	72.830	23.198	56.487
500.059	72.840	23.014	56.624
499.828	72.704	23.345	56.271
499.828	72.801	23.447	55.640
498.873	72.109	23.945	54.448
499.061	71.447	23.668	54.758
499.540	71.782	23.107	54.018
499.125	71.989	22.956	54.732
499.301	71.785	22.549	54.692
498.972	72.210	22.348	53.716
498.214	73.971	22.834	51.605
498.120	74.914	23.591	50.235
497.786	74.588	24.083	49.712
497.698	74.020	23.816	50.363
498.507	73.899	23.475	50.782
499.452	71.392	22.783	52.118
499.684	71.735	22.376	51.492
499.360	71.675	22.033	52.965
499.793	72.421	21.243	52.361
499.976	72.270	20.503	49.828
499.994	73.139	20.502	48.688
499.515	71.795	21.125	48.913
499.176	71.394	21.976	50.939
498.849	70.241	21.755	51.984
499.054	71.003	21.742	51.782
499.054	70.646	21.953	50.860
498.958	71.509	21.612	51.976
499.549	71.431	21.530	51.443
499.860	72.476	21.165	50.215
500.133	70.745	21.334	50.477
499.647	72.223	21.476	50.934
499.642	69.308	21.965	53.707
500.278	70.712	22.250	52.230
501.046	70.222	23.097	52.306
500.939	68.614	22.517	53.664
502.983	68.553	19.549	53.284
504.456	67.740	18.316	54.502
504.472	67.571	19.002	54.477
504.886	67.815	19.005	53.991
504.715	68.841	19.287	52.750
505.247	69.393	19.234	51.786
505.729	68.920	19.889	51.548
506.091	68.825	19.186	50.677
507.080	67.096	18.471	50.783
507.860	66.404	17.318	52.473
507.728	66.458	17.752	53.460
508.752	66.632	17.554	54.037
509.284	66.468	17.601	53.264
509.748	67.749	18.240	51.770
509.812	67.335	18.968	52.003
509.802	67.223	19.149	52.652
509.568	65.773	20.453	54.077
509.999	66.669	19.740	52.944
510.142	66.497	19.984	52.594
510.090	65.662	19.851	52.944
510.167	65.606	21.649	53.033
510.396	66.120	21.773	52.783
510.643	66.077	20.527	52.834
510.803	66.306	21.676	51.013
510.749	66.409	23.156	51.446
511.596	65.762	21.625	50.728
511.829	64.649	21.260	53.188
511.616	63.851	21.261	54.131
511.689	63.924	21.663	53.880
511.137	64.232	21.241	53.301
510.204	65.351	24.582	52.042
511.240	65.211	23.297	52.385
511.869	64.740	23.674	52.467
512.128	64.100	22.533	52.849
511.939	63.960	23.768	52.821
511.681	63.011	23.156	53.202
511.786	62.626	21.260	53.289
511.671	62.803	22.888	53.035
511.897	63.026	21.810	53.458
511.662	63.232	21.900	53.326
511.080	63.545	21.722	51.361
511.309	62.751	20.901	52.364
511.472	61.833	20.438	51.886
511.853	60.649	20.212	52.111
510.426	61.345	23.097	50.693
510.184	60.215	20.035	52.709
509.600	61.120	18.899	50.733
507.446	59.064	20.143	51.918
507.516	59.498	20.444	51.026
507.113	59.234	20.217	51.569
507.496	59.638	20.475	50.516
507.416	60.484	20.776	50.054
507.158	61.005	20.805	49.306
506.994	60.358	20.704	49.976
507.046	59.746	20.513	51.643
505.873	58.427	21.302	52.080
505.843	58.161	21.415	50.997
505.882	57.945	21.195	51.916
505.214	58.127	20.414	51.752
505.583	57.644	20.666	53.804
505.517	57.656	18.789	53.303
504.973	58.039	19.742	52.519
503.671	58.377	20.681	51.015
504.126	58.003	19.987	50.040
503.977	57.534	19.683	49.588
503.271	56.618	20.336	50.341
501.864	56.647	21.428	49.869
501.853	56.538	21.948	50.493
501.786	56.824	22.567	49.774
501.182	57.244	23.392	49.011
501.538	57.997	23.071	47.849
502.074	58.246	22.477	48.378
501.805	57.601	23.472	48.753
502.561	56.967	22.528	47.459
502.618	56.554	22.527	48.106
502.714	55.667	21.893	48.838
502.865	55.349	21.481	49.276
503.731	55.366	20.017	48.899
503.522	56.256	19.677	48.160
503.458	56.146	20.363	46.965
503.849	56.176	19.292	47.101
503.390	56.474	20.218	46.514
502.834	56.318	20.357	45.786
503.564	55.686	18.816	46.814
502.719	54.890	19.519	47.148
502.323	54.882	20.919	47.754
502.041	55.256	21.495	46.979
500.867	55.345	22.509	45.607
500.696	55.089	22.527	45.528
500.696	55.482	22.830	44.973
500.669	55.030	22.764	47.628
500.913	54.734	22.711	48.351
500.783	54.093	22.769	49.486
500.419	53.333	22.338	51.543
499.815	53.814	21.876	46.353
500.418	53.632	21.480	47.321
499.115	54.354	21.951	47.307
498.557	55.276	21.985	46.698
498.408	56.088	23.337	43.573
497.882	52.912	22.338	49.144
497.981	53.098	23.131	48.703
497.989	53.290	21.454	47.568
497.227	51.182	22.037	47.897
497.047	52.674	22.590	47.445
496.386	52.049	22.215	48.912
496.509	53.196	22.933	46.230
496.677	53.270	22.985	46.836
496.000	53.581	23.580	45.772
496.352	53.678	23.259	45.477
496.199	53.693	22.969	47.509
496.085	52.982	23.011	47.912
496.199	52.685	22.641	47.154
496.153	52.289	21.139	47.414
496.289	52.564	20.420	47.565
496.344	52.243	20.039	48.445
495.311	53.582	20.948	47.113
495.559	52.682	19.838	48.380
495.617	52.244	19.394	49.236
494.794	51.932	20.029	49.219
494.083	51.637	19.827	47.301
494.188	51.394	19.921	48.231
493.664	51.288	20.162	48.275
492.699	51.586	21.863	47.824
492.611	51.942	21.200	47.441
491.935	51.863	22.440	47.242
492.070	51.926	21.298	47.611
491.611	52.305	20.862	46.995
491.356	51.210	20.971	48.094
491.278	51.435	21.030	47.038
491.382	50.882	21.700	48.290
491.360	49.898	21.120	47.302
491.120	49.355	20.611	48.451
491.271	49.518	20.972	47.953
490.153	50.438	21.334	47.077
489.934	50.483	20.668	47.338
489.485	50.293	21.348	47.704
489.203	50.288	20.454	47.933
488.336	49.097	21.347	47.916
488.143	48.628	21.763	48.962
487.977	48.556	21.789	49.282
486.737	49.392	22.661	48.097
486.322	49.197	22.846	48.654
486.497	49.378	21.215	46.845
486.191	49.265	20.892	46.502
485.857	49.839	20.905	46.568
485.779	49.503	21.247	47.037
485.382	48.784	21.016	47.231
485.241	47.784	21.474	47.633
484.502	47.731	22.057	48.317
484.344	47.760	21.714	47.392
484.186	48.311	21.316	46.853
484.088	48.535	21.399	46.744
484.139	48.309	21.411	47.296
483.827	48.418	21.122	47.446
483.673	48.092	20.778	47.164
483.330	47.431	21.169	46.816
483.740	46.981	20.960	47.711
483.287	47.451	21.751	46.271
483.147	47.329	21.809	46.884
483.199	47.467	22.989	47.092
483.269	47.820	22.294	46.016
483.541	48.018	21.500	46.457
483.511	48.203	22.387	45.951
484.342	47.635	20.997	45.775
484.333	47.432	22.011	46.466
484.673	47.329	21.060	46.603
485.239	46.278	20.272	47.269
484.701	46.342	19.898	47.177
484.762	46.641	20.103	46.383
484.367	47.569	21.159	44.910
484.543	47.979	20.831	44.370
484.818	47.153	20.581	45.081
485.299	46.688	19.709	44.664
484.554	46.323	21.067	44.585
484.638	46.005	20.668	45.168
484.474	45.984	20.984	45.588
484.640	46.798	21.144	44.596
484.769	46.843	20.963	43.830
485.047	47.417	20.718	43.573
485.081	47.517	21.416	43.663
485.041	46.068	20.099	45.316
484.993	46.298	20.546	44.136
485.144	45.998	20.559	44.940
484.982	45.428	19.709	44.702
485.019	45.712	19.750	43.913
484.401	45.992	20.185	44.083
484.317	46.335	20.060	44.043
484.317	46.243	20.109	43.976
484.178	45.048	19.863	45.300
483.949	43.736	19.364	45.495
483.040	44.495	20.147	44.972
483.575	44.907	19.862	44.042
482.803	44.855	19.997	43.776
483.079	44.703	20.399	44.109
481.888	45.461	23.296	43.143
481.802	45.722	22.548	42.207
482.924	45.073	22.271	43.432
482.471	44.413	23.257	43.638
483.005	44.205	21.179	43.908
483.509	42.899	20.369	45.091
483.642	42.664	19.794	45.365
483.347	43.313	18.939	44.778
482.786	43.794	18.965	44.018
482.911	43.300	18.773	44.550
482.536	44.138	18.976	43.791
482.424	44.096	19.133	43.733
481.709	44.246	18.931	42.772
481.847	43.813	18.810	43.376
481.356	42.715	18.419	44.322
481.507	43.365	17.808	43.746
481.212	43.340	19.223	43.139
481.122	43.945	18.831	42.671
480.685	44.249	19.713	42.717
480.302	44.474	20.538	42.603
480.909	44.079	20.374	42.390
481.305	43.908	19.389	42.386
480.478	43.840	19.830	41.749
479.765	43.295	19.833	42.198
481.619	42.165	16.898	43.382
481.520	42.440	16.604	42.919
481.543	42.125	15.930	42.779
480.616	43.507	16.784	41.043
480.035	43.476	17.207	41.166
480.047	43.368	17.128	41.789
479.428	42.740	17.096	41.731
479.748	42.013	16.220	42.562
479.626	42.481	16.424	41.690
479.035	42.130	17.354	41.106
478.295	42.043	18.251	41.710
478.636	42.589	18.404	41.459
477.746	43.020	19.600	40.528
477.233	42.638	20.420	40.636
477.039	42.383	19.786	40.984
477.047	42.238	20.239	41.075
476.532	41.754	20.110	40.847
476.315	41.493	20.288	41.029
477.907	40.438	17.466	42.635
477.859	39.998	17.374	42.562
477.231	40.362	17.780	42.632
477.012	40.537	17.679	42.230
476.968	40.788	17.908	42.202
477.493	40.903	17.338	42.260
477.330	40.184	16.877	42.605
476.504	40.273	17.282	42.086
476.500	39.342	17.498	43.251
476.710	39.748	17.585	42.583
476.373	39.514	17.790	42.162
475.538	39.979	18.228	41.716
475.168	40.649	19.181	41.467
475.024	41.007	20.310	40.706
475.335	40.938	20.389	40.985
475.624	40.249	20.518	41.519
476.211	39.628	18.511	41.543
476.721	38.700	17.840	42.457
476.913	38.514	17.558	41.991
476.735	38.541	17.349	42.576
477.244	39.095	17.160	41.623
476.515	39.084	17.954	41.598
476.095	39.057	18.250	41.378
475.601	39.038	19.138	41.751
475.613	39.191	18.820	41.121
476.876	38.514	16.684	41.318
477.260	38.654	16.045	40.926
477.538	37.287	16.312	42.030
476.645	37.610	17.487	41.652
476.169	37.817	18.554	41.319
475.991	38.148	19.072	40.146
475.714	38.853	18.920	39.876
475.579	39.179	18.928	39.286
474.723	39.234	20.618	39.388
474.401	39.113	20.812	39.563
474.232	38.367	20.281	39.823
475.236	37.584	18.615	40.820
476.091	37.870	18.371	40.423
476.484	36.980	17.440	41.679
475.002	37.501	18.287	41.550
475.409	37.884	17.804	40.706
474.710	37.667	18.969	41.074
474.685	38.029	19.361	40.967
474.173	37.893	19.166	40.978
474.023	38.104	19.511	40.836
473.586	36.729	19.214	41.095
474.272	36.260	18.629	41.240
474.530	36.044	18.325	41.664
474.033	36.275	18.891	41.358
473.375	36.621	20.399	40.398
473.396	37.024	20.086	39.835
472.964	36.952	20.956	39.514
472.567	37.218	21.402	39.843
472.662	36.561	21.110	40.095
472.840	36.386	20.981	40.690
472.718	35.695	20.375	41.487
473.920	35.925	18.980	40.763
473.548	35.791	18.639	40.827
473.005	36.044	18.782	40.357
472.803	35.988	19.424	40.279
472.803	36.149	19.565	40.003
473.042	35.848	18.391	40.075
472.977	35.813	18.569	40.002
472.034	36.187	19.337	39.628
471.836	35.583	19.555	39.867
471.796	35.333	18.830	38.759
472.182	35.915	18.925	39.246
472.191	36.251	19.744	38.699
471.750	35.700	19.667	39.002
470.867	35.688	20.961	38.995
471.014	35.800	21.328	39.225
470.990	35.576	20.982	39.453
471.104	35.160	20.784	39.577
471.209	35.438	20.565	39.792
471.088	34.968	19.813	39.977
471.430	35.513	19.168	39.414
471.285	35.054	18.434	39.199
471.021	35.369	18.371	39.282
471.292	36.133	18.303	38.891
471.122	36.387	17.848	38.659
470.270	36.240	19.071	37.558
469.991	35.935	19.018	37.954
469.821	35.641	19.101	37.617
469.682	35.598	19.304	36.730
469.091	35.332	19.280	38.150
469.630	36.254	19.051	37.118
469.742	36.367	19.084	37.040
469.241	37.081	19.831	36.120
468.390	37.655	21.046	35.682
468.414	37.190	20.911	36.170
468.148	36.873	21.422	36.493
468.184	36.591	20.853	36.860
467.830	36.423	21.403	37.019
467.747	35.026	21.111	37.808
467.475	35.234	20.811	37.818
468.075	35.568	19.314	37.439
467.967	35.267	19.284	37.060
467.990	36.203	19.196	36.550
467.285	36.628	19.609	35.677
466.403	37.116	20.379	34.850
466.703	35.360	18.915	35.556
466.688	34.686	18.608	36.049
466.817	34.093	18.545	36.896
466.954	34.007	18.627	38.004
466.960	35.427	18.629	36.238
466.634	35.560	19.326	36.154
465.595	36.241	20.464	34.873
465.093	35.329	20.602	35.702
465.339	35.614	20.968	35.669
465.511	34.976	19.726	36.484
465.538	34.858	19.494	36.408
464.765	33.566	19.901	37.352
464.758	33.208	19.477	37.577
465.298	32.526	17.750	38.547
465.929	32.453	16.991	38.002
466.085	33.509	16.752	37.410
465.953	33.480	16.750	37.188
465.069	32.683	17.762	36.926
463.844	32.319	18.293	35.736
463.523	32.737	18.514	35.273
463.120	31.864	18.387	35.892
463.628	31.606	17.739	37.637
464.333	31.962	17.570	38.431
464.354	32.341	18.044	37.516
464.351	32.122	17.441	37.786
463.812	32.969	18.418	36.312
463.314	33.273	19.542	36.017
463.084	33.594	19.561	35.855
462.977	33.411	19.885	36.262
463.241	32.650	19.543	36.495
463.512	32.172	18.794	37.222
463.976	31.716	17.528	38.176
463.602	32.701	17.773	36.641
463.505	32.955	17.457	35.792
463.982	32.960	17.012	35.400
463.938	33.527	16.926	34.575
463.303	32.280	17.697	34.405
463.521	32.867	17.429	33.701
463.345	32.974	17.793	33.354
463.841	32.317	17.676	35.661
464.166	32.458	17.235	35.921
464.328	33.043	17.283	35.499
463.764	33.157	17.984	35.027
463.585	33.474	18.320	34.547
463.871	33.108	17.534	34.753
463.647	33.361	17.762	34.469
463.793	33.349	17.332	34.497
464.230	32.564	17.668	35.410
464.402	32.769	17.139	35.227
464.263	32.863	16.853	35.235
464.869	33.192	16.306	34.622
465.323	33.011	16.176	34.271
464.900	33.418	16.486	33.837
464.569	33.038	16.836	33.921
463.807	33.418	17.345	31.724
463.578	33.310	16.971	33.014
463.747	33.488	16.429	32.249
463.912	32.477	16.910	34.611
464.258	32.082	16.946	34.937
463.746	32.568	17.633	34.525
463.795	33.123	17.579	33.954
463.335	32.833	17.925	33.905
463.044	32.771	18.252	33.553
463.148	33.007	17.346	33.613
463.050	32.702	17.595	33.533
463.241	32.830	17.476	33.746
463.681	32.378	16.746	33.766
464.135	31.985	15.713	34.318
464.097	31.967	15.654	34.148
464.400	32.574	15.684	33.139
464.236	33.618	16.040	32.097
464.322	33.173	16.229	32.149
463.296	33.049	17.321	31.543
463.704	32.698	16.268	31.758
463.146	32.251	16.151	32.340
463.752	32.262	15.652	33.089
463.421	31.198	15.900	34.425
463.264	30.960	16.382	34.560
463.088	31.208	16.357	34.195
462.562	31.749	16.904	33.078
462.489	31.456	16.947	33.208
462.409	31.245	16.850	33.385
462.391	31.340	16.685	33.063
463.025	31.256	15.897	33.312
462.939	30.587	15.759	33.712
463.159	30.960	15.479	33.659
463.317	30.466	15.451	34.569
463.481	30.317	15.026	33.436
463.341	30.425	14.961	33.241
463.110	30.659	15.322	32.429
463.078	30.969	15.022	32.355
462.547	30.136	15.650	31.837
462.420	30.590	16.108	31.356
462.059	30.612	16.150	32.442
462.493	29.914	15.848	34.230
461.622	30.063	16.783	33.299
461.313	30.560	17.018	33.375
461.315	30.373	16.963	32.796
461.368	30.400	17.268	32.856
460.710	29.814	17.701	33.593
460.381	29.916	17.906	33.548
460.349	30.106	18.727	33.103
460.703	29.697	17.526	33.399
460.066	29.704	17.263	33.405
460.542	29.177	16.685	34.120
460.959	29.117	16.829	34.008
462.014	28.800	16.115	34.308
461.315	29.424	16.117	34.093
461.185	29.154	15.675	33.094
460.527	29.757	16.814	32.399
460.396	29.503	17.456	32.012
460.344	28.101	17.349	33.876
459.660	28.119	18.067	34.747
460.377	28.186	17.713	33.618
459.695	28.613	18.045	34.920
459.547	28.966	18.430	34.524
460.126	28.158	18.315	34.245
459.964	28.353	18.294	34.215
