294.000	91.000	16.000	30.000
294.451	91.108	17.380	31.110
294.800	91.029	17.436	31.704
295.657	92.005	18.821	35.150
295.345	92.411	20.554	34.817
297.331	91.919	19.584	36.273
298.613	91.628	19.384	37.367
299.484	91.054	19.435	34.735
300.760	90.853	18.940	36.517
300.580	90.386	19.940	36.038
300.079	90.666	21.725	36.633
300.622	90.483	20.677	36.490
299.225	90.795	22.837	37.465
300.914	90.584	20.786	35.207
299.529	90.343	21.382	36.150
300.965	90.947	20.610	32.347
300.496	90.805	20.277	33.178
301.220	91.089	20.038	32.876
300.496	91.572	20.466	32.895
299.435	91.752	20.885	33.050
299.903	91.590	20.754	33.000
300.743	91.515	20.606	32.968
300.160	91.923	20.356	32.764
300.756	91.900	19.505	32.953
300.616	92.054	20.016	33.062
301.220	91.932	19.100	31.981
301.441	91.444	19.197	32.356
301.455	91.602	18.628	32.379
302.181	91.778	18.457	31.495
302.781	92.128	17.955	31.323
302.900	92.827	18.525	33.311
304.346	91.985	18.708	33.206
303.582	91.803	19.451	33.810
304.089	91.757	19.622	36.047
305.613	93.280	21.166	39.960
304.683	94.654	21.096	44.526
307.148	94.734	22.173	38.368
309.331	96.015	21.472	35.135
312.223	96.499	21.358	34.770
314.598	98.204	20.633	33.642
318.023	96.685	19.775	35.735
318.646	97.881	21.004	36.727
320.249	96.246	19.917	33.912
322.689	97.780	19.730	35.565
324.453	98.800	20.013	34.318
327.216	98.886	20.407	31.805
329.258	99.740	20.636	31.019
331.121	99.965	20.937	28.832
335.311	100.657	20.310	30.843
336.816	99.927	19.493	31.742
338.556	99.733	19.061	32.033
341.033	100.492	19.113	32.901
341.938	100.850	19.145	33.182
343.830	100.501	18.108	31.308
345.859	101.768	18.046	34.630
344.044	102.914	19.600	37.240
350.339	103.947	18.825	40.979
351.813	103.777	20.165	40.519
352.857	103.705	19.973	39.196
353.533	103.408	19.470	38.744
355.582	103.182	19.286	35.523
356.375	102.973	19.218	33.915
355.560	103.231	19.979	36.070
357.013	103.445	20.121	37.820
355.875	104.487	22.257	39.635
357.266	104.641	21.715	39.927
357.203	104.868	21.895	38.788
331.600	111.132	21.699	39.802
357.205	105.656	21.732	38.457
358.503	105.404	21.767	40.203
329.454	110.590	22.737	39.653
358.548	106.122	22.366	40.982
358.793	105.117	21.978	40.309
359.380	105.528	21.991	42.154
359.120	105.389	22.647	41.086
358.774	105.971	23.325	40.805
358.968	105.061	22.607	40.861
358.899	105.093	23.392	40.422
359.572	104.760	23.453	41.948
360.271	103.910	23.777	45.288
358.252	104.563	30.421	47.819
357.601	104.120	28.929	50.934
359.629	103.630	30.602	50.126
357.175	103.843	31.475	53.494
357.501	103.742	30.197	51.223
357.979	104.740	32.689	48.691
357.737	104.729	32.655	50.065
357.310	104.682	31.963	50.631
357.746	103.981	32.082	50.183
357.558	104.170	32.558	50.252
356.755	103.808	33.140	51.318
356.473	104.004	29.288	49.690
356.690	103.477	30.239	50.648
355.774	101.850	25.968	46.755
354.929	101.407	23.528	45.115
354.200	101.108	24.550	48.272
351.665	100.781	25.227	49.461
349.614	100.806	24.936	44.460
348.737	99.798	25.734	44.672
345.392	99.568	28.166	44.432
343.422	99.133	29.073	47.041
339.814	99.259	30.585	46.881
337.431	98.959	31.742	44.708
335.588	99.426	31.355	44.822
332.688	99.725	29.547	47.316
332.167	99.977	27.761	44.391
330.688	99.659	26.193	42.574
328.815	99.344	23.416	44.614
327.926	98.689	23.140	44.972
324.328	98.240	21.171	46.146
321.220	97.243	22.120	49.550
315.484	99.057	23.691	48.815
312.663	98.700	24.107	45.546
306.918	97.374	25.814	47.267
304.702	97.207	26.613	48.183
303.720	96.943	25.596	45.518
301.996	96.305	22.602	43.934
300.486	96.952	23.310	44.713
293.910	98.803	24.927	42.814
292.101	98.285	23.833	41.939
288.722	99.484	23.519	39.001
283.940	99.452	23.387	38.274
280.591	98.315	25.328	37.790
279.085	99.057	26.964	39.315
276.570	99.905	24.045	40.376
270.561	98.505	26.361	41.567
268.269	99.771	23.990	38.224
266.349	98.800	24.815	38.200
262.486	98.723	25.454	36.630
257.737	97.542	26.074	36.566
257.118	97.751	26.926	34.671
253.331	97.283	26.215	36.171
252.513	97.567	24.131	35.757
246.196	97.261	24.692	37.388
244.531	95.294	23.077	36.399
240.460	96.178	22.449	35.772
237.976	95.022	21.588	37.716
236.859	94.917	20.787	36.869
234.187	94.361	22.182	37.262
231.495	91.980	24.425	39.726
230.567	90.478	24.021	38.937
230.761	89.849	24.949	40.269
227.973	89.987	26.178	43.325
229.336	89.905	25.258	43.130
228.546	90.968	25.513	43.371
228.798	91.100	26.572	43.716
225.151	90.949	26.101	42.701
223.124	90.631	27.137	42.779
223.166	90.998	26.369	42.560
221.516	91.079	25.969	41.744
221.711	90.638	26.372	41.059
221.480	91.250	26.543	42.080
218.604	91.158	29.328	40.937
219.776	90.552	27.939	41.790
217.034	91.806	28.492	39.922
219.115	91.971	28.630	40.179
216.409	92.030	28.562	40.120
215.638	92.399	28.338	39.999
216.149	92.343	26.486	40.868
214.900	93.088	26.783	41.092
214.129	92.408	27.591	40.640
215.549	91.769	25.621	41.009
213.743	93.086	26.121	39.703
214.480	92.266	24.334	40.325
213.153	92.374	23.062	38.660
212.673	89.820	20.529	39.920
212.592	91.073	23.678	40.238
211.796	90.818	23.038	40.054
212.434	91.196	24.897	38.726
213.007	90.366	20.026	37.199
214.861	91.311	20.023	38.950
214.235	91.626	20.387	39.958
213.708	92.331	22.019	38.971
214.136	91.096	20.612	40.409
214.148	91.717	21.721	40.873
213.223	91.235	23.054	41.035
214.294	91.961	21.685	39.295
213.314	92.180	21.516	39.080
214.099	91.352	18.955	37.705
213.880	92.816	22.827	38.719
211.993	89.226	21.985	40.231
212.774	92.976	22.133	38.844
212.372	93.472	20.210	35.745
212.814	93.513	20.457	36.568
212.891	93.845	22.366	37.373
210.897	93.313	21.715	37.417
212.786	93.251	20.311	35.986
213.320	94.153	22.653	36.108
209.764	93.929	23.500	36.765
211.821	94.990	21.312	35.250
211.814	94.786	21.325	35.781
210.880	94.385	21.692	35.619
208.252	95.062	25.348	35.859
209.604	95.211	22.130	37.340
208.131	95.319	22.445	34.883
205.421	96.082	24.176	33.269
204.682	95.666	23.109	34.226
204.765	94.518	24.262	36.515
202.826	93.728	23.655	35.698
201.603	93.319	24.380	36.171
200.373	93.065	24.879	36.379
200.471	92.855	23.868	34.889
200.180	91.989	23.831	34.962
200.547	91.957	23.346	35.133
199.376	91.624	24.384	36.531
199.305	91.235	22.404	37.021
199.234	92.068	21.434	34.893
199.797	93.051	22.812	34.615
198.712	90.594	23.524	38.080
218.715	84.743	24.659	42.854
195.839	91.261	24.368	41.649
195.475	91.286	24.553	39.095
190.700	89.944	35.738	39.695
216.108	94.622	26.934	40.593
190.529	89.488	21.195	37.949
188.449	87.996	22.238	37.460
187.637	88.535	24.136	37.368
184.629	88.395	27.500	36.779
179.612	87.984	31.633	39.337
178.336	86.603	29.383	42.842
206.672	97.316	30.339	36.539
208.442	97.053	27.648	36.821
204.116	97.464	26.707	35.287
202.668	98.521	27.818	33.495
202.073	97.474	28.154	34.437
200.638	97.549	29.832	35.137
198.235	96.985	30.703	36.132
193.788	95.948	31.977	38.120
191.986	94.957	33.089	38.122
189.091	94.482	32.627	37.350
184.602	93.945	30.032	39.386
161.857	84.147	24.541	39.726
150.739	81.908	23.030	39.879
162.203	84.103	20.108	37.285
161.073	84.828	21.050	36.273
155.701	84.007	21.266	35.953
154.508	82.541	20.583	38.184
152.132	82.188	20.632	37.566
151.016	83.790	26.575	38.704
149.670	83.332	30.571	38.199
147.176	84.402	31.969	38.229
145.023	82.545	34.986	39.936
125.444	75.270	27.145	45.480
119.396	75.503	21.492	43.937
119.028	76.032	20.821	41.694
120.000	75.230	19.756	40.496
113.997	73.463	21.873	40.342
112.518	74.629	19.687	39.433
107.840	73.426	20.793	39.855
104.706	74.046	21.576	39.878
104.932	73.314	19.206	40.126
99.871	73.360	23.356	39.406
119.180	77.259	28.891	37.371
116.636	77.163	28.322	37.683
112.470	76.647	29.133	37.319
108.112	76.441	29.223	36.815
109.225	75.366	29.650	38.240
103.030	75.497	28.886	38.029
100.988	75.522	29.956	36.644
101.016	74.284	34.576	38.629
96.444	73.652	34.538	38.483
95.241	73.224	35.363	39.363
94.579	72.309	34.203	39.036
91.712	70.562	32.649	40.579
89.843	70.654	33.669	40.542
84.803	70.696	37.344	40.335
82.447	70.959	38.216	40.147
81.032	69.699	37.502	41.376
76.721	69.407	38.934	41.274
76.535	68.993	35.979	40.049
74.599	69.574	36.019	39.317
73.334	67.517	35.236	40.481
70.167	67.118	34.699	41.017
69.440	67.739	34.967	40.398
66.436	67.700	35.470	39.435
64.051	67.441	35.092	40.040
63.298	67.468	34.710	42.012
62.051	64.864	30.838	42.149
57.272	64.996	30.781	41.864
51.851	65.420	33.537	42.145
49.986	63.923	32.972	44.676
43.204	64.655	37.711	44.387
38.060	63.591	37.502	43.224
36.347	63.950	34.180	41.022
34.746	59.661	30.308	43.018
29.606	63.714	31.461	42.716
28.291	60.371	31.489	41.305
23.763	61.267	31.957	36.719
20.820	62.359	31.116	35.022
21.571	60.646	27.479	34.426
18.245	61.340	26.617	32.922
16.078	62.660	27.634	33.272
17.250	58.424	25.661	34.929
13.852	57.150	28.247	35.339
10.237	58.570	30.418	34.868
6.819	56.351	34.646	38.306
1.686	58.851	36.174	37.064
1.148	57.058	35.900	39.914
0.206	55.664	35.518	42.050
0.002	55.898	32.847	43.320
0.000	55.618	31.662	43.831
0.000	53.175	26.232	45.794
0.000	52.090	27.129	41.662
0.900	48.426	22.976	41.574
5.453	41.248	40.734	41.569
0.000	19.367	32.421	54.016
32.881	17.306	33.349	54.161
30.961	36.229	54.253	64.037
42.776	62.661	67.518	83.347
32.774	78.488	74.864	114.117
23.133	55.470	93.481	114.028
37.138	31.942	99.392	101.478
58.675	38.875	88.610	103.894
231.483	18.576	37.443	65.331
236.090	20.734	30.487	53.732
236.128	18.974	28.987	50.958
236.958	20.625	29.913	51.529
239.258	20.747	29.693	51.926
239.542	23.110	30.244	49.663
243.233	21.086	26.501	51.580
243.074	23.432	28.029	49.546
244.731	23.260	26.868	51.232
247.401	26.490	28.110	46.236
248.426	27.186	27.138	46.752
248.099	27.656	27.147	45.850
284.442	39.296	33.439	36.351
282.477	37.828	31.582	35.850
253.673	27.558	27.467	47.903
254.618	28.452	28.064	47.315
257.024	29.336	25.763	48.111
