397.000	117.000	18.000	35.000
397.489	117.121	18.175	35.731
396.586	116.859	18.264	35.430
396.165	116.871	18.536	35.466
395.801	117.168	18.342	35.447
395.507	117.081	18.773	35.486
395.332	117.750	18.194	35.634
394.935	117.527	18.346	34.851
394.812	117.275	17.724	36.468
394.245	117.141	18.047	35.808
394.087	116.896	18.283	35.754
393.528	116.965	18.414	37.405
393.057	117.443	18.844	35.342
393.267	117.229	17.492	36.607
392.830	117.440	17.842	36.617
392.370	116.851	18.265	37.328
391.805	116.752	17.959	38.333
391.483	117.296	17.948	37.566
391.186	117.809	17.275	36.788
390.440	118.039	18.107	37.018
389.783	117.893	17.823	37.469
388.357	118.422	18.461	37.309
388.305	118.195	17.876	37.605
387.867	118.352	18.291	37.423
387.646	118.328	18.009	37.775
387.407	118.473	17.692	37.135
387.248	118.169	17.445	37.346
386.399	117.644	17.696	38.426
386.718	118.240	17.286	38.688
386.034	118.668	17.294	38.721
386.105	118.796	16.941	38.751
385.266	118.848	17.161	38.009
384.738	119.512	17.492	37.917
384.276	118.721	16.622	38.107
384.128	118.289	17.008	38.729
383.259	118.756	16.585	37.841
383.029	118.650	17.574	38.366
382.362	118.791	17.123	38.827
382.237	119.195	17.005	38.572
382.237	119.392	16.741	37.868
381.273	119.514	16.894	37.940
380.806	119.714	16.990	37.684
380.474	119.806	17.561	38.238
379.618	119.476	17.874	38.697
380.059	120.034	17.722	37.947
379.810	120.765	17.494	37.826
378.937	120.585	18.145	37.753
377.777	120.894	18.561	37.902
377.338	120.785	17.865	37.898
377.404	120.940	18.547	37.415
376.210	121.428	18.852	37.461
375.837	121.893	19.118	37.440
375.245	121.969	19.145	37.469
374.511	122.889	18.545	36.413
373.929	123.722	20.274	35.717
373.540	121.959	18.612	37.795
373.668	120.546	18.168	39.102
372.919	120.740	17.624	39.506
372.381	120.958	17.519	38.662
371.730	122.835	17.962	37.567
369.655	121.253	18.600	38.677
369.526	121.334	17.779	38.980
369.099	121.177	18.768	39.223
368.607	121.505	17.732	39.020
368.170	121.610	18.763	39.943
367.453	121.855	18.515	38.986
366.844	121.776	19.034	39.094
366.067	121.752	18.051	39.210
365.415	120.837	18.954	40.504
365.210	121.572	18.316	39.807
365.106	121.544	17.603	38.714
363.822	121.842	18.544	38.835
364.031	121.558	17.974	39.352
362.845	122.102	18.599	39.376
362.766	121.718	19.170	39.740
361.651	121.429	18.806	39.229
361.473	122.007	17.935	38.883
361.835	121.754	17.557	39.469
360.877	122.249	17.569	39.413
360.543	121.936	17.378	39.724
360.086	123.301	16.883	38.731
359.517	122.780	16.771	38.990
358.713	122.992	16.236	38.878
358.518	122.843	17.218	39.793
358.484	122.793	17.210	39.435
357.668	123.439	17.494	38.840
356.266	122.543	18.738	39.147
356.253	122.775	18.628	39.280
355.203	122.493	19.123	39.181
355.243	122.444	19.192	39.228
354.170	124.198	18.635	38.490
354.064	123.116	19.776	39.063
354.229	123.609	18.984	38.584
353.994	123.421	18.352	37.730
354.196	123.580	17.703	39.745
353.833	124.757	16.980	37.256
353.305	124.368	17.914	38.382
352.833	124.336	17.555	37.874
352.169	125.071	17.218	37.979
351.728	124.516	17.998	38.483
351.108	124.155	17.394	38.493
350.172	123.516	18.304	39.687
349.933	124.055	17.859	39.617
348.852	124.105	18.103	40.033
348.987	124.662	17.988	38.797
348.549	124.610	18.030	37.680
347.624	124.473	18.617	39.511
347.358	124.874	17.508	37.847
347.715	124.270	17.885	39.012
347.479	124.600	17.371	38.136
347.696	125.446	17.156	37.214
347.483	125.800	16.687	36.584
347.085	125.209	16.977	37.913
345.760	125.203	17.568	38.366
345.373	125.270	17.879	37.611
345.638	124.769	17.402	39.647
344.844	125.589	17.602	38.399
344.777	125.897	17.123	38.321
344.244	125.915	17.486	39.153
344.807	125.789	18.080	38.369
343.358	125.864	17.721	39.050
343.258	126.008	17.665	38.382
342.541	126.257	18.924	36.425
342.894	125.868	17.389	38.236
341.982	126.525	15.769	38.543
341.233	128.509	16.531	36.900
340.543	128.174	17.637	36.909
339.325	128.366	18.058	37.879
339.218	128.066	17.976	39.118
336.952	127.795	18.481	38.629
336.279	127.439	18.992	38.244
335.964	128.214	18.326	38.119
336.296	127.170	17.475	38.866
335.350	127.668	17.171	38.557
334.683	128.405	17.809	37.645
334.598	128.044	17.400	38.413
333.084	128.057	18.138	38.885
332.899	126.781	18.420	40.099
333.089	128.416	18.603	37.850
332.637	130.153	17.414	36.697
332.587	129.117	17.674	37.906
332.476	129.821	17.502	38.504
329.725	129.111	19.333	39.436
329.768	129.274	19.466	38.776
330.428	129.755	18.096	37.105
331.182	131.489	17.833	36.294
329.917	132.002	17.774	36.407
329.934	132.772	18.064	35.442
328.979	133.357	17.792	34.515
328.153	132.541	17.963	35.901
326.806	132.820	18.402	36.254
325.806	133.461	19.014	35.181
325.975	134.473	19.022	34.246
325.213	135.641	18.280	32.650
324.299	135.591	18.185	33.871
322.983	133.854	18.380	34.998
321.869	134.216	18.360	35.167
322.898	134.897	18.339	33.938
323.016	135.007	17.794	35.384
322.216	136.554	17.761	34.078
322.734	137.143	17.013	31.942
320.856	135.724	17.108	34.932
320.475	134.880	17.546	35.429
319.137	134.484	17.928	35.915
319.259	134.637	17.911	36.283
317.758	135.784	18.884	34.663
317.739	136.221	18.216	35.047
316.902	137.684	18.900	33.949
317.083	138.727	18.247	32.644
316.536	137.366	17.922	34.968
315.572	137.011	19.416	36.220
314.820	137.445	19.579	35.688
314.483	137.020	19.734	35.536
314.914	137.478	18.878	35.418
314.362	137.637	18.732	35.262
314.658	137.770	18.473	35.728
314.587	137.965	17.632	35.735
313.226	137.469	18.467	36.000
310.750	137.039	19.339	36.157
311.825	138.646	18.818	35.563
310.582	138.893	19.637	34.485
309.851	139.061	19.839	34.855
310.227	139.244	19.180	35.092
309.907	140.078	19.024	34.436
308.156	139.518	19.516	35.381
308.579	139.746	19.450	34.696
307.838	140.001	20.049	34.997
306.972	139.704	19.536	35.699
307.180	138.752	19.209	36.183
306.312	138.341	19.412	36.860
307.190	139.016	18.651	36.334
306.337	139.231	18.150	36.307
306.219	138.720	17.565	36.694
305.097	140.073	18.938	35.746
304.186	139.850	17.663	36.060
303.136	139.933	18.970	36.369
302.238	141.022	19.400	35.042
301.965	140.341	20.179	35.889
301.166	140.146	20.457	35.701
301.614	141.011	19.871	35.307
300.656	141.196	19.198	35.993
300.226	141.197	17.750	36.426
298.596	141.103	19.814	35.928
298.339	140.734	18.251	36.331
298.463	141.316	19.112	35.326
297.965	139.304	17.501	37.321
298.026	140.864	18.717	35.640
297.998	140.588	18.758	35.360
296.162	140.965	19.340	35.415
296.891	141.292	19.149	35.267
295.677	141.352	19.107	34.746
295.529	140.859	19.283	35.528
294.793	140.606	19.134	36.170
293.382	140.631	18.808	35.271
294.472	141.670	18.115	34.510
295.202	143.074	17.805	35.214
294.165	141.209	18.314	35.970
294.043	142.612	18.778	35.928
294.006	142.164	17.541	36.328
293.324	141.608	18.803	37.052
290.468	142.019	18.081	35.674
290.262	141.809	17.894	35.155
289.572	142.439	17.228	34.662
291.163	143.843	17.450	35.493
291.623	143.953	18.837	34.306
288.344	143.723	18.535	33.875
288.137	143.815	18.782	34.006
287.289	143.146	19.105	34.870
286.527	142.316	19.112	35.256
286.422	142.852	19.595	34.773
286.838	143.368	19.659	35.450
285.972	142.742	19.407	36.348
286.001	143.206	19.576	35.494
284.881	142.687	19.434	36.476
285.910	143.154	18.540	38.043
283.510	143.598	19.693	36.089
281.824	143.135	19.276	36.092
281.708	142.671	18.628	37.152
280.893	142.933	19.866	38.046
280.876	143.693	19.835	37.246
280.059	144.050	18.653	36.410
280.059	144.285	18.645	36.818
280.496	145.006	18.541	35.924
278.367	143.666	18.373	37.837
278.509	144.909	19.848	35.561
277.881	145.220	18.890	36.265
277.226	144.995	18.752	36.696
276.766	145.692	18.699	37.092
275.595	145.621	18.938	38.833
275.925	145.715	18.399	37.145
275.967	145.143	19.057	37.983
272.927	145.407	19.638	37.609
272.463	145.898	18.863	37.661
271.600	144.532	19.808	38.205
273.284	144.832	19.255	38.735
272.644	145.643	18.330	37.888
273.022	145.918	18.439	37.014
271.905	145.727	19.141	38.040
271.172	145.911	19.090	38.313
270.487	146.107	18.477	38.315
270.614	146.935	18.749	37.852
270.109	147.047	17.869	37.427
268.893	147.033	19.528	38.106
268.971	147.055	18.524	38.062
265.521	146.506	18.723	38.902
265.449	147.364	19.587	37.646
264.458	147.394	20.510	37.759
265.149	146.671	19.123	38.137
264.627	146.962	18.442	39.164
266.486	147.472	18.322	37.263
265.031	147.595	19.714	38.438
264.479	148.509	19.746	38.730
264.080	147.960	19.847	38.911
262.342	147.609	19.895	39.166
262.825	148.707	18.697	38.332
261.253	147.995	20.808	38.867
261.947	149.019	19.885	39.367
262.042	149.012	19.023	38.917
262.053	148.192	19.172	38.823
259.752	147.062	21.967	40.527
257.810	147.308	22.860	40.735
258.252	147.124	21.514	41.853
259.064	146.187	21.986	42.129
257.815	147.865	19.394	41.134
258.711	149.008	19.960	40.340
258.221	147.595	21.826	41.605
257.695	148.997	19.360	40.985
256.672	146.674	23.000	43.029
255.027	145.584	22.804	43.834
254.523	147.544	22.909	41.266
255.154	148.257	21.507	41.514
256.175	148.910	20.348	41.148
256.315	150.918	19.626	38.702
255.339	148.767	20.919	40.868
252.633	146.961	23.166	43.374
251.243	146.396	25.029	43.051
250.113	145.172	26.145	44.073
250.227	145.339	25.493	44.162
250.026	145.191	26.349	44.796
251.727	145.450	23.711	44.682
253.029	144.240	23.135	48.078
252.300	144.742	22.824	46.866
250.941	144.548	23.620	47.375
249.280	144.904	24.293	46.629
249.415	144.904	23.899	47.026
247.792	144.791	25.956	47.898
247.445	144.879	25.291	47.126
247.105	144.491	25.204	48.871
246.056	144.829	25.839	48.562
244.343	145.165	26.605	48.349
244.188	145.108	25.659	47.773
243.585	145.579	26.077	46.735
243.129	145.448	25.628	48.202
242.631	145.726	26.210	47.023
242.083	145.509	25.732	47.478
241.900	145.705	25.295	47.840
241.721	145.656	24.581	48.847
241.374	145.813	24.953	48.830
240.523	146.434	25.213	49.231
239.960	146.853	25.461	47.597
240.282	146.525	24.677	47.975
239.412	146.277	25.231	47.325
238.994	145.893	25.323	48.872
238.638	145.660	25.624	50.324
237.487	146.329	26.024	47.717
237.272	145.879	26.248	49.063
236.511	146.407	26.141	48.219
236.541	146.036	25.640	50.136
236.355	146.480	26.155	48.921
236.017	146.853	26.709	49.614
235.870	146.751	26.952	49.682
235.831	146.780	26.803	49.157
234.805	146.615	27.668	49.585
234.531	146.428	27.354	50.522
233.908	146.731	27.853	49.610
233.859	146.531	28.101	49.899
233.448	146.139	28.008	50.707
233.710	146.629	27.497	49.351
233.563	146.344	26.952	49.776
233.748	146.418	27.003	51.354
233.756	146.874	26.523	50.095
233.800	146.901	26.578	50.788
233.343	147.116	26.847	50.149
232.563	147.021	27.119	49.561
232.281	147.021	27.288	49.724
231.470	146.935	27.798	48.571
231.081	146.427	28.260	50.265
230.362	146.586	28.710	49.739
229.968	146.792	28.862	50.190
229.719	146.302	28.659	50.681
229.045	147.137	29.060	50.652
229.228	147.508	28.444	50.444
229.220	147.530	28.441	50.170
228.955	147.876	28.696	50.321
228.685	148.013	28.546	49.781
228.645	148.587	28.648	50.016
228.228	148.302	28.514	50.070
227.921	148.504	28.281	49.788
228.022	148.174	28.107	49.753
227.794	148.007	27.725	50.321
228.603	147.771	26.802	50.342
228.550	147.953	26.656	50.546
228.178	148.027	26.515	51.190
228.768	148.266	26.308	50.642
228.235	148.688	26.749	51.190
227.990	148.815	26.968	51.299
228.021	148.842	26.343	51.036
226.977	148.716	27.011	51.430
226.546	149.017	27.291	50.568
226.247	148.818	27.465	51.254
226.071	148.874	27.043	50.509
225.724	149.146	26.944	51.311
225.595	149.010	27.274	51.043
224.535	149.297	27.715	51.413
224.004	149.492	27.754	52.786
224.081	150.625	27.505	51.652
223.548	150.533	27.995	50.729
223.345	150.686	27.212	51.038
222.979	150.577	27.655	50.914
223.136	150.337	27.054	51.460
223.326	150.407	26.764	52.097
222.312	150.210	26.805	51.886
222.867	150.072	25.964	51.532
221.973	150.118	26.739	51.043
221.847	150.011	26.343	52.646
221.805	150.515	26.249	52.214
221.226	150.914	26.321	52.030
221.326	150.929	25.596	52.452
220.723	150.993	26.062	52.812
220.457	150.822	26.200	52.535
220.340	150.815	25.288	53.240
220.085	150.616	25.673	53.539
219.836	150.590	25.581	54.205
219.733	150.319	24.827	54.595
218.743	150.274	25.557	54.421
218.371	150.934	26.476	54.331
218.471	151.233	25.410	54.322
218.325	151.581	25.249	53.659
217.742	151.929	25.830	53.045
217.647	151.847	25.700	53.029
217.271	152.420	25.367	52.784
216.879	152.236	25.804	53.042
216.006	152.277	25.899	53.079
216.085	152.442	26.075	53.185
216.063	151.973	25.657	52.979
215.578	152.698	25.728	53.340
215.284	152.460	25.369	54.010
214.842	152.480	25.650	54.264
214.376	152.584	25.605	54.310
214.269	152.976	25.406	53.988
214.538	153.508	25.199	54.711
213.350	152.820	26.295	54.647
213.080	153.525	26.054	53.537
212.689	153.430	26.421	54.035
212.406	153.623	26.425	53.312
212.455	153.582	26.405	53.703
211.990	153.512	26.205	53.745
211.318	153.843	26.470	53.141
210.871	153.627	27.408	54.445
210.643	153.939	26.515	54.648
210.821	154.934	26.350	54.265
210.567	155.343	26.817	53.481
209.797	155.270	27.112	53.517
210.010	155.741	26.688	53.534
210.168	155.604	25.628	53.405
210.300	156.467	25.126	52.999
209.639	156.269	24.643	53.094
208.871	155.844	25.102	53.813
208.751	156.001	25.120	54.247
208.103	155.343	26.024	55.216
208.575	156.177	24.625	54.601
207.961	156.553	25.373	54.067
207.588	157.149	25.478	53.992
206.407	156.976	24.393	54.289
206.974	157.369	24.483	53.980
205.910	157.505	25.347	53.674
205.892	156.624	24.902	55.234
205.805	157.401	24.020	54.484
205.339	157.623	24.418	55.027
204.748	158.105	24.747	54.665
205.293	159.604	23.562	54.156
205.142	159.750	23.253	53.858
205.216	160.159	22.263	53.023
204.293	159.482	23.292	54.199
204.309	159.666	23.114	53.762
202.994	162.115	23.325	51.183
202.247	161.899	24.115	51.511
201.471	162.873	24.396	51.368
201.222	161.064	24.387	53.909
201.078	161.085	23.832	54.166
200.230	161.085	24.743	53.942
200.258	161.442	24.620	53.309
200.203	162.418	23.996	53.208
199.650	161.160	24.257	54.472
199.910	162.612	23.402	52.469
199.586	164.698	23.434	50.492
199.277	164.883	23.391	50.923
198.921	164.969	23.469	51.180
198.550	164.294	23.926	52.210
198.340	165.392	23.645	51.060
197.984	167.148	22.837	49.224
198.054	166.217	22.823	50.823
196.730	167.981	23.454	48.987
197.002	168.803	22.985	48.315
196.122	169.194	23.113	48.286
196.122	169.734	22.543	47.836
195.997	169.362	22.458	48.415
195.468	170.218	22.672	47.286
195.487	170.275	22.075	47.355
194.963	170.093	21.869	48.162
194.948	170.644	21.718	47.722
195.162	170.535	21.217	48.291
194.527	171.168	21.202	47.858
193.907	171.644	21.658	47.839
193.314	171.861	22.064	48.142
192.619	172.724	21.975	47.553
192.056	172.699	22.218	47.619
192.287	172.455	21.484	48.743
191.231	172.517	22.646	47.602
190.423	173.284	22.299	47.228
189.829	173.624	22.763	47.054
189.734	173.772	22.090	47.505
189.204	173.959	22.151	47.823
188.162	173.679	22.715	48.643
188.300	173.393	22.095	48.383
187.194	173.505	21.950	48.468
187.269	173.734	21.099	48.351
187.393	173.713	20.959	48.255
186.352	174.643	21.074	48.333
186.162	174.910	20.824	48.678
184.923	175.894	21.280	47.402
184.387	175.863	21.525	47.329
184.251	175.584	21.655	48.175
183.644	175.912	20.981	47.269
183.412	175.944	20.554	46.945
182.795	176.917	20.990	45.631
182.314	177.229	21.072	45.622
181.630	177.292	20.988	45.827
180.193	177.290	21.066	46.289
180.090	177.714	20.925	46.346
179.347	178.085	20.316	45.374
179.251	177.608	19.510	45.948
178.933	177.428	19.757	47.341
178.278	177.997	19.981	46.491
178.312	178.437	20.222	45.358
178.704	178.444	19.317	45.756
176.944	179.239	20.153	46.058
176.977	179.108	20.505	45.496
176.145	178.736	21.061	45.841
175.814	178.869	20.828	46.282
175.759	178.827	20.627	46.261
176.246	178.625	19.913	46.612
174.440	179.102	21.368	46.940
174.233	179.689	21.500	46.351
174.093	179.358	21.294	47.010
173.438	180.048	21.271	46.515
173.068	180.038	21.370	46.849
172.971	180.412	21.278	46.595
172.474	180.460	21.020	47.428
171.895	180.481	21.619	46.812
172.377	180.549	20.664	47.146
171.594	180.910	20.589	47.191
171.696	181.557	20.922	46.396
171.151	181.746	21.358	46.553
170.365	182.334	21.056	46.966
169.880	183.109	21.154	45.663
168.993	182.769	21.752	46.617
169.560	182.596	20.663	47.094
169.336	182.129	20.499	47.911
169.278	182.327	20.481	48.153
168.550	183.497	20.538	46.901
167.783	183.792	21.206	47.161
167.515	183.586	21.480	47.433
167.041	183.354	21.301	47.358
166.832	183.419	21.198	47.770
166.378	183.441	21.480	47.320
166.602	184.108	21.199	47.298
166.323	184.412	21.134	47.250
166.543	184.596	20.932	46.855
165.993	184.696	20.743	47.671
165.076	184.766	21.456	47.798
164.552	185.184	22.148	47.731
164.367	185.257	22.117	48.088
163.971	185.190	21.932	47.984
164.180	184.343	21.434	49.203
164.234	183.818	22.089	49.716
162.923	184.462	23.238	49.298
163.244	184.324	22.222	50.367
163.105	184.603	22.388	50.041
162.765	184.540	22.593	50.569
162.951	184.311	22.064	50.690
162.877	184.309	22.246	50.760
163.247	184.145	21.285	50.447
162.822	184.777	22.258	50.001
162.969	184.286	22.219	51.034
162.590	185.835	22.370	49.913
162.900	185.942	22.143	50.049
162.451	186.461	22.466	49.648
162.797	186.942	22.190	49.887
162.530	187.173	21.884	49.890
162.387	187.070	22.305	49.514
161.852	187.612	22.302	48.656
162.182	187.768	22.287	48.856
161.834	188.331	22.507	48.740
161.767	188.215	22.205	49.748
161.425	188.911	22.627	49.197
161.020	189.277	22.577	49.092
160.975	189.053	22.418	49.395
160.342	189.862	23.064	48.474
160.581	189.795	22.255	48.925
160.976	190.181	22.031	48.240
160.836	190.340	22.042	48.321
160.863	190.816	22.048	48.473
160.077	190.511	22.715	49.619
160.002	191.334	22.847	48.572
159.451	192.108	22.944	47.710
159.416	191.713	22.671	48.188
158.979	191.847	23.053	47.584
159.810	191.517	21.947	48.904
159.187	191.534	22.237	48.665
158.815	191.450	22.434	49.697
158.894	191.172	22.694	50.106
158.076	192.237	23.603	49.854
158.417	192.689	23.047	49.105
157.114	192.807	24.184	49.016
158.519	192.672	22.456	50.040
158.722	192.620	22.147	49.955
158.286	193.027	22.660	49.965
158.507	192.672	22.337	50.530
158.265	193.760	22.919	50.307
157.590	194.324	22.946	48.603
157.370	195.098	23.324	48.382
157.555	194.928	23.075	49.135
156.693	194.534	24.127	49.743
157.218	193.744	23.374	50.522
157.104	194.089	23.411	49.577
157.265	193.532	23.287	51.844
156.607	193.856	24.047	51.613
156.421	193.901	24.612	52.049
155.550	194.344	25.195	51.947
156.779	194.889	23.929	51.805
156.546	195.097	23.747	52.068
156.446	194.829	23.801	51.834
157.276	195.677	23.279	50.844
157.277	195.986	22.778	51.343
157.700	196.133	22.689	52.027
157.484	197.233	23.457	51.258
157.238	197.533	23.218	51.418
157.038	198.279	23.362	52.785
157.059	198.162	23.098	51.137
157.161	198.248	23.200	51.067
156.933	197.509	23.399	51.948
156.082	197.887	24.467	52.761
155.575	198.378	24.332	52.086
155.780	198.319	24.197	52.229
155.649	197.957	23.913	52.471
155.702	198.516	23.628	52.056
155.499	198.979	23.790	51.947
154.933	199.222	23.963	52.088
155.014	198.955	23.538	52.670
154.623	198.158	24.057	53.469
154.922	199.025	23.828	52.486
154.476	198.847	23.853	53.342
154.587	199.931	24.341	52.962
154.782	200.428	23.761	52.607
154.819	202.370	23.685	51.920
154.946	201.978	23.401	52.851
154.946	201.756	23.354	52.385
154.768	201.376	23.252	52.813
154.959	201.721	23.084	53.074
154.715	201.829	23.242	52.984
154.075	201.811	23.910	52.593
152.918	202.454	24.873	53.007
153.063	202.588	24.688	53.382
153.487	203.090	24.391	53.183
153.111	203.339	24.461	53.936
153.203	203.375	24.258	53.169
153.613	203.122	23.841	53.806
153.808	203.097	23.589	54.209
153.588	203.832	24.123	54.390
154.373	204.750	23.676	53.749
154.574	205.195	22.971	53.481
154.439	205.137	23.344	54.210
153.489	205.238	24.425	54.961
153.776	204.477	23.927	55.519
153.751	204.419	23.567	55.275
153.433	204.759	24.146	55.759
153.302	205.090	24.585	55.351
152.643	205.224	25.309	55.471
152.860	206.030	24.758	54.883
152.784	205.992	24.227	55.257
152.771	205.554	24.360	55.822
153.019	204.890	24.024	56.632
152.368	205.374	24.495	56.314
152.740	204.949	23.917	56.959
152.688	205.260	24.004	56.402
152.487	205.887	24.370	56.759
152.504	206.127	24.345	56.693
152.740	207.612	24.064	56.681
152.226	206.247	24.460	58.233
151.847	206.380	24.586	57.680
151.696	206.219	24.554	57.736
151.320	205.716	25.105	58.485
151.355	206.292	24.734	57.761
151.321	206.400	24.596	59.043
150.833	207.469	25.141	57.345
150.991	207.400	24.888	57.765
150.177	208.382	25.648	57.179
149.837	208.478	25.904	57.203
149.611	208.750	25.943	58.130
149.876	209.390	25.185	57.291
150.373	209.712	24.574	56.785
149.847	209.792	25.504	57.390
149.976	211.038	25.477	56.870
149.776	211.898	25.859	55.693
150.203	212.770	24.894	55.126
150.275	212.827	25.291	56.576
150.184	214.013	25.311	54.420
150.255	213.508	25.116	55.903
150.125	213.837	25.339	54.577
150.197	213.109	25.325	56.277
150.169	213.474	25.356	55.879
149.945	213.951	25.594	56.232
150.054	214.186	25.533	56.357
150.024	214.995	25.655	55.496
149.844	215.120	25.866	56.351
149.985	214.639	25.523	57.030
150.321	214.517	25.282	57.190
150.242	214.420	25.436	57.223
150.734	214.809	25.227	56.846
151.121	215.753	25.324	56.608
151.283	215.860	25.150	56.762
151.629	217.198	24.989	55.845
152.068	217.751	24.673	55.703
152.487	217.703	24.310	56.830
151.818	217.992	25.501	56.462
151.577	217.879	25.837	57.137
151.594	217.806	26.040	57.521
151.449	217.943	26.474	57.357
151.024	218.819	26.557	57.582
150.885	218.740	27.069	58.147
150.108	219.945	27.580	58.109
150.407	219.810	27.385	58.070
150.376	219.757	27.449	58.423
150.911	219.649	27.556	57.990
152.040	219.379	26.271	58.665
151.949	220.030	26.848	57.434
152.454	219.779	26.828	59.639
153.067	220.341	26.338	59.324
153.152	221.619	26.874	59.454
154.080	221.917	25.828	58.846
154.092	222.282	26.540	60.025
154.100	222.281	26.645	59.945
154.507	222.114	26.336	59.622
154.048	222.009	27.283	60.326
153.763	222.994	27.534	61.463
153.417	222.993	28.161	60.315
153.866	222.773	28.033	61.562
154.058	223.122	28.133	61.675
154.166	223.598	28.198	61.501
154.842	223.912	27.487	60.978
155.712	223.688	26.776	61.002
155.753	223.655	26.789	60.977
155.967	223.822	26.641	62.233
155.804	225.142	27.025	60.528
156.357	225.514	26.411	60.977
156.569	226.612	26.661	61.021
156.562	227.007	26.880	60.095
157.059	226.669	26.361	61.173
157.109	226.274	26.078	62.161
156.548	225.830	27.294	62.930
156.452	226.186	26.994	62.644
156.481	226.125	26.965	63.016
156.540	227.326	27.377	62.463
156.181	227.553	27.668	63.138
156.150	227.900	27.614	63.009
155.840	227.818	27.958	64.292
155.780	228.013	28.377	63.226
155.227	227.905	28.382	64.091
155.859	228.082	27.874	63.528
155.054	228.603	28.874	63.777
155.391	229.254	28.378	64.397
155.218	230.082	28.726	63.735
153.448	230.806	30.850	64.085
154.102	231.194	30.504	63.500
153.715	230.984	30.689	64.617
154.152	230.794	30.120	64.775
154.595	230.931	29.869	64.655
154.580	232.013	29.676	63.545
154.397	232.368	30.169	63.768
153.293	233.820	30.571	64.401
153.804	234.347	29.754	63.407
152.762	234.741	29.950	65.279
153.061	234.682	29.461	64.887
152.377	234.258	29.987	66.408
151.898	234.497	30.019	66.778
151.754	234.644	30.466	65.990
151.616	235.632	29.768	66.108
151.623	235.874	29.428	65.603
151.854	236.399	29.418	66.157
151.837	237.196	29.323	65.274
151.308	237.755	29.485	66.415
150.723	237.370	29.977	67.942
149.992	238.032	30.794	66.275
149.985	237.872	30.629	66.616
149.902	237.879	30.292	66.483
149.246	238.518	31.086	66.815
149.352	239.638	30.617	66.835
150.114	239.625	29.308	67.846
149.246	240.301	30.210	67.708
148.528	240.353	30.479	68.429
148.492	240.271	30.556	68.066
148.139	240.721	30.667	67.629
148.105	240.813	30.552	68.099
147.983	241.923	30.489	67.317
147.936	242.610	30.932	66.273
148.329	244.001	30.770	67.689
148.241	244.726	30.565	66.905
147.537	245.678	31.299	65.929
146.896	246.434	31.903	65.448
145.739	246.209	32.624	65.356
145.788	246.909	32.387	65.082
145.900	246.813	31.968	65.216
146.155	247.483	32.318	66.860
147.953	248.246	30.466	67.056
147.592	249.032	30.801	67.455
147.666	249.912	30.937	66.298
146.935	250.002	31.771	66.561
146.502	250.821	31.947	65.409
146.897	250.546	31.811	65.731
147.480	250.292	31.461	66.713
148.468	249.975	31.066	67.750
148.966	249.651	30.796	69.637
149.648	250.271	30.584	68.386
149.012	251.521	31.222	69.576
148.633	251.859	32.258	68.849
148.873	251.600	31.975	69.300
148.818	251.016	32.693	70.332
149.026	251.397	32.452	69.836
150.070	250.863	31.592	71.349
149.516	252.208	32.255	70.447
150.170	252.438	31.688	71.168
151.085	253.058	31.235	71.903
150.883	253.146	32.083	73.223
150.607	253.078	32.590	72.652
150.348	253.171	32.731	72.785
150.408	253.320	32.366	72.368
150.752	253.908	32.386	72.840
151.228	254.617	32.248	72.439
151.401	254.644	32.297	74.500
150.910	255.406	32.978	73.874
150.222	256.029	33.989	74.006
150.120	256.543	33.951	73.435
150.413	256.660	34.038	73.512
150.296	256.912	34.360	73.124
149.321	257.031	35.006	74.309
149.526	258.562	35.384	72.982
148.583	259.536	35.777	73.869
148.855	260.090	35.991	73.112
146.272	260.576	37.378	74.628
145.837	259.263	37.561	76.441
146.271	259.558	37.366	75.894
147.840	261.025	35.634	75.212
149.162	260.503	34.129	76.694
149.169	261.556	34.859	78.095
149.989	262.592	35.220	77.204
150.453	263.472	35.132	76.724
150.317	264.089	35.044	76.471
150.014	263.332	35.758	77.661
149.780	263.949	35.922	76.665
150.053	263.225	36.642	78.078
150.300	263.341	36.874	78.218
149.733	264.678	37.665	78.506
150.730	265.443	36.498	78.120
151.574	266.050	35.824	77.986
149.828	267.284	37.787	77.543
149.525	266.879	38.451	78.021
151.576	266.813	37.321	78.014
152.468	266.751	35.980	78.906
153.263	267.811	35.955	78.921
154.074	269.617	35.185	76.216
153.876	270.058	35.678	76.772
155.313	271.280	34.933	77.617
154.290	270.736	36.295	79.356
153.974	271.162	37.408	79.764
155.060	271.532	36.374	78.757
154.720	271.859	36.500	78.552
154.236	272.059	37.790	79.144
155.035	272.199	37.975	79.080
156.779	273.758	36.778	79.681
154.911	274.603	38.145	78.382
155.835	275.001	38.128	78.903
155.601	275.698	38.117	80.219
156.245	275.300	38.762	81.231
156.286	274.914	39.052	82.013
159.404	274.990	36.951	83.080
160.208	275.648	36.575	83.274
161.432	276.923	35.683	83.843
161.151	278.409	37.191	83.926
161.297	278.914	38.201	85.593
161.683	279.667	38.814	84.273
162.009	279.761	39.003	83.161
162.246	279.835	38.757	83.530
162.628	282.133	39.430	83.054
163.325	280.439	39.723	85.586
163.953	283.724	39.941	81.880
164.482	283.789	39.492	83.021
164.807	283.577	40.409	84.878
165.018	283.630	40.173	85.326
165.797	283.964	39.444	84.813
167.977	284.809	38.318	83.574
168.350	284.977	38.595	85.786
170.859	286.707	36.747	86.529
170.645	287.341	37.515	86.434
171.347	288.874	38.586	85.943
171.127	290.079	38.956	85.276
171.320	289.858	39.485	85.364
170.346	289.540	40.700	86.258
170.514	290.011	40.511	85.755
170.858	291.447	41.438	85.694
171.445	292.547	41.122	85.431
172.362	292.944	40.575	85.122
173.890	293.918	39.347	85.637
173.954	295.347	40.141	85.966
173.442	295.125	41.604	87.319
173.072	295.310	42.372	86.997
174.834	295.766	41.348	88.272
176.362	295.823	40.411	88.164
177.821	298.009	39.502	87.267
177.602	298.838	39.892	87.732
178.967	302.657	40.272	84.313
178.421	301.797	41.481	85.855
178.456	302.959	42.136	84.892
178.237	301.900	42.610	87.531
178.183	302.185	43.114	87.554
179.023	302.502	42.937	89.148
179.251	302.571	43.269	90.479
180.330	303.230	42.310	89.298
180.816	304.321	41.872	90.731
181.558	305.162	41.636	89.889
179.583	306.029	44.421	90.409
180.734	306.082	44.355	90.641
180.505	306.331	44.248	90.710
181.558	306.672	43.929	91.010
182.651	306.740	42.971	91.933
183.429	306.575	42.348	93.620
184.902	309.265	41.681	92.269
184.562	309.436	42.785	92.182
184.920	311.136	43.910	92.698
185.341	310.740	44.216	94.001
184.824	310.401	45.264	95.006
184.732	310.743	46.291	94.320
184.476	311.091	46.619	95.377
184.751	312.301	46.967	96.252
185.499	313.236	46.330	94.506
186.022	314.271	45.720	95.948
187.256	316.306	45.285	94.216
187.397	315.669	45.394	97.349
186.906	317.053	46.360	97.719
186.478	316.968	47.977	95.758
187.971	317.035	46.899	97.349
190.232	317.034	45.228	99.406
190.866	318.771	44.864	98.314
193.061	320.813	42.872	96.675
194.492	322.117	42.869	97.180
196.603	324.446	42.745	97.111
197.175	324.274	43.060	98.233
196.099	324.511	44.811	96.988
196.726	325.767	45.843	96.615
195.642	327.655	49.302	97.423
194.246	328.634	51.706	98.841
195.002	328.557	51.491	99.912
196.006	330.492	50.896	100.052
196.372	331.282	51.756	98.964
197.391	331.679	51.171	100.748
198.143	332.465	51.595	98.559
199.913	332.433	50.720	100.892
201.874	331.012	49.415	102.562
205.988	333.427	46.771	101.809
206.316	333.234	47.636	103.008
209.542	335.652	45.180	102.533
211.802	335.214	44.764	104.786
212.169	336.003	45.957	104.053
212.271	335.814	47.369	103.537
211.697	336.180	49.644	104.899
211.723	336.170	50.996	104.870
210.246	338.860	54.645	104.299
211.484	338.944	54.355	104.287
214.561	341.226	53.475	106.483
216.729	342.182	53.512	106.529
216.984	342.683	55.595	106.118
217.937	342.598	56.831	105.419
219.834	343.154	54.589	105.558
222.940	343.887	55.048	106.470
225.527	343.566	53.031	106.164
229.122	346.096	50.717	106.058
230.708	346.635	51.002	107.275
233.242	349.376	49.972	107.494
233.633	349.461	51.867	108.033
233.712	350.237	52.938	106.367
234.235	349.653	53.280	108.401
232.965	352.265	55.614	106.522
234.688	351.299	55.714	107.583
235.577	353.043	55.483	105.583
237.495	355.105	54.726	104.087
240.774	358.401	53.991	100.605
241.003	358.392	54.409	100.167
241.972	360.379	55.848	98.990
242.058	361.215	56.269	98.009
244.494	361.632	55.360	97.549
246.690	361.592	54.018	98.060
251.168	363.398	51.874	96.241
252.489	364.384	52.123	95.616
253.730	366.094	51.789	93.906
257.573	367.446	51.005	92.554
260.417	369.762	48.538	90.238
260.388	370.653	49.840	89.347
262.894	371.099	50.236	88.713
264.657	370.991	49.275	88.037
266.622	372.269	48.530	87.000
267.355	372.999	50.055	86.771
269.549	376.136	50.487	83.690
270.841	376.645	50.302	83.355
272.648	377.800	49.666	82.200
284.889	383.221	47.820	76.779
288.393	385.942	49.806	73.746
291.096	386.732	50.263	73.268
294.137	386.780	48.597	73.105
295.908	387.110	49.895	72.140
298.810	389.140	50.761	70.640
300.637	391.083	51.275	68.917
301.995	393.756	53.372	66.244
302.421	393.957	53.295	66.043
306.068	397.158	54.371	62.842
308.714	396.938	53.115	63.062
313.265	395.370	46.409	64.630
315.682	398.573	49.180	61.427
318.969	398.785	47.042	61.215
320.683	401.130	46.056	58.870
324.686	404.652	46.009	55.348
330.568	403.114	41.058	56.886
332.725	404.898	39.981	55.102
336.312	405.725	38.946	54.275
338.337	406.292	36.865	53.708
338.997	407.434	38.617	52.566
342.752	407.864	38.714	52.136
343.212	409.619	40.406	50.381
347.065	412.360	39.166	47.640
347.431	414.161	39.140	45.839
350.142	413.723	40.112	46.277
351.716	413.878	41.542	46.122
