511.000	74.000	27.000	51.000
512.380	72.024	25.514	55.051
513.845	72.216	25.041	55.835
514.183	72.190	25.769	55.303
515.528	72.369	25.621	55.697
516.069	72.338	25.628	55.243
517.221	72.976	25.928	55.012
518.004	72.698	26.079	55.408
518.855	72.724	26.268	55.611
520.088	73.027	26.003	55.785
520.683	73.105	25.916	56.171
521.717	73.592	26.160	55.859
522.155	73.435	26.123	56.338
523.502	73.796	25.975	56.289
523.985	73.743	25.970	56.455
524.917	73.634	26.046	56.849
525.464	73.582	26.268	56.921
526.253	73.921	26.833	56.680
527.318	73.937	27.180	56.866
528.016	73.913	27.114	56.664
529.102	73.425	26.962	56.873
529.247	73.635	26.933	56.837
530.159	73.949	26.772	57.377
530.554	73.834	26.694	57.584
531.316	73.993	26.738	58.170
531.519	74.191	26.624	58.139
532.120	74.668	26.643	58.109
532.263	74.628	26.788	58.084
532.366	74.810	27.791	58.052
532.640	75.345	27.863	57.641
532.770	76.235	28.246	57.646
533.079	75.850	28.354	57.789
534.467	76.612	27.394	57.477
534.166	76.307	28.286	57.742
534.519	76.865	28.671	57.974
534.669	78.356	28.719	56.532
534.964	78.535	28.969	56.837
535.160	78.483	29.554	56.521
535.239	79.352	29.439	56.009
534.879	78.934	30.208	56.774
534.351	81.702	30.634	54.222
534.496	81.369	30.975	54.410
534.962	81.153	29.944	54.632
536.121	81.549	28.596	54.703
536.520	81.387	28.316	54.878
537.283	81.438	27.570	54.865
537.244	81.180	27.400	55.211
536.877	80.817	27.868	54.724
536.814	81.302	27.665	54.640
537.577	80.936	26.664	55.577
538.484	80.013	25.525	56.423
538.828	79.483	25.104	57.047
538.993	79.378	24.926	57.230
538.719	79.221	24.950	57.387
539.145	79.123	24.648	57.738
539.158	79.326	24.887	57.381
539.464	79.221	25.060	57.545
539.528	79.497	25.174	57.210
539.549	78.987	25.432	57.747
539.864	78.683	25.667	57.878
540.012	78.289	26.096	57.827
539.776	77.974	26.649	58.211
539.952	77.817	26.794	58.413
539.518	78.659	27.597	57.256
539.563	78.795	27.655	57.067
539.738	78.327	27.548	57.190
540.062	77.844	27.645	57.595
540.861	78.168	27.063	57.150
541.228	77.328	26.989	57.794
542.009	77.776	26.638	57.785
541.812	77.937	26.465	57.602
541.895	77.228	26.411	58.612
541.914	77.479	26.433	58.214
542.183	76.980	26.397	58.612
543.257	77.109	25.129	58.560
542.469	78.178	26.228	57.362
543.214	77.533	26.310	58.122
543.800	77.522	26.377	57.990
544.129	77.462	26.686	58.023
544.357	77.819	27.234	57.400
544.384	78.229	27.715	57.416
544.444	78.287	28.237	57.071
544.505	78.400	28.039	57.052
544.429	78.327	28.495	56.769
543.189	78.323	29.597	57.129
542.862	78.163	29.756	57.706
540.873	78.315	31.918	57.018
541.021	78.168	31.439	57.326
539.405	78.425	32.383	57.289
538.333	79.188	33.221	56.193
537.668	78.366	32.961	56.957
536.883	78.941	32.992	56.681
536.595	79.128	32.724	56.494
536.399	79.277	31.800	55.881
536.207	79.512	31.226	55.879
535.813	79.776	30.864	56.187
535.459	80.689	30.917	54.254
535.278	80.793	30.162	55.000
534.304	80.997	30.729	54.287
534.410	82.522	30.374	52.399
534.158	82.975	29.813	52.421
533.655	83.435	30.103	52.016
532.653	85.010	30.576	50.264
532.383	85.580	30.833	49.365
531.633	87.064	31.405	48.363
532.136	87.664	30.445	48.398
531.454	88.888	31.185	47.127
531.135	89.891	31.304	46.102
530.753	90.181	31.835	45.628
530.957	90.842	31.753	44.844
532.158	90.408	29.907	46.863
532.337	90.471	29.560	46.510
532.178	90.681	29.399	46.605
531.791	90.621	29.710	46.405
531.953	91.229	29.297	46.138
531.875	91.592	29.479	45.433
532.001	92.001	29.320	45.218
532.236	92.039	29.257	44.834
532.246	92.191	28.994	44.665
532.684	92.979	28.956	44.308
532.359	93.288	29.502	43.768
532.396	93.267	30.265	44.352
532.563	93.334	30.093	43.929
532.650	92.945	29.838	44.414
532.406	92.866	30.316	44.246
532.358	91.349	30.916	46.065
531.779	90.773	31.434	47.223
531.534	90.229	31.871	47.253
530.982	89.370	31.811	47.825
531.541	88.672	31.286	47.978
531.673	87.762	30.880	49.221
531.454	87.759	30.979	48.893
531.465	87.414	30.994	49.443
531.616	87.858	30.791	48.703
531.446	87.630	31.259	49.382
531.597	87.557	30.584	48.717
531.484	87.248	30.612	49.088
531.368	87.602	31.004	48.752
531.484	87.343	30.612	48.762
531.291	87.878	31.291	48.681
531.637	87.505	30.546	48.592
531.729	87.579	29.756	48.238
531.736	87.126	30.505	49.082
532.092	87.248	29.718	48.273
531.965	87.571	30.364	48.613
531.888	87.534	30.061	48.108
531.369	87.555	30.593	48.912
531.190	87.625	31.117	48.089
531.327	87.556	30.882	47.866
530.077	87.277	32.658	49.196
529.717	86.019	33.455	50.189
529.648	85.822	33.459	50.766
529.485	85.005	33.509	51.680
527.858	85.414	35.422	50.849
528.160	85.349	34.953	50.954
528.809	85.223	34.191	51.201
526.249	85.123	36.830	51.094
527.015	86.530	36.802	49.157
522.564	87.312	41.994	48.616
529.297	87.463	35.944	48.523
528.425	87.744	37.978	50.229
523.592	88.213	39.238	48.604
513.446	89.455	37.653	47.159
500.921	89.676	39.443	46.647
491.401	90.643	40.423	46.685
480.622	91.147	40.662	48.099
478.684	91.259	37.944	46.264
469.538	91.383	36.092	47.165
470.107	91.581	37.480	46.844
470.628	92.888	36.797	45.310
470.449	92.477	36.581	46.502
469.906	92.402	36.852	46.447
470.544	92.175	36.710	46.675
470.177	92.588	36.737	45.915
470.475	92.175	36.779	46.801
471.377	91.669	35.686	48.076
471.779	90.758	35.377	48.800
471.440	90.280	35.706	48.568
472.272	89.349	35.170	49.920
472.265	88.650	35.173	50.815
471.887	88.437	35.622	51.715
472.799	87.755	34.344	52.045
472.895	87.005	34.280	52.871
472.463	86.936	34.236	52.262
473.448	86.821	33.377	52.891
472.708	86.558	33.747	52.900
473.302	86.416	33.304	52.515
472.640	85.789	33.754	53.242
472.913	85.583	33.453	53.103
472.921	84.954	33.461	53.404
472.932	84.012	33.351	53.961
472.725	83.197	33.132	54.701
472.788	83.338	33.045	54.832
473.057	82.472	32.321	55.573
473.010	81.291	32.341	57.334
472.756	81.280	32.335	56.327
473.483	80.148	31.411	56.998
473.698	78.974	30.270	58.572
473.372	78.790	30.529	58.381
473.779	78.790	29.920	58.191
474.027	78.699	29.680	57.448
474.009	77.789	29.800	58.626
474.660	77.637	29.562	58.713
474.672	78.667	30.071	57.747
474.837	77.754	30.320	58.338
475.054	78.773	30.803	57.262
475.322	78.193	30.800	57.433
476.289	77.952	30.534	57.674
476.707	77.952	31.436	57.297
477.277	77.719	31.232	57.469
477.128	78.497	33.206	57.030
478.683	77.901	33.024	57.362
478.988	77.526	33.823	57.442
477.977	77.639	36.130	57.497
478.998	77.907	35.692	56.789
477.850	77.827	37.572	57.547
476.574	77.290	39.201	58.182
476.480	76.799	40.115	58.756
476.079	76.783	40.579	57.894
477.593	76.813	39.998	58.122
477.105	76.852	40.757	58.286
476.396	76.852	41.988	58.280
475.125	77.604	45.165	57.343
474.343	77.906	47.039	57.091
473.901	77.912	47.702	56.765
474.623	76.757	48.347	59.395
474.451	76.453	50.965	58.885
473.964	76.698	51.087	58.829
473.550	77.032	52.559	57.546
473.579	77.604	52.145	57.804
473.345	77.121	51.994	59.558
473.641	77.008	50.675	59.688
472.270	76.163	51.315	60.863
470.303	76.474	52.693	59.455
469.352	75.808	53.916	59.769
468.433	75.628	54.164	60.212
468.128	75.509	53.946	60.467
466.431	75.840	54.607	59.627
465.143	76.022	55.387	59.338
462.163	76.528	56.977	58.582
463.124	76.480	55.916	58.870
461.507	76.207	56.288	58.669
461.366	75.776	56.054	59.383
460.242	75.288	55.857	58.717
459.930	75.151	55.112	59.516
460.605	75.339	52.610	59.229
460.727	74.715	51.209	59.801
459.594	75.360	50.670	59.230
458.150	74.855	50.354	59.746
457.797	74.482	49.679	60.451
457.735	73.994	47.928	60.421
457.571	73.820	47.423	60.659
457.520	74.362	45.907	60.117
456.427	74.386	44.754	60.235
456.318	74.544	44.811	59.758
456.656	74.639	42.608	59.198
456.389	74.091	41.967	59.662
456.227	72.562	40.605	60.823
455.783	71.886	40.257	61.687
456.134	72.567	38.749	60.242
456.574	73.285	36.628	59.039
457.151	73.171	35.535	58.882
456.869	72.875	34.405	59.509
456.423	72.794	35.000	58.971
455.609	72.261	34.569	59.449
455.302	71.506	34.087	59.968
454.596	70.901	35.155	60.488
453.987	70.823	35.656	60.479
450.920	70.657	39.203	60.244
451.034	71.598	39.932	58.203
451.988	71.930	37.800	57.668
454.163	71.496	36.108	58.085
455.258	71.097	35.115	58.473
456.194	70.024	34.616	59.004
456.957	69.479	34.172	58.922
457.411	69.605	34.806	58.444
457.096	69.823	35.141	58.302
456.828	70.579	36.545	57.449
456.310	70.513	38.217	57.268
457.024	70.225	37.266	57.193
458.300	69.442	35.960	57.595
459.075	68.917	35.564	57.855
460.474	68.085	34.629	58.418
461.433	67.785	33.956	58.533
462.680	67.905	33.453	58.089
463.777	68.841	33.513	56.842
463.942	69.013	33.332	56.621
464.169	68.471	33.754	57.072
464.158	68.058	32.783	57.044
463.731	67.169	34.042	56.843
463.848	66.777	33.517	57.250
463.848	67.051	34.163	57.000
464.221	67.325	35.099	56.566
465.070	67.609	34.425	56.154
465.615	67.304	34.329	56.004
466.166	67.124	34.020	56.133
467.107	66.608	33.335	56.124
467.931	65.645	33.207	56.785
468.692	65.534	32.542	57.171
468.965	65.534	32.536	56.928
469.644	66.112	32.429	56.108
469.902	66.157	32.103	55.962
469.991	66.220	33.119	55.442
470.307	64.970	32.596	56.619
470.405	64.082	33.261	56.385
470.931	63.834	33.520	56.111
471.703	64.396	34.014	55.529
472.209	64.528	34.011	55.772
472.853	64.800	33.560	54.331
473.196	64.302	34.069	55.097
474.424	63.517	32.660	56.329
474.539	63.143	33.217	55.920
475.738	62.981	32.131	55.801
476.028	62.640	32.184	55.797
476.193	62.547	32.874	55.544
476.456	63.353	32.730	54.852
476.582	63.903	33.131	53.940
476.951	63.480	33.478	54.282
477.205	63.039	33.550	54.261
477.375	61.826	33.629	54.690
478.307	61.470	33.147	54.917
479.005	61.281	32.745	55.181
479.511	61.806	32.922	54.708
480.193	62.120	32.832	54.055
480.655	61.820	32.942	54.123
481.262	62.044	33.013	53.792
481.732	61.513	32.792	54.189
482.535	60.168	32.276	55.169
482.490	59.879	32.731	55.019
482.338	59.578	32.225	55.228
482.509	60.089	31.860	54.071
