569.000	164.000	36.000	90.000
566.565	163.310	36.871	91.059
559.109	160.407	38.759	88.880
553.746	161.223	37.918	88.723
549.443	162.267	35.292	86.625
546.120	162.080	35.642	86.649
539.161	159.187	36.514	89.150
532.485	158.927	38.544	85.209
531.288	159.524	36.934	82.342
523.322	159.911	35.253	79.720
520.130	159.658	35.823	80.446
516.093	157.274	35.616	79.935
512.953	154.042	36.516	81.599
505.772	150.388	37.422	82.070
503.899	151.148	36.326	80.664
498.936	152.603	35.844	77.873
496.517	154.089	35.590	78.902
493.838	155.015	35.155	75.782
489.235	152.059	33.688	80.794
486.180	150.416	33.429	78.798
481.186	150.684	34.110	79.856
478.686	150.232	36.326	81.071
476.167	150.590	35.249	79.623
470.966	151.449	34.818	80.796
470.111	150.224	33.222	82.295
466.932	150.667	35.824	79.476
463.398	145.679	34.636	80.046
460.639	146.369	36.026	81.132
455.488	144.305	37.016	77.614
454.239	145.729	34.956	79.224
449.596	148.261	32.711	77.423
449.115	147.614	30.971	76.544
445.191	144.737	31.684	79.127
443.455	142.562	30.400	79.264
438.211	141.309	32.411	79.921
435.214	143.772	34.077	77.639
433.699	143.224	32.233	80.148
429.366	141.854	31.365	79.989
426.810	140.833	34.791	80.445
422.373	139.524	35.123	77.478
420.215	138.510	35.541	77.759
417.110	137.629	36.031	77.819
415.411	140.538	34.358	76.858
413.475	140.256	34.333	74.021
412.720	139.836	32.924	75.726
408.722	136.431	31.904	80.004
403.887	135.002	32.274	76.024
402.259	135.749	31.940	74.441
396.230	136.068	33.358	76.678
394.627	136.638	32.218	75.863
392.918	136.165	32.452	73.379
390.785	134.331	33.243	75.029
386.462	133.352	33.398	72.095
383.750	133.776	32.310	71.166
382.294	134.849	30.881	71.176
380.183	135.621	31.006	69.648
377.863	134.188	30.084	70.494
375.594	132.529	30.120	73.035
371.564	131.041	30.662	74.970
368.243	132.445	30.255	73.835
364.833	133.236	30.927	72.498
362.589	132.538	30.937	73.387
359.918	130.262	31.503	76.115
358.302	129.579	31.360	72.917
355.791	128.423	30.970	73.911
352.659	131.886	30.921	69.133
351.808	132.814	30.565	65.779
348.915	130.272	28.812	69.313
347.170	129.323	29.424	70.767
345.652	128.142	29.018	69.881
340.718	127.353	31.707	69.357
338.646	127.005	32.066	68.348
334.661	129.233	32.949	66.732
330.522	129.025	35.193	65.841
328.284	127.077	36.521	68.808
323.383	124.643	38.201	69.654
320.744	124.399	40.606	69.479
314.289	125.226	42.742	65.292
311.981	126.327	41.655	61.183
311.744	126.187	37.647	59.968
312.747	124.566	33.818	64.380
313.551	122.651	29.944	67.141
311.707	121.856	28.603	66.567
310.875	122.865	28.482	64.781
306.248	124.940	31.586	63.405
305.522	125.345	30.655	63.107
304.407	124.279	30.590	63.214
301.131	120.826	29.662	66.477
299.620	121.010	29.752	65.078
297.249	121.382	29.410	61.560
296.289	122.783	28.708	59.851
294.823	123.001	26.496	63.490
291.619	119.762	27.381	64.931
289.411	117.624	27.516	69.425
283.528	114.718	30.409	71.919
285.872	116.324	27.314	69.012
278.881	118.705	30.606	61.321
278.524	121.210	28.714	63.028
274.798	118.852	29.770	63.567
272.764	113.766	27.818	67.352
274.563	115.085	27.937	64.902
270.823	114.828	26.236	65.842
271.512	118.359	24.292	65.024
267.976	117.342	25.764	65.993
265.868	116.425	27.113	65.374
265.800	115.686	26.515	63.681
263.083	114.936	27.607	62.172
261.583	114.528	26.834	62.315
258.847	114.885	27.003	63.649
257.312	115.884	26.732	60.936
255.711	116.514	26.514	60.138
252.433	115.947	25.098	61.064
251.473	114.850	25.941	61.621
248.472	112.672	26.845	61.058
247.648	112.509	27.442	63.242
245.301	113.612	27.042	60.626
243.979	114.750	27.909	60.959
241.320	114.443	28.267	58.362
240.147	110.990	26.010	61.790
239.059	109.511	25.825	64.416
237.497	110.164	25.776	63.331
235.485	111.120	26.057	60.656
232.417	112.817	26.949	60.191
231.132	111.792	26.861	61.105
228.582	109.587	27.266	61.041
227.400	108.633	27.079	58.754
226.076	108.091	27.145	61.282
224.221	109.138	27.392	60.729
223.375	110.682	27.353	57.685
222.013	111.239	26.422	54.918
221.407	109.896	25.385	57.194
219.057	107.094	25.015	59.032
217.408	106.816	25.533	60.215
215.083	107.406	25.690	59.557
213.474	106.969	26.454	58.863
211.774	108.659	26.861	58.480
209.766	108.172	26.484	57.524
208.532	106.814	26.671	57.850
206.322	104.582	26.136	58.069
204.912	104.381	26.531	60.093
203.156	105.426	26.814	58.840
202.083	106.627	26.693	55.113
201.336	107.022	26.171	54.868
199.878	105.974	24.880	58.752
198.010	104.284	26.029	58.545
195.961	103.282	25.626	57.067
194.468	103.319	26.300	55.367
191.751	104.598	27.220	53.296
190.464	105.384	27.369	52.273
188.225	104.754	27.070	53.730
186.206	102.369	26.984	56.856
184.149	101.411	26.691	58.588
183.388	102.081	26.572	58.911
182.656	103.081	26.030	58.536
181.218	103.940	25.537	56.812
180.173	103.887	25.841	57.296
178.704	101.319	24.480	59.247
177.496	100.103	24.827	58.636
175.938	99.602	25.639	58.750
173.636	101.062	26.243	57.162
172.286	101.694	26.215	56.659
171.235	101.843	26.369	57.154
169.432	100.629	25.750	57.483
167.152	98.511	26.145	55.465
165.567	98.362	26.714	56.404
164.536	100.294	25.872	56.335
163.977	100.590	25.247	55.210
163.366	100.350	24.517	56.408
161.299	98.397	23.874	54.531
160.677	98.024	23.644	56.629
159.559	96.833	23.897	56.990
157.174	97.749	24.194	53.028
156.178	98.596	23.924	51.709
153.495	99.614	25.475	50.795
152.759	98.871	25.500	51.463
151.867	97.473	25.312	51.074
150.244	95.304	24.922	52.000
149.105	95.501	24.904	56.105
148.176	95.801	24.676	57.106
146.594	97.274	25.050	54.274
145.401	98.173	24.181	53.986
144.574	97.097	23.714	53.946
142.962	94.292	22.822	56.697
142.416	94.214	22.394	56.971
140.221	95.534	23.199	55.354
137.220	96.894	24.820	54.200
136.347	96.902	24.592	53.931
134.481	93.991	24.830	54.389
133.805	94.330	24.574	54.924
132.382	94.004	25.289	54.722
130.993	94.618	24.748	51.171
130.471	95.299	24.954	49.593
130.332	96.372	24.209	47.842
128.990	95.263	23.609	50.478
127.876	95.156	23.771	51.586
127.349	93.954	23.798	52.527
125.759	93.030	22.931	54.270
124.605	93.221	23.469	55.238
122.595	95.203	23.582	52.083
121.769	95.384	24.010	51.823
120.522	94.009	23.431	53.817
119.739	92.775	23.326	53.863
118.678	92.076	23.495	54.332
117.034	92.177	23.876	52.079
116.546	92.926	23.578	51.083
115.593	94.195	23.612	48.873
114.417	93.608	23.706	50.394
113.272	91.114	22.498	51.909
112.496	90.776	22.806	53.220
111.724	90.939	21.980	53.068
109.560	91.911	22.880	50.267
107.520	92.781	23.543	50.093
106.552	93.035	23.786	48.742
105.235	90.590	23.078	50.430
103.959	89.915	23.978	50.791
101.880	89.885	23.569	51.173
96.318	88.534	22.310	50.273
93.443	88.973	23.296	50.471
92.383	89.904	22.896	49.860
90.781	89.775	22.658	50.346
90.094	89.659	22.636	49.316
88.865	86.939	22.252	50.226
87.910	87.327	22.386	49.349
87.048	88.290	22.950	48.933
85.993	89.555	22.655	47.766
85.647	89.583	21.276	48.310
85.147	88.637	21.130	49.957
83.521	87.503	20.978	49.544
82.752	86.050	21.210	50.827
81.409	86.723	21.023	50.106
80.159	87.847	21.578	49.352
79.169	88.087	21.316	48.799
78.460	87.712	21.639	48.619
77.070	85.527	21.896	49.057
76.337	85.668	21.933	47.098
75.725	85.700	21.455	46.560
74.848	87.127	21.510	45.925
74.537	88.106	20.898	45.423
73.670	87.563	20.661	46.783
73.203	86.696	20.194	46.992
72.807	85.624	19.599	47.724
72.124	84.221	19.166	49.138
69.997	84.895	20.424	48.017
67.367	86.006	21.713	45.022
66.387	86.622	22.751	44.249
65.376	84.982	21.961	47.524
63.221	82.989	22.111	43.812
62.377	83.569	21.221	48.374
61.474	84.515	22.087	47.195
60.697	86.291	22.380	47.878
59.584	85.650	22.060	47.082
58.864	84.595	21.776	48.613
57.441	82.866	21.116	48.535
56.700	82.455	21.275	49.321
55.781	83.202	21.698	47.667
54.071	84.504	22.140	46.077
53.214	85.403	22.804	45.014
52.177	84.373	22.087	44.973
51.608	83.119	22.469	45.453
50.929	82.243	22.437	46.759
49.539	82.420	22.505	44.542
48.893	82.890	21.766	43.795
48.559	83.810	21.288	44.841
47.287	83.246	21.794	45.718
45.809	80.443	21.340	46.513
45.119	80.524	21.288	46.226
43.505	81.746	21.096	44.728
42.563	82.286	21.890	44.425
41.432	82.458	21.581	44.169
40.403	81.196	21.873	44.381
38.328	78.949	22.128	45.143
37.771	79.746	21.447	46.497
36.978	79.846	21.168	46.506
36.524	80.355	21.004	44.734
35.285	80.767	21.365	44.998
33.181	77.766	21.138	44.055
32.822	77.973	21.605	46.386
30.371	77.616	22.089	47.032
28.521	78.400	23.006	47.082
26.399	79.010	23.988	46.366
25.708	77.615	24.114	47.841
23.281	76.928	24.268	46.961
24.822	75.946	21.475	48.475
23.666	76.387	22.249	45.940
22.715	76.345	22.639	44.879
21.812	76.926	23.562	46.137
20.690	77.723	23.423	47.637
19.954	79.375	23.738	47.357
19.438	79.136	23.813	45.611
17.576	77.252	23.962	48.215
15.223	78.245	24.383	47.164
12.461	75.915	26.319	48.967
12.150	77.385	25.183	49.527
11.776	76.274	24.879	49.254
10.328	76.518	23.973	47.256
11.906	76.801	21.905	46.610
7.047	79.853	22.128	45.948
6.866	78.386	25.613	49.712
8.553	73.637	24.272	52.940
8.455	73.563	20.214	50.774
