121.000	148.000	19.000	53.000
125.907	147.147	20.047	51.974
129.330	148.416	20.568	49.963
131.321	149.072	20.595	49.211
143.572	150.776	25.518	54.111
153.872	151.490	21.007	54.331
157.723	152.099	21.294	54.926
159.692	152.700	21.420	56.203
164.486	155.264	21.442	56.020
167.821	155.524	22.935	52.623
174.056	154.812	23.815	56.358
178.417	156.458	22.721	54.128
199.678	159.304	26.977	59.601
207.452	160.564	24.066	57.344
211.844	161.338	24.697	55.355
216.258	162.483	25.190	57.861
218.797	163.564	24.871	57.612
225.306	164.765	23.532	58.576
227.584	163.358	25.418	61.406
232.046	162.792	25.426	61.002
236.616	163.911	25.631	62.046
240.600	165.497	25.098	63.526
247.440	166.778	26.124	63.118
250.779	166.425	26.411	59.544
255.126	165.679	27.156	61.416
261.405	166.836	26.272	60.118
268.221	169.249	24.809	59.664
270.744	169.715	25.062	62.657
280.607	167.424	25.616	63.302
290.727	169.086	25.232	65.485
297.771	172.197	25.116	64.206
307.589	174.446	27.338	60.747
317.290	179.977	24.160	56.493
321.217	177.557	23.077	53.778
323.232	175.736	27.089	55.313
341.423	174.579	25.133	65.347
351.323	178.880	27.674	64.839
359.358	178.872	26.301	65.628
367.984	181.077	26.287	63.553
375.261	183.501	25.777	62.649
380.342	183.090	27.467	60.526
391.443	182.675	27.703	64.474
399.041	184.761	26.510	64.760
402.191	186.072	27.911	62.829
406.943	185.358	30.157	67.596
420.557	186.122	26.927	68.239
417.791	187.683	27.014	74.895
415.805	188.298	27.298	72.403
412.693	189.833	28.138	70.965
412.815	193.005	27.010	71.185
410.920	194.196	26.961	70.408
406.102	192.257	30.463	71.619
404.760	193.663	29.151	68.083
401.102	197.621	29.156	69.818
399.068	199.821	27.739	72.317
396.847	200.582	27.420	72.352
396.360	199.303	27.196	72.951
392.897	199.476	27.983	72.064
391.318	201.527	27.515	70.522
390.035	204.836	27.561	76.744
388.075	203.083	28.284	79.284
383.634	202.163	30.276	75.704
382.286	203.473	31.774	76.520
380.428	204.783	32.294	77.353
377.948	208.277	31.682	78.302
376.444	208.849	28.703	81.585
376.030	206.567	28.294	84.736
373.146	207.521	29.975	83.497
371.615	208.867	30.211	83.248
370.861	212.774	29.329	82.471
368.842	211.704	30.467	85.527
367.054	211.899	31.602	81.530
365.009	212.759	33.270	81.748
363.424	214.843	34.141	81.110
363.686	216.245	33.145	81.188
363.512	218.886	31.114	79.378
362.239	219.577	30.779	77.989
361.255	218.943	31.624	80.381
360.625	219.276	32.011	79.392
358.266	221.829	33.880	78.964
352.966	227.157	33.953	83.513
351.417	229.199	31.556	84.188
349.727	227.381	33.501	88.032
346.630	234.016	34.403	84.665
344.218	233.503	35.305	90.640
338.305	236.610	36.298	89.216
338.074	239.252	32.377	91.413
334.510	236.277	33.104	98.441
331.806	239.116	35.334	94.976
328.682	244.867	36.403	91.349
326.396	242.461	35.310	98.206
323.734	241.593	36.317	100.867
322.334	242.022	37.590	101.698
317.617	247.056	36.277	98.136
315.981	248.993	35.566	98.588
315.320	248.579	35.026	102.128
315.055	248.597	33.861	102.251
311.581	247.990	33.329	105.105
307.584	250.270	37.102	103.766
302.740	253.852	37.927	99.826
302.739	254.058	36.522	99.302
298.665	252.347	35.253	102.805
296.911	249.775	34.599	107.356
287.754	252.467	35.703	107.393
278.242	255.384	42.105	102.994
276.412	256.987	41.918	101.088
272.492	258.710	41.454	101.349
268.667	258.083	40.794	102.532
270.133	257.791	36.813	104.335
267.406	256.802	35.961	109.407
263.751	258.422	36.645	108.017
256.670	262.058	40.242	105.822
247.065	266.319	49.149	102.043
244.213	267.991	46.178	102.915
245.831	268.055	42.774	101.709
244.240	267.224	37.594	104.501
236.779	264.341	38.377	109.676
230.333	265.825	43.643	109.132
223.031	268.339	48.699	107.579
215.160	269.640	53.346	107.851
215.243	270.992	50.043	107.643
213.436	270.020	46.943	109.707
215.933	269.230	40.442	111.961
214.181	266.944	37.668	116.249
208.345	267.875	38.439	114.476
203.044	270.480	42.057	113.102
198.181	271.483	46.005	112.909
193.635	271.522	44.600	111.983
195.257	271.385	40.875	112.477
190.985	271.534	36.735	114.330
186.455	272.720	37.221	111.598
180.863	275.198	38.356	111.483
160.678	275.036	43.078	114.366
158.487	276.844	41.492	112.757
151.800	277.703	49.833	113.898
146.893	277.603	50.934	116.249
145.634	277.788	48.687	117.741
146.171	277.248	42.676	118.509
142.621	277.144	37.653	120.255
141.398	276.327	38.243	121.685
138.570	279.368	41.356	119.088
139.115	280.571	44.808	117.638
139.904	280.759	45.784	116.105
148.876	280.039	39.324	117.308
153.419	278.882	38.485	119.724
160.858	278.693	36.718	120.267
163.419	278.295	36.648	121.824
168.657	279.186	41.528	119.413
168.908	280.075	44.808	120.231
170.356	281.767	53.770	117.272
171.060	280.847	57.552	119.325
178.119	282.325	53.052	117.297
190.704	282.603	46.943	117.189
199.463	284.341	45.625	117.009
205.750	284.190	47.274	117.990
209.146	285.970	50.039	116.500
210.039	286.692	52.687	115.198
212.152	288.217	55.507	113.764
215.212	288.772	59.358	112.179
221.974	288.773	54.122	113.760
226.777	290.132	49.170	112.052
223.788	290.555	47.379	110.600
221.625	291.117	46.173	110.729
221.350	291.458	44.791	110.282
214.180	291.558	49.356	109.635
207.188	291.751	49.276	110.077
201.912	294.699	50.311	105.199
201.091	295.198	44.002	102.199
197.545	295.324	41.945	104.755
199.817	292.904	42.531	102.367
198.311	293.287	38.261	100.542
197.719	295.032	39.167	96.173
192.634	297.016	32.331	97.324
190.787	299.247	35.544	95.896
193.359	303.694	36.185	95.460
194.726	307.373	38.426	92.375
200.404	312.327	39.675	88.528
205.862	301.212	37.020	96.483
210.921	298.757	39.343	102.094
218.498	291.229	49.415	106.857
217.005	283.298	51.131	115.976
220.303	293.992	51.399	110.441
226.883	284.411	45.190	116.525
222.589	285.762	49.665	115.617
220.411	284.278	48.261	119.556
216.950	284.857	45.640	118.804
217.796	283.543	41.520	120.959
216.970	282.917	37.025	122.018
212.287	282.689	37.295	122.050
207.918	284.651	42.873	120.066
198.486	286.532	58.303	118.259
190.511	287.944	59.677	115.787
189.376	285.959	46.473	115.419
187.002	287.005	53.315	115.616
181.653	286.976	54.719	116.064
185.187	286.272	48.841	118.402
191.263	284.132	43.916	120.305
204.393	281.872	41.334	122.154
207.986	281.727	45.400	123.197
211.390	283.374	53.904	119.621
215.905	284.286	56.162	118.839
223.293	284.009	51.183	118.679
226.237	279.677	43.652	121.367
220.542	280.075	42.357	120.942
218.242	279.776	44.476	121.556
214.151	281.895	44.655	118.747
207.446	281.609	46.275	116.978
207.290	281.132	44.831	116.658
