92.000	91.000	45.000	98.000
90.918	91.435	46.001	97.907
91.067	91.754	46.004	97.499
91.175	91.211	46.625	98.268
91.080	92.199	45.972	97.190
90.824	91.621	46.478	97.627
91.011	91.528	46.005	97.825
90.984	91.754	45.979	97.399
90.769	91.257	46.976	98.388
91.020	91.934	46.072	97.121
90.933	92.166	46.424	97.347
90.829	92.717	46.430	96.837
90.905	92.256	46.562	97.157
91.067	91.758	46.385	97.854
90.956	91.577	46.169	98.009
90.969	91.304	46.047	98.084
90.996	91.347	46.131	98.207
91.101	91.441	46.696	98.113
91.026	91.577	45.972	97.843
91.011	92.383	45.951	97.608
91.041	91.853	46.151	98.626
91.638	92.264	45.689	97.524
91.067	91.348	46.330	98.696
91.161	91.532	46.609	98.454
91.134	91.624	46.082	98.561
91.215	91.166	46.333	99.224
91.158	91.843	46.369	98.009
91.111	91.805	46.059	98.890
91.348	92.127	46.199	98.425
90.945	92.082	46.659	98.370
90.276	92.309	47.718	98.009
90.539	92.312	46.988	97.941
90.231	91.889	48.079	97.426
90.014	92.297	47.349	97.488
90.125	91.716	47.956	98.603
90.253	91.785	47.664	97.742
90.133	92.206	47.861	98.151
90.311	91.878	47.873	97.975
89.925	92.619	47.438	98.065
90.305	92.073	47.871	98.307
90.369	92.210	47.493	98.406
90.617	91.936	47.586	98.546
90.230	91.638	48.054	97.945
90.314	92.256	48.233	97.725
90.288	91.225	47.891	98.627
90.578	92.235	47.030	97.673
90.461	92.162	47.957	96.887
90.404	92.009	47.744	97.044
90.558	92.213	47.774	97.241
90.018	92.446	48.314	97.441
90.347	91.775	47.780	97.987
90.288	91.829	47.787	97.902
90.171	91.727	47.878	97.958
90.426	92.184	48.397	97.669
90.400	92.048	48.180	97.895
90.282	92.521	47.890	96.570
90.404	92.245	48.262	96.897
90.288	92.533	48.153	96.792
90.231	92.467	47.971	96.272
89.984	92.574	48.267	97.312
89.818	91.762	47.900	97.815
89.744	92.387	48.098	97.902
90.147	92.347	47.943	97.734
89.995	92.150	47.952	97.344
90.057	92.266	48.064	97.555
89.818	92.588	47.380	96.726
89.767	92.110	48.226	97.659
90.090	92.438	48.284	98.687
90.136	92.621	48.121	99.237
91.020	93.725	47.203	102.959
91.355	99.727	46.982	102.526
91.773	105.819	46.173	100.783
91.396	111.469	46.517	98.788
91.075	111.628	47.171	98.252
90.710	111.140	47.592	98.848
90.634	111.122	46.918	98.933
90.779	111.459	46.802	98.056
90.333	111.298	45.856	97.780
90.296	111.005	45.590	98.102
89.969	111.104	45.540	97.173
89.833	111.515	44.675	96.620
89.544	111.901	44.292	96.387
89.454	111.503	44.219	97.113
89.591	111.724	43.809	96.037
89.459	111.605	43.113	95.375
89.206	111.773	43.092	94.834
89.635	111.402	42.509	95.348
90.100	111.402	41.590	96.644
90.124	112.227	41.167	97.090
91.950	113.966	38.532	100.577
90.844	119.044	40.027	101.537
90.117	125.829	40.772	99.602
89.425	130.113	41.390	96.263
90.094	129.088	40.720	97.945
90.382	129.034	40.178	97.309
90.302	128.866	40.561	97.201
90.371	128.799	39.663	97.800
90.432	129.075	40.351	97.669
90.439	129.290	40.178	97.188
90.163	129.309	39.918	97.390
89.730	128.974	40.605	98.437
89.434	129.792	40.683	97.779
89.818	129.133	40.317	98.489
89.648	128.801	40.813	98.575
90.120	129.659	40.051	98.771
90.382	129.729	39.540	98.457
90.283	129.767	39.852	98.011
90.439	129.497	39.498	98.147
90.597	130.099	39.629	97.589
90.949	130.108	39.338	97.370
90.593	129.753	39.973	97.092
91.157	129.035	40.332	99.219
91.220	128.777	41.609	97.827
93.085	127.279	44.188	100.763
106.847	127.431	42.496	98.150
113.650	127.593	42.909	98.398
124.623	127.378	41.869	98.645
131.943	126.556	44.042	99.028
143.002	126.960	41.561	98.137
148.456	127.495	43.078	97.639
151.388	126.647	42.444	98.069
151.046	127.306	41.320	97.245
151.905	126.274	43.115	98.738
154.387	126.470	42.748	99.182
165.778	126.253	43.524	99.731
173.031	126.926	40.746	99.814
178.283	126.312	41.707	99.110
177.638	127.039	40.351	97.917
178.516	126.001	41.882	97.422
177.599	126.438	42.332	98.304
177.870	126.718	43.380	97.287
177.735	127.483	43.438	96.732
177.669	126.820	44.549	98.124
178.304	125.956	44.548	97.797
178.351	126.872	45.613	98.422
188.583	126.195	47.134	99.290
197.661	125.706	43.771	100.463
203.679	125.589	46.864	98.275
206.845	125.992	45.365	98.598
205.458	125.037	46.016	98.949
204.651	125.931	47.529	97.852
204.207	125.716	48.137	97.660
205.580	126.542	46.821	98.062
203.141	126.525	49.225	97.921
203.343	126.381	48.747	98.265
204.395	126.499	47.580	98.079
204.431	126.459	47.235	98.190
204.068	126.459	47.750	97.955
203.848	126.003	46.894	98.444
203.733	126.579	47.045	98.147
202.706	126.673	47.435	98.746
202.948	126.927	47.273	98.020
202.514	127.082	47.489	98.236
202.787	127.140	46.543	97.806
202.692	127.014	46.625	98.437
201.393	126.628	47.029	98.792
202.458	126.196	46.870	98.853
201.820	126.459	47.089	98.665
202.109	126.080	46.668	97.738
200.805	126.734	48.374	98.435
200.542	127.002	48.895	98.280
199.562	127.155	49.756	98.852
199.578	127.123	49.375	98.279
200.788	126.969	48.291	99.185
200.682	126.969	48.234	98.408
200.836	127.385	47.955	97.268
200.902	126.992	47.859	98.462
200.624	126.973	47.397	98.380
200.312	127.587	47.578	97.714
199.025	127.586	48.498	98.274
199.204	127.954	47.955	98.475
199.492	127.569	47.453	99.263
201.991	127.260	44.153	99.573
202.742	127.549	43.408	98.528
200.930	127.435	45.344	98.766
203.120	127.243	43.387	99.334
202.907	127.934	43.306	98.864
202.681	127.977	43.850	98.427
203.421	128.437	42.648	97.857
203.257	128.772	42.810	97.611
204.046	128.995	41.968	96.787
204.075	128.669	41.742	97.317
204.568	128.704	41.044	97.902
204.612	129.157	40.391	97.736
205.496	129.168	39.614	98.183
206.009	129.356	38.603	97.213
206.349	129.857	38.164	97.689
206.106	130.378	38.552	96.545
206.483	130.665	38.227	97.004
206.135	130.924	39.050	96.987
206.429	130.983	39.465	96.542
207.205	130.996	39.793	96.480
208.157	130.830	39.316	96.954
209.492	131.324	39.116	96.460
210.296	131.376	38.569	96.598
210.818	131.457	38.474	96.925
210.767	131.623	39.578	95.974
212.060	131.442	38.950	96.663
211.506	130.944	39.678	96.898
211.807	130.282	39.714	97.695
212.371	129.679	39.593	97.612
212.698	129.359	40.024	97.322
212.126	129.961	40.838	97.268
213.427	130.550	39.870	97.054
213.306	130.477	40.436	97.146
214.603	130.123	39.490	97.167
214.108	130.154	40.383	97.733
214.537	130.079	39.573	96.737
214.327	129.359	40.091	97.554
215.087	129.667	39.350	97.267
216.228	129.536	38.614	97.443
215.345	130.312	39.508	97.370
216.344	130.209	38.224	97.535
215.941	130.135	38.717	97.777
216.959	130.598	37.564	97.319
216.882	130.728	37.636	97.906
217.326	130.810	37.188	97.339
216.764	130.231	37.766	98.482
217.328	130.137	37.038	98.454
217.628	130.323	37.060	97.675
218.196	130.197	36.601	98.472
217.570	130.684	37.375	98.323
218.201	130.751	36.346	99.090
217.522	130.114	36.662	100.367
216.893	130.376	37.184	99.140
216.196	130.895	40.225	98.155
215.024	130.207	40.790	99.879
216.031	129.770	39.688	99.592
215.337	129.915	40.453	99.945
217.441	130.243	38.275	100.249
215.899	131.039	41.038	97.804
216.946	131.126	39.436	98.411
218.241	130.730	38.196	99.417
217.310	131.058	40.027	99.572
219.616	130.570	37.724	101.016
218.618	130.760	39.642	100.371
219.123	131.072	39.343	99.198
218.990	130.355	40.035	100.277
220.288	130.346	39.072	99.330
218.188	131.921	41.795	98.618
217.929	131.448	42.880	99.680
218.630	131.098	43.778	98.923
220.402	131.598	42.545	98.052
221.885	130.325	42.938	98.725
223.895	130.640	42.021	97.531
224.795	131.759	45.113	97.149
225.999	132.094	41.983	97.208
228.180	131.836	41.447	99.523
227.409	132.483	39.103	99.233
228.026	132.684	40.093	98.016
227.890	133.189	39.614	98.133
227.463	133.699	41.433	97.945
228.643	133.599	41.551	96.513
229.009	132.616	36.156	99.200
228.391	132.337	40.560	99.319
228.597	132.865	38.742	98.315
228.383	134.747	41.868	96.719
228.603	133.217	37.860	100.869
228.892	136.254	41.948	94.841
229.835	134.403	38.503	97.112
229.049	136.436	41.549	91.699
229.002	135.873	40.138	92.496
229.662	136.166	39.928	92.401
229.754	136.841	41.340	92.204
231.384	137.337	42.641	92.706
232.207	136.204	41.686	94.666
233.280	136.042	42.140	95.322
234.211	136.086	40.697	95.760
234.086	137.178	41.061	95.457
235.487	137.050	40.850	95.299
235.880	137.659	41.409	96.311
235.801	138.031	43.448	96.506
236.569	138.813	43.901	96.978
237.046	138.638	43.127	102.127
239.234	138.691	42.242	107.116
240.846	137.482	41.524	108.428
240.762	137.630	42.252	111.291
243.502	137.118	40.850	106.235
244.097	137.749	40.549	99.698
245.142	136.821	42.151	95.703
245.247	137.509	42.776	94.797
246.812	137.379	41.919	94.243
249.574	137.764	39.559	95.684
249.637	138.099	41.275	95.032
250.082	137.242	42.082	96.837
250.946	136.981	42.864	96.951
252.222	136.719	42.327	98.123
253.230	137.889	42.553	97.290
253.452	138.074	42.303	96.661
253.551	137.535	43.940	98.733
252.977	136.851	47.516	99.809
252.846	135.971	47.999	101.823
254.144	135.263	47.080	102.756
255.501	134.888	47.327	104.309
255.255	134.464	47.104	103.816
254.998	132.172	48.984	108.482
255.101	131.172	49.779	112.235
255.071	132.256	50.473	111.898
255.719	132.226	50.449	112.214
256.371	131.883	50.608	114.370
257.058	129.867	51.594	119.700
257.831	127.960	51.629	123.936
257.334	128.060	54.110	126.260
257.242	127.813	55.663	129.285
258.116	130.141	57.044	128.293
257.259	131.761	59.266	130.054
258.948	131.811	60.301	129.384
261.249	131.259	57.988	130.094
264.123	130.725	57.610	130.506
268.135	132.164	55.895	130.791
270.385	132.390	55.300	130.267
274.425	131.527	51.695	130.190
275.989	130.605	53.070	132.007
278.031	130.020	52.396	132.901
277.141	131.865	54.863	132.035
279.379	132.402	57.257	131.199
282.936	132.095	65.992	130.808
285.239	132.431	70.275	129.415
286.540	133.982	71.117	128.798
288.276	135.235	71.340	127.717
291.311	133.866	70.953	129.690
287.097	132.845	74.820	131.191
287.021	132.213	75.065	130.835
280.340	132.356	70.172	131.157
276.430	132.120	63.702	130.259
267.592	131.822	61.398	130.898
262.714	132.276	63.195	129.798
254.335	133.439	64.164	131.298
246.642	132.664	62.802	130.864
243.416	132.641	60.247	129.223
240.185	132.893	58.123	129.236
239.586	133.332	56.066	130.095
247.578	132.527	51.146	131.316
246.544	134.155	53.616	131.159
250.219	133.020	50.995	134.352
248.412	134.702	54.355	137.006
251.317	136.636	52.714	137.541
252.692	135.172	53.087	138.119
250.250	135.670	54.778	136.855
252.096	135.743	54.017	137.018
251.040	137.763	55.737	134.117
255.831	138.476	54.289	134.024
255.805	138.728	55.490	134.286
260.673	138.204	52.418	134.554
261.876	139.325	53.257	134.211
264.642	138.076	54.861	134.344
265.344	138.006	57.112	135.322
265.379	138.245	59.264	134.190
261.992	137.941	64.972	135.323
265.001	138.964	63.380	134.503
253.782	138.066	70.985	136.818
254.759	139.343	64.037	135.456
244.144	138.173	69.818	137.119
239.044	141.505	69.521	133.799
229.663	141.299	73.764	136.179
225.189	140.575	72.372	138.061
217.193	139.154	73.841	139.580
217.684	139.844	69.333	137.095
218.182	138.963	74.223	139.005
221.415	138.465	72.214	139.700
224.145	139.074	74.271	138.602
231.086	138.399	68.276	140.201
239.646	138.420	62.715	139.742
243.368	139.389	61.952	140.285
247.148	139.779	60.042	138.649
247.580	141.083	59.962	137.806
250.550	141.614	56.896	140.748
252.762	141.526	57.150	142.935
255.166	142.710	54.045	141.308
256.647	143.513	53.633	140.770
259.911	145.601	52.497	139.220
261.542	147.413	54.210	138.132
263.739	147.261	54.156	141.213
264.148	145.928	53.645	142.400
264.598	145.175	57.573	143.046
262.149	144.985	61.057	143.497
255.503	144.845	54.888	142.647
250.173	146.033	57.621	141.531
245.126	147.105	53.148	138.935
238.773	147.356	55.325	140.352
236.141	149.499	50.889	138.957
229.599	147.594	53.357	143.137
227.075	150.524	56.156	136.997
226.773	150.076	65.093	138.155
226.842	152.512	68.833	134.720
228.636	151.416	72.366	136.865
229.491	151.753	72.402	137.789
232.163	151.263	73.060	140.237
233.147	151.391	74.112	140.085
241.297	151.186	68.038	140.436
245.468	149.651	64.940	141.034
252.269	148.559	60.549	140.948
261.023	149.736	54.759	141.689
267.601	149.717	51.950	142.251
271.773	150.297	52.016	140.877
276.868	151.341	52.295	143.176
277.337	151.814	54.293	144.801
276.592	153.563	58.304	144.748
272.077	154.065	65.003	140.829
262.834	154.010	69.480	141.400
260.082	153.353	69.991	142.204
252.962	154.331	70.559	144.058
249.222	155.203	71.882	142.327
246.115	155.923	64.950	141.920
245.224	155.732	59.770	143.640
241.334	157.719	56.101	139.704
239.711	157.182	57.624	142.031
234.540	159.046	54.971	140.510
228.985	158.640	55.344	139.111
220.728	159.539	59.670	138.364
216.001	158.231	62.500	139.030
210.308	159.370	70.446	138.083
206.200	159.840	72.667	138.130
206.314	161.829	80.251	137.619
208.443	162.190	79.850	135.308
209.605	156.522	82.106	140.647
215.917	156.545	78.555	140.506
223.086	156.089	71.727	138.772
230.859	153.658	66.410	140.193
243.528	153.122	56.121	140.710
246.966	149.005	57.610	145.493
252.351	152.955	52.806	140.071
251.345	150.411	55.425	147.674
246.135	152.233	60.828	145.235
237.012	154.748	66.586	143.199
232.782	154.770	72.495	143.231
225.613	159.506	77.420	138.698
218.236	157.671	81.291	141.592
215.859	160.446	78.310	138.572
205.740	158.741	84.992	141.895
209.904	157.667	67.765	140.638
208.495	157.835	66.580	143.300
207.414	157.638	59.531	142.971
207.194	154.392	53.811	145.503
202.112	154.185	52.113	147.126
195.434	155.582	55.302	144.158
191.008	155.483	56.838	145.367
187.651	154.241	62.449	145.042
183.416	156.777	68.223	141.897
185.118	159.811	74.530	139.468
186.895	158.799	73.556	139.159
190.836	160.338	74.707	137.428
194.166	158.023	72.655	138.978
203.811	158.795	63.960	136.995
211.775	155.156	57.909	139.860
216.417	150.110	53.219	143.652
214.007	152.579	54.711	143.808
207.748	150.240	52.028	147.568
203.748	149.739	55.670	146.291
193.416	155.706	62.513	141.369
188.639	156.503	66.188	139.737
182.986	157.876	70.313	138.472
175.044	156.375	77.947	140.500
170.747	159.670	77.234	137.761
165.409	158.794	75.041	139.334
164.547	155.058	70.975	143.745
163.605	157.697	64.895	140.322
169.111	154.185	64.032	144.134
176.572	153.609	58.473	143.544
186.925	154.651	54.020	143.404
191.824	154.865	51.462	142.954
195.070	154.490	56.666	143.193
197.247	155.323	62.303	141.802
198.197	155.078	65.518	141.884
199.075	156.101	70.104	140.498
200.163	154.825	71.732	142.005
201.182	155.587	73.979	140.709
203.662	155.128	72.791	141.013
207.960	155.668	69.508	139.875
212.703	155.456	62.773	139.033
211.844	152.026	63.749	142.302
209.743	150.517	54.521	143.699
206.537	150.171	55.304	142.185
201.871	150.781	52.701	142.481
194.525	151.335	57.088	142.220
190.623	152.578	58.438	141.840
182.645	153.992	64.646	141.987
176.260	154.793	68.507	139.317
169.170	154.627	76.420	140.063
162.312	155.382	77.837	140.466
159.473	152.602	75.664	145.252
155.157	152.767	76.355	145.315
151.137	154.719	70.954	143.428
148.672	152.855	69.471	145.508
147.212	152.867	61.925	145.041
145.836	152.229	58.069	146.160
143.651	153.555	53.119	143.577
138.659	152.638	53.210	144.555
132.002	152.204	55.256	145.357
125.343	154.550	58.784	142.021
119.396	153.904	63.349	141.882
112.900	155.455	68.944	140.721
105.060	155.214	74.937	141.787
101.571	156.464	69.595	140.317
98.296	155.757	66.377	141.560
95.330	152.941	63.024	144.135
94.101	155.036	61.496	140.321
95.959	152.244	59.769	142.120
108.115	151.612	52.182	142.963
111.223	149.956	53.319	144.924
116.632	151.238	51.640	142.556
118.087	150.884	63.367	143.567
119.737	152.511	62.132	140.903
120.107	153.751	66.952	139.973
121.140	154.542	67.425	139.242
124.213	154.317	68.158	140.130
126.246	154.605	68.550	139.753
129.887	155.003	67.627	139.976
139.861	154.257	62.020	139.478
147.137	153.391	58.813	139.256
155.130	153.254	53.675	138.586
158.749	153.356	52.344	138.773
162.135	152.420	51.940	139.194
165.408	152.782	56.374	139.742
166.485	153.948	58.387	137.133
166.994	153.823	63.148	136.976
167.261	153.879	66.908	137.650
168.630	154.716	68.244	136.485
170.711	153.701	67.512	137.406
174.729	154.210	65.828	136.242
180.555	151.766	61.326	137.275
189.783	152.097	54.211	136.992
192.773	151.484	55.622	137.094
201.830	149.377	49.541	138.008
203.271	147.456	49.934	141.952
204.089	148.513	50.990	139.939
191.852	147.790	59.926	141.457
190.384	149.552	61.644	139.124
181.698	150.397	68.499	139.101
173.469	150.411	74.174	140.202
167.448	150.391	74.650	141.873
164.741	150.538	72.806	140.859
160.448	150.522	68.098	141.164
156.943	149.111	63.626	142.246
155.830	149.638	58.709	140.834
153.946	150.793	56.112	138.253
151.472	150.788	51.134	139.307
147.204	148.516	50.546	142.312
141.758	149.937	52.389	141.026
135.770	151.636	54.898	139.041
129.065	151.141	57.166	140.849
122.567	152.184	63.304	138.646
114.248	152.636	66.391	137.164
110.123	151.760	64.161	137.638
104.425	150.744	67.997	139.573
101.375	151.272	61.354	138.651
99.626	149.970	57.117	139.465
97.691	149.119	54.692	139.261
98.876	148.144	48.482	139.507
98.960	145.830	44.901	142.264
100.384	145.265	51.541	143.521
102.544	147.145	50.024	139.696
104.674	146.423	62.086	143.779
104.640	148.010	64.118	139.955
106.507	150.261	68.120	138.749
106.758	149.834	72.063	138.517
108.645	149.987	71.200	138.222
111.653	149.595	70.510	138.946
116.888	149.401	66.398	138.855
122.418	147.235	64.025	140.478
125.217	148.573	62.020	138.244
135.805	146.971	54.292	139.805
144.307	146.712	50.489	139.080
150.859	144.447	45.851	141.894
154.235	144.699	47.855	140.895
157.087	145.085	49.285	139.199
158.370	145.769	53.906	139.201
159.275	147.630	55.992	136.145
161.406	146.309	63.838	137.673
165.099	145.736	61.268	136.697
167.832	146.379	61.645	135.157
175.782	146.954	54.383	133.664
183.499	145.141	50.096	133.281
188.230	144.544	48.906	133.259
193.502	140.971	45.779	138.381
196.469	141.192	47.040	138.385
197.735	141.033	50.247	137.644
201.054	140.265	56.873	138.280
202.552	141.690	56.550	136.011
199.673	144.080	57.793	133.458
199.475	143.906	56.855	135.298
192.384	144.507	58.189	136.247
188.949	145.318	59.282	135.459
182.585	144.335	57.164	138.823
181.857	142.160	57.274	137.925
176.184	142.998	54.445	137.164
176.672	142.989	52.850	136.168
171.021	142.369	47.294	136.803
169.270	140.761	45.393	140.310
168.096	142.577	41.871	140.138
168.450	142.934	43.693	140.091
171.558	141.497	45.338	140.588
171.551	142.726	50.225	139.362
173.241	143.450	51.073	138.767
174.443	142.616	53.004	139.104
176.158	143.308	52.884	138.696
178.363	144.131	53.883	137.444
184.806	144.858	51.024	132.972
188.984	141.857	49.339	135.672
196.321	142.718	44.948	135.067
198.730	140.060	45.516	136.508
201.341	140.877	45.627	136.977
204.277	140.004	46.913	134.626
207.284	140.142	47.788	134.807
209.792	140.731	48.737	134.359
211.221	141.227	58.347	134.876
213.853	144.813	58.042	130.158
214.356	145.749	56.453	129.993
214.785	142.725	62.247	133.555
215.909	143.728	58.438	132.908
218.062	140.034	60.615	135.966
220.316	140.645	58.718	134.617
227.803	139.454	52.999	135.605
234.649	140.595	49.573	132.146
241.226	136.617	43.756	136.195
243.613	136.531	46.871	138.470
248.395	136.839	43.135	138.374
253.046	136.580	41.262	137.978
254.008	137.876	42.038	136.456
256.524	136.188	50.003	136.550
253.649	137.430	48.644	135.555
247.622	137.679	53.777	133.883
249.994	139.626	52.104	134.043
241.781	140.572	57.573	132.348
234.375	139.335	65.284	136.315
236.146	140.958	54.401	130.810
232.117	139.883	55.853	132.918
231.419	140.556	44.441	123.157
227.089	137.660	45.823	124.143
227.001	136.248	43.469	129.829
229.500	136.373	44.329	131.939
229.588	137.233	50.062	131.697
231.857	138.892	48.354	128.040
233.496	139.321	54.269	125.958
234.991	141.984	55.583	124.291
240.385	140.705	53.081	125.878
239.100	144.553	56.425	121.652
243.332	140.524	53.735	124.030
249.095	141.335	50.566	122.331
258.003	136.789	44.675	126.308
261.750	135.594	43.596	128.238
264.553	134.994	42.244	127.855
268.160	133.777	42.149	130.047
272.952	134.039	39.030	131.308
275.373	134.798	39.782	129.317
277.402	134.826	40.697	129.535
279.452	134.798	42.075	129.260
282.034	133.834	44.849	128.501
285.446	132.729	45.776	130.988
290.305	132.439	45.766	124.163
293.488	133.368	46.527	123.478
297.410	134.843	46.124	122.287
302.260	137.066	42.164	118.382
306.109	136.702	40.032	117.684
309.912	135.200	41.509	114.554
312.785	134.392	41.702	112.484
316.028	135.720	42.929	111.248
316.891	131.441	45.524	122.428
315.577	131.871	46.138	122.282
317.587	134.199	47.628	121.193
310.757	133.493	46.101	126.097
304.990	136.709	44.242	115.061
298.746	137.257	44.147	118.163
292.702	137.705	43.946	112.676
284.147	137.090	45.905	116.484
281.221	135.820	46.822	124.549
273.653	136.849	46.058	119.699
268.250	134.571	47.098	120.015
261.700	131.724	45.534	125.632
256.000	135.261	45.443	119.243
251.607	132.527	42.781	119.770
249.037	133.015	38.860	114.020
252.363	131.979	43.150	116.893
251.458	130.198	39.397	114.062
256.237	129.866	42.511	114.945
255.242	132.899	43.122	110.724
258.160	130.067	42.076	112.356
259.361	129.897	43.051	116.697
261.196	130.709	42.285	113.197
262.954	131.456	43.137	118.904
263.413	128.810	42.729	121.475
265.663	128.024	41.722	120.657
266.018	126.129	42.801	125.972
265.755	128.257	45.483	124.560
267.348	128.282	42.371	120.146
267.118	128.109	43.872	117.228
267.319	130.429	45.747	116.180
268.238	128.810	45.524	117.726
269.717	131.118	45.661	114.461
270.514	127.949	46.288	119.543
271.437	133.368	47.644	111.425
275.253	129.829	44.794	118.506
278.272	131.741	43.744	113.894
282.219	126.381	41.467	121.836
278.588	132.040	46.341	114.120
283.880	130.390	43.017	115.537
283.718	132.345	44.784	114.932
284.306	135.661	44.743	111.160
269.935	143.742	52.018	100.024
278.257	141.477	54.100	101.095
267.911	142.656	48.162	96.399
278.704	132.669	50.702	110.560
268.109	145.397	52.938	97.372
270.685	148.691	40.207	91.002
270.294	148.517	35.566	87.345
291.134	134.666	42.327	102.582
270.244	145.889	43.653	90.308
300.339	133.107	41.769	109.111
306.805	128.850	38.113	114.351
297.517	133.717	46.567	110.584
305.353	125.605	41.381	119.103
305.292	127.110	42.595	120.790
306.871	128.786	42.200	115.954
305.145	129.240	44.690	117.036
309.311	124.530	42.877	118.341
309.440	124.828	43.411	118.673
309.281	128.925	44.141	114.667
309.982	127.194	43.591	115.716
311.441	125.380	43.498	118.532
310.014	125.624	44.739	118.181
311.489	123.426	43.354	122.806
302.411	125.437	45.183	117.520
264.434	138.761	50.312	97.743
283.847	127.581	46.491	110.442
272.181	129.924	48.569	115.890
269.672	126.926	46.901	111.911
264.699	127.279	46.479	112.128
262.108	128.770	49.192	114.089
264.474	125.048	47.777	114.829
270.451	129.604	42.863	105.760
269.672	134.062	44.112	103.411
272.541	130.192	43.416	105.763
272.879	128.979	43.649	106.459
274.415	131.642	42.739	104.310
274.938	125.650	43.296	107.348
274.678	133.403	43.204	97.483
276.391	126.845	42.263	102.095
274.890	121.966	43.353	109.198
277.761	131.478	43.592	99.329
279.916	121.788	41.458	108.184
278.386	126.626	43.763	111.123
281.566	121.089	42.709	109.901
276.993	130.820	43.174	109.311
284.853	125.298	44.738	107.882
286.906	119.133	41.532	112.533
285.906	122.168	43.472	111.590
286.312	120.515	41.911	111.439
286.017	123.710	41.712	104.530
285.080	119.885	42.707	101.806
293.489	115.995	43.072	107.931
297.133	114.076	42.364	113.132
277.961	122.276	56.497	100.918
291.482	117.059	34.506	108.281
295.621	115.744	43.798	109.916
243.193	142.014	51.816	89.731
297.667	112.264	45.588	109.037
279.727	118.724	61.961	106.465
247.281	139.664	47.226	93.397
246.543	140.707	49.246	92.159
247.527	137.974	49.298	96.218
248.884	138.746	53.657	96.342
250.346	138.795	52.056	95.132
252.617	138.289	52.956	95.345
255.048	137.426	50.221	94.671
256.803	137.443	51.460	94.640
258.550	137.082	50.360	96.086
259.836	136.520	48.997	97.133
261.644	136.819	48.802	95.589
262.402	135.922	48.265	96.295
263.936	135.588	48.550	96.808
264.884	134.784	48.107	95.858
265.907	134.779	45.982	94.174
266.548	134.708	46.717	94.698
267.551	135.149	46.974	95.440
268.719	134.869	45.935	95.405
269.780	135.555	45.594	94.222
270.823	135.307	43.554	94.934
272.267	135.036	43.573	95.651
273.285	133.993	42.319	96.545
274.216	132.413	42.804	96.904
275.104	133.044	42.659	94.546
275.805	133.524	43.415	92.501
277.207	133.435	39.545	93.397
277.229	132.421	41.572	94.556
278.379	131.919	40.925	95.691
278.922	131.682	40.072	95.594
279.860	132.463	39.509	94.832
280.674	132.280	39.007	94.437
280.863	132.774	38.085	93.301
281.369	131.987	38.988	94.003
282.455	132.958	38.414	93.376
284.142	133.095	37.004	93.013
284.537	132.710	38.037	93.967
285.278	132.603	38.507	94.409
286.177	132.570	38.712	94.717
286.691	133.280	40.425	93.655
287.522	131.915	39.541	94.686
287.813	132.090	40.877	93.555
288.356	130.217	39.808	95.642
288.534	130.349	40.752	95.162
289.330	128.996	42.246	93.957
289.752	128.553	41.296	96.630
290.960	128.987	40.699	94.139
290.086	127.623	41.907	94.855
291.334	127.007	41.008	94.814
291.475	125.204	41.442	95.476
291.970	125.311	42.696	96.413
292.234	125.048	41.242	95.004
292.945	125.246	40.525	94.876
293.113	125.506	40.967	94.299
293.301	125.576	42.139	93.912
294.494	126.277	42.007	93.075
294.939	125.749	41.461	93.042
295.056	125.639	42.617	93.018
295.650	124.290	42.560	93.544
295.600	124.092	43.901	93.516
295.449	123.031	43.446	94.785
295.811	123.862	43.213	94.266
295.661	123.137	42.904	94.301
295.241	122.049	42.748	96.076
295.398	121.615	42.940	95.597
295.188	121.377	42.461	95.294
294.820	120.566	43.004	95.856
294.715	119.445	42.841	96.170
293.762	118.714	43.939	96.207
293.602	116.381	43.894	98.509
293.357	117.529	44.366	97.076
294.098	117.246	42.224	96.897
293.401	116.365	42.365	97.500
293.191	117.676	41.770	96.236
292.972	117.723	41.226	95.136
292.341	116.030	41.865	97.139
291.872	116.511	42.214	96.953
291.559	115.836	42.597	95.539
290.869	114.582	42.614	96.711
289.493	113.087	44.827	96.287
289.551	113.108	44.291	95.416
290.546	113.571	43.488	94.692
290.455	112.055	43.199	95.114
289.815	112.619	44.050	94.345
289.890	110.747	44.028	96.261
289.184	110.392	44.307	96.454
288.602	110.317	43.940	96.023
288.890	110.317	43.606	96.148
289.009	110.264	42.957	95.604
287.668	110.881	43.678	95.997
287.200	111.263	44.402	95.340
286.450	111.242	44.622	95.212
285.325	111.242	46.181	94.309
285.258	110.128	46.654	96.820
283.947	109.141	47.621	98.033
283.922	108.407	47.308	99.175
283.733	108.058	46.587	98.789
284.412	108.140	45.617	97.972
284.535	107.549	45.591	98.425
284.137	106.507	46.859	99.069
284.910	105.550	45.532	101.211
285.614	105.551	44.930	101.224
286.423	104.360	44.653	100.850
286.356	104.407	44.864	100.750
286.525	104.453	44.973	99.298
286.443	104.332	45.263	97.878
286.295	103.858	45.252	98.283
287.316	104.219	44.588	96.987
287.408	104.800	44.079	95.304
287.986	104.298	43.297	94.874
288.455	104.086	42.315	94.903
288.370	104.021	42.352	93.523
288.179	104.135	41.766	94.476
288.233	102.127	41.287	97.641
287.559	101.802	42.389	96.702
287.189	101.506	42.286	95.648
287.290	101.332	42.440	95.464
287.600	101.902	41.712	94.174
287.752	101.455	41.394	93.767
288.130	103.111	41.872	91.967
288.076	101.539	41.454	92.962
288.229	101.920	41.530	91.665
288.397	101.661	41.371	92.327
288.172	101.581	41.599	91.139
288.166	100.759	42.473	91.821
289.341	99.938	40.856	92.529
288.423	99.619	41.992	91.711
288.297	100.000	42.210	92.098
288.447	99.698	42.170	92.055
289.164	98.669	41.492	92.079
289.070	98.053	41.175	91.904
289.758	97.344	41.162	90.905
289.388	96.151	41.476	91.878
290.471	97.594	40.602	90.111
290.682	97.323	39.801	89.472
291.237	97.456	40.030	89.860
291.193	96.884	40.057	90.488
290.757	96.406	41.220	90.817
291.086	96.220	41.701	90.862
290.391	94.742	43.188	92.699
290.309	94.521	44.353	91.360
290.742	94.837	43.857	90.633
291.664	92.949	43.194	92.519
291.840	91.987	43.706	92.815
294.127	90.550	41.849	92.816
294.064	89.619	42.378	92.238
294.780	88.415	41.671	91.501
293.922	88.138	43.100	91.862
293.975	88.343	43.355	89.912
295.025	87.707	43.147	90.366
294.185	88.214	43.621	90.933
295.386	90.231	42.579	88.976
294.946	89.352	42.541	89.174
295.384	88.304	43.133	90.255
294.998	85.890	43.901	92.315
296.210	85.426	42.917	91.258
296.136	83.869	42.332	91.892
295.724	83.636	43.235	89.796
295.691	83.214	41.976	88.787
295.733	82.695	40.897	88.960
295.359	82.581	40.940	88.855
294.569	83.108	41.143	87.083
