581.000	149.000	39.000	34.000
561.271	148.991	37.926	40.513
558.491	139.017	35.233	40.896
553.061	131.231	34.896	36.837
549.256	126.594	35.941	34.627
540.046	120.521	36.356	35.765
536.356	120.361	34.064	35.634
526.974	126.500	35.235	38.374
522.874	121.191	34.599	40.249
520.133	115.074	33.361	37.370
514.969	110.424	31.229	35.294
506.406	107.394	34.284	36.807
501.985	109.806	33.120	36.960
498.413	106.187	33.642	38.029
494.526	100.545	32.764	36.857
486.679	94.829	33.154	35.863
482.198	94.738	32.993	36.719
480.640	92.861	30.974	37.403
472.515	84.588	32.261	35.128
469.034	83.665	32.451	35.421
465.577	82.780	32.775	36.360
462.600	79.041	32.110	36.758
455.768	75.337	31.619	34.360
451.544	73.854	32.821	34.115
448.873	70.921	32.718	34.642
443.581	66.463	29.910	34.180
440.069	63.798	31.993	34.250
434.910	58.798	31.124	35.076
431.904	57.185	31.548	34.282
429.380	54.653	30.491	34.122
423.798	49.182	30.393	34.318
420.501	47.960	30.667	33.110
418.263	45.302	30.671	34.265
416.147	43.013	30.740	34.710
411.411	38.430	30.823	34.054
408.617	36.742	32.168	32.565
407.322	34.977	30.979	32.742
404.477	33.003	32.025	32.750
403.147	30.215	30.945	33.367
403.081	31.481	31.052	32.306
399.668	30.786	32.279	33.591
398.705	30.792	31.851	33.714
397.918	31.186	31.476	33.444
396.782	30.900	30.931	33.723
395.232	31.332	31.367	33.427
394.695	31.227	31.092	33.795
391.859	31.758	32.248	33.568
391.466	31.978	30.934	33.738
390.232	31.945	31.729	34.034
389.662	32.997	31.545	33.401
391.241	32.759	30.756	33.941
393.425	32.693	29.995	32.803
394.435	32.462	31.593	30.746
398.220	35.363	32.514	32.537
400.008	39.162	32.562	34.153
402.089	45.195	32.034	34.272
405.368	64.413	32.502	35.494
407.268	76.955	32.490	38.346
408.960	86.172	32.303	36.466
409.255	84.801	33.495	32.859
409.407	84.933	33.580	33.444
409.835	88.294	34.225	32.024
412.312	100.244	34.423	34.223
412.963	107.948	34.931	39.074
414.273	118.359	34.374	37.216
414.563	118.308	35.682	36.212
415.618	121.423	35.142	33.434
416.077	125.361	35.258	34.613
417.392	132.481	35.530	35.614
419.946	145.186	35.925	39.461
420.876	146.641	35.764	35.769
420.798	149.290	36.851	37.190
421.155	155.032	36.814	34.454
422.709	169.809	36.567	37.749
424.281	170.959	36.512	38.456
425.885	174.181	36.336	36.789
427.267	186.063	36.556	39.491
426.386	191.615	38.256	39.096
426.247	195.168	39.086	38.642
428.015	205.926	37.786	40.490
429.690	209.929	37.500	39.972
430.780	213.977	36.326	40.948
432.545	222.807	38.898	42.859
432.969	230.786	38.840	40.090
433.475	241.974	38.731	38.940
434.020	247.517	41.291	40.002
435.560	250.195	37.225	41.301
436.881	255.903	36.183	41.947
436.468	252.587	36.373	46.588
437.287	255.020	37.238	44.411
438.816	253.726	36.928	45.284
439.810	256.592	37.294	42.455
444.178	256.613	39.014	43.368
445.597	258.693	45.310	41.626
449.466	259.275	50.535	42.087
455.896	256.733	44.042	46.039
458.839	260.347	40.959	43.005
461.259	263.519	38.504	39.122
464.272	267.808	38.091	36.252
479.252	264.144	37.294	39.263
472.676	259.044	40.678	41.684
472.295	259.317	41.974	42.672
466.449	257.739	42.498	45.171
472.002	257.524	42.707	44.907
473.709	257.689	43.971	45.531
475.197	257.107	41.340	45.321
474.454	257.091	42.969	45.503
473.615	257.193	42.694	44.894
474.117	253.484	41.174	46.813
475.585	250.585	39.005	45.686
477.030	255.463	37.493	39.586
474.575	245.998	38.574	46.520
472.914	235.329	41.848	56.708
472.120	244.608	39.141	48.468
471.509	245.048	39.463	46.109
471.644	246.138	39.369	43.895
471.527	243.949	37.975	43.169
471.854	241.727	39.826	43.396
469.226	235.849	39.620	44.028
466.713	233.617	39.814	42.940
465.470	230.008	40.248	43.713
463.962	226.486	39.169	41.454
462.532	223.876	36.400	41.728
460.303	221.084	39.819	41.282
457.116	216.469	35.651	41.120
454.867	213.432	35.122	41.460
453.496	211.032	35.104	41.218
452.065	209.982	36.396	40.582
449.740	205.988	37.341	39.794
449.148	203.667	36.125	40.626
448.048	201.758	35.595	40.588
447.477	199.175	34.644	40.793
445.330	194.550	36.331	40.946
444.088	192.292	35.454	41.464
442.837	190.209	34.684	41.602
442.588	188.496	34.761	40.306
441.983	184.894	32.812	39.676
441.055	181.739	33.452	40.585
439.315	179.065	37.429	41.300
437.511	175.643	37.026	41.258
437.016	175.802	36.303	40.935
435.723	175.882	36.598	37.950
435.483	171.521	35.107	38.501
434.369	168.210	36.216	39.767
434.384	165.885	35.170	39.559
434.938	161.620	33.673	36.976
432.440	160.009	35.408	36.256
431.910	156.599	34.520	37.383
430.678	154.978	34.293	37.103
429.742	154.250	34.144	35.046
429.110	152.886	33.595	37.552
428.913	150.449	32.677	36.002
427.592	147.285	34.996	33.713
427.033	146.319	34.341	34.524
426.547	142.038	33.780	37.783
427.121	139.686	32.721	37.330
425.986	138.544	32.969	38.955
422.199	136.834	36.619	38.388
419.094	134.749	39.584	37.573
421.983	131.233	36.846	36.808
424.126	129.382	34.559	36.534
424.780	127.803	33.755	37.610
424.039	125.131	34.136	37.019
423.517	123.268	34.728	37.089
424.003	121.863	33.839	36.910
424.151	118.924	31.197	36.508
424.099	117.203	31.766	36.787
424.203	115.490	29.865	37.177
419.436	108.805	30.810	37.322
409.953	106.888	32.155	36.428
401.778	104.195	33.733	37.283
392.790	103.221	34.637	33.536
390.229	101.545	32.251	32.648
384.571	96.627	29.388	35.459
376.093	93.135	33.635	34.867
373.263	91.041	33.236	35.440
369.081	88.932	31.202	34.514
365.813	86.934	32.610	34.761
356.692	81.575	35.207	36.121
349.121	79.151	34.428	33.918
345.971	77.912	35.097	33.718
343.128	75.039	34.435	34.937
336.240	70.593	33.859	35.037
333.562	69.170	33.302	34.690
330.694	66.250	32.961	36.235
327.945	64.532	31.523	35.279
321.890	61.479	32.376	35.139
319.023	59.647	32.116	35.004
314.657	57.050	32.255	35.449
309.597	54.144	31.628	33.630
307.293	52.594	32.547	33.245
304.757	50.316	31.866	34.184
299.708	47.062	30.935	34.131
297.185	46.525	32.081	32.958
294.338	44.059	32.617	33.905
289.765	40.589	30.684	33.372
287.446	38.520	31.592	34.441
285.686	37.128	31.596	34.347
280.149	34.324	31.383	33.473
278.685	32.513	30.991	33.965
276.491	31.310	31.130	32.138
273.944	30.307	31.996	33.267
270.179	27.133	31.355	32.470
269.164	25.441	30.669	32.698
266.585	24.611	31.175	31.623
264.765	22.564	32.344	32.711
262.563	19.896	31.633	32.440
260.682	18.541	31.335	32.008
260.643	18.907	33.094	32.351
269.296	25.639	32.880	31.586
272.348	28.123	33.277	32.066
275.991	29.972	32.449	32.495
281.240	33.430	31.856	33.085
284.428	35.660	31.771	32.967
286.735	37.699	32.409	32.782
292.244	40.250	32.592	34.434
293.413	43.139	33.775	33.366
296.721	45.515	34.365	32.948
304.132	49.223	33.236	33.263
306.406	50.391	33.403	33.454
310.085	51.908	33.329	34.712
313.757	54.010	33.136	34.211
319.662	58.328	32.418	34.611
323.184	60.722	32.489	34.143
325.581	62.571	33.685	33.905
332.190	65.812	33.833	34.983
335.417	68.650	33.223	34.054
339.335	70.017	33.885	35.327
346.822	74.202	33.959	35.423
349.782	76.109	33.772	36.012
354.381	78.516	32.764	35.804
357.383	80.893	34.319	34.785
364.648	83.205	34.015	36.859
368.749	86.831	33.163	35.363
371.400	88.221	34.989	36.651
378.888	92.332	35.290	35.999
383.019	94.622	34.418	35.595
386.707	95.681	35.006	37.104
394.557	99.719	35.393	36.533
399.256	101.311	34.022	37.022
402.916	103.745	35.380	36.734
410.734	107.718	35.728	36.596
415.326	109.557	34.317	37.283
420.225	111.333	33.775	37.262
423.083	113.906	35.583	36.634
431.008	117.055	37.039	37.395
435.692	120.097	35.476	35.433
440.580	122.625	34.559	35.650
449.937	125.398	34.943	37.908
454.138	127.441	34.593	37.166
458.583	129.114	35.614	37.909
467.052	134.020	36.336	36.035
471.842	135.013	36.501	37.258
477.104	136.849	34.448	38.255
485.201	141.210	36.223	37.919
489.924	143.119	36.494	38.131
494.641	145.601	36.920	37.747
504.222	148.932	37.309	38.639
510.449	150.722	35.992	39.639
514.576	153.224	36.108	39.504
525.359	157.505	37.012	39.418
529.814	160.314	36.887	38.110
534.828	162.204	36.359	38.137
540.532	163.410	36.434	38.749
550.150	168.125	36.627	38.319
554.657	169.746	38.374	38.865
560.093	171.224	37.802	39.200
570.674	176.257	37.591	38.543
576.698	177.884	38.000	39.477
581.459	179.586	38.447	39.540
593.722	183.415	34.923	40.072
599.048	184.075	30.806	41.642
603.821	186.715	26.179	40.192
611.404	193.008	18.596	37.207
613.010	200.540	16.990	32.960
614.810	205.694	15.190	28.679
613.441	209.537	16.559	30.670
605.243	206.726	24.757	31.401
603.554	206.795	26.446	32.004
603.450	211.269	26.547	33.748
602.749	209.127	26.707	42.015
602.908	217.486	27.092	36.510
602.084	219.886	27.582	37.599
601.590	218.389	28.335	41.638
601.858	225.483	28.142	36.995
602.273	238.130	27.727	30.960
608.060	235.820	21.940	33.070
598.210	239.712	31.635	34.939
598.583	245.941	31.021	40.322
598.059	233.687	31.941	42.779
599.812	238.516	30.188	48.316
603.542	252.138	26.458	42.893
607.339	249.353	22.661	41.164
612.748	246.166	17.252	41.099
613.707	244.077	16.293	38.523
613.139	243.591	16.861	38.690
612.038	242.912	17.962	39.800
610.063	241.721	19.937	38.286
609.277	242.111	20.723	39.450
608.862	241.466	21.138	40.050
606.605	241.885	23.395	38.439
605.825	241.689	24.175	38.774
605.082	241.190	24.918	39.709
604.154	240.357	25.846	41.102
602.283	239.428	27.717	41.538
601.552	240.093	28.448	40.998
600.113	240.396	29.887	41.566
600.204	239.917	29.796	41.037
599.197	238.838	30.803	41.893
598.472	238.019	31.528	42.012
597.775	238.335	32.225	40.929
597.468	238.002	32.532	41.131
596.633	237.611	33.367	40.666
596.002	236.891	33.996	41.071
595.543	236.388	34.051	41.195
594.915	235.312	35.010	41.741
565.097	220.302	42.288	42.421
552.735	215.947	43.391	42.469
539.727	208.540	44.580	42.765
516.246	199.227	41.768	40.604
504.725	192.330	41.779	41.413
492.424	187.307	41.817	40.764
470.647	175.570	41.425	41.192
459.230	172.314	41.779	38.977
449.586	165.343	40.394	40.675
428.980	157.435	39.931	39.764
417.742	151.152	40.879	39.667
407.960	145.590	39.677	39.361
388.604	136.378	40.066	39.611
378.747	132.221	38.719	37.819
369.266	128.967	39.321	37.319
351.654	118.759	37.834	38.713
342.108	115.050	38.455	38.116
334.044	110.400	37.062	38.446
317.021	102.275	36.642	38.828
309.115	98.880	36.096	37.674
300.318	93.710	36.169	37.961
291.153	90.536	37.125	37.560
277.019	81.919	34.536	38.473
269.415	79.414	33.806	36.306
261.632	76.573	34.121	35.929
246.860	67.663	33.326	36.531
239.022	65.193	34.048	35.396
233.057	61.516	32.518	35.365
217.914	54.200	33.438	35.357
211.422	51.350	33.105	34.968
206.765	48.979	30.577	33.456
191.531	42.655	33.194	33.344
185.383	39.458	31.852	33.472
179.085	35.282	31.727	34.654
172.305	33.463	32.312	32.266
161.429	26.518	30.965	33.718
152.811	24.524	32.155	33.494
147.487	21.862	37.423	34.486
184.930	3.297	36.665	34.561
199.265	0.000	39.712	30.299
236.953	0.000	40.923	23.843
255.461	0.000	40.913	23.098
275.416	0.000	41.227	24.215
315.308	0.242	39.779	29.177
334.365	6.502	42.463	36.066
355.311	16.252	42.414	37.436
376.909	25.674	42.164	39.834
420.108	56.674	42.578	40.320
441.682	73.262	43.340	44.392
487.699	117.644	41.225	47.595
509.739	142.821	44.400	50.179
530.697	170.520	45.227	48.725
558.745	164.074	43.624	39.752
573.352	157.911	41.096	34.116
588.302	154.090	39.018	37.492
599.714	151.175	30.286	38.282
611.987	159.995	17.566	38.367
617.343	155.852	12.657	36.299
619.150	156.865	10.769	28.552
616.710	157.305	13.290	31.202
607.810	165.070	22.190	34.860
596.972	183.080	32.385	36.650
592.790	194.451	35.462	42.915
587.474	209.647	35.866	41.856
588.606	202.447	35.208	42.900
589.517	188.957	35.848	39.677
590.081	184.295	35.615	38.981
590.298	182.778	36.529	39.714
590.806	185.665	36.804	39.434
591.354	197.115	36.001	40.333
591.926	205.695	35.725	41.515
592.481	215.133	35.721	46.535
593.076	216.434	36.821	41.216
593.698	211.559	36.008	40.587
594.057	210.204	35.579	39.424
590.814	208.950	37.897	39.268
586.569	213.506	40.687	38.000
580.928	219.499	40.759	41.648
576.532	216.474	37.760	41.092
571.054	209.363	36.920	39.469
568.344	210.655	38.070	39.749
566.025	214.556	38.748	40.698
562.697	218.833	37.935	42.709
558.352	213.177	39.054	40.938
553.478	214.421	39.056	42.629
551.775	218.457	39.381	43.352
549.175	215.228	38.610	42.396
546.438	214.376	39.861	40.585
544.542	215.472	38.898	41.118
539.954	214.381	39.408	38.135
531.123	203.632	39.679	40.792
522.914	197.177	40.363	41.171
507.525	187.062	38.333	41.395
499.641	179.293	39.368	40.867
494.187	174.368	38.022	41.006
484.795	165.398	37.511	41.008
474.762	156.982	37.297	40.909
473.141	153.911	34.442	40.094
468.694	151.386	35.674	38.977
458.190	143.089	34.780	38.813
455.180	140.744	35.490	38.293
451.182	137.381	35.753	37.890
442.226	127.590	34.721	38.685
436.647	123.125	33.298	36.983
432.592	118.987	34.380	36.998
427.660	116.733	33.544	35.152
420.638	109.076	34.773	37.282
417.809	105.065	33.256	37.812
409.726	98.393	33.303	36.686
407.691	96.107	32.986	35.791
403.951	93.322	33.683	36.593
400.471	90.771	33.673	35.390
392.198	84.120	33.865	35.742
389.543	81.446	34.244	35.975
386.728	78.401	33.824	35.954
379.521	71.358	34.381	36.613
377.250	70.247	33.186	35.797
372.202	64.436	32.586	35.979
369.354	62.149	32.444	35.431
361.586	56.154	33.600	35.200
359.487	53.287	33.807	34.971
354.246	47.877	33.320	35.457
352.572	46.469	32.028	34.134
348.855	44.253	32.183	33.973
346.998	42.638	31.835	33.597
341.949	37.221	32.370	34.109
339.284	35.036	31.241	32.779
336.766	31.159	30.983	34.285
332.654	27.969	32.355	33.727
330.452	25.847	31.935	34.084
328.704	22.479	31.595	34.498
323.827	18.560	31.032	33.845
321.989	17.157	30.437	33.169
319.882	15.244	30.916	32.492
315.255	11.206	31.296	31.472
315.333	10.905	31.387	32.573
314.637	10.847	32.081	32.569
314.228	10.898	31.997	32.228
314.043	11.419	31.466	32.102
312.631	11.088	32.223	33.159
312.200	11.066	32.381	33.162
311.451	11.020	32.191	33.425
310.341	10.928	32.837	33.551
307.722	10.819	32.649	33.126
305.490	10.382	33.128	32.547
302.879	10.273	35.096	31.673
302.309	9.029	33.837	32.423
301.693	7.133	32.744	32.893
303.177	7.481	32.739	32.702
303.826	7.895	32.960	32.388
307.692	10.085	31.372	31.264
308.972	11.326	32.056	31.231
310.348	12.631	32.309	31.055
313.373	12.587	31.505	32.354
314.549	14.032	31.500	32.723
315.717	15.832	31.691	32.783
317.757	17.403	31.535	33.738
319.055	18.980	32.178	32.788
319.907	19.869	32.288	33.295
321.335	20.783	30.960	33.620
323.183	22.484	31.390	34.028
323.809	23.936	32.149	34.290
324.774	26.665	32.649	32.929
327.259	28.132	31.949	34.044
328.724	29.351	31.637	33.915
329.516	30.048	31.866	33.722
330.834	30.983	31.237	33.864
332.787	33.106	32.101	33.944
334.776	34.820	32.675	34.042
336.369	36.102	32.096	34.819
339.408	38.838	31.687	34.225
341.210	40.615	30.972	33.953
342.225	41.608	31.353	33.152
343.572	42.033	31.604	33.881
346.526	43.468	31.952	34.002
347.847	45.467	32.396	33.637
350.613	47.854	32.043	34.259
351.882	49.066	32.357	34.441
353.160	50.953	32.770	34.031
354.779	52.389	32.460	34.551
357.807	53.162	32.177	34.095
357.304	54.546	33.865	33.422
359.415	55.861	33.600	34.003
361.035	57.177	33.346	34.819
363.159	61.165	34.361	34.026
365.048	63.124	33.942	33.322
369.974	63.167	31.745	34.272
372.618	63.774	30.570	33.815
375.670	65.432	31.383	34.289
376.847	67.186	31.935	34.056
379.311	68.594	31.003	33.631
380.677	70.258	33.450	35.180
377.640	70.929	37.861	35.776
384.174	72.375	32.631	35.448
386.673	72.923	33.481	36.149
390.806	74.817	31.827	36.088
394.585	77.406	30.228	35.428
396.041	80.211	32.141	34.649
397.793	80.768	32.046	35.051
400.294	81.635	31.954	34.748
401.398	82.126	32.236	35.204
405.034	82.987	32.271	36.254
406.932	85.854	32.277	35.371
409.726	87.950	31.683	34.742
413.652	90.160	33.113	35.078
415.828	91.414	32.653	35.469
417.197	91.923	32.786	36.335
421.232	93.256	33.497	35.627
423.839	94.880	32.560	35.616
427.534	97.150	33.172	35.763
429.819	98.123	33.111	35.862
431.173	99.056	33.522	36.083
434.689	101.130	34.192	36.448
436.443	102.217	34.548	36.577
442.471	106.547	35.718	36.033
446.363	107.607	34.938	36.333
448.635	109.246	37.092	35.906
450.258	109.466	35.509	36.669
452.890	110.891	34.882	36.801
458.240	113.964	34.842	35.793
460.392	114.655	34.881	36.098
462.757	116.078	36.071	35.963
468.095	117.913	35.159	36.322
470.359	119.003	34.066	36.813
474.900	121.374	34.616	36.020
477.229	122.687	34.311	35.394
481.449	123.391	35.707	36.764
484.859	125.277	34.858	36.416
487.890	125.824	33.940	36.599
492.838	128.693	33.878	35.957
495.253	129.368	33.333	37.219
497.634	131.106	34.556	36.786
501.105	133.078	33.183	35.231
504.950	132.886	32.767	35.331
503.789	132.553	33.485	33.517
504.607	134.276	34.011	35.593
505.406	136.456	35.043	35.745
505.670	138.934	36.118	36.789
508.664	144.202	33.950	37.569
509.428	145.294	34.924	37.521
509.839	148.685	35.718	36.091
511.199	150.254	35.280	36.239
514.158	153.092	34.519	38.233
518.283	153.833	33.743	37.507
530.359	153.757	35.077	36.579
534.425	153.151	36.822	36.828
539.150	152.178	37.141	37.620
550.657	152.360	37.859	37.291
557.652	152.385	36.979	37.711
568.996	152.161	37.175	37.917
575.142	152.510	36.955	37.515
580.448	152.654	36.941	37.017
588.862	150.976	36.500	36.940
589.895	149.712	35.848	36.869
590.078	149.790	36.379	37.270
590.586	151.262	36.183	36.663
590.244	155.085	36.494	38.169
590.050	156.548	36.182	39.911
588.117	159.358	35.917	38.981
585.827	163.049	36.209	38.169
584.316	165.410	36.044	39.310
583.110	167.407	36.269	38.613
579.984	172.725	38.513	37.629
579.177	173.488	38.054	37.954
578.043	175.380	36.883	38.596
576.131	178.296	36.186	39.440
574.247	180.747	37.170	40.055
574.177	183.684	36.962	39.356
572.118	187.423	36.841	39.386
571.808	189.259	36.283	39.361
569.965	190.893	38.569	39.612
568.754	194.293	38.107	39.039
567.834	194.954	37.956	41.302
567.580	198.061	36.635	40.877
565.787	203.085	37.774	40.642
565.497	204.689	38.099	40.908
564.202	206.079	38.251	41.410
563.465	208.188	39.358	41.027
563.300	210.420	38.817	42.765
562.633	214.093	39.263	41.018
562.358	216.391	38.192	40.330
561.362	219.389	38.625	42.217
561.796	221.336	37.102	42.385
561.040	224.237	35.689	41.332
560.442	227.646	37.699	41.484
560.214	228.742	37.451	42.298
558.143	229.001	36.023	42.581
553.566	231.399	36.488	40.560
551.732	231.903	36.581	39.472
547.015	230.223	37.733	40.301
544.564	229.577	37.152	40.511
543.003	228.855	36.837	40.522
539.031	227.997	37.914	40.601
537.341	227.657	37.592	40.266
532.786	226.954	39.080	40.185
530.278	226.554	40.004	40.402
528.367	226.299	40.087	40.391
526.083	225.284	39.380	40.139
522.091	223.774	39.915	40.430
520.258	223.049	39.407	40.315
519.294	222.527	38.586	41.094
515.497	222.418	38.454	40.974
513.972	222.390	37.665	40.814
511.955	222.152	38.003	40.312
508.302	220.293	38.875	40.612
504.796	218.930	39.085	39.039
500.971	216.068	39.079	38.955
498.528	213.667	38.596	39.294
497.017	213.898	38.870	38.932
495.933	213.552	38.953	38.948
494.871	214.343	40.139	37.637
494.585	214.070	39.852	37.440
495.227	214.730	38.974	37.627
497.361	217.067	39.213	36.923
499.706	218.424	39.001	36.836
502.936	218.679	38.723	37.744
510.098	218.812	38.314	39.794
515.797	219.524	36.223	40.731
517.838	222.727	36.548	38.272
523.902	225.559	36.888	38.597
527.999	227.082	37.002	37.568
531.911	228.443	37.527	39.281
534.877	228.454	39.992	40.420
534.161	225.916	35.723	40.096
534.222	223.745	35.738	39.840
533.236	223.105	37.135	39.340
532.394	222.019	38.668	39.594
532.179	220.517	38.347	40.305
530.946	218.086	38.777	41.427
530.391	215.979	38.947	41.644
529.625	214.864	39.873	39.827
529.036	214.527	40.339	37.927
528.263	212.219	39.327	39.387
528.374	210.813	38.899	40.914
527.527	208.683	39.062	41.208
526.898	206.898	36.328	41.130
523.912	206.003	37.416	40.179
522.064	205.635	35.879	39.622
521.893	206.483	35.898	40.171
523.168	207.299	36.440	40.052
529.411	211.439	36.060	38.864
533.540	212.640	38.177	39.203
542.042	215.835	38.561	40.622
544.698	218.357	39.530	41.101
545.907	207.739	38.071	42.713
547.208	195.946	40.521	45.504
553.881	193.071	39.613	38.380
552.190	186.505	37.606	35.058
556.110	167.390	30.232	36.215
548.957	166.905	31.652	33.949
547.907	169.532	31.579	37.066
547.952	166.652	37.045	36.513
547.981	148.430	36.116	48.210
550.465	130.066	38.083	42.734
551.763	113.894	38.737	39.450
552.911	99.330	41.332	46.547
552.038	85.268	36.389	53.147
552.132	82.029	35.423	55.899
557.198	83.351	38.948	57.285
554.320	93.065	40.695	45.444
554.685	98.703	40.154	44.334
554.321	116.927	35.280	47.187
553.344	117.148	31.564	41.488
550.867	109.530	31.656	41.964
544.854	98.160	31.489	36.786
542.535	98.626	32.752	36.049
540.349	98.996	35.508	37.521
534.119	108.541	37.652	39.336
530.354	115.635	38.982	39.916
527.179	124.869	37.788	40.884
522.961	132.680	37.627	40.915
525.142	129.454	37.893	39.849
529.595	125.971	37.469	39.513
530.776	127.300	38.990	38.381
532.425	130.994	37.913	39.074
537.030	143.220	35.778	40.581
538.338	152.096	36.597	43.243
536.677	153.117	37.796	42.121
534.441	144.768	39.174	41.938
530.990	136.503	39.203	39.819
529.587	135.937	37.900	37.499
526.904	135.390	39.350	38.802
521.858	142.911	38.972	39.620
520.456	150.081	37.373	42.479
517.888	158.199	37.225	41.761
516.730	147.309	36.998	45.372
514.830	131.285	37.678	40.593
515.027	126.569	36.041	39.693
513.708	122.502	37.070	39.492
512.454	121.896	38.209	37.714
510.299	129.352	39.693	35.344
509.416	135.408	39.076	37.066
507.497	141.203	38.704	39.821
495.405	120.929	39.677	38.681
485.862	110.296	40.536	41.950
477.379	105.087	40.356	41.082
461.709	99.945	40.190	38.632
454.180	100.584	40.069	38.281
437.988	108.080	40.091	41.542
430.301	115.372	40.256	41.036
420.253	124.318	40.422	42.136
404.474	148.285	39.758	44.475
396.307	164.240	40.171	45.250
387.910	182.021	40.780	39.848
376.953	208.504	37.816	38.378
374.490	196.462	37.692	35.952
371.309	185.190	38.687	37.840
368.714	175.658	38.675	39.535
363.853	165.150	37.563	39.911
361.081	163.306	38.585	40.010
358.774	162.235	37.977	40.411
354.358	168.724	39.098	38.878
352.745	174.916	37.897	39.830
350.162	182.727	39.291	39.301
347.879	193.801	37.874	42.633
342.510	222.519	36.158	47.519
339.133	228.203	35.751	47.123
335.320	220.865	33.972	42.486
328.173	209.870	36.842	39.507
325.166	207.007	38.006	39.327
314.571	167.436	39.323	48.503
312.062	141.817	38.464	47.821
305.872	100.101	37.904	49.187
302.628	83.299	39.140	44.856
300.046	72.119	37.909	38.653
297.204	59.426	37.013	37.215
291.626	44.180	36.128	38.129
288.647	39.371	36.489	38.745
287.189	36.472	35.988	37.534
284.328	36.916	36.066	36.552
280.624	41.878	35.483	35.927
279.075	47.358	34.838	37.652
277.772	55.619	34.155	38.332
273.140	76.490	32.994	39.921
270.865	90.646	34.361	41.887
268.914	80.546	34.681	44.918
264.634	51.988	32.901	36.399
263.412	40.004	31.788	37.493
259.532	22.045	34.106	35.364
258.100	15.833	34.354	34.696
256.105	14.282	33.231	31.363
252.044	9.867	35.245	31.143
250.817	10.568	34.632	32.513
248.910	14.222	34.506	29.830
246.043	26.575	32.486	32.923
244.675	34.773	33.268	34.950
242.215	45.513	34.851	39.097
242.207	39.021	33.150	41.205
239.961	19.731	33.093	35.368
239.248	11.886	31.829	32.764
237.379	7.702	32.423	30.678
235.691	0.942	31.412	31.629
233.031	0.493	32.921	32.295
231.791	1.730	33.009	32.394
230.465	8.863	34.669	30.410
229.886	13.655	33.190	32.445
228.473	8.119	33.693	35.278
228.217	3.465	31.834	31.139
229.557	4.705	33.311	29.518
233.172	10.009	32.918	31.107
238.541	14.576	32.100	34.481
240.789	10.597	31.040	31.586
242.884	9.121	30.126	30.235
244.270	8.557	30.810	31.241
248.152	13.413	30.945	34.790
249.874	18.244	31.262	33.735
252.234	16.521	30.856	34.548
254.147	14.293	31.267	32.961
259.358	14.719	29.993	33.070
261.367	17.818	30.794	34.958
263.722	19.356	31.634	34.298
269.192	18.757	31.269	34.534
271.648	19.933	31.684	34.721
273.453	21.870	32.004	34.181
278.162	21.583	32.810	34.877
280.067	23.331	32.764	34.118
282.662	24.032	32.713	33.549
287.967	25.782	32.809	32.845
290.054	25.505	32.644	33.116
292.655	26.516	32.365	32.934
297.552	27.728	32.039	33.202
300.062	28.463	32.266	33.378
302.844	28.553	31.979	33.796
305.200	28.902	31.982	33.785
307.645	29.307	31.828	34.145
311.830	29.916	31.518	34.430
313.882	30.779	30.957	34.171
316.497	31.299	31.122	33.926
320.377	32.297	31.725	34.524
323.343	32.315	30.434	35.049
325.094	32.629	31.005	34.591
330.426	33.858	30.280	34.068
332.400	34.291	31.732	34.062
334.776	34.590	32.521	34.514
337.475	35.424	31.531	35.126
342.632	36.708	31.697	34.652
344.613	37.363	31.845	34.382
347.061	37.470	32.461	34.359
349.422	37.695	33.405	34.643
354.970	39.286	33.399	34.867
357.673	39.366	32.547	35.714
360.211	41.365	32.495	34.224
362.599	41.888	32.184	33.811
371.257	47.171	35.837	34.820
379.553	53.311	35.449	35.435
387.492	59.977	36.671	36.056
405.051	71.423	35.648	36.700
411.791	78.616	35.428	36.218
420.376	83.879	34.159	36.831
426.308	89.810	36.603	36.126
441.053	100.445	36.100	34.443
448.936	105.201	37.185	36.311
464.994	116.632	37.036	37.167
473.594	122.693	37.234	37.755
480.237	128.274	37.994	39.363
496.879	141.384	38.283	37.954
505.359	146.165	38.751	37.577
513.766	152.422	38.209	37.090
531.792	166.684	37.723	38.984
539.625	172.447	39.460	39.917
548.813	177.270	39.303	40.443
557.403	184.988	40.402	39.569
576.598	199.257	39.828	39.583
586.224	204.063	39.987	40.840
596.031	209.684	33.969	42.007
608.241	208.618	21.759	37.439
611.457	202.774	18.543	38.964
615.030	192.503	14.970	37.844
618.182	190.599	11.353	34.464
621.102	196.251	8.775	30.760
620.096	202.693	9.904	28.814
619.789	212.385	10.211	30.880
617.626	193.642	12.046	34.199
613.944	186.614	15.873	35.787
610.109	184.501	19.891	35.849
607.157	184.383	22.843	37.694
601.145	190.877	28.855	40.653
595.806	192.956	34.107	38.794
590.109	190.049	38.040	36.257
582.707	187.028	39.986	36.673
570.612	186.162	40.273	38.591
564.438	187.406	39.867	40.126
558.560	192.040	38.469	41.159
549.351	191.345	38.110	42.427
547.326	185.343	38.691	39.201
544.118	174.835	34.476	37.916
541.787	174.077	35.044	37.466
535.587	177.517	36.349	36.429
532.600	182.781	36.848	40.204
528.886	183.517	37.488	42.619
525.411	172.787	35.503	39.504
523.214	171.273	35.795	37.310
517.567	172.136	36.886	39.429
515.949	174.678	36.070	40.760
513.098	172.714	36.653	41.322
510.447	169.236	37.504	36.589
504.881	166.503	36.828	33.774
502.390	167.213	37.548	38.993
501.233	166.294	36.411	40.212
497.026	161.311	36.529	38.527
495.010	161.101	36.039	40.054
493.613	160.195	35.244	40.526
489.938	155.717	34.829	38.748
487.593	155.366	35.058	38.865
486.001	153.240	35.499	39.369
482.221	151.742	35.549	39.225
480.523	149.180	34.600	40.425
475.631	151.056	34.570	37.007
475.039	150.161	34.178	36.009
474.652	149.413	34.602	35.900
476.190	150.195	34.273	36.287
477.342	149.999	34.171	36.659
482.252	151.125	34.688	36.818
484.596	151.050	35.898	38.237
488.022	152.082	35.709	38.255
493.047	153.252	34.547	37.432
500.885	158.160	35.811	38.485
506.763	160.857	37.469	37.903
509.399	161.335	37.647	39.229
512.062	157.157	35.879	38.013
511.635	154.235	35.098	37.912
510.880	150.864	34.047	38.723
507.608	147.006	33.568	38.209
502.475	143.830	37.152	40.232
499.011	143.000	37.962	40.618
488.982	142.843	39.333	40.922
484.719	147.394	37.668	37.899
474.953	157.722	37.599	41.881
469.278	166.621	37.397	39.998
467.894	163.304	36.353	42.090
465.092	159.082	36.913	37.466
460.516	156.799	36.511	36.901
457.372	157.065	37.279	38.139
452.142	165.999	36.856	41.778
449.714	171.055	37.494	39.442
446.484	171.938	37.444	38.498
444.946	171.781	37.368	38.961
445.212	172.088	37.225	38.539
446.619	172.462	37.519	38.141
454.765	170.622	38.243	39.903
460.297	171.016	39.173	39.147
466.372	171.649	40.702	38.860
479.027	171.559	38.532	39.233
487.060	171.563	37.387	38.914
493.802	171.373	38.513	38.840
502.147	166.814	35.148	39.361
502.609	159.013	37.860	39.015
501.360	155.338	37.574	39.191
498.957	153.126	36.363	39.675
492.150	152.069	36.779	38.514
489.845	148.935	36.302	39.223
487.005	147.240	36.422	38.507
484.783	144.904	35.738	38.780
481.187	142.422	36.969	39.619
476.400	138.809	35.047	39.029
473.997	136.684	34.625	38.950
471.705	134.478	34.854	39.624
468.859	131.433	34.700	39.461
467.230	130.935	36.128	39.478
466.385	130.188	36.108	39.502
465.943	129.105	36.499	39.634
465.866	128.394	36.861	39.896
467.019	128.685	36.388	40.240
467.334	129.534	36.854	39.869
468.669	130.485	36.544	40.110
469.429	130.947	36.132	40.281
470.079	131.593	36.209	39.484
471.365	131.295	35.700	39.731
472.040	131.668	35.999	39.389
472.876	131.529	35.963	40.213
473.520	131.356	35.580	39.437
474.799	130.331	35.303	39.733
475.091	128.776	34.731	39.269
475.839	126.744	34.693	39.306
476.426	120.222	35.036	39.645
477.191	117.122	34.468	39.704
478.351	114.707	33.922	39.228
480.439	109.173	34.123	39.307
481.412	106.473	34.624	39.307
482.264	103.225	33.281	39.634
481.902	93.117	33.476	41.562
480.129	84.759	34.915	40.530
478.910	79.712	35.689	40.107
477.233	68.355	36.596	39.199
476.762	63.830	37.160	40.733
476.145	55.105	37.712	38.508
476.185	51.582	36.569	39.894
476.536	50.882	36.927	38.483
476.275	52.002	36.832	38.907
476.488	58.240	36.415	40.508
476.815	64.257	36.057	41.146
477.923	70.578	35.413	41.375
478.770	78.209	33.547	41.801
480.911	94.865	35.554	41.593
483.225	103.782	34.548	41.105
486.660	119.650	33.540	40.305
489.015	126.166	33.748	39.386
491.287	132.234	33.964	39.416
493.231	136.577	32.682	38.909
496.709	140.694	31.404	38.619
498.018	142.346	31.798	38.382
498.849	143.815	32.662	37.871
499.152	142.322	33.396	38.627
497.765	140.328	33.966	38.036
496.020	136.757	32.316	37.870
492.107	131.734	33.803	36.979
482.884	117.127	34.090	40.541
478.098	108.561	34.252	40.528
469.613	93.614	33.694	40.666
466.113	86.012	33.831	42.044
463.489	78.988	34.793	42.583
460.750	75.414	33.995	41.275
454.296	69.504	35.965	39.372
449.131	67.538	35.684	40.351
447.411	68.638	36.547	40.874
446.092	70.095	36.669	41.590
446.041	73.903	36.623	40.685
445.239	82.296	36.501	41.914
445.726	86.751	36.344	43.297
448.034	97.789	35.211	43.560
451.882	111.829	34.531	42.631
455.222	118.834	34.996	42.692
458.734	126.717	35.754	41.339
466.141	138.626	35.260	40.883
468.899	142.881	35.259	40.573
469.428	145.590	36.649	40.234
469.012	145.051	36.104	39.761
466.425	143.575	36.450	40.325
462.916	138.548	35.090	40.806
457.823	130.247	34.622	42.563
446.875	106.529	35.083	44.283
441.966	89.491	35.718	46.365
435.294	66.905	35.952	42.768
431.859	58.276	36.090	39.932
428.195	53.308	37.924	38.250
423.674	47.892	35.789	37.454
419.277	47.650	37.552	37.020
417.666	49.400	36.156	36.744
410.535	60.282	36.526	38.674
407.302	68.602	35.348	40.865
403.956	63.263	34.941	42.148
402.517	51.470	35.709	42.991
402.376	40.811	37.909	38.410
403.059	26.656	36.958	37.742
402.216	23.336	38.098	38.191
402.554	21.459	37.736	38.184
401.981	24.496	38.085	38.148
401.713	29.195	38.248	39.743
401.247	35.403	37.746	42.385
399.573	55.313	38.387	42.794
399.634	68.270	38.308	44.129
399.836	83.630	37.836	46.579
402.676	77.412	38.034	48.294
403.353	52.272	39.475	48.603
405.951	31.344	40.779	45.443
411.202	0.371	39.270	35.093
414.324	0.000	37.112	24.567
419.503	12.194	38.294	29.438
422.499	18.495	42.748	33.920
434.790	32.163	39.566	36.021
430.763	37.810	43.004	30.035
439.661	40.934	46.185	28.880
463.892	48.859	31.696	34.843
468.351	64.747	37.365	40.691
468.375	86.339	44.277	41.118
477.536	74.082	50.844	46.184
497.768	65.191	47.258	53.672
452.034	0.000	39.238	35.980
454.159	11.481	40.015	43.464
458.766	52.419	38.100	43.202
459.326	76.910	39.659	53.059
460.963	103.945	38.680	51.095
463.141	125.650	39.841	39.503
466.015	104.825	37.691	39.169
465.733	98.766	38.816	40.226
467.280	94.370	38.377	39.897
468.726	93.366	37.255	37.653
468.485	95.494	37.272	38.560
467.421	99.863	39.552	37.390
468.110	113.341	39.002	40.272
469.359	123.561	37.146	39.607
469.140	136.646	36.527	43.311
470.145	143.634	38.233	45.418
469.646	126.792	37.721	40.717
468.990	123.091	38.492	37.038
467.118	119.939	40.017	36.747
467.353	118.380	39.014	39.330
466.864	120.748	38.472	38.287
466.736	126.675	38.118	38.649
466.761	142.450	36.570	40.002
466.029	154.106	37.560	39.903
466.645	143.648	37.285	43.977
471.940	119.955	37.287	40.486
475.433	109.208	37.167	42.102
481.720	98.785	39.415	36.964
486.175	95.830	37.683	37.415
488.926	95.049	37.813	38.091
494.241	100.616	36.905	38.396
497.069	105.593	37.219	40.470
499.696	113.560	37.452	40.041
501.503	123.113	37.751	40.203
507.085	148.376	36.202	44.771
508.905	153.821	35.733	43.542
511.291	144.986	35.196	39.320
513.334	138.960	34.331	39.019
518.041	132.270	34.703	36.414
518.710	131.824	36.199	35.666
520.275	132.739	36.922	38.597
525.283	143.201	35.649	37.335
526.011	151.532	36.706	38.411
527.182	156.824	37.502	38.284
530.368	141.215	37.031	37.685
532.778	135.753	36.636	37.226
534.255	135.608	36.617	37.457
536.520	141.857	36.873	38.127
537.383	148.010	37.362	40.464
537.360	154.551	38.700	39.848
541.348	146.776	36.437	40.432
542.040	134.228	36.814	37.880
542.320	131.157	36.902	37.423
542.667	129.111	37.217	38.758
542.973	132.070	38.511	38.985
542.039	136.654	39.807	41.140
541.899	143.556	38.866	38.586
541.802	141.533	38.732	39.219
540.656	139.571	38.294	39.519
540.475	141.163	38.363	38.082
539.401	148.111	38.330	35.917
538.014	159.968	39.026	43.071
536.745	166.190	40.218	40.786
538.859	154.544	39.047	46.284
542.485	130.923	38.747	41.834
544.524	122.104	39.794	40.556
548.318	112.727	37.680	40.039
549.739	111.512	37.291	40.096
551.560	111.481	37.996	39.753
552.749	113.634	38.223	39.708
555.970	125.093	38.263	42.252
556.925	134.468	39.781	42.383
557.813	144.345	39.940	44.043
559.317	175.097	40.371	46.803
559.780	193.569	41.101	48.144
561.755	213.727	39.852	49.169
560.928	235.461	41.504	54.940
565.347	233.892	40.405	45.776
565.630	223.932	42.029	43.475
568.220	214.540	40.863	42.398
573.855	205.194	39.215	41.177
574.685	203.350	40.395	42.014
575.604	204.173	40.946	43.289
579.852	211.759	39.726	43.317
579.437	219.363	41.811	43.765
582.782	228.963	39.143	44.978
585.302	253.352	39.032	47.690
585.788	269.753	39.145	50.762
588.774	279.140	37.872	48.998
590.962	273.493	37.941	44.346
594.855	263.878	34.997	41.410
597.253	262.854	32.747	39.588
599.195	262.026	30.805	40.341
601.941	264.829	28.059	40.739
605.759	277.900	24.217	43.423
608.204	287.211	21.796	45.390
608.999	299.441	21.001	47.683
611.544	304.386	18.456	41.136
613.213	301.330	16.787	39.026
615.241	306.398	14.759	39.101
614.097	317.319	15.903	44.892
607.919	309.100	21.532	44.910
602.982	302.554	27.018	42.251
598.761	294.141	31.239	41.627
589.575	278.851	39.830	44.055
582.029	266.895	39.151	43.228
577.058	259.809	39.511	41.457
572.583	250.059	39.006	41.852
546.458	234.425	42.285	43.408
558.397	239.484	39.747	41.479
511.374	216.028	44.730	41.621
479.581	205.196	44.663	40.075
466.918	200.545	41.613	40.732
441.828	186.984	41.929	42.022
430.946	181.971	40.299	41.380
412.493	174.110	38.985	40.807
402.807	169.944	39.753	39.335
393.338	165.266	39.274	38.056
384.856	163.716	39.739	37.136
367.188	153.528	38.943	38.887
359.983	150.129	37.421	38.425
352.765	147.854	35.881	36.914
340.206	137.821	34.846	38.785
344.569	140.715	35.789	35.712
348.383	145.190	37.264	35.018
353.600	151.179	36.551	37.017
359.083	155.157	36.430	38.245
362.842	157.796	35.463	39.877
363.561	161.036	36.106	39.481
368.459	165.794	37.027	39.081
369.909	167.129	37.466	39.635
372.080	168.538	37.289	39.801
373.919	171.898	37.867	38.596
379.219	175.917	37.810	38.975
381.652	178.334	37.709	38.580
384.061	180.512	37.947	38.000
389.050	183.402	37.803	39.676
391.440	186.732	38.091	39.020
393.353	188.442	37.408	39.750
398.962	193.690	37.963	40.284
402.106	196.043	37.747	39.873
404.348	197.343	38.229	40.295
405.540	199.049	39.731	40.092
412.762	203.917	38.244	39.225
414.927	205.723	39.032	40.230
417.766	207.287	39.699	40.906
420.671	209.299	39.489	40.861
425.397	213.020	39.986	41.517
428.152	214.126	39.017	41.401
431.504	216.612	38.994	41.104
436.844	222.040	39.361	40.557
438.766	223.645	39.943	41.054
442.476	226.907	39.960	40.860
446.591	229.448	38.979	40.773
451.885	231.433	39.824	41.835
454.208	232.792	39.891	42.030
457.162	236.510	41.099	40.821
460.869	240.261	40.860	39.509
468.368	243.651	40.647	39.953
470.684	244.978	41.100	41.604
473.512	247.060	41.020	41.040
481.213	250.206	40.400	41.999
484.659	253.083	39.186	41.241
487.382	254.803	40.108	41.780
494.357	258.206	39.258	42.214
494.360	255.119	41.694	41.694
490.688	249.667	40.603	39.578
487.419	240.554	39.547	42.328
481.849	228.268	38.471	41.064
479.849	220.955	38.985	41.954
478.809	217.043	39.093	41.276
476.422	205.738	37.125	40.928
475.395	200.789	38.013	41.190
474.531	198.093	38.895	40.602
473.858	187.273	37.279	40.531
472.552	182.739	37.090	40.554
471.819	179.060	36.907	40.756
471.373	174.156	36.849	41.084
469.491	166.341	37.486	39.685
469.287	162.055	37.318	39.813
468.683	158.593	37.515	39.504
468.896	149.440	36.358	39.907
469.051	146.069	35.270	39.746
468.186	142.751	35.791	38.938
469.137	133.625	34.156	38.872
468.782	130.332	34.844	38.136
468.391	127.801	34.686	38.526
468.076	120.152	35.523	38.179
468.841	116.396	34.999	38.112
469.367	112.061	34.304	39.011
469.529	109.919	34.528	37.171
470.252	101.445	33.350	38.293
470.128	99.414	33.803	36.818
470.063	96.723	34.145	37.394
470.376	91.076	34.566	36.767
472.614	87.600	32.124	36.157
471.953	84.390	33.303	35.718
474.205	78.253	32.129	35.773
475.409	75.491	31.736	34.068
475.486	72.814	32.476	34.558
475.431	68.301	31.962	33.771
476.755	64.840	31.426	34.083
469.366	57.539	32.617	32.165
463.237	57.414	32.971	33.143
458.470	58.986	33.149	33.619
451.976	53.039	32.521	34.232
449.163	53.414	32.512	33.733
446.316	50.814	31.733	34.992
444.729	48.707	30.493	34.172
438.088	44.914	31.550	33.918
434.823	43.421	31.790	33.398
432.203	42.884	31.872	32.756
426.885	39.307	31.741	33.620
424.836	36.747	31.586	33.970
422.836	35.189	31.238	32.948
420.087	32.951	30.649	32.922
415.161	30.298	30.880	33.453
411.464	27.056	30.348	33.554
409.905	26.263	30.455	32.436
407.574	23.163	31.131	34.690
403.729	20.580	30.724	33.034
401.804	18.739	31.082	32.711
400.857	16.992	30.765	33.438
397.111	14.380	31.243	33.467
396.125	13.068	31.478	32.646
394.637	10.956	30.950	33.159
392.123	7.633	30.289	33.546
390.584	5.833	30.697	33.895
389.534	6.160	31.731	32.145
388.942	5.890	30.411	31.638
386.445	3.096	33.042	31.741
385.448	1.810	32.978	31.280
381.413	0.177	34.134	29.912
380.123	0.000	32.943	28.842
378.954	0.000	32.976	28.002
376.612	0.000	33.994	26.803
373.848	0.000	33.759	26.962
373.102	0.000	33.613	26.890
371.456	0.000	33.480	28.782
369.602	0.247	33.760	30.468
368.415	0.322	33.504	31.952
367.489	1.566	32.766	31.503
365.299	2.394	33.472	32.952
365.044	3.300	32.731	32.913
364.740	3.932	32.194	33.397
364.536	5.721	31.544	33.869
364.107	6.689	31.701	33.734
363.378	7.871	32.186	33.590
362.729	9.071	32.552	33.745
362.424	10.218	32.836	33.827
362.502	11.596	32.281	33.531
363.129	13.454	32.457	33.865
363.531	14.006	32.644	33.931
363.436	14.568	31.887	34.409
363.486	16.478	32.217	33.210
363.990	18.123	31.611	32.896
364.396	18.213	31.110	33.288
364.347	19.127	31.406	33.597
364.479	21.356	32.300	33.773
365.210	22.771	32.083	33.838
365.802	23.996	31.752	33.717
366.550	25.670	32.094	33.932
367.468	25.851	31.299	34.257
371.465	30.961	33.636	33.299
378.113	35.361	33.487	34.564
382.922	39.981	34.717	34.762
395.760	49.013	32.836	35.546
401.464	53.643	33.025	34.811
408.410	57.844	33.347	35.009
421.096	66.038	34.599	35.610
427.625	71.338	34.673	36.108
434.370	76.085	33.967	35.452
449.026	85.851	32.715	36.902
455.692	90.457	33.562	36.465
462.707	94.725	35.635	35.944
476.996	104.958	34.869	37.295
483.988	110.754	35.875	36.487
493.268	115.354	34.999	37.596
507.532	125.221	36.948	38.867
516.435	131.099	36.280	38.711
523.995	136.195	36.000	38.499
540.928	145.359	36.291	39.280
548.429	151.332	38.491	39.689
557.235	157.578	39.197	38.429
