556.000	59.000	45.000	50.000
541.438	32.782	45.204	47.969
533.914	22.498	44.387	46.150
527.364	16.632	44.085	44.525
510.275	10.555	44.933	44.004
501.638	10.484	46.753	44.229
486.454	17.384	45.018	42.712
477.422	26.497	45.656	43.770
468.601	36.687	46.007	48.097
455.380	61.918	42.178	51.787
447.457	81.176	40.842	48.704
438.684	100.649	41.346	52.885
421.315	149.310	44.167	55.121
414.245	174.129	43.682	55.758
405.765	202.616	45.305	54.976
392.221	269.581	42.770	59.263
385.093	298.397	42.728	49.367
382.044	275.542	41.518	54.094
374.997	233.804	38.755	51.244
366.553	218.525	42.155	46.705
361.596	203.758	41.884	45.869
352.275	180.737	42.865	43.921
349.154	174.134	41.067	42.981
343.356	171.549	41.959	41.255
331.919	168.351	41.297	42.515
327.108	169.341	41.247	45.048
321.696	174.788	40.905	45.648
316.034	181.064	43.644	46.016
305.903	201.834	43.544	51.292
302.707	211.167	41.723	48.482
302.496	182.883	41.812	56.189
307.320	134.740	40.371	57.888
305.401	117.307	44.315	46.870
307.493	99.989	42.018	47.221
308.651	85.320	41.786	48.437
309.838	64.566	43.204	43.623
311.017	56.771	43.085	43.980
312.425	52.803	42.527	42.901
314.870	50.782	40.992	43.056
319.819	53.717	39.309	41.777
318.306	59.227	41.840	43.733
319.604	66.650	41.384	45.691
322.389	89.829	41.269	46.932
323.338	103.613	41.251	50.312
324.342	122.701	40.631	50.147
327.143	141.856	37.842	52.425
328.372	185.058	40.563	55.717
327.126	215.756	41.954	52.091
326.750	224.269	40.872	45.783
323.905	220.207	41.852	43.454
318.239	219.400	41.597	41.698
315.744	219.987	40.955	45.411
312.718	225.788	42.955	40.705
309.032	243.631	41.924	42.243
305.842	252.248	42.325	48.784
303.330	266.413	41.954	48.463
296.223	244.596	43.451	57.230
283.624	189.482	43.807	55.243
276.835	166.660	42.171	51.267
273.425	148.860	40.501	48.582
266.031	129.476	39.493	48.149
252.036	97.068	42.569	45.695
248.136	84.769	41.688	45.648
241.512	75.842	42.456	41.900
229.743	67.018	41.729	40.371
223.865	64.500	42.685	42.223
216.678	65.342	41.691	41.795
206.611	73.605	42.530	41.440
201.812	80.791	40.954	42.560
196.237	89.599	42.682	43.915
186.762	116.917	39.946	47.267
179.973	134.530	41.212	48.181
176.944	150.686	38.827	41.955
171.892	131.679	39.078	46.124
163.745	95.657	40.308	47.502
163.073	86.610	38.101	47.393
159.877	73.223	38.318	43.806
157.078	68.256	37.158	36.005
147.802	55.747	39.970	41.980
145.404	51.628	40.037	44.660
143.483	52.341	39.625	40.118
134.414	58.696	40.718	41.219
132.960	67.780	40.670	37.862
132.096	77.422	39.261	43.018
127.459	108.923	38.223	41.607
123.277	121.547	38.674	46.397
120.177	140.507	40.498	48.175
122.705	132.996	42.012	52.411
147.585	85.306	42.152	45.984
158.241	65.317	43.491	45.400
168.481	46.973	44.554	43.270
181.022	28.539	45.385	47.635
206.600	3.727	41.523	43.682
216.236	0.711	45.615	38.565
227.698	0.022	46.312	31.930
239.430	0.000	48.245	29.101
263.406	0.000	46.728	28.688
277.934	0.322	46.374	33.002
289.139	0.415	45.758	39.485
301.545	6.926	46.340	43.035
325.593	28.330	45.515	49.660
336.481	46.353	47.364	48.035
347.169	65.031	48.240	51.098
372.402	109.469	49.693	50.439
384.959	134.181	43.933	54.531
396.433	161.404	44.870	55.936
406.240	193.201	44.069	55.962
426.784	197.493	42.325	44.885
434.200	186.108	42.348	44.533
443.133	179.954	41.859	41.981
451.810	174.721	41.779	41.932
468.971	170.924	40.890	40.558
476.155	172.696	39.371	37.947
481.437	177.496	41.541	40.126
490.164	182.097	39.423	39.704
502.004	199.510	40.145	43.284
509.424	212.967	40.706	43.809
517.519	226.701	37.640	41.580
521.401	233.710	37.706	46.940
520.375	199.551	39.648	41.517
522.078	185.337	38.678	43.357
523.188	163.939	37.610	39.156
523.419	156.813	37.567	38.848
523.088	149.972	38.024	37.503
523.775	146.866	36.621	39.040
523.111	146.580	37.788	39.780
522.511	150.911	39.188	36.957
522.733	156.904	38.557	40.256
523.004	163.687	37.803	38.178
522.812	175.656	36.521	44.936
525.029	164.662	36.270	38.287
526.119	151.220	36.306	39.783
527.629	142.097	35.050	39.921
528.906	131.424	36.294	36.839
530.048	129.841	35.930	34.023
530.664	128.458	35.710	36.776
532.102	133.420	36.160	33.831
534.180	136.091	33.979	39.584
526.763	125.395	44.120	43.261
505.148	109.776	55.473	50.666
504.036	95.317	56.501	54.774
514.700	97.254	57.130	56.331
518.318	96.403	60.266	59.536
522.259	102.285	62.588	70.474
530.422	107.163	64.806	72.159
514.750	102.294	59.776	51.187
505.747	110.884	38.183	39.637
500.363	107.854	35.444	37.560
490.540	103.553	34.298	38.896
483.311	105.780	35.416	36.372
478.227	103.807	33.933	35.577
467.328	101.970	34.486	35.171
462.293	98.828	33.029	37.123
456.833	96.170	33.302	36.844
453.115	96.768	32.475	35.030
441.278	92.211	33.121	36.996
430.515	90.272	33.748	35.263
411.965	84.656	32.599	34.833
393.692	81.381	31.185	30.745
380.855	76.641	31.089	31.571
375.978	78.740	32.335	28.237
378.677	79.044	33.606	33.101
378.348	79.269	34.175	33.666
381.846	79.077	32.022	33.973
381.944	79.482	32.316	34.230
382.563	79.342	32.560	35.140
383.182	79.621	32.740	35.086
384.377	79.942	32.630	34.444
384.682	79.636	32.931	34.887
385.890	80.256	32.699	35.533
385.970	80.178	34.083	35.598
389.424	81.388	33.540	35.194
392.467	82.144	34.135	35.601
396.957	82.832	33.531	35.545
405.051	84.682	33.337	35.756
408.186	85.941	33.449	35.781
412.041	87.124	33.557	36.528
416.156	88.525	32.626	36.165
423.283	90.093	34.123	36.522
426.663	90.860	35.128	36.817
434.433	91.303	34.458	36.825
438.517	92.687	34.248	36.905
447.205	94.305	33.458	36.747
450.999	95.966	33.530	36.740
455.353	96.179	32.480	37.666
458.093	98.478	32.636	36.023
464.623	98.619	33.875	36.368
469.702	99.118	33.799	36.863
473.840	100.576	33.926	36.251
477.987	101.186	33.685	36.910
482.323	102.563	33.631	36.822
490.135	103.769	34.029	37.341
495.239	104.871	32.356	36.610
499.425	104.936	32.407	36.791
507.432	106.832	33.915	36.217
511.449	107.928	34.552	36.264
516.034	108.972	34.251	35.385
520.213	109.626	35.517	35.863
525.979	110.239	33.477	35.133
525.806	109.815	32.841	36.892
525.344	112.733	34.590	36.862
525.641	113.891	35.135	36.630
526.047	114.318	35.230	36.432
527.420	117.398	34.467	35.576
528.350	117.410	34.752	36.374
529.663	117.987	34.305	36.322
530.217	118.792	34.403	36.132
531.575	120.693	34.617	36.897
532.114	121.200	35.540	36.952
533.146	121.541	35.158	36.594
534.275	121.648	34.818	37.562
536.079	123.629	34.490	37.466
537.127	124.433	33.941	37.351
537.698	124.963	34.300	38.071
539.181	127.852	35.178	37.276
540.450	128.505	34.835	37.202
541.850	129.094	34.974	37.343
543.308	129.785	34.795	37.109
545.403	131.563	35.262	37.049
546.740	131.953	35.593	36.807
548.412	133.663	35.160	36.328
551.258	134.457	34.270	37.024
552.648	135.596	34.487	35.700
554.214	135.978	34.816	35.769
557.517	137.903	34.781	36.767
558.666	139.289	35.035	36.764
560.545	139.695	35.265	36.877
561.710	140.767	35.651	36.573
565.444	142.035	34.741	36.658
566.946	142.755	34.766	36.746
568.807	143.177	34.835	36.744
571.163	144.385	34.806	37.188
572.415	145.429	35.224	36.924
573.887	145.469	35.515	37.388
576.420	146.965	35.920	36.674
577.133	146.507	35.626	37.706
577.072	147.184	36.646	36.955
579.071	149.092	36.028	36.831
579.974	149.733	35.846	36.463
580.528	150.377	35.593	36.690
581.365	151.400	34.976	36.302
583.272	153.013	35.121	35.601
583.812	153.563	35.571	35.757
585.281	153.396	35.266	36.666
587.395	155.191	35.344	36.743
588.547	155.624	35.418	37.122
589.339	155.833	35.387	37.390
590.135	156.353	35.605	37.189
592.537	157.307	34.884	37.524
593.601	157.566	34.652	37.754
594.553	159.585	34.093	36.375
596.777	161.261	32.496	37.108
597.966	160.973	31.637	37.497
598.695	161.060	31.044	38.067
599.868	160.667	29.996	37.986
601.102	163.029	28.898	36.825
601.124	162.778	28.876	37.893
603.779	165.418	26.221	36.906
604.189	165.767	25.811	37.624
604.689	167.005	25.311	36.418
605.992	166.795	24.008	36.986
608.001	168.256	21.999	36.767
608.173	168.766	21.827	36.927
608.694	169.271	21.306	37.068
609.722	171.277	20.278	36.243
609.039	171.683	20.961	35.785
605.973	172.464	24.027	35.651
603.706	172.532	26.294	35.424
599.579	173.525	30.249	35.556
597.006	173.632	31.949	35.277
594.900	173.994	33.288	35.319
594.239	173.977	34.135	35.401
593.603	173.116	34.245	35.872
594.368	172.586	33.827	35.352
594.737	172.879	33.988	35.792
597.914	173.659	31.526	36.711
599.349	173.569	30.377	37.326
600.448	175.100	29.450	36.697
601.028	173.974	28.714	37.919
600.054	174.441	29.927	36.815
598.611	174.366	31.160	36.277
595.061	171.835	34.003	37.531
591.116	171.029	35.487	37.932
588.108	169.167	35.018	36.804
583.415	166.471	34.985	38.018
582.971	165.788	34.980	37.154
582.118	164.199	34.880	38.145
578.717	162.325	33.563	39.115
576.948	162.527	34.460	37.589
574.560	162.135	34.878	36.606
572.184	159.707	32.670	37.379
572.170	158.806	32.648	37.497
571.097	158.917	32.973	36.198
571.822	158.418	33.821	37.558
571.799	158.623	33.161	37.664
571.855	158.065	32.663	38.130
572.642	158.487	32.964	37.436
571.975	158.266	33.353	37.271
571.726	157.984	33.770	37.978
571.845	158.252	32.666	37.842
570.446	158.313	34.372	38.111
570.510	158.318	34.503	37.943
570.951	158.244	34.179	38.076
571.004	157.785	33.894	38.493
571.125	158.857	35.001	37.600
570.746	158.621	35.359	37.961
570.960	158.418	35.677	38.118
571.042	158.762	35.898	38.241
571.262	159.368	36.036	38.057
572.094	159.712	35.132	38.129
572.915	161.758	35.264	38.078
573.443	163.089	35.686	37.934
574.013	163.387	36.116	38.118
574.439	164.204	36.111	37.054
574.647	165.397	37.227	36.911
574.263	166.978	38.880	35.609
575.083	166.678	38.815	36.686
576.840	167.680	38.215	38.070
577.510	168.393	38.080	37.053
578.606	168.136	37.586	37.802
580.257	168.111	36.942	38.004
581.207	168.860	36.401	38.381
581.327	169.111	36.241	39.799
580.392	169.132	36.338	39.082
579.160	170.653	36.727	38.788
578.754	171.111	36.253	38.619
577.609	170.971	35.917	38.208
576.913	171.678	35.836	38.131
575.122	172.468	36.486	38.191
574.124	172.561	36.745	38.164
574.023	173.080	36.232	38.080
573.557	174.154	36.222	37.237
572.849	172.912	35.985	38.509
572.232	173.409	36.061	37.786
571.183	174.179	36.273	37.681
571.272	174.238	36.173	37.837
570.729	174.712	35.769	37.372
570.942	174.387	35.720	37.886
570.616	173.074	35.964	38.329
570.916	173.799	36.222	37.831
571.335	174.276	35.840	37.526
571.588	174.037	35.772	37.786
572.202	173.808	36.330	37.690
572.709	173.612	36.071	37.917
573.596	173.612	35.533	37.607
573.750	172.553	35.671	37.163
574.392	172.688	35.528	37.554
574.866	172.865	35.584	37.658
575.845	171.989	35.150	37.803
575.996	171.412	35.659	38.247
576.544	171.075	35.623	38.492
577.225	169.420	35.758	38.760
577.771	169.430	35.751	38.409
578.756	170.610	35.606	37.948
579.456	171.012	35.314	38.435
579.677	171.363	35.979	38.480
580.230	172.581	35.803	38.409
580.669	172.662	35.603	38.456
580.821	172.960	35.472	38.377
582.100	173.754	34.955	38.795
582.281	173.859	34.829	39.144
583.051	174.127	34.510	38.912
584.136	174.387	34.629	39.121
584.780	174.627	34.402	38.957
585.358	174.445	34.057	39.558
585.710	174.419	34.581	39.846
586.726	175.086	34.998	39.596
587.693	175.287	34.717	39.723
581.196	177.957	38.014	39.095
566.039	180.094	42.847	38.219
548.247	179.537	46.899	38.900
514.078	186.507	47.435	40.183
498.129	194.363	47.016	39.523
457.832	213.482	50.879	45.655
440.432	227.266	50.294	47.848
397.529	266.216	50.699	52.106
379.461	289.908	45.375	53.707
357.693	313.992	49.534	56.641
334.768	342.202	48.820	59.737
292.421	335.968	67.313	56.748
267.719	305.241	65.825	75.213
