543.000	312.000	16.000	50.000
546.241	312.239	15.791	52.320
547.840	311.963	15.751	53.084
549.154	312.155	15.789	52.854
551.007	313.233	16.359	52.383
552.247	313.294	16.188	50.837
555.427	312.383	15.526	52.244
557.419	313.535	16.112	49.387
545.915	314.014	21.200	50.344
531.828	313.237	31.130	50.631
523.111	314.829	29.294	55.793
486.353	309.675	15.542	55.724
483.849	310.984	17.712	55.092
468.786	314.981	17.936	52.515
461.743	316.325	16.186	51.447
485.545	312.300	18.524	57.784
486.875	313.971	17.191	53.703
487.496	313.391	17.209	56.061
488.830	313.693	17.843	55.628
472.120	303.619	36.801	65.041
458.147	309.862	33.206	61.126
397.646	312.746	23.698	57.643
399.619	316.055	18.461	55.319
382.598	318.706	17.670	51.494
382.983	318.979	17.331	53.014
384.616	320.462	16.806	51.546
385.922	319.458	16.063	52.445
385.191	319.762	16.419	53.260
383.646	320.193	17.988	54.237
378.386	321.092	20.483	52.228
385.841	320.351	15.951	53.504
382.793	320.486	18.341	54.992
318.981	319.327	9.665	59.912
289.960	321.282	21.103	54.432
291.528	323.788	18.076	54.993
289.877	325.392	18.208	53.609
287.530	323.868	17.021	53.866
287.644	323.523	18.084	53.595
287.344	325.946	17.894	53.032
288.041	326.799	17.498	54.346
287.372	326.478	16.032	55.139
285.943	326.561	18.183	56.213
284.052	327.191	18.259	53.936
282.382	328.003	18.548	54.699
280.947	327.075	18.854	53.916
280.526	328.004	17.804	55.232
280.755	328.039	17.795	53.981
282.353	328.698	16.294	55.658
280.832	329.113	17.346	56.614
280.708	328.465	17.410	56.025
279.357	329.687	17.728	55.708
277.301	330.316	17.225	57.670
271.543	330.206	20.392	54.816
275.851	329.403	17.780	57.882
276.323	331.052	17.061	56.154
276.395	331.420	17.480	57.446
275.470	331.787	17.653	56.510
273.902	332.986	18.226	56.514
271.673	333.527	18.415	57.880
270.672	335.774	17.771	55.940
269.429	335.456	19.370	56.625
269.352	334.797	20.017	57.428
270.180	335.228	17.746	56.451
269.932	335.984	18.285	57.319
267.153	337.127	17.717	57.654
266.031	336.464	18.892	57.294
264.965	338.009	18.005	56.932
263.197	338.622	19.041	57.422
261.422	340.068	20.962	56.802
264.474	338.239	19.320	58.567
262.220	340.176	18.155	56.605
261.753	341.116	18.926	58.577
258.797	336.167	17.917	63.613
256.605	288.282	23.832	74.703
257.127	264.295	19.464	64.271
258.323	270.492	20.255	60.353
259.129	268.073	18.364	60.685
261.440	269.336	18.012	58.842
259.170	269.363	18.843	60.474
261.386	270.307	18.257	59.374
257.115	272.003	18.748	63.840
255.244	271.453	20.048	61.571
254.914	271.705	19.526	63.323
258.035	274.360	18.803	60.117
254.794	273.659	19.391	64.158
256.202	276.328	20.299	63.966
254.627	275.978	19.836	64.619
253.865	275.808	20.740	65.352
253.262	274.976	19.990	63.538
253.965	277.541	19.064	64.377
254.148	277.256	19.871	63.294
253.856	275.740	19.690	66.433
255.049	276.936	19.245	64.937
254.816	277.046	19.584	64.525
256.467	277.091	18.684	66.013
255.983	277.825	19.193	66.305
254.910	280.703	19.424	65.596
253.781	281.345	18.971	65.422
254.257	281.224	20.229	64.826
253.752	281.911	20.048	67.627
254.262	281.194	21.154	70.259
253.668	280.808	19.848	68.339
252.602	282.251	20.137	69.187
252.181	282.082	20.418	68.726
250.713	282.462	20.201	66.420
250.885	283.048	20.588	68.129
253.556	284.797	19.673	66.093
253.574	283.800	20.244	71.581
254.327	283.993	20.421	68.927
254.064	285.669	19.556	68.367
253.174	285.123	19.862	71.988
253.922	286.496	20.148	68.065
254.094	286.893	19.900	72.306
254.911	287.053	20.356	65.710
254.573	287.735	19.830	69.168
253.914	288.434	20.565	69.974
254.925	289.577	19.926	66.353
252.560	288.863	21.162	70.792
253.004	289.341	22.568	73.157
255.367	291.365	22.072	69.435
256.839	291.463	20.544	69.754
255.882	292.896	21.032	71.692
255.012	293.766	21.910	68.735
255.147	294.092	23.748	72.794
255.204	294.141	22.714	72.821
256.234	295.337	23.769	71.995
259.230	296.463	20.732	74.104
258.288	294.630	21.553	70.839
259.805	297.267	21.114	68.459
257.144	298.250	22.198	68.533
258.432	298.698	21.640	68.467
255.454	298.314	22.831	71.097
257.460	298.261	23.410	70.220
257.898	299.900	24.956	73.885
260.414	300.102	21.646	72.854
260.151	300.475	22.307	72.023
260.612	301.575	21.212	71.204
260.949	302.052	21.507	70.551
260.028	302.372	22.476	70.880
261.398	304.063	19.931	70.979
262.240	303.704	21.107	71.941
264.004	305.502	21.181	71.941
265.294	304.143	21.474	72.305
266.066	304.286	21.638	74.046
266.579	304.609	21.121	72.873
267.184	304.880	21.622	73.792
267.315	305.464	21.534	71.552
267.995	305.984	21.991	75.839
267.795	305.767	21.979	74.705
268.399	307.937	23.267	73.431
268.882	307.843	24.419	74.311
268.394	309.239	24.730	74.448
268.298	311.295	24.258	73.718
268.345	310.641	24.688	76.285
267.899	310.526	25.115	75.866
267.194	310.627	25.262	77.033
267.296	309.772	25.712	78.675
267.380	310.225	25.778	79.859
267.209	311.994	25.876	78.585
267.322	312.562	27.910	77.874
266.621	313.140	27.705	78.055
267.651	313.095	28.846	79.483
268.277	313.834	27.315	79.003
271.528	316.203	28.335	80.546
271.263	315.580	27.145	82.316
271.424	315.126	27.513	85.044
272.017	316.432	27.607	82.676
271.721	318.276	28.529	79.529
273.735	319.359	29.608	79.515
275.661	321.686	30.401	79.139
275.782	322.479	29.081	79.764
275.923	321.293	30.172	81.902
276.755	322.418	27.093	79.911
276.993	322.223	29.104	80.948
277.046	324.326	29.394	79.576
277.935	325.013	29.297	80.230
278.797	325.062	29.107	81.269
279.208	324.452	28.380	83.730
278.738	326.981	30.092	81.972
278.963	327.907	27.099	82.678
276.926	326.622	28.849	84.983
275.949	327.812	29.238	84.297
275.592	327.552	28.706	86.131
275.639	329.224	28.671	84.864
276.351	329.693	28.442	84.756
275.304	330.412	29.581	86.104
275.485	331.086	29.531	85.655
275.581	330.972	29.670	86.013
274.819	330.651	30.527	87.503
274.787	332.195	29.062	86.248
273.788	334.886	29.536	85.645
273.472	334.048	27.620	87.032
273.547	334.705	26.297	88.456
272.942	335.770	27.291	88.786
272.510	337.396	27.806	87.189
271.781	337.607	29.708	86.644
271.933	337.587	29.079	88.181
271.721	336.767	29.385	90.642
269.859	341.567	28.923	89.385
268.713	340.236	29.061	91.725
269.371	342.133	27.701	90.738
269.795	342.351	27.899	91.463
270.047	344.639	27.692	89.301
270.078	344.445	28.594	90.545
269.713	344.056	29.348	91.917
269.203	345.522	29.750	91.954
268.772	348.744	30.385	90.488
268.495	349.046	29.295	91.042
266.878	349.285	29.888	91.483
265.702	349.159	30.549	93.121
265.065	348.665	31.549	96.035
264.374	349.720	30.638	95.363
264.271	349.222	30.445	94.929
264.446	351.188	29.983	92.439
264.249	353.832	29.728	92.876
263.718	353.691	30.840	92.566
263.694	353.110	30.138	93.373
263.593	353.676	29.882	92.118
264.317	354.818	29.233	92.578
263.958	355.990	28.222	93.240
263.682	356.314	27.746	93.978
262.967	357.009	27.420	93.025
262.696	356.917	27.563	92.069
263.359	357.439	26.675	93.884
263.235	360.380	27.243	94.455
263.898	361.672	27.303	94.304
264.314	361.850	26.683	95.769
264.161	364.946	26.573	93.537
263.052	365.811	27.500	92.743
264.607	366.719	26.264	91.393
