175.000	96.000	20.000	46.000
176.110	94.807	19.783	48.299
176.693	95.309	19.745	47.775
176.788	95.128	20.048	47.761
177.817	94.666	19.717	48.903
178.009	94.578	20.008	48.375
178.946	93.818	19.672	50.085
179.769	93.795	19.663	50.383
179.536	94.579	20.366	48.967
180.289	94.578	19.957	49.004
180.439	94.137	20.205	49.828
180.751	94.207	20.518	50.189
182.041	94.668	20.245	50.790
182.705	94.324	20.018	50.651
184.113	94.096	19.721	51.496
185.424	93.339	19.990	52.297
186.005	93.705	20.219	52.646
187.142	93.862	20.064	52.208
186.982	93.770	20.302	52.221
187.264	94.194	20.001	52.194
188.314	94.985	20.179	51.406
187.979	95.383	20.733	51.219
188.175	95.799	20.958	51.503
189.270	96.534	20.386	50.690
189.395	96.555	20.473	50.610
189.958	96.470	20.303	50.586
190.111	95.670	20.444	51.288
191.017	95.661	19.546	51.822
190.842	95.456	20.823	51.914
190.905	95.447	20.974	52.285
191.740	95.039	20.311	53.200
191.941	95.207	20.270	53.273
192.687	94.968	19.685	54.149
193.973	94.893	18.581	55.167
193.987	94.207	18.861	55.890
194.796	94.410	18.105	55.102
195.892	93.602	19.050	55.213
196.395	93.557	18.376	55.768
196.711	93.631	18.090	55.811
197.362	93.679	18.494	56.052
197.583	93.300	19.292	55.982
198.077	94.122	18.972	55.301
198.661	94.851	18.762	54.406
199.595	95.218	19.359	53.689
200.126	95.743	19.840	52.273
199.137	97.545	22.360	48.791
200.288	97.467	22.040	49.886
200.612	97.359	22.395	49.980
201.145	96.892	22.023	50.199
201.696	97.104	22.407	49.890
202.885	96.305	21.023	51.909
204.030	96.705	20.692	52.405
204.903	96.600	20.297	52.884
206.150	98.273	20.870	51.461
206.892	98.039	20.253	52.093
207.998	98.270	20.327	52.098
208.647	98.399	21.174	51.974
208.936	97.998	21.435	52.157
209.160	97.408	21.214	53.056
209.949	97.600	21.379	53.028
209.700	98.281	21.847	52.479
210.155	97.728	21.697	53.820
210.315	98.387	21.623	53.637
210.724	99.074	22.188	52.820
210.832	99.195	21.826	52.881
211.797	99.780	21.914	53.578
211.660	100.519	22.064	52.310
212.396	100.059	21.596	53.383
212.288	100.216	22.112	52.963
212.390	99.920	22.529	53.163
212.984	99.735	22.450	54.574
213.230	100.137	22.647	54.086
213.965	99.951	22.568	55.665
214.217	101.037	22.467	53.938
215.354	102.247	22.656	52.181
216.277	101.869	22.377	53.529
217.536	101.989	22.138	52.508
218.177	101.194	22.156	54.431
218.387	101.158	22.150	53.667
219.464	101.058	22.290	52.422
220.607	100.965	21.725	51.879
221.265	101.744	21.659	51.133
221.704	101.948	22.259	52.148
222.558	101.485	21.434	53.428
223.159	101.773	21.241	53.549
223.734	102.448	21.332	51.741
224.177	102.567	21.744	51.312
224.758	102.192	21.284	52.457
225.291	102.752	21.583	51.076
226.116	102.874	21.068	50.747
226.376	103.104	22.043	52.489
226.725	103.810	21.845	51.362
227.367	104.415	21.835	50.905
228.487	104.619	21.735	51.095
228.988	105.034	22.061	51.294
231.469	105.381	20.701	51.342
231.439	105.499	21.968	52.021
232.251	105.704	21.490	51.657
232.989	104.742	22.101	52.366
234.079	104.888	21.450	52.869
234.396	105.095	21.428	53.885
235.051	105.436	21.518	53.321
235.449	105.870	21.218	53.082
235.457	106.616	21.719	52.681
236.230	107.541	21.401	51.756
236.255	107.485	21.734	51.717
237.002	107.125	20.951	53.123
237.166	107.862	21.109	51.779
237.683	106.815	21.116	53.182
238.178	106.968	20.742	52.632
238.497	107.234	21.177	53.087
238.642	107.740	21.461	52.315
238.245	107.826	22.001	52.098
238.510	108.219	22.745	53.371
239.118	109.168	22.311	52.359
239.396	109.222	22.044	51.786
240.413	108.826	21.971	52.622
241.046	109.561	21.694	51.979
241.747	108.465	22.055	52.761
241.933	108.454	21.985	52.414
242.645	108.793	21.873	52.094
243.081	108.464	21.831	53.394
243.422	109.049	21.893	53.541
243.771	108.960	21.839	55.144
244.250	109.877	22.418	54.296
244.463	109.951	22.245	54.221
244.928	110.049	22.266	54.374
245.386	110.274	22.333	54.444
245.793	109.916	22.415	54.827
246.628	109.747	22.393	55.352
247.303	109.344	22.016	55.730
248.222	109.411	22.297	56.696
248.604	109.768	22.513	56.750
249.495	110.344	22.449	56.666
250.952	110.788	22.521	56.911
251.847	111.535	22.530	56.379
252.712	111.826	22.526	56.230
254.550	111.456	21.936	57.036
255.468	111.220	21.400	56.608
257.019	111.032	21.678	57.074
257.604	110.764	20.981	56.767
258.958	110.329	20.098	59.308
259.637	109.989	20.846	60.100
261.472	111.585	20.072	59.184
261.949	111.982	20.287	59.374
262.781	110.860	19.777	60.892
264.217	110.517	20.494	61.023
264.867	112.271	19.647	59.064
265.271	110.912	20.328	59.987
266.908	111.412	20.294	60.031
265.960	111.024	22.068	60.330
266.165	111.279	22.517	61.173
267.011	111.221	21.563	61.696
266.967	110.833	21.617	62.504
267.626	111.430	21.894	61.787
267.991	111.639	22.616	61.606
268.538	110.600	22.642	63.067
269.834	111.384	21.512	62.500
271.100	111.176	21.967	62.700
271.357	111.927	22.702	62.162
273.044	111.871	22.269	61.778
273.557	110.723	22.111	63.840
274.163	111.714	22.457	63.960
274.424	112.031	22.371	62.666
274.622	112.603	22.132	62.685
275.467	112.054	21.239	64.304
275.695	112.136	21.288	64.357
276.163	112.594	21.126	64.040
275.988	111.765	22.082	64.954
276.345	113.439	22.134	62.767
277.151	113.302	22.448	62.576
277.084	112.353	23.179	63.637
277.716	113.460	23.076	62.775
278.706	113.454	22.732	62.563
279.443	112.021	22.944	64.786
281.009	112.138	21.875	64.636
281.743	112.879	21.722	64.654
282.209	112.014	22.440	66.854
284.184	112.009	22.373	65.624
285.342	112.102	22.245	65.200
286.672	113.231	22.566	62.970
287.179	112.019	22.271	64.188
287.729	112.367	23.009	63.754
288.642	112.836	22.141	62.974
288.930	113.728	22.574	63.135
288.954	113.793	22.821	63.767
289.726	114.884	22.881	63.883
289.788	114.486	23.539	63.892
290.341	115.826	23.789	63.560
291.341	116.805	24.118	60.433
292.264	117.690	23.956	58.494
292.448	118.071	23.544	57.862
293.997	117.390	23.171	60.216
294.569	117.496	23.446	59.097
294.598	117.804	23.538	58.406
296.191	117.586	22.917	60.309
298.171	119.478	21.649	57.786
298.765	118.874	22.351	58.066
300.117	119.531	23.209	57.822
302.232	119.949	21.921	56.353
302.439	118.205	23.244	58.772
302.869	118.413	22.400	58.577
303.618	119.212	22.603	56.906
305.195	119.688	23.232	57.612
305.055	119.613	22.743	57.114
306.574	120.071	22.283	58.642
306.863	119.774	22.235	59.724
306.754	119.630	22.679	60.454
307.191	120.196	23.469	60.722
306.851	120.199	23.801	60.502
307.235	119.695	23.902	61.640
308.510	118.964	23.531	61.956
308.380	119.050	23.787	62.044
308.683	119.055	24.551	62.046
310.138	120.123	23.761	61.453
310.698	120.457	23.677	61.310
311.223	121.059	24.191	61.774
311.565	120.884	23.654	62.555
312.264	121.623	23.461	62.469
313.517	121.519	23.529	62.219
314.394	120.506	22.856	63.053
315.826	119.709	22.181	65.308
316.983	117.891	21.853	68.056
318.739	118.174	21.188	68.275
320.344	118.788	20.007	66.861
320.586	119.504	20.458	66.088
321.261	120.923	21.027	64.088
322.105	122.225	20.811	63.408
322.420	121.492	20.828	64.984
321.861	122.734	22.455	63.790
321.917	121.750	23.000	65.343
321.876	122.325	22.881	64.702
323.536	122.885	22.744	63.030
324.083	123.245	22.442	63.390
323.892	121.855	22.311	64.414
324.733	121.127	22.692	65.855
324.818	121.319	22.523	65.667
324.967	120.926	22.765	66.781
326.476	122.162	23.676	65.588
326.852	122.901	23.828	65.220
328.412	122.297	22.908	66.754
329.024	121.546	23.717	67.711
329.257	121.446	23.379	68.576
329.907	121.416	23.807	68.229
331.494	121.779	24.176	68.433
332.850	121.114	23.209	69.764
333.495	122.881	23.437	68.063
334.555	123.041	22.939	67.917
334.848	122.707	23.224	68.415
336.137	123.559	22.747	67.988
335.923	122.878	24.471	68.837
337.025	122.462	23.902	69.834
337.847	122.847	24.165	68.987
338.573	122.128	24.105	69.053
338.589	123.096	24.745	68.516
340.467	124.376	24.563	67.889
340.920	124.867	24.531	67.938
341.858	125.736	24.920	67.382
343.285	126.239	25.019	66.442
345.137	128.315	24.825	63.622
346.184	129.582	24.889	62.348
348.618	128.955	24.941	62.301
349.759	129.122	25.024	62.854
350.925	129.381	24.829	61.355
352.206	128.820	24.997	62.732
352.955	129.425	25.099	62.485
353.775	130.616	25.072	61.384
354.668	130.926	25.232	61.239
355.239	130.609	25.311	62.060
356.670	131.882	25.159	60.468
357.533	131.665	24.603	60.107
358.283	132.081	25.713	60.980
359.640	132.426	25.019	60.794
359.963	131.884	25.464	60.642
361.236	131.477	25.716	60.872
362.190	131.835	25.623	61.628
362.885	132.162	25.444	61.953
364.517	132.784	25.114	60.813
365.416	133.345	24.833	61.719
365.709	134.135	25.134	60.835
368.071	134.603	25.414	61.611
369.251	134.773	25.019	62.607
370.977	133.720	25.286	64.305
371.507	134.786	25.585	61.612
373.164	133.842	25.058	64.632
373.538	134.317	25.450	63.024
374.830	134.667	24.859	66.359
375.347	135.413	24.422	65.259
377.034	136.558	24.958	63.551
377.606	136.851	25.713	63.914
378.936	138.184	25.663	62.508
379.080	137.370	26.417	61.383
380.208	137.925	25.531	60.932
380.998	136.376	25.220	61.252
382.087	136.460	24.963	61.918
383.700	136.009	24.245	61.353
384.307	136.486	23.842	62.579
384.607	137.734	23.769	62.132
384.894	138.224	23.715	62.186
384.932	138.873	24.805	62.882
386.892	139.338	22.911	63.063
387.349	137.691	22.597	66.295
388.687	138.465	21.159	65.985
389.345	137.399	21.133	66.409
390.385	136.996	20.535	66.517
390.491	136.893	20.217	66.522
391.315	136.212	20.626	67.879
392.328	137.249	20.547	68.358
392.313	137.508	21.091	67.878
392.376	139.170	20.872	66.426
392.853	139.557	19.946	65.316
393.464	139.396	21.769	64.718
393.294	140.396	23.008	64.459
393.296	140.601	22.014	64.290
393.602	139.750	22.131	65.211
392.823	140.293	23.585	63.339
393.093	141.606	25.855	62.198
393.399	142.066	25.634	62.017
393.499	142.987	23.131	61.181
394.952	144.995	26.708	59.673
395.641	145.520	25.852	60.120
396.902	146.669	26.882	58.425
397.629	146.319	26.418	58.752
397.320	144.840	27.410	61.552
398.731	143.799	26.646	61.784
399.134	144.911	27.388	60.198
400.338	143.874	25.907	62.635
400.979	143.830	25.482	62.901
401.618	145.316	25.006	61.786
400.932	145.793	25.873	63.050
402.158	145.822	24.650	63.364
402.450	144.915	24.391	64.114
403.244	145.810	24.445	64.323
403.425	145.353	24.742	64.572
403.408	145.647	25.594	63.178
404.015	145.216	25.150	63.622
404.713	145.521	24.748	63.059
405.268	146.593	24.460	62.548
406.797	148.047	22.872	59.870
406.961	147.275	23.028	61.381
407.051	148.228	23.037	59.876
408.685	148.073	22.221	60.215
409.632	146.617	21.904	64.572
409.928	147.127	20.277	64.686
411.178	150.222	19.964	61.977
411.533	149.677	21.241	63.841
413.895	150.422	25.654	60.390
414.304	149.759	24.131	58.423
415.979	148.154	28.630	57.999
416.906	146.965	26.542	59.023
418.386	147.922	26.988	60.992
418.983	149.956	27.474	60.127
420.835	152.090	26.777	61.545
426.311	151.025	23.208	61.554
426.610	148.027	22.711	64.454
428.841	149.270	22.185	62.272
428.857	149.312	22.752	63.974
428.249	148.685	23.311	66.141
431.336	148.575	23.103	64.909
431.177	151.518	23.770	64.289
431.954	152.357	23.789	64.747
432.596	152.895	23.954	64.897
433.480	154.625	24.564	63.170
433.065	154.093	26.810	61.681
433.668	154.046	27.489	60.090
435.653	152.917	26.010	61.269
436.159	153.596	25.926	61.576
435.970	154.203	27.661	61.741
435.464	154.891	27.046	60.413
436.494	154.594	26.946	60.317
437.131	155.004	27.772	59.016
437.547	155.540	27.962	58.277
438.384	155.619	27.165	58.661
438.392	156.207	27.871	57.940
438.896	156.444	27.496	58.301
438.490	156.930	28.435	55.831
439.751	156.918	27.837	56.780
440.014	157.538	28.484	55.041
440.529	157.450	28.451	55.315
441.787	158.103	28.283	55.262
444.002	158.600	25.974	54.958
445.048	159.434	25.153	55.125
445.915	159.338	25.788	55.611
446.683	159.856	26.010	55.063
449.672	159.397	26.549	55.092
450.597	159.528	27.638	55.574
450.915	159.352	28.931	55.568
452.047	158.911	29.307	55.741
453.343	158.458	29.042	56.303
453.788	158.439	28.531	56.191
456.462	158.710	26.446	55.721
456.875	159.497	26.936	56.143
458.484	160.336	27.307	56.295
458.603	160.963	28.036	56.709
458.870	161.388	29.181	56.261
461.227	160.735	26.665	60.041
460.861	161.322	27.576	59.066
462.698	161.130	26.278	60.306
463.915	161.114	26.247	60.668
464.699	161.893	27.560	59.189
465.481	162.047	27.579	59.527
466.363	162.812	26.828	61.013
466.983	163.229	28.786	59.908
467.449	163.555	29.223	60.114
469.228	163.779	28.730	60.625
472.938	165.025	27.456	59.641
474.003	163.909	27.592	61.043
474.338	163.878	29.197	62.656
475.085	163.837	29.365	64.704
476.164	164.464	28.760	64.920
477.313	166.402	28.726	62.311
477.928	166.549	29.283	61.054
478.778	168.302	29.670	60.041
479.349	168.074	29.470	59.646
479.450	167.310	30.086	60.910
481.497	168.113	28.585	60.219
481.240	167.895	29.432	61.341
483.295	165.890	28.571	66.475
484.636	167.687	28.936	61.546
484.052	167.143	29.985	60.937
485.066	167.492	29.707	60.251
486.852	167.387	28.475	61.529
486.912	168.639	30.568	61.370
488.085	169.155	30.303	61.029
490.365	168.782	29.789	61.160
491.673	169.741	30.194	59.002
492.182	170.025	30.988	59.169
493.196	169.491	31.409	59.121
494.790	169.560	31.578	58.739
495.705	169.739	31.129	58.397
498.162	169.441	28.687	59.893
499.796	170.869	27.740	60.090
500.158	171.799	28.200	60.340
501.114	172.346	27.727	60.323
501.106	172.199	28.211	61.863
501.819	173.360	28.069	60.200
502.090	174.093	30.474	59.848
502.384	172.470	30.279	61.357
503.592	172.493	29.937	60.296
505.146	172.552	30.333	61.450
506.493	172.241	29.491	61.998
507.466	174.619	31.027	60.672
509.727	175.196	30.367	59.342
509.474	175.501	30.204	60.363
512.184	175.391	30.930	60.933
516.846	175.020	28.822	62.057
519.456	174.900	28.827	61.966
522.211	174.921	27.525	62.179
522.219	175.971	28.071	60.702
521.520	174.822	29.870	62.272
525.762	175.008	26.847	61.943
526.192	176.488	27.430	63.380
527.057	177.638	28.506	61.865
527.603	178.138	28.466	62.438
529.422	177.814	27.648	61.486
529.853	178.110	30.441	59.564
531.553	177.946	29.533	59.613
531.934	177.668	30.124	59.632
533.035	177.390	30.194	60.013
533.513	176.371	30.560	60.892
533.381	178.109	30.906	58.711
534.844	179.173	30.635	58.745
535.954	180.196	32.211	57.278
539.840	180.968	28.883	58.330
544.624	181.632	26.025	58.567
545.801	181.412	29.448	58.183
546.655	181.225	31.098	58.332
547.943	182.304	29.965	54.691
548.850	182.452	29.756	53.708
549.144	182.590	29.628	52.660
549.411	182.826	31.565	54.346
552.771	182.441	29.936	55.573
553.441	184.816	26.963	58.672
553.731	183.603	29.284	62.034
558.716	185.371	27.923	61.963
558.642	183.804	27.395	61.816
559.633	186.650	27.101	60.974
560.732	186.966	28.787	62.698
562.129	184.930	30.012	61.884
564.677	183.504	30.616	63.552
566.205	184.264	29.872	62.230
565.233	185.493	28.205	60.304
574.541	185.560	25.619	54.126
577.182	187.725	23.531	53.243
576.585	189.729	28.224	53.832
577.366	186.799	30.050	56.208
577.681	185.614	31.044	56.508
579.328	189.192	31.071	55.778
580.512	188.190	29.691	58.646
583.017	186.553	30.145	58.502
583.025	186.305	28.348	61.707
583.440	187.307	31.453	65.222
587.527	188.576	26.389	65.313
588.751	190.929	24.862	64.838
591.676	189.963	27.404	65.612
592.637	190.360	25.164	71.712
593.177	189.765	25.133	70.944
594.132	188.954	26.220	72.256
595.332	189.274	24.189	71.907
