441.000	26.000	57.000	57.000
442.243	25.253	54.466	58.061
442.015	25.268	54.958	58.663
442.470	25.344	53.989	58.929
441.216	25.208	55.219	58.840
442.425	24.890	53.535	59.227
441.703	25.810	54.504	58.740
441.375	26.174	54.643	58.919
440.913	26.379	55.355	58.284
440.927	26.539	55.141	58.316
442.127	26.509	53.882	58.578
441.618	26.425	54.129	59.012
442.071	26.611	54.230	58.372
442.240	26.183	53.647	59.332
441.565	26.243	54.485	59.193
440.942	26.429	54.935	59.010
441.271	26.389	54.366	59.168
441.032	26.460	54.707	58.524
441.054	26.425	55.064	59.090
440.754	26.484	54.883	59.026
441.243	26.581	54.681	58.781
441.029	26.246	54.883	58.851
441.243	26.749	54.935	58.651
441.462	26.490	54.807	58.796
441.260	26.611	54.901	58.789
441.404	26.581	54.403	58.705
441.054	26.581	54.523	58.440
440.565	26.665	55.191	58.539
439.621	26.642	55.719	58.117
440.640	25.814	54.794	58.965
440.519	26.148	54.253	58.746
440.847	26.213	53.873	58.685
440.760	26.239	53.742	59.374
439.911	26.124	54.525	58.785
440.538	25.601	53.694	59.257
440.225	26.054	53.617	58.726
438.109	25.756	55.885	58.868
440.447	26.095	52.952	58.716
441.030	26.208	52.410	58.917
440.505	25.987	52.523	58.737
440.533	25.693	52.632	58.427
439.790	25.807	53.699	58.343
440.221	26.316	53.762	57.847
440.282	26.112	53.508	58.352
441.140	26.388	53.476	58.008
441.170	26.675	53.167	58.610
440.998	26.778	53.340	58.415
441.607	26.778	52.803	58.226
441.810	26.975	52.839	58.518
442.195	26.928	52.107	58.726
440.225	26.688	55.299	58.203
441.286	26.763	53.662	58.372
440.059	26.478	54.551	58.070
439.675	26.635	54.212	58.149
438.729	26.759	54.005	58.498
435.735	27.113	53.303	59.008
434.166	27.601	54.752	58.653
433.012	27.848	53.179	59.277
428.273	28.561	52.689	58.162
426.196	28.019	52.684	58.419
424.629	27.271	52.095	58.478
420.501	26.906	50.070	59.263
419.131	27.226	50.622	58.179
418.104	29.490	49.263	55.914
418.653	31.015	46.132	54.834
419.807	31.714	43.973	53.622
420.872	32.578	42.975	53.087
422.695	32.910	41.234	52.783
423.456	32.779	40.548	52.446
423.776	32.532	40.839	52.715
425.004	31.451	39.996	52.194
424.556	30.329	40.088	52.767
423.991	29.631	40.209	52.944
420.888	28.735	41.872	54.159
420.310	28.506	41.836	55.077
415.975	28.484	43.467	54.693
415.116	28.522	44.715	54.908
411.884	28.429	47.423	55.126
410.518	28.267	47.603	54.796
409.041	27.627	49.053	55.269
407.378	26.403	48.565	56.158
406.700	26.176	48.380	56.290
406.135	26.052	48.639	56.453
404.962	25.625	49.865	56.749
404.574	25.916	50.132	56.653
403.694	25.495	51.118	57.272
404.512	26.263	50.819	56.138
404.150	26.344	51.200	56.366
405.162	26.392	49.775	56.344
405.961	26.097	50.184	56.258
405.767	25.745	49.969	56.526
406.840	25.571	49.222	56.572
407.007	25.703	49.608	56.559
407.401	24.866	47.995	57.618
408.123	24.908	47.738	56.894
407.977	24.876	48.266	56.385
408.367	24.480	46.800	57.256
408.080	24.600	47.674	56.744
408.012	24.674	46.859	57.005
407.685	24.640	47.816	57.150
407.602	24.042	47.600	57.249
407.449	24.285	47.938	57.394
406.934	24.042	48.640	57.249
407.261	23.796	48.056	57.400
407.941	23.919	47.250	56.738
407.115	23.581	47.323	57.356
407.133	24.225	48.968	56.259
408.102	23.958	47.474	56.699
407.592	23.739	47.833	57.198
408.609	24.607	46.662	56.305
407.684	24.406	47.722	56.599
408.799	23.970	46.300	57.088
407.384	23.900	48.099	57.026
408.158	24.719	47.229	56.306
407.552	23.766	47.305	57.091
407.562	23.581	47.553	57.076
407.833	23.690	46.674	56.850
407.360	23.978	47.754	57.119
407.037	24.049	47.680	57.178
407.653	23.970	46.678	56.837
406.894	23.900	48.323	56.773
407.733	23.841	47.432	56.366
407.373	23.900	47.572	56.801
407.410	23.858	46.622	56.493
407.635	23.667	46.335	56.811
407.927	23.862	45.893	56.365
407.679	23.383	45.914	56.416
407.914	23.286	45.904	56.743
408.068	23.631	46.613	57.058
408.053	23.900	45.830	56.633
408.157	23.702	46.249	56.591
408.752	24.130	45.622	56.222
410.137	24.055	45.945	55.908
410.553	24.701	44.990	55.679
412.203	25.098	44.798	55.124
415.363	25.812	43.050	55.033
416.793	25.816	42.234	54.754
419.732	25.727	40.543	55.175
420.329	24.985	40.934	55.612
422.756	24.057	40.310	56.524
423.099	24.952	39.897	55.173
422.072	25.141	40.534	55.193
421.146	24.705	41.791	55.794
419.587	25.194	42.468	55.222
416.980	25.308	43.098	55.405
415.442	25.590	42.496	55.740
412.507	25.891	44.746	55.713
411.531	26.036	44.803	55.288
410.759	26.646	45.437	55.257
409.514	26.326	45.701	54.671
408.600	26.036	45.622	54.880
407.901	25.906	46.974	56.246
407.098	25.810	46.885	55.872
405.613	25.141	47.298	56.326
404.294	23.745	49.846	58.202
403.616	23.276	50.699	59.229
404.083	24.040	51.932	58.474
405.494	24.395	52.240	58.726
408.717	26.060	51.431	58.283
411.721	26.909	48.559	57.711
415.925	27.298	44.184	53.462
418.284	28.062	42.050	46.918
420.121	29.839	42.809	44.682
421.029	29.985	43.342	42.643
423.114	29.409	45.027	43.541
422.824	30.251	46.197	43.374
422.730	30.907	46.831	43.932
421.179	31.891	47.831	44.597
419.811	30.772	47.969	44.552
419.560	29.942	46.052	47.463
420.552	28.858	43.295	48.985
420.978	27.578	41.383	51.767
419.957	27.559	38.831	50.873
420.263	27.016	40.105	51.836
420.859	26.380	49.751	51.574
418.791	24.840	52.942	52.552
417.101	22.814	55.502	55.185
415.941	23.053	57.352	55.121
415.811	23.029	56.915	54.166
413.698	21.934	57.625	54.157
413.825	20.113	56.594	55.889
413.729	19.802	56.430	57.371
414.833	15.715	53.487	60.441
414.256	18.017	52.933	58.673
414.644	15.461	51.356	62.536
413.681	17.314	51.584	60.564
413.524	14.234	50.417	64.250
414.072	12.467	49.127	66.667
414.431	11.154	46.497	67.076
415.192	10.076	45.111	64.179
415.980	10.130	43.844	64.052
416.151	10.587	43.430	63.385
416.064	11.215	43.641	63.259
415.527	11.932	45.075	62.652
413.796	12.800	47.134	62.293
413.012	13.641	48.217	62.347
413.095	14.496	49.267	62.054
413.723	14.866	48.893	62.132
413.698	14.589	52.149	61.962
414.761	14.790	51.698	62.012
415.221	15.119	51.818	61.840
415.994	14.805	52.454	61.991
416.856	14.506	52.186	62.155
417.364	13.690	51.339	62.454
417.859	13.351	51.531	62.642
417.701	13.492	52.338	62.342
417.363	14.264	52.507	61.713
417.174	14.852	53.039	61.170
416.753	14.665	53.148	61.438
416.278	14.603	54.193	61.379
416.358	15.065	53.848	61.303
416.747	15.287	53.842	61.292
417.781	15.847	53.310	60.921
417.414	15.714	53.557	61.726
417.074	14.831	53.848	62.316
417.412	14.877	53.182	62.944
417.947	14.366	52.961	62.552
417.301	13.797	53.238	63.094
418.086	12.619	52.892	63.808
420.091	10.395	51.221	63.794
420.247	9.211	51.102	64.863
421.801	7.940	49.704	65.419
423.129	6.793	47.549	65.487
424.069	5.350	46.467	67.524
424.922	4.994	45.259	67.335
425.693	2.534	43.328	68.218
425.865	0.940	42.857	66.002
427.125	0.000	42.097	66.958
429.103	0.000	41.278	64.998
430.014	0.000	41.009	64.411
430.205	0.009	42.383	61.958
430.826	0.406	43.057	62.446
430.934	0.160	43.542	61.902
432.159	0.452	42.861	62.468
432.392	0.495	43.048	62.577
433.308	0.000	42.772	62.537
433.440	0.064	43.148	62.228
432.956	0.323	43.439	61.879
433.299	0.129	43.177	62.193
431.949	0.006	43.458	61.727
432.062	0.233	43.923	61.963
431.664	0.067	43.974	61.632
432.197	0.000	42.592	61.034
431.456	0.000	43.511	60.086
432.470	0.064	42.526	60.155
431.455	0.000	43.152	60.440
431.467	0.000	43.698	60.895
432.618	0.000	42.932	61.022
433.123	0.000	42.789	59.795
432.260	0.000	43.219	57.816
434.128	0.000	39.832	50.318
433.844	0.000	39.753	45.891
435.779	0.000	37.820	41.594
436.529	0.000	36.592	38.294
437.049	0.000	36.747	37.278
437.950	0.000	35.046	36.973
438.385	0.000	35.482	35.125
438.378	0.000	35.425	34.679
438.995	0.380	36.101	34.880
439.730	0.000	35.828	35.484
439.396	0.261	37.161	33.222
439.684	1.540	37.798	37.227
440.177	0.000	37.587	34.115
440.377	0.589	37.430	34.880
440.712	0.356	37.491	35.913
440.514	0.398	37.510	38.008
440.653	0.000	37.679	35.825
440.826	0.971	37.719	35.362
441.184	0.000	37.165	33.219
442.447	0.194	36.324	34.717
443.148	0.000	36.815	34.679
443.891	0.000	36.219	35.763
443.866	0.000	36.826	35.465
444.744	0.000	36.732	36.586
445.508	0.000	36.509	37.527
446.073	0.000	36.223	37.861
446.657	0.000	36.237	39.924
446.369	0.000	36.649	40.034
446.411	0.000	36.198	40.741
446.466	0.000	36.214	42.511
446.121	0.000	36.063	43.105
446.025	0.000	36.121	45.491
446.876	0.000	34.918	47.388
446.791	0.000	34.916	48.547
445.792	0.000	36.575	48.653
445.136	0.000	36.598	47.179
445.302	0.000	37.084	49.939
444.327	0.000	38.429	51.470
445.069	0.000	38.527	53.779
444.012	0.000	40.026	57.862
443.931	0.000	39.627	61.072
443.905	0.490	38.906	62.038
445.026	0.670	38.155	67.589
446.424	0.837	38.128	68.324
448.340	1.938	37.624	70.174
449.175	1.369	37.179	70.807
449.616	1.418	37.259	69.851
451.343	0.412	36.305	69.573
450.744	1.119	37.259	68.626
450.026	0.960	37.743	68.639
449.940	1.079	36.803	67.013
448.774	1.568	38.247	67.759
448.224	1.365	37.639	69.328
446.113	2.014	38.011	71.619
445.104	3.600	37.988	72.558
444.565	4.434	37.442	72.566
441.066	5.483	38.121	72.953
440.565	5.100	37.118	72.974
439.196	4.554	37.055	73.344
437.142	4.241	36.759	72.806
436.684	4.486	36.868	72.213
436.138	5.203	36.326	73.506
435.887	6.562	36.693	74.223
435.766	7.203	36.596	75.432
436.297	12.319	36.723	75.236
436.865	13.471	37.186	75.999
437.760	16.173	37.381	75.376
439.397	16.550	37.972	77.646
439.933	16.973	37.477	76.753
440.443	16.457	37.686	77.427
440.617	14.648	38.331	74.933
440.681	14.340	37.463	75.383
439.537	14.044	38.752	77.211
437.447	14.468	39.272	78.426
436.928	15.871	38.453	79.146
432.742	19.504	39.565	80.902
431.366	22.051	38.914	80.686
427.635	24.990	38.672	81.742
425.878	27.583	38.609	81.273
424.909	27.617	38.537	81.108
422.936	28.244	39.149	81.302
423.128	28.911	39.213	81.173
423.222	30.955	39.537	81.783
423.124	32.579	40.652	82.587
423.262	33.804	40.297	83.797
423.279	39.363	41.414	84.218
424.133	43.166	41.150	83.835
423.050	46.943	41.373	83.422
424.718	51.786	42.366	84.902
424.074	52.584	41.361	84.061
422.731	53.986	41.319	82.512
421.162	52.654	41.481	84.021
420.137	52.905	41.631	83.632
419.822	53.135	41.227	83.751
417.628	54.499	40.908	87.368
416.160	56.044	41.364	86.955
412.837	59.133	42.169	89.030
407.526	66.489	42.570	88.380
404.838	68.925	41.403	87.919
400.039	73.221	41.289	88.603
398.653	73.397	41.009	88.024
397.660	73.753	40.900	88.339
396.512	75.163	41.000	88.120
395.159	76.237	41.935	89.423
395.364	77.886	42.465	90.659
394.998	80.506	44.164	89.232
395.594	85.732	45.517	91.425
395.710	88.880	44.927	90.919
395.708	94.964	45.661	93.111
396.020	98.407	45.551	91.480
395.532	100.431	45.386	90.649
394.959	102.123	45.827	90.743
394.155	101.957	45.364	92.064
393.057	101.880	44.395	93.677
389.751	104.599	44.959	93.590
387.015	106.877	45.567	91.869
382.161	108.395	46.003	95.310
380.358	111.198	44.984	95.018
374.529	116.467	45.719	96.195
373.147	120.090	44.259	97.141
370.201	123.837	45.029	94.053
365.560	127.781	45.447	97.339
363.667	130.714	44.952	94.173
362.395	130.949	44.236	98.185
361.196	134.155	44.593	99.357
361.146	136.997	44.761	95.493
361.662	136.791	45.473	98.066
361.220	140.377	46.852	98.599
361.935	141.681	47.626	98.374
362.529	144.632	47.055	98.361
363.588	149.389	46.805	100.465
364.454	151.782	47.451	100.819
365.301	154.251	47.479	101.078
367.175	157.047	47.617	101.399
367.449	158.456	46.761	100.512
366.485	162.556	47.080	99.266
366.395	163.187	47.019	98.986
365.680	164.516	46.567	101.344
362.062	167.706	47.864	105.960
359.909	170.052	47.497	103.393
357.881	172.139	47.528	106.177
353.118	179.089	50.472	106.635
351.263	182.772	47.613	106.976
349.347	186.802	47.208	108.190
343.633	193.637	48.008	107.636
341.527	197.776	49.128	105.453
336.812	202.658	50.813	104.678
334.730	205.470	48.627	100.907
333.588	207.093	48.413	104.774
334.637	211.370	51.100	110.027
334.029	214.588	53.055	106.842
335.459	215.918	51.683	106.663
335.026	217.600	51.725	109.998
334.800	220.599	53.976	111.182
335.949	223.274	52.896	110.330
335.766	229.066	54.706	109.822
335.519	232.333	53.731	110.558
336.499	236.702	53.152	111.430
336.350	238.834	52.525	111.531
336.545	240.357	52.819	111.815
336.264	242.447	54.172	109.756
336.390	242.053	54.096	110.402
336.381	240.829	54.726	112.322
337.214	240.735	56.437	115.576
336.998	242.374	56.005	114.905
335.892	243.319	58.677	116.131
336.399	247.411	60.882	119.760
335.118	250.421	59.689	116.307
341.057	253.526	64.623	118.023
344.589	254.163	62.920	115.374
345.616	254.605	58.111	114.970
347.030	254.909	57.280	113.768
348.972	255.257	60.785	111.745
349.281	254.056	58.894	112.192
352.917	250.996	62.194	112.072
354.159	255.400	65.947	101.459
358.820	254.654	63.041	99.871
361.344	252.140	62.073	102.326
363.853	251.348	66.429	101.165
370.683	247.893	67.709	96.153
372.948	253.353	69.294	87.558
373.804	250.079	72.100	87.350
383.717	245.691	72.440	85.921
379.526	236.305	69.532	89.174
360.658	237.241	73.512	92.426
392.662	232.232	80.223	77.497
375.637	237.378	99.052	82.849
371.901	228.210	101.761	94.310
396.977	203.775	89.839	90.878
390.582	226.160	101.420	84.360
409.150	216.402	106.887	93.674
409.446	221.355	144.642	75.672
443.010	250.944	130.721	54.348
449.917	244.457	118.799	51.776
454.876	251.190	119.793	48.688
476.147	212.361	101.155	80.980
454.701	234.994	112.135	63.899
442.855	225.931	127.090	66.995
449.048	238.283	122.399	61.488
452.060	246.632	136.010	52.321
457.329	270.404	127.386	46.592
460.749	268.421	130.331	35.509
492.546	136.311	49.432	82.311
493.465	133.707	46.157	80.057
490.723	131.524	46.865	77.982
490.967	130.724	46.515	83.023
488.904	128.151	41.744	80.956
488.040	128.460	44.377	79.966
488.107	124.964	43.841	81.152
485.105	120.093	45.113	83.793
486.580	118.782	43.732	85.500
484.495	113.373	44.841	88.117
483.601	106.475	45.716	82.087
484.277	104.224	45.719	76.884
485.338	103.803	44.377	77.984
486.541	99.851	44.102	75.995
486.831	98.208	44.444	73.479
488.580	96.616	43.911	75.843
488.886	96.417	44.200	76.209
490.938	93.508	43.077	74.917
491.304	93.079	44.251	77.265
493.097	92.887	43.061	73.985
494.929	89.461	43.537	74.701
495.686	87.847	44.132	75.950
496.778	83.116	44.008	74.387
498.482	77.122	43.536	77.776
498.414	75.541	43.553	78.071
499.124	72.799	41.955	77.841
498.734	71.279	42.775	77.288
498.836	69.182	42.629	78.572
498.976	70.069	43.033	77.747
498.324	69.847	42.311	77.272
499.102	68.640	42.075	77.769
499.515	67.476	41.413	77.517
500.329	67.026	41.340	75.160
500.244	66.127	43.854	75.137
502.014	63.891	43.798	75.686
503.462	62.513	44.143	77.084
506.117	60.605	44.374	80.189
506.997	60.866	45.384	79.514
509.583	58.813	45.971	80.161
511.359	56.809	44.313	81.055
513.718	52.280	45.182	82.338
514.377	50.745	44.247	81.774
515.709	47.075	43.971	82.032
514.248	42.798	45.724	81.118
513.636	40.628	45.529	80.240
512.421	38.822	45.740	78.811
509.762	36.618	45.728	76.062
507.970	36.676	47.661	75.174
506.883	36.904	47.954	73.906
504.401	37.547	49.005	72.560
503.851	36.957	49.080	72.760
503.148	35.865	48.913	72.416
502.351	34.038	50.188	73.298
502.564	33.061	50.742	73.740
502.879	32.001	51.792	73.547
504.801	29.953	51.901	73.746
505.569	29.561	51.687	73.255
506.061	29.022	51.694	73.123
506.522	28.360	51.905	73.394
506.863	28.309	51.940	73.165
507.050	27.621	53.420	72.286
508.357	27.010	53.453	71.383
510.249	20.711	52.265	73.842
510.116	19.110	53.984	71.326
511.781	14.961	51.341	71.277
512.926	13.221	50.351	70.651
513.499	12.085	49.793	70.485
514.194	10.273	49.049	70.373
514.623	11.239	48.716	68.437
513.807	10.857	49.596	68.493
512.743	11.542	50.435	68.052
510.717	12.792	51.478	68.011
509.724	12.655	51.966	68.508
508.385	11.091	51.372	69.921
508.361	9.170	50.596	70.283
508.260	8.194	50.840	70.040
507.630	5.742	51.499	70.043
508.222	5.509	50.524	69.480
508.285	5.824	50.872	69.146
508.318	4.663	50.797	69.208
508.910	4.322	51.227	68.115
509.904	4.363	51.020	68.444
511.024	4.740	50.744	68.167
515.042	4.268	48.398	67.070
517.248	2.052	46.973	67.543
518.192	0.513	46.891	66.581
521.351	0.000	44.423	62.323
521.130	0.000	45.005	60.860
522.662	0.000	42.676	58.290
523.231	0.000	41.785	58.052
522.946	0.000	41.837	57.165
522.091	0.000	41.904	55.669
521.297	0.000	42.809	54.810
520.522	0.000	42.807	55.342
518.817	0.000	43.792	55.812
517.940	0.000	44.367	56.172
517.187	0.000	44.547	56.639
515.225	0.000	45.113	56.275
515.785	0.000	44.411	55.541
515.718	0.000	44.704	53.665
516.096	0.000	44.848	52.831
516.438	0.000	44.991	51.887
515.953	0.000	45.495	50.537
516.111	0.000	44.350	51.837
516.251	0.000	43.412	51.802
516.512	0.000	43.947	53.485
515.799	0.000	45.805	54.446
516.642	0.000	45.778	54.200
516.941	0.000	46.122	54.205
517.520	0.000	46.609	52.423
518.628	0.000	45.807	51.029
520.137	0.000	44.901	45.853
521.865	0.000	43.728	46.575
522.627	0.000	42.960	45.367
524.044	0.000	41.427	43.708
524.552	0.000	40.948	42.926
523.098	0.000	42.194	43.285
522.254	0.000	41.941	44.034
523.398	0.000	40.287	45.147
521.117	0.000	42.292	46.028
520.220	0.000	41.823	44.538
518.406	0.000	42.767	46.105
513.042	0.000	44.908	47.493
513.491	0.000	42.674	47.559
511.177	0.000	44.371	48.814
508.792	0.000	44.346	47.836
507.421	0.000	43.957	46.987
505.864	0.000	43.598	47.127
504.368	0.000	40.362	47.293
502.032	0.000	41.403	48.446
499.858	0.000	42.730	48.668
498.105	0.000	42.345	50.022
497.612	0.000	42.884	50.601
498.656	0.000	40.434	50.539
499.198	0.000	40.345	50.836
499.519	0.000	40.335	51.169
499.623	0.000	38.715	52.166
497.461	0.000	39.303	52.417
495.870	0.000	39.537	52.215
488.743	0.000	39.573	50.243
486.249	0.000	41.174	49.952
482.417	0.253	38.128	51.143
478.547	0.000	38.914	49.825
474.965	0.000	38.964	47.980
471.622	0.000	41.151	45.670
468.178	0.000	42.387	45.062
466.547	0.000	39.312	46.152
463.628	0.000	38.908	44.623
462.641	0.000	38.059	45.221
460.103	0.000	36.851	43.710
458.773	0.000	37.126	42.184
456.520	0.000	37.351	41.893
455.695	0.000	37.185	42.379
454.614	0.000	36.370	43.218
452.546	0.000	35.354	43.255
451.095	0.000	35.828	42.979
449.261	0.000	36.078	42.203
447.532	0.000	35.654	43.020
446.831	0.000	35.677	42.937
445.536	0.000	36.518	43.796
444.352	0.000	35.915	45.088
443.542	0.000	35.553	45.842
442.087	0.000	35.443	48.216
441.733	0.185	34.865	49.110
440.704	0.000	34.121	52.662
440.633	0.000	33.932	53.415
439.700	0.000	34.419	54.042
439.134	0.000	33.438	54.470
438.276	0.000	33.819	54.129
438.148	0.000	34.154	54.129
437.477	0.000	34.853	54.651
436.406	0.000	34.995	53.556
436.627	0.000	34.764	52.971
435.376	0.000	35.991	52.589
436.033	0.000	35.043	53.919
435.950	0.000	34.780	54.651
435.990	0.000	34.488	56.262
435.610	0.000	34.955	57.968
435.315	0.000	35.135	57.752
435.049	0.000	35.400	58.110
434.564	0.028	35.953	60.611
435.066	0.928	35.126	61.025
434.978	1.103	34.815	62.425
436.050	1.703	34.412	63.495
435.315	2.157	34.731	64.177
434.467	2.305	35.592	65.512
434.520	1.144	35.760	66.983
434.843	1.785	35.065	68.293
435.171	1.431	35.417	69.829
435.417	1.146	35.942	71.029
436.369	2.472	38.567	70.987
437.684	3.002	37.555	72.982
438.573	3.635	39.545	73.983
440.819	6.121	41.000	74.424
442.525	6.557	41.169	75.848
446.219	6.812	40.662	75.678
448.493	6.631	39.966	76.241
449.961	5.305	39.296	77.533
451.486	5.448	39.995	75.073
452.847	6.119	39.931	74.424
454.238	5.161	40.040	75.085
454.669	5.532	38.488	75.611
455.010	6.104	38.031	75.465
454.988	7.750	36.813	75.002
455.416	10.213	36.070	75.542
454.797	11.561	36.498	75.200
454.809	13.447	35.425	75.131
452.556	13.973	37.156	76.578
452.357	15.823	36.401	76.497
451.368	17.670	36.181	75.642
449.058	20.658	36.650	75.791
447.769	21.110	36.789	75.984
446.039	21.339	36.428	75.671
445.768	20.678	35.256	75.795
445.573	20.630	35.314	77.065
445.290	22.320	36.338	76.888
446.745	23.144	35.579	75.235
448.768	23.786	36.846	75.863
449.933	24.950	36.805	75.042
451.625	24.398	35.666	76.793
452.675	27.480	36.730	77.344
452.838	28.246	36.709	76.563
452.462	29.167	36.632	74.693
451.151	27.664	36.255	75.341
449.634	25.788	35.658	77.410
448.572	26.053	35.927	77.887
448.233	27.593	35.519	76.665
444.832	31.069	34.601	77.462
442.449	32.650	35.347	75.486
438.429	35.085	35.716	77.537
436.259	36.269	36.575	76.691
435.440	38.736	35.724	76.987
431.117	42.480	35.997	77.835
430.293	43.910	35.320	78.985
428.457	45.232	35.605	77.171
425.890	44.956	35.070	77.656
425.284	45.850	35.800	78.725
425.049	46.078	35.669	78.162
424.941	46.733	35.991	80.432
426.180	48.869	35.833	81.142
425.875	49.924	36.305	79.815
426.423	50.888	35.957	80.239
426.271	52.527	36.024	80.662
425.591	53.962	37.017	80.654
425.598	54.452	36.963	83.073
424.883	57.440	36.561	81.293
424.031	58.068	37.392	79.421
423.465	58.282	36.841	77.950
421.244	56.145	36.770	77.904
419.932	55.424	36.128	79.315
419.762	55.226	35.207	79.785
417.324	56.372	36.184	80.255
416.919	56.587	35.473	80.677
416.706	56.848	36.144	79.851
411.762	58.017	41.840	82.960
413.397	58.750	44.556	82.151
412.817	61.612	46.953	81.692
416.977	69.120	49.829	77.210
413.689	73.077	50.905	75.287
409.857	76.865	54.422	72.260
408.659	76.481	56.653	70.047
408.931	71.875	52.579	76.195
403.899	69.043	45.033	82.388
399.396	67.923	42.729	82.906
396.867	65.851	40.976	83.564
384.467	66.240	45.954	83.040
377.679	67.446	50.790	83.092
376.357	69.716	50.936	83.395
371.047	75.590	52.972	79.402
371.168	76.844	53.177	79.617
371.657	77.747	51.358	80.023
378.907	77.523	42.528	83.196
383.532	79.389	39.788	83.372
386.562	80.909	41.702	83.268
393.347	86.622	45.010	82.029
390.761	90.063	51.694	81.252
392.974	96.510	57.207	73.801
393.639	96.778	58.986	74.078
392.315	98.923	61.333	72.576
392.856	98.262	61.117	75.516
393.046	95.650	59.872	79.132
389.356	93.505	49.256	84.221
384.384	93.391	48.917	84.327
372.504	93.720	47.472	84.236
369.787	95.859	44.362	87.379
366.837	97.439	43.081	87.969
359.758	104.623	44.904	89.383
357.691	105.539	45.658	90.308
357.812	107.047	44.736	91.695
357.945	110.720	44.077	91.815
360.222	111.503	42.065	91.179
361.944	114.137	43.419	90.753
364.861	114.125	45.591	91.500
362.412	120.388	51.996	87.408
364.303	123.639	50.148	86.531
365.989	126.828	53.396	83.292
367.170	132.753	54.321	83.947
365.760	134.976	55.077	84.033
360.603	139.872	51.721	88.768
354.812	142.833	46.607	86.441
351.883	141.586	43.302	89.034
347.023	144.414	44.928	88.274
344.268	145.961	43.400	89.629
337.509	153.031	45.586	85.075
337.970	153.601	44.963	83.146
336.450	152.731	44.807	83.650
338.704	151.469	42.797	85.846
339.610	151.028	44.183	87.028
342.066	150.096	45.801	86.772
349.048	149.171	45.525	89.925
352.631	149.293	47.058	89.405
359.001	149.515	46.332	90.605
366.226	152.370	49.066	89.807
368.439	156.297	50.233	85.246
371.938	158.393	52.782	86.768
375.365	160.723	55.259	88.053
377.905	161.555	58.212	88.888
376.419	160.075	54.498	90.457
374.280	162.414	52.162	91.633
372.142	160.933	52.210	91.450
361.925	160.471	53.207	93.875
357.224	158.336	51.660	96.330
345.125	160.643	48.329	97.915
332.505	157.290	48.141	99.246
317.260	164.880	43.627	99.205
312.236	168.714	46.225	100.978
313.015	171.833	44.329	99.516
313.650	173.949	43.509	99.353
315.297	174.766	43.222	100.036
319.599	178.042	42.968	98.662
324.437	178.607	46.501	97.609
327.845	183.670	54.735	92.816
327.983	186.188	60.701	89.297
334.539	190.172	66.103	83.146
336.580	195.834	73.583	80.737
342.555	201.801	79.545	71.020
355.992	203.425	85.905	66.662
358.507	207.334	80.015	62.736
371.514	213.344	89.961	54.701
381.630	214.352	87.259	58.181
371.316	211.930	95.517	56.572
373.528	213.341	96.256	57.889
384.527	216.510	89.884	67.259
378.454	219.547	94.205	56.563
372.993	216.077	85.915	56.960
382.313	217.178	89.753	58.058
389.315	219.722	75.560	68.227
386.615	217.558	73.763	73.888
383.279	216.919	72.817	68.318
379.105	220.618	84.693	58.025
383.483	221.390	83.810	63.041
382.893	221.308	90.686	58.157
379.664	222.863	87.254	61.138
378.471	223.023	88.102	64.276
364.248	229.573	92.613	57.526
363.803	233.343	96.126	56.524
361.945	234.690	96.630	55.981
360.877	236.161	96.338	57.776
358.382	235.498	103.576	59.027
357.716	236.947	97.496	61.139
361.474	236.594	95.918	60.391
366.343	236.121	87.157	63.861
366.808	231.600	85.246	71.907
372.163	230.163	74.035	107.974
366.704	240.330	86.859	139.115
366.115	252.102	76.426	143.020
372.950	244.463	71.665	143.583
369.102	226.722	74.879	155.083
373.773	233.839	71.875	142.836
370.879	217.177	70.508	151.708
371.419	229.641	70.927	142.589
373.333	209.605	71.617	148.082
374.253	207.041	81.550	157.484
368.644	223.091	65.838	138.742
368.884	213.339	65.254	141.748
367.457	211.138	64.210	144.285
365.258	214.550	61.795	139.391
361.217	201.866	63.982	139.507
360.445	203.520	66.685	130.563
360.860	198.355	64.560	131.167
358.990	191.774	69.753	135.451
361.283	203.240	67.144	121.132
354.103	146.214	86.074	62.018
353.897	146.549	85.086	50.631
354.761	148.204	88.980	51.555
365.807	147.393	85.979	54.398
363.202	149.172	88.935	53.500
363.580	149.170	90.721	55.090
377.443	147.606	85.604	52.137
385.220	142.773	78.969	54.783
378.857	139.973	83.948	54.096
379.276	132.702	86.323	55.794
384.692	126.648	83.173	54.248
382.062	126.216	84.976	53.033
385.657	124.574	82.261	47.439
383.447	123.992	88.023	49.470
385.586	124.538	87.575	48.337
385.511	125.575	84.529	50.164
385.096	125.929	83.056	50.093
386.601	125.924	81.210	53.843
392.405	130.979	76.778	51.340
396.731	133.474	73.451	51.640
392.365	139.438	78.796	49.781
394.701	141.519	83.273	43.625
396.932	140.764	79.707	44.068
403.917	133.202	83.257	48.775
400.680	130.186	84.267	48.163
408.519	125.996	83.664	47.629
407.841	124.516	80.492	46.196
412.206	124.252	85.213	50.506
417.905	121.041	90.197	44.856
416.576	120.207	84.661	48.949
418.329	121.361	85.657	49.878
425.764	120.606	88.265	50.629
425.498	120.670	86.271	50.298
427.269	120.030	89.115	47.052
431.354	117.033	86.054	47.849
429.252	114.930	89.121	47.858
428.335	115.292	81.723	46.319
428.713	112.676	86.187	48.795
428.534	112.100	82.306	46.095
428.166	109.590	82.764	45.860
422.429	108.004	73.357	49.920
423.426	104.520	82.006	48.212
417.858	106.213	80.623	46.727
414.240	105.839	83.099	47.231
413.522	107.679	80.557	46.409
411.669	108.432	76.254	47.892
413.993	102.362	82.448	51.464
406.715	102.164	85.054	49.644
408.104	104.684	79.578	49.312
406.505	100.228	81.687	49.603
408.123	101.407	78.464	46.231
405.141	98.208	81.314	47.694
404.426	94.659	77.842	49.210
408.654	93.244	78.004	47.825
405.531	91.498	77.136	48.054
408.919	87.821	83.520	47.510
407.430	86.040	82.524	49.346
412.960	85.305	81.807	48.067
416.815	82.198	83.834	48.135
418.004	82.263	82.264	45.791
420.485	81.980	75.092	43.182
420.166	80.899	80.247	44.762
423.680	79.390	79.601	43.579
420.903	77.915	78.712	41.959
421.480	78.059	77.799	45.130
421.997	75.388	77.060	43.440
419.432	75.938	79.076	45.530
421.170	75.443	74.038	44.436
420.045	75.595	81.816	43.291
418.397	77.091	75.088	45.434
417.005	76.666	76.285	46.584
415.435	77.372	76.602	47.718
416.393	74.368	80.365	49.841
416.815	70.327	72.076	54.346
415.737	69.124	78.916	52.839
413.216	71.885	76.526	50.558
413.615	69.568	77.501	50.993
410.971	68.271	79.881	51.990
409.296	70.303	78.417	48.213
411.888	69.947	77.593	48.274
410.888	71.623	74.919	43.911
410.153	69.497	77.606	45.841
408.660	70.326	77.882	44.879
414.924	70.130	77.317	44.419
410.039	71.919	78.634	43.486
413.872	68.851	80.652	44.380
415.987	65.291	74.171	46.689
419.347	63.381	78.646	45.722
422.748	59.951	70.755	46.779
422.081	58.504	75.533	46.306
425.172	57.194	70.553	45.779
423.448	56.216	74.331	44.573
423.669	54.008	74.499	45.781
425.144	53.830	74.877	45.731
428.066	54.190	73.982	45.928
425.962	56.892	65.998	45.429
431.234	54.023	72.223	46.558
428.577	53.210	72.016	48.430
427.856	53.097	73.176	49.688
428.370	51.969	72.789	50.567
428.826	52.489	71.447	49.861
429.951	48.913	70.762	52.713
429.948	45.660	70.152	53.544
429.076	46.627	71.550	51.690
428.546	44.349	73.294	51.520
430.564	44.979	72.906	49.665
431.955	42.944	72.641	50.838
434.683	40.416	74.322	53.320
432.246	42.201	73.990	50.152
433.113	39.224	69.111	53.261
433.786	39.990	66.172	55.597
433.790	34.073	74.648	63.732
434.324	33.472	73.804	64.213
437.022	33.090	67.131	66.140
440.613	30.424	62.372	70.402
445.539	27.853	55.468	71.608
447.563	26.539	50.974	77.045
449.715	25.677	47.958	74.759
452.464	23.268	42.531	78.760
452.769	22.242	39.243	78.852
452.376	22.985	39.772	77.762
450.201	22.870	40.871	75.804
448.938	23.878	41.565	76.489
447.291	24.732	43.520	76.291
444.399	25.808	44.730	74.372
443.356	25.582	45.953	74.280
442.579	24.148	42.200	76.209
442.313	23.977	39.104	76.932
442.579	24.873	38.611	75.519
442.777	25.728	37.508	75.600
442.811	24.797	38.619	75.492
442.777	24.742	38.637	73.813
442.765	23.006	38.456	73.613
443.248	21.406	37.473	73.279
442.131	19.746	40.121	74.338
438.452	17.739	45.400	73.699
436.974	16.144	47.084	71.894
437.719	15.180	47.298	73.791
436.674	13.181	52.408	72.494
436.400	13.503	52.670	70.300
438.256	13.026	54.334	69.440
440.619	15.484	54.272	68.525
441.078	15.655	55.358	67.234
441.463	15.658	58.228	66.427
442.132	17.022	61.980	63.636
442.563	17.631	64.548	60.584
440.949	18.394	68.174	58.327
442.363	17.079	69.423	55.358
443.211	17.814	69.996	55.098
444.508	17.737	70.443	52.632
445.001	16.365	69.982	50.237
446.566	15.836	68.057	50.966
446.150	15.969	68.683	50.887
446.015	17.661	69.668	48.242
446.513	16.492	68.390	49.916
446.471	15.203	68.729	50.595
445.380	16.288	69.341	49.419
445.154	13.382	68.952	52.434
446.690	10.956	67.435	53.425
446.154	9.631	64.582	56.020
445.986	7.589	64.110	57.798
445.022	7.191	61.666	56.563
444.633	6.030	59.869	56.650
444.718	4.840	58.639	58.864
444.321	3.190	55.613	60.781
444.641	1.607	54.023	63.287
445.419	1.242	53.209	64.315
446.726	1.023	50.136	66.424
451.982	0.673	43.245	64.936
452.586	0.468	42.309	66.180
455.533	1.009	38.116	65.041
456.230	0.819	35.875	61.911
457.397	0.863	36.137	61.078
457.496	0.405	36.797	59.886
456.723	0.804	40.324	60.051
458.520	0.137	40.735	59.136
460.429	0.000	39.561	58.968
461.191	0.000	38.201	58.562
463.135	0.000	35.701	58.426
463.383	0.000	35.736	58.254
463.607	0.000	36.519	58.142
464.377	0.000	36.773	58.089
464.088	0.209	39.460	58.406
463.792	0.242	41.797	58.970
463.001	0.647	44.442	57.361
460.730	1.020	49.167	56.661
459.276	0.820	51.524	55.518
458.087	1.134	55.645	54.218
457.588	1.002	56.339	53.134
457.559	1.569	57.549	52.800
457.649	1.220	59.181	54.235
457.942	2.034	58.388	55.026
458.327	1.049	57.612	58.297
460.637	1.654	54.019	62.310
461.019	2.674	55.036	62.932
461.456	3.099	54.190	64.768
462.513	3.819	52.150	67.369
462.848	4.740	50.403	67.903
464.165	4.942	46.829	68.469
467.886	4.724	39.124	70.914
468.288	5.568	36.956	70.664
468.046	5.413	36.985	71.609
468.716	5.893	35.522	72.117
468.799	7.035	36.377	71.302
468.616	6.768	37.214	71.000
470.389	7.397	37.146	70.659
470.586	8.431	37.835	69.826
473.999	9.143	37.008	70.165
475.958	10.482	35.644	69.183
477.484	11.122	35.535	69.897
480.574	12.353	34.251	71.275
481.265	15.190	33.400	69.141
482.044	17.730	33.655	69.086
482.838	22.898	33.951	68.535
481.237	24.940	36.049	66.616
479.006	27.442	39.201	66.833
476.955	30.383	44.272	65.674
471.504	35.431	51.030	64.381
466.362	44.352	57.178	58.435
464.207	48.365	59.854	55.977
462.455	53.707	61.629	51.298
461.111	57.156	64.158	49.839
460.133	62.887	65.255	45.495
459.374	66.376	66.574	43.266
459.187	73.192	67.788	37.508
458.953	75.977	68.468	36.389
460.106	78.540	66.764	34.813
461.375	78.959	66.241	36.672
462.407	79.432	65.354	37.983
462.976	79.359	65.257	39.980
466.707	78.842	62.506	44.441
467.713	78.622	62.514	46.516
469.252	78.708	60.835	47.613
470.032	77.354	61.627	49.377
472.022	76.204	60.340	50.505
473.376	74.986	59.843	52.244
473.207	73.108	61.502	53.940
474.235	71.201	59.514	55.694
474.978	66.592	58.619	58.684
475.551	64.815	56.983	59.798
476.014	61.347	55.838	61.336
476.033	57.389	55.299	63.476
475.363	57.169	56.317	63.083
475.178	54.802	56.532	62.560
474.652	54.207	56.440	62.883
473.017	52.241	57.749	62.857
472.635	51.689	57.274	63.188
471.440	52.082	59.064	62.645
470.192	51.258	58.238	62.807
467.947	51.278	59.637	62.361
464.998	50.223	61.390	62.367
459.241	47.966	63.686	60.445
457.022	50.775	67.294	55.978
454.861	51.054	69.481	52.474
452.140	49.853	70.213	51.220
449.254	50.056	71.313	48.459
448.262	48.597	71.497	47.986
445.145	48.404	72.140	44.787
443.561	46.407	72.712	46.865
442.731	47.263	71.421	45.186
438.685	49.389	72.569	43.968
438.770	50.972	70.927	41.520
437.626	51.672	70.680	39.379
434.675	51.587	70.712	38.044
432.335	50.976	72.711	37.654
432.078	50.942	70.873	38.766
433.101	51.523	67.304	37.106
433.012	49.436	65.692	40.057
433.827	47.550	63.809	41.885
430.239	47.563	66.842	41.415
430.314	45.790	65.305	42.771
430.816	45.160	64.068	43.485
431.343	44.385	63.368	44.613
430.472	43.730	63.516	45.583
430.184	43.281	63.437	45.772
428.997	43.415	64.736	46.048
428.273	42.394	64.196	48.010
428.447	44.166	63.385	46.615
427.521	45.316	62.819	48.324
428.207	45.304	61.114	49.350
427.962	45.656	59.673	49.634
421.607	43.251	64.060	51.882
421.246	43.743	61.870	52.834
419.716	43.358	60.979	53.487
415.763	42.224	62.109	55.296
414.718	42.817	61.570	53.887
414.248	42.328	59.730	54.661
412.571	41.617	59.598	55.452
408.512	41.995	60.759	54.161
409.480	40.445	58.265	56.867
410.483	41.318	55.535	55.631
405.305	39.257	59.107	58.865
401.430	38.984	62.835	58.895
401.231	38.898	62.171	59.054
401.404	38.436	61.054	59.710
399.161	36.637	63.071	61.489
397.616	35.952	64.001	61.597
397.620	35.749	63.447	61.051
397.204	34.884	63.828	62.577
399.986	34.838	60.873	63.123
401.966	31.849	57.733	66.480
399.722	30.187	60.252	68.237
402.966	25.542	57.488	71.623
405.185	23.010	56.371	73.712
404.596	22.812	57.586	74.475
407.991	20.428	54.167	74.950
408.834	19.154	55.055	75.355
409.805	18.817	54.507	75.553
410.923	19.078	53.726	76.078
411.496	19.288	53.378	76.992
412.771	20.019	52.310	76.990
412.437	19.175	52.736	78.254
413.403	19.008	51.639	78.741
412.835	17.750	51.727	79.563
411.808	17.817	52.039	78.930
410.637	16.807	51.468	79.977
410.074	15.766	51.433	80.899
410.011	14.597	51.219	81.376
409.004	13.342	50.323	80.371
408.714	11.464	50.075	81.666
409.063	11.590	48.934	81.412
409.705	11.911	46.985	80.854
409.580	13.029	46.858	80.380
410.241	13.425	46.327	81.167
410.783	15.365	46.036	81.463
411.124	16.802	46.681	81.957
411.896	17.925	45.088	82.463
413.064	22.337	45.936	83.592
413.871	22.854	44.450	83.297
414.379	24.264	44.933	83.700
415.299	22.683	43.876	84.899
415.093	21.942	42.482	83.534
415.972	21.781	42.739	84.781
416.886	22.535	41.308	83.967
417.416	23.001	42.160	84.053
417.371	23.780	41.840	83.758
417.538	24.203	40.232	83.696
416.734	24.858	40.629	84.448
415.911	27.706	40.847	84.500
415.153	29.631	41.232	85.214
415.210	31.209	40.773	84.944
414.288	34.675	40.418	85.773
413.621	34.882	40.048	85.494
412.571	35.148	40.100	85.662
409.931	35.360	41.482	86.569
409.005	35.436	41.034	87.536
407.729	36.175	41.242	86.679
405.709	35.296	41.747	87.215
405.537	34.881	41.804	86.875
405.437	35.346	41.373	86.979
405.469	36.201	42.526	88.039
405.686	36.929	42.250	88.437
406.306	40.476	43.096	89.446
405.931	41.000	44.445	90.003
406.580	43.011	44.386	90.343
409.135	46.162	44.994	91.382
410.862	47.865	44.818	91.026
412.572	49.125	44.435	91.531
413.600	51.027	45.101	90.598
415.347	50.351	47.681	92.396
416.721	49.973	47.835	91.461
419.087	50.254	49.081	90.947
420.144	51.274	49.621	91.359
421.894	52.843	49.432	90.631
422.851	56.447	50.283	90.117
422.673	56.623	50.502	89.848
423.471	60.105	48.996	91.039
423.003	62.830	48.548	90.947
423.207	64.320	47.263	91.424
420.535	68.103	48.542	93.794
419.287	69.429	48.463	92.821
417.526	71.340	47.166	93.171
412.743	75.381	45.923	93.220
410.597	77.239	45.256	92.830
407.013	80.997	44.289	91.698
401.619	84.127	44.452	92.413
399.873	85.314	43.389	91.108
397.285	85.300	44.007	91.613
394.221	84.932	43.564	92.236
391.853	83.166	43.429	91.843
389.470	81.173	43.506	92.727
387.344	81.629	45.309	88.782
387.884	82.022	44.180	89.152
387.743	82.215	44.262	89.795
388.093	83.565	46.653	88.982
389.938	84.947	47.658	88.625
391.185	85.530	48.019	88.523
393.024	86.044	46.848	88.299
393.760	86.745	48.256	88.099
398.086	86.308	46.875	89.526
399.662	85.095	47.827	89.821
404.447	86.059	44.970	90.174
404.847	86.234	45.570	90.620
405.901	85.721	45.976	90.159
407.480	84.169	47.301	89.645
408.825	82.698	46.162	90.270
410.260	81.725	45.307	91.222
411.611	79.315	44.789	90.746
411.734	78.343	43.762	91.669
411.692	79.174	43.854	90.739
411.951	76.153	43.015	91.204
412.265	76.116	42.805	88.819
413.264	75.530	42.515	88.935
414.769	75.930	42.540	89.901
414.828	75.663	42.087	90.399
415.110	75.997	42.259	91.157
415.135	77.348	41.857	90.120
414.755	78.100	41.806	90.602
413.606	79.089	42.938	89.939
412.508	82.882	42.957	91.074
411.985	85.023	42.333	91.590
410.601	86.951	43.170	90.173
408.463	90.439	43.982	89.445
408.029	91.209	44.140	89.917
407.471	91.086	44.019	91.889
408.250	92.964	44.698	92.838
407.489	94.769	45.275	92.015
408.293	96.437	46.374	91.836
408.366	97.938	45.706	93.082
408.439	98.856	47.202	92.846
409.494	100.171	47.295	93.117
411.998	103.030	50.496	97.323
415.271	105.286	50.012	99.611
416.583	108.520	53.129	97.178
431.898	113.213	50.065	100.295
435.621	115.906	50.957	96.383
444.141	119.434	55.005	99.129
451.274	121.248	51.527	98.417
456.534	122.362	51.202	99.328
464.102	127.652	52.303	97.830
469.582	129.029	49.478	100.340
474.325	130.903	46.722	99.172
481.425	135.691	47.762	95.040
486.162	137.833	46.698	95.677
490.173	140.950	45.773	97.254
495.717	146.853	46.389	94.118
495.462	149.815	47.819	91.879
497.232	152.589	48.562	90.773
498.284	156.288	46.781	91.527
498.078	157.477	45.322	96.112
497.006	159.754	44.951	91.822
486.459	164.117	48.170	90.214
483.330	163.289	46.551	90.343
471.744	158.119	47.474	94.537
461.912	161.388	49.467	92.052
455.719	160.418	49.450	87.996
437.806	157.314	51.945	90.013
432.991	156.249	50.384	92.033
424.594	149.687	53.499	95.608
411.027	148.062	52.730	92.876
405.604	143.634	53.580	96.792
394.241	137.521	45.718	98.751
391.964	134.396	45.177	99.891
387.603	132.222	46.695	99.334
379.443	120.787	47.549	100.441
376.763	115.847	45.662	100.117
375.814	110.384	43.640	100.101
372.628	103.539	45.888	100.014
371.787	99.501	44.810	99.577
371.668	96.749	44.059	97.973
372.924	85.275	42.238	99.379
372.278	85.105	43.101	95.328
372.764	83.835	42.212	92.625
372.662	77.721	42.936	97.537
372.971	75.862	43.972	94.923
374.388	73.298	44.933	96.897
375.832	72.178	45.568	92.867
378.098	70.865	44.765	92.131
379.839	70.820	44.728	92.477
382.838	71.910	46.207	93.630
384.832	74.297	45.852	93.123
384.953	77.144	46.932	92.857
390.706	81.062	45.363	93.242
392.719	84.629	45.144	91.193
397.970	87.249	45.390	92.803
398.768	88.912	47.403	92.612
402.198	90.299	45.714	92.526
404.688	91.117	46.554	93.809
410.334	91.277	46.865	91.885
413.388	90.675	45.790	92.600
418.604	86.785	45.059	93.952
419.515	85.913	45.652	92.033
421.754	84.788	45.713	91.515
423.134	84.035	45.368	91.327
423.226	84.606	44.824	90.448
422.543	84.488	44.230	91.159
418.463	87.948	48.686	83.944
416.361	87.800	48.691	84.675
414.205	88.569	48.430	83.292
409.201	86.749	48.562	84.260
404.843	84.523	49.314	85.858
403.079	81.480	47.180	88.808
396.916	76.350	47.565	90.873
393.585	74.564	47.450	89.476
388.509	70.338	49.480	90.013
388.152	68.654	46.486	89.968
385.947	68.258	46.605	87.513
385.070	66.164	47.432	87.311
385.225	66.101	47.850	85.728
386.286	66.280	49.852	85.740
386.186	67.569	51.392	85.576
387.915	70.224	53.525	85.461
390.799	71.617	52.174	86.492
395.189	72.928	49.174	88.513
399.089	77.431	47.398	87.534
400.983	79.679	45.034	86.872
403.309	82.716	45.832	84.377
410.422	82.046	44.871	83.802
413.101	79.588	45.136	85.589
421.328	74.079	42.579	86.386
424.140	70.747	42.817	87.938
426.420	69.301	42.493	87.959
429.747	63.471	43.285	88.133
431.574	61.849	42.258	87.707
436.639	57.344	40.224	87.252
437.718	56.748	41.053	86.078
437.063	58.999	44.120	81.099
443.369	59.303	40.960	82.218
445.940	59.420	39.246	83.320
447.855	61.481	40.239	82.117
448.230	62.909	39.053	81.531
447.564	66.823	39.133	76.807
444.390	67.166	37.559	76.651
441.026	66.761	38.670	77.462
436.838	67.847	40.895	75.741
429.293	66.811	47.219	77.518
424.808	69.565	50.309	75.565
422.974	70.343	51.983	71.004
419.811	69.557	58.417	69.073
415.567	71.461	65.714	68.082
413.226	74.490	67.615	64.795
409.506	72.027	73.698	60.774
407.787	71.703	76.904	59.578
408.032	70.353	75.611	57.310
406.368	68.255	76.362	57.169
406.874	67.483	75.261	55.869
407.144	64.684	72.956	55.798
406.129	59.981	71.684	56.384
403.540	57.251	73.507	56.136
399.358	51.961	78.157	56.992
398.606	49.235	80.117	59.047
391.176	49.172	85.499	58.291
391.790	45.982	83.303	59.297
397.731	45.414	75.911	62.229
401.396	45.589	71.317	62.452
402.141	46.008	68.429	66.140
400.343	47.851	71.046	66.704
403.971	50.581	64.163	71.050
404.641	47.874	60.616	76.075
406.163	47.307	57.886	75.993
403.283	44.853	53.940	80.341
399.928	45.948	54.759	78.613
399.277	46.287	52.347	77.202
397.257	45.636	48.465	78.226
397.792	44.871	46.268	77.600
396.767	44.515	46.241	77.653
397.727	45.677	44.203	77.972
399.874	45.853	42.742	78.450
401.206	45.613	42.787	78.925
402.779	43.387	41.440	78.333
404.441	41.021	40.154	77.833
405.385	36.671	39.984	78.022
406.598	28.341	41.748	79.106
408.745	23.999	42.008	79.131
410.615	20.707	43.574	78.572
413.481	16.251	48.765	80.016
411.400	16.228	53.339	77.869
415.216	13.694	55.017	76.424
416.623	13.403	56.341	74.817
417.926	14.146	59.212	74.784
421.284	15.271	63.899	72.000
423.169	15.378	63.196	70.211
425.922	12.324	61.555	71.990
426.775	10.803	60.252	72.873
428.400	8.790	56.050	74.965
434.274	4.700	45.678	77.382
434.157	4.138	41.099	77.122
433.387	3.469	40.492	76.805
432.318	3.560	38.433	77.090
433.407	2.676	36.975	77.397
433.051	2.018	37.213	77.531
435.469	4.119	37.687	76.181
436.927	4.924	38.384	76.395
441.345	7.246	41.349	76.746
442.878	7.850	43.046	77.143
444.566	8.970	44.692	77.188
449.352	11.295	47.706	76.275
451.252	11.199	48.802	76.639
453.384	11.023	48.939	76.736
452.885	11.127	50.352	75.292
452.847	9.100	48.822	76.587
451.515	6.966	48.313	77.349
449.681	4.994	45.020	76.619
450.414	3.628	41.132	75.814
449.197	2.672	40.464	75.696
447.616	1.370	39.498	74.788
447.546	0.652	37.930	73.774
447.250	0.448	38.713	73.559
447.954	0.011	38.684	73.408
450.226	0.000	37.905	73.538
451.308	0.292	36.949	73.252
453.195	0.442	36.345	72.639
453.134	0.564	37.490	73.029
452.656	0.623	38.225	71.356
449.820	0.238	38.176	71.354
448.966	0.013	37.150	71.013
447.304	0.062	36.985	70.416
445.944	0.013	35.774	67.622
445.251	0.000	35.752	65.427
447.146	0.000	35.858	63.671
448.758	0.000	35.631	62.602
448.243	1.345	37.463	58.638
450.419	0.948	38.840	58.835
450.946	0.606	40.113	58.933
450.141	0.677	40.033	57.345
449.060	0.000	42.344	58.440
446.188	1.125	42.398	56.318
443.606	1.405	40.356	56.546
442.525	1.162	39.931	56.483
440.960	1.543	36.353	56.378
436.347	1.390	37.655	54.377
436.641	1.370	34.090	54.966
434.205	0.900	35.333	55.091
433.590	0.011	35.093	55.024
435.093	0.000	34.559	52.373
435.840	0.000	34.401	52.735
439.337	0.000	33.794	49.904
441.423	0.000	32.824	50.373
443.829	0.000	32.788	49.278
447.504	0.000	34.611	46.928
448.831	0.000	35.604	47.324
448.712	0.000	34.897	47.118
447.792	0.000	34.888	46.883
446.068	0.000	35.301	47.314
441.102	0.000	34.993	46.872
439.370	0.000	34.002	47.064
436.773	0.000	32.923	46.151
431.538	0.000	33.146	44.947
428.837	0.000	34.177	42.739
429.489	0.000	32.388	40.912
429.620	0.000	32.034	40.553
430.142	0.000	30.760	40.223
429.884	0.000	30.029	39.816
429.635	0.000	30.228	40.304
428.710	0.000	30.301	40.678
428.531	0.000	30.301	41.272
428.528	0.000	29.932	41.173
427.698	0.073	30.001	40.894
427.169	0.000	30.263	39.936
426.666	0.000	30.390	39.857
425.257	0.052	30.913	40.555
424.252	0.025	30.730	40.847
423.376	0.000	30.041	41.105
421.285	0.000	29.866	41.125
420.407	0.000	30.725	40.243
418.487	0.000	30.306	40.508
417.096	0.000	30.462	41.284
414.002	0.000	31.184	41.693
412.673	0.000	30.141	41.736
407.978	0.000	30.488	41.612
403.227	0.000	31.956	41.693
401.645	0.000	31.067	42.143
396.836	0.000	31.672	42.817
395.462	0.000	31.305	43.520
393.847	0.000	32.252	44.382
391.727	0.000	31.104	45.607
390.183	0.000	31.353	45.555
389.471	0.000	31.724	46.348
388.355	0.000	31.296	47.480
388.142	0.000	31.048	48.130
386.435	0.000	31.872	48.673
385.376	0.000	32.490	48.525
384.699	0.000	32.073	47.807
384.214	0.000	32.133	48.248
383.979	0.000	31.924	48.085
383.381	0.000	32.407	48.109
383.559	0.000	31.274	48.039
382.545	0.000	32.048	47.810
382.644	0.000	31.922	48.527
381.887	0.000	32.598	48.224
382.188	0.000	32.748	48.735
382.285	0.000	33.063	48.753
382.975	0.000	32.555	48.304
382.810	0.000	32.615	48.062
382.920	0.000	32.888	48.363
383.103	0.000	32.541	48.730
382.810	0.000	33.098	48.660
382.884	0.000	32.999	48.894
382.624	0.000	33.259	48.235
382.594	0.000	32.956	47.899
382.504	0.000	32.722	48.178
382.902	0.000	32.508	48.409
382.704	0.000	33.147	48.847
382.661	0.000	32.508	48.535
382.194	0.000	33.111	48.474
382.115	0.000	33.271	48.105
382.059	0.000	32.363	48.660
381.773	0.000	32.475	48.451
380.876	0.000	32.508	48.059
380.631	0.000	32.615	47.765
380.339	0.000	32.351	46.400
379.821	0.000	31.558	46.444
379.847	0.000	32.067	46.135
379.589	0.000	32.396	46.201
379.965	0.000	32.470	46.829
379.399	0.000	32.829	47.260
378.013	0.000	32.852	47.650
377.088	0.000	33.102	47.833
376.699	0.000	33.479	48.735
375.188	0.000	34.214	48.838
373.444	0.000	34.915	49.632
370.561	0.000	36.027	48.255
370.203	0.000	35.677	48.047
369.455	0.000	36.042	47.767
368.603	0.000	35.615	47.233
367.594	0.000	35.873	47.081
366.741	0.000	34.534	45.948
365.444	0.000	34.385	45.551
363.865	0.000	35.065	44.812
362.321	0.000	35.249	44.827
360.546	0.000	34.704	44.753
360.166	0.000	32.845	45.367
359.068	0.000	32.859	45.159
357.982	0.000	32.668	44.772
357.582	0.000	32.852	44.615
357.546	0.000	33.443	45.866
357.193	0.000	33.353	46.288
356.902	0.000	32.443	46.762
355.546	0.000	32.855	45.538
355.079	0.000	33.109	45.332
353.468	0.000	32.487	45.375
351.585	0.000	32.806	45.965
350.143	0.000	33.236	46.466
348.684	0.000	32.565	45.381
347.817	0.000	33.206	45.411
347.390	0.000	34.108	44.983
347.785	0.000	33.833	46.184
348.323	0.000	34.499	46.557
348.570	0.000	34.866	46.515
351.787	0.000	34.668	47.762
353.216	0.000	35.090	47.462
358.134	0.000	34.888	48.720
360.600	0.000	35.397	47.316
363.732	0.000	35.079	47.588
369.324	0.000	35.816	49.052
372.905	0.000	35.421	48.412
375.120	0.000	36.743	49.107
381.998	0.000	36.253	49.427
387.279	0.000	35.235	49.546
394.292	0.000	35.141	51.853
398.080	0.000	34.934	52.423
403.425	0.000	33.902	52.609
406.568	0.000	31.705	52.736
409.482	0.000	33.133	52.471
414.534	0.000	33.906	55.163
417.242	0.000	32.546	56.343
422.415	0.589	34.391	57.383
425.540	0.668	35.167	58.497
431.968	1.713	35.510	59.611
436.017	0.815	35.347	61.890
438.855	1.069	36.403	62.480
444.137	2.039	37.508	61.632
446.431	1.357	36.355	61.882
448.665	0.477	35.718	63.698
450.844	1.051	35.453	63.674
451.038	2.031	34.728	63.412
450.725	1.224	34.847	63.832
446.401	1.837	38.147	61.951
444.691	1.168	37.984	63.236
442.921	0.978	38.403	62.226
441.928	0.101	37.333	64.170
439.898	0.035	36.975	64.568
434.381	0.168	34.354	66.101
431.438	0.149	34.740	68.435
429.014	1.853	35.169	69.040
423.354	5.736	35.511	70.209
421.494	7.864	35.674	68.522
420.924	10.210	35.744	68.378
419.555	13.377	37.514	69.635
419.590	15.487	37.990	68.842
418.878	18.857	38.911	70.989
417.851	21.194	40.538	69.406
416.261	23.313	40.341	68.897
415.149	23.441	40.602	70.603
411.514	22.405	40.716	69.891
409.990	20.616	38.904	70.266
408.554	19.850	38.118	68.092
404.639	16.987	36.975	70.584
403.780	16.794	36.082	69.228
403.200	14.464	35.712	70.352
402.700	12.655	34.776	70.782
402.295	10.462	35.080	70.937
402.126	10.592	35.012	70.327
400.462	6.892	36.531	70.702
399.810	5.713	38.163	71.056
398.877	5.710	40.067	69.617
397.017	6.180	44.157	68.601
394.980	6.021	48.413	67.680
390.558	6.375	52.964	64.168
386.883	5.263	54.148	63.524
384.360	5.292	56.512	62.269
379.354	4.175	53.874	64.203
377.436	4.148	54.584	65.000
371.983	3.153	54.174	63.517
369.837	2.255	54.998	63.132
364.139	0.646	53.580	65.775
360.616	0.769	53.131	62.916
357.562	0.749	53.810	63.033
349.811	0.000	54.737	66.873
345.820	0.000	53.195	65.345
342.069	0.000	53.713	64.777
338.587	0.000	52.311	61.662
330.835	0.000	52.927	65.048
328.204	0.000	52.558	62.054
320.908	0.000	52.474	60.441
319.623	0.000	52.005	58.842
314.739	0.000	53.949	58.955
311.426	0.000	55.132	56.475
304.578	0.000	54.284	54.991
297.360	0.000	52.213	53.948
296.271	0.000	50.249	56.708
293.535	0.000	49.075	54.215
289.693	0.000	45.432	48.768
285.823	0.000	40.276	49.056
275.305	0.000	40.776	42.116
275.768	0.000	37.596	46.589
261.596	0.000	43.203	47.939
248.187	0.000	49.916	41.557
252.776	0.000	45.299	40.341
243.177	2.593	42.783	43.144
233.947	0.000	47.497	36.236
231.762	0.000	43.758	45.369
230.217	0.000	42.068	41.073
224.767	0.000	52.554	43.290
215.858	0.000	58.019	39.374
221.104	2.518	61.511	48.497
205.203	0.925	60.838	55.516
198.728	0.000	55.955	56.226
194.656	0.000	64.628	54.587
193.777	0.000	69.332	56.120
195.202	1.421	65.058	57.450
182.695	0.000	60.785	48.437
171.669	1.344	58.383	50.516
168.497	0.000	63.721	43.015
160.532	0.000	59.891	43.471
160.280	2.364	63.023	37.646
155.632	3.252	55.578	40.218
152.663	0.455	47.032	41.888
150.672	0.000	48.978	39.819
147.385	0.000	45.624	35.323
143.536	0.000	39.395	38.778
144.636	0.000	36.029	38.982
138.397	0.000	42.068	36.756
135.207	0.000	40.644	36.639
131.269	0.000	41.374	35.154
129.452	0.000	43.677	32.329
130.863	0.000	41.292	31.433
126.242	0.333	39.872	27.539
129.037	0.000	35.005	27.187
123.611	0.000	34.237	27.127
121.337	0.000	37.094	28.625
