277.000	218.000	18.000	21.000
275.722	218.025	18.300	21.963
273.442	217.873	18.293	22.347
272.254	217.817	17.962	22.479
269.488	217.671	17.914	23.061
267.082	217.265	17.994	22.587
264.643	217.090	18.092	22.465
261.780	216.839	17.743	22.097
260.474	217.101	17.513	21.413
257.965	215.854	17.495	21.621
255.676	215.940	17.406	20.956
254.707	213.387	18.499	22.471
252.143	212.512	17.869	23.088
250.759	212.806	17.917	22.294
250.161	211.735	17.614	22.870
249.595	211.456	17.754	22.932
247.908	210.627	18.730	22.630
248.217	209.265	18.073	23.427
247.127	209.828	18.916	23.538
246.384	209.929	17.233	23.681
246.576	211.610	17.599	21.845
246.896	212.565	16.071	20.657
247.438	212.500	15.600	20.071
248.160	212.354	16.277	20.834
249.709	212.585	18.059	21.137
251.710	213.468	17.704	20.839
253.599	213.689	19.265	21.731
254.055	213.638	17.465	22.435
254.918	214.645	17.674	20.600
256.514	214.782	17.153	21.317
258.267	216.399	18.785	20.902
264.094	216.188	17.760	22.799
262.223	217.592	18.452	21.552
269.714	216.721	16.430	22.410
270.022	216.197	17.418	22.709
272.176	216.792	18.712	22.730
272.688	217.030	18.751	23.387
277.076	217.172	17.362	23.212
278.412	217.828	17.242	22.316
279.980	217.859	16.948	22.696
280.797	216.683	17.493	23.517
282.268	217.124	17.505	23.044
283.325	217.739	17.652	23.121
284.050	217.536	17.692	23.382
284.243	217.430	18.118	23.411
285.072	216.998	17.833	23.746
285.437	216.617	17.902	23.203
284.908	216.861	18.437	23.354
285.208	217.612	17.847	23.082
284.240	217.454	17.783	23.403
283.503	217.613	18.770	23.276
282.584	217.115	18.009	23.247
280.174	216.792	18.981	23.811
279.702	217.548	18.687	23.182
277.128	217.544	19.039	23.654
276.271	217.976	18.922	23.035
273.106	217.931	19.128	22.725
270.156	216.625	19.443	23.121
269.069	216.837	19.110	22.978
266.256	217.012	18.768	23.134
264.839	217.058	18.672	23.026
263.672	216.803	18.426	22.646
260.215	216.528	19.135	22.367
258.444	215.856	19.065	22.950
255.306	215.331	19.532	22.149
252.249	214.391	19.951	22.519
251.040	213.845	20.011	22.563
248.236	212.518	20.153	23.140
247.559	212.320	20.017	22.747
245.204	211.019	19.930	22.772
244.285	210.987	19.986	22.645
242.421	210.400	20.039	23.351
241.097	210.484	20.792	23.237
240.440	210.155	21.001	23.449
239.949	209.585	20.175	22.904
240.012	208.265	19.290	24.146
239.294	207.782	19.747	24.809
239.059	207.897	19.517	24.534
239.112	208.582	19.425	23.971
238.420	209.559	20.066	23.575
238.258	209.296	20.279	24.074
238.253	210.027	20.555	23.573
238.559	208.958	20.516	24.114
239.110	209.659	20.303	23.508
239.917	210.088	20.585	23.640
240.495	210.114	20.285	24.418
241.200	209.551	20.394	24.381
241.281	209.962	21.203	24.074
242.349	207.984	20.257	25.418
243.300	208.924	20.620	24.818
243.602	209.667	20.495	24.284
243.763	209.204	20.777	24.979
244.243	209.924	21.250	23.897
244.706	209.580	20.938	23.800
244.893	208.828	20.913	24.379
244.736	209.082	20.868	24.321
245.611	209.664	20.494	24.221
245.771	209.787	20.153	24.762
245.716	209.940	20.424	24.157
245.446	209.454	20.319	24.927
245.317	208.595	19.981	25.463
244.226	209.737	20.985	24.126
243.787	209.926	20.910	24.366
241.860	209.838	21.737	24.515
241.095	209.498	21.182	23.833
240.237	208.280	20.767	25.196
238.424	209.649	21.021	24.084
237.567	209.652	21.523	24.283
235.427	209.392	21.503	23.447
234.731	208.828	21.483	24.505
234.095	208.225	21.246	25.143
232.051	207.478	21.082	24.582
231.080	208.203	21.953	24.167
229.034	208.465	22.570	23.623
228.789	207.905	22.414	24.228
228.210	207.219	22.033	25.020
226.127	207.080	22.583	24.575
225.425	206.789	21.536	25.331
224.553	207.168	22.310	24.951
224.018	207.785	21.845	24.284
223.334	206.987	21.920	24.678
222.468	207.167	22.497	24.121
222.658	206.359	22.350	24.605
223.024	206.761	21.704	24.564
223.353	207.288	21.800	24.351
223.899	207.996	21.593	24.281
224.659	208.756	21.869	24.452
225.755	209.504	21.708	24.515
226.449	210.091	21.831	23.947
228.690	210.359	21.455	24.145
230.372	209.880	20.563	24.924
232.535	210.263	20.918	24.007
234.662	210.262	21.732	23.164
235.637	209.507	21.522	23.778
238.289	208.303	21.958	23.681
240.447	207.201	20.989	25.103
242.381	206.147	21.378	25.908
244.829	205.053	22.018	25.845
246.441	204.431	21.688	25.435
249.547	203.304	21.656	24.192
250.957	202.715	21.270	24.637
252.197	202.344	21.302	24.013
254.970	201.498	21.084	24.623
255.616	201.478	20.992	24.231
257.111	200.739	21.857	23.994
258.349	199.356	20.553	24.330
259.588	197.423	20.540	25.163
259.899	197.960	20.847	24.002
260.466	198.317	21.253	24.369
261.032	198.453	21.080	23.126
261.359	197.566	19.798	24.438
261.131	197.467	20.067	23.927
260.700	197.900	19.772	24.773
260.599	199.141	19.931	23.579
259.294	201.984	19.980	24.025
257.865	204.118	20.287	23.479
256.665	205.580	20.791	23.130
255.844	206.157	20.519	23.520
253.921	207.875	19.959	23.787
253.350	209.404	20.157	23.863
252.233	210.962	20.491	23.783
249.904	212.741	19.976	23.985
248.912	213.795	20.182	23.878
246.280	214.388	20.599	23.932
245.314	214.855	20.540	23.986
243.018	216.377	20.198	24.453
242.265	217.232	19.819	24.235
240.974	217.131	19.990	24.763
239.376	218.255	19.339	23.832
238.223	218.457	19.090	24.077
231.478	220.782	20.146	22.577
229.958	219.940	19.759	23.843
229.194	221.103	20.282	22.713
228.985	221.849	19.883	22.832
229.020	221.728	19.596	22.221
228.861	221.291	19.204	22.329
228.023	221.030	19.624	22.341
227.801	221.138	19.537	22.195
227.832	221.152	19.545	22.234
227.700	220.862	19.759	22.529
228.488	221.062	19.182	22.165
228.303	220.406	19.446	22.603
228.979	217.760	18.872	22.405
229.543	215.468	18.988	23.199
229.598	214.616	19.195	23.403
229.919	214.377	19.558	23.063
230.952	212.400	19.104	23.114
231.318	212.377	19.565	22.100
231.955	210.492	19.581	22.412
232.662	208.872	19.345	23.548
233.304	209.298	19.465	23.219
234.038	207.873	19.635	24.102
234.950	207.190	19.686	24.344
235.447	207.277	19.448	24.384
236.744	206.570	19.264	24.242
236.565	206.115	20.284	24.543
238.011	205.739	19.648	24.467
238.997	205.529	19.621	23.957
240.039	205.338	19.240	24.707
241.349	205.253	19.539	24.640
242.283	204.746	19.284	24.981
243.964	203.874	19.325	25.558
244.182	203.189	19.344	26.034
245.804	204.525	19.359	25.055
246.123	204.355	19.439	25.876
246.877	204.656	20.120	24.693
247.849	204.946	19.663	25.001
248.580	204.498	19.478	25.107
249.639	204.635	19.714	23.917
250.507	205.342	20.052	24.260
251.246	205.711	19.829	24.149
252.357	205.603	19.957	24.374
252.707	204.950	20.339	24.862
255.389	204.338	18.848	24.096
255.719	203.424	19.077	24.587
256.592	203.579	19.441	24.279
257.437	204.658	19.763	23.497
258.503	204.300	19.361	23.421
259.663	204.643	19.731	23.046
260.173	204.307	19.570	23.604
261.640	202.964	18.505	24.192
262.146	203.938	18.966	23.602
262.404	204.421	19.459	23.190
262.929	205.051	19.901	22.941
263.445	205.355	19.719	23.113
263.456	205.178	19.605	23.717
263.973	204.975	19.414	23.437
264.787	205.435	19.214	23.279
264.859	207.679	19.507	23.251
265.370	208.693	19.281	23.493
265.860	209.727	19.120	23.721
266.503	211.296	18.707	23.813
266.527	211.938	18.602	23.983
266.608	213.028	18.615	23.910
266.760	216.077	18.523	24.038
267.087	218.830	18.219	24.223
266.741	219.972	18.600	23.688
266.634	221.107	18.788	23.674
266.598	222.329	18.416	23.761
266.495	223.567	18.430	24.004
266.435	225.749	18.556	23.156
266.589	226.578	18.359	23.283
266.333	227.501	18.550	23.584
266.238	228.071	18.664	23.313
266.268	228.953	18.525	23.353
266.407	229.667	18.256	23.552
266.465	230.377	18.287	23.268
266.847	231.512	17.958	23.186
266.272	232.801	18.769	23.365
266.613	233.567	18.483	23.260
266.441	234.273	18.772	23.228
266.658	235.677	18.927	23.092
267.337	236.696	18.662	22.818
267.617	236.691	18.770	22.926
267.926	236.335	18.886	22.781
269.050	234.468	18.399	23.614
269.500	234.004	18.133	23.307
270.050	230.383	18.590	23.134
270.954	228.625	18.061	23.691
271.332	227.438	18.177	23.806
272.884	225.609	18.033	23.767
273.475	225.454	18.010	23.351
273.879	224.668	18.215	23.425
275.253	224.122	18.089	23.078
276.076	223.414	17.651	23.360
277.161	222.672	17.343	24.339
277.847	222.634	17.825	23.448
278.746	222.276	17.473	23.354
280.055	221.829	17.596	23.729
280.718	220.843	17.572	24.277
281.975	219.551	17.781	23.807
282.578	218.933	17.546	23.981
282.911	218.423	18.417	23.354
283.930	218.010	17.397	23.624
283.983	217.145	18.162	23.960
284.136	216.902	18.146	24.052
284.188	216.664	18.440	23.414
284.710	216.896	18.400	23.814
284.718	217.656	18.573	23.941
285.122	218.516	18.536	23.939
285.088	218.687	18.303	23.523
285.067	218.966	18.549	23.371
285.554	218.391	18.003	24.090
284.883	219.778	18.922	23.252
284.718	220.578	18.702	23.589
283.955	220.803	19.386	23.957
283.727	221.437	18.681	23.751
283.007	221.734	18.975	23.355
282.457	222.667	18.919	23.466
282.029	223.578	18.837	23.806
280.887	224.992	18.934	23.385
280.294	226.115	19.388	23.017
280.213	226.608	18.495	23.596
278.389	228.061	18.701	23.271
277.662	228.876	18.803	23.360
276.742	229.656	18.804	23.546
274.169	229.189	19.185	23.799
272.957	228.030	19.333	24.512
269.575	227.128	19.442	23.745
268.674	226.729	18.748	23.145
266.766	226.372	18.743	23.686
263.096	225.612	19.472	23.814
261.815	225.418	18.711	23.410
257.685	222.975	18.444	23.539
256.636	222.486	18.868	23.002
252.743	220.105	18.943	22.426
250.208	218.117	19.398	23.266
246.344	215.643	19.374	22.657
243.711	214.236	20.291	23.011
242.008	213.427	19.960	22.920
236.335	212.567	20.949	21.860
234.340	211.600	19.945	22.319
229.488	210.640	21.648	23.831
228.054	210.137	21.252	24.588
226.835	209.664	20.989	24.547
224.630	208.582	20.537	24.851
222.277	208.010	20.640	24.213
221.232	207.380	21.269	24.060
219.613	207.640	21.087	23.614
219.299	209.017	20.390	22.935
219.054	208.929	19.562	23.300
218.163	208.264	18.705	23.887
218.709	208.435	19.179	22.852
220.222	206.563	19.753	23.641
221.108	208.646	17.942	22.284
224.449	208.771	19.835	22.800
225.830	209.051	20.210	23.121
227.507	209.705	21.607	23.464
230.365	210.939	20.824	23.705
232.251	211.647	20.623	23.718
236.444	215.423	16.898	21.072
239.314	215.872	18.254	20.826
245.062	216.088	19.031	21.149
247.318	214.904	19.528	22.830
253.685	215.296	19.383	22.794
256.683	216.298	19.166	21.151
263.804	214.711	18.030	21.731
265.200	214.187	18.702	21.845
270.646	213.295	17.791	22.169
272.217	212.904	18.670	22.030
275.662	211.604	18.946	22.722
277.918	211.160	18.514	22.645
280.535	210.364	18.617	22.964
281.875	210.092	18.802	23.066
283.884	210.492	18.536	22.951
284.150	210.314	19.124	23.769
284.009	210.445	19.534	24.203
284.524	210.788	19.438	23.597
283.985	211.264	19.631	23.582
283.448	211.773	19.936	23.530
281.859	212.321	20.013	24.126
281.036	212.543	19.851	23.795
278.478	212.483	19.376	23.776
277.005	212.457	19.500	23.447
273.176	212.468	20.100	23.223
271.918	212.693	20.212	23.381
267.756	213.182	20.624	23.598
263.718	212.873	20.437	23.164
261.975	212.507	19.956	23.141
259.478	211.782	20.119	23.183
254.324	211.154	19.189	23.153
252.280	211.260	19.178	22.937
247.713	209.969	20.423	23.898
245.124	209.504	20.518	23.460
242.575	207.732	21.505	24.697
239.306	205.967	20.265	23.286
236.186	205.063	20.554	23.555
229.757	204.273	22.139	22.999
227.930	203.324	22.475	24.951
225.953	203.265	21.354	24.660
221.197	202.918	22.743	24.450
218.420	201.711	23.105	24.666
214.860	201.952	21.910	23.365
213.752	201.003	21.650	24.110
210.150	200.074	21.383	23.829
209.149	200.620	20.790	23.585
208.005	199.908	20.882	23.564
206.223	199.726	19.905	23.443
205.223	199.753	20.243	23.861
204.528	200.411	19.620	22.912
203.968	200.493	19.887	22.749
204.098	200.435	19.549	23.035
204.098	199.988	19.591	22.958
204.251	200.034	19.344	22.613
204.703	200.920	19.301	22.610
204.915	201.756	19.555	22.629
206.071	202.118	19.396	22.399
205.976	201.604	19.865	22.845
206.634	200.469	19.938	22.602
207.568	200.248	20.466	22.668
207.890	200.333	19.944	23.315
208.317	200.190	20.512	23.674
209.235	200.424	21.167	22.199
210.354	198.724	20.175	23.085
210.520	198.312	20.358	23.071
210.626	198.658	20.706	22.350
210.761	197.516	20.539	23.904
210.293	196.908	20.356	23.166
209.916	197.331	20.190	22.741
209.384	197.649	19.804	22.362
209.227	198.593	19.476	21.775
207.022	198.248	19.810	22.441
206.482	198.455	19.025	22.801
205.338	197.617	18.818	23.512
203.217	198.309	18.400	22.635
201.282	198.572	18.873	21.662
199.727	198.940	18.881	21.432
195.553	199.583	19.572	21.365
194.415	198.240	19.839	21.595
189.842	198.316	20.448	21.360
187.834	198.229	19.806	22.452
183.349	198.931	19.166	21.188
182.107	198.771	18.887	21.163
177.829	197.524	19.283	21.524
175.942	197.737	20.028	20.483
172.283	196.885	20.846	20.732
170.834	197.343	19.930	19.809
169.536	196.612	19.935	20.141
166.620	197.198	21.602	20.370
165.994	196.734	18.504	20.866
164.113	194.130	19.188	21.447
162.188	192.278	22.608	24.051
159.704	187.926	25.657	30.230
163.777	192.595	23.332	26.360
161.568	193.783	23.483	26.602
161.578	194.785	22.844	23.247
163.596	193.264	17.719	22.656
164.938	194.717	21.711	20.822
165.578	194.526	20.509	22.273
168.392	197.008	20.770	20.444
170.050	197.496	20.158	20.183
172.771	197.439	20.144	20.706
175.861	198.189	21.187	20.683
177.407	199.308	20.461	20.621
180.715	200.099	20.822	21.132
185.965	201.720	18.641	22.022
187.636	204.103	20.969	21.344
192.884	204.934	19.943	21.644
195.137	204.326	21.732	21.962
198.188	206.357	19.853	21.453
205.003	206.229	18.414	21.796
205.433	207.693	22.571	21.703
213.270	208.559	18.027	22.435
214.005	208.168	20.231	22.961
216.944	208.230	21.747	23.255
223.161	206.981	20.554	23.407
225.590	208.612	22.024	23.187
227.172	209.975	21.712	22.906
232.307	210.326	21.285	23.119
234.027	210.786	21.271	22.649
235.997	210.404	21.219	23.220
240.781	209.193	21.223	23.153
244.669	210.501	19.207	23.020
245.486	211.141	19.775	23.146
249.193	211.456	17.927	23.535
250.128	212.349	18.591	22.916
251.271	212.521	18.237	23.207
252.386	211.465	18.291	24.129
253.110	213.340	19.051	23.186
253.950	213.927	18.743	23.767
253.998	214.353	18.687	23.256
253.623	214.806	19.219	23.196
252.968	214.388	19.404	23.783
253.439	213.984	18.439	23.604
251.463	214.920	20.051	23.535
250.729	214.782	19.814	23.344
249.689	213.959	20.189	23.944
249.094	213.946	20.199	22.762
247.849	212.330	19.971	22.609
247.439	212.137	20.210	22.891
247.612	212.218	19.104	23.380
246.660	212.950	19.341	23.140
245.915	212.628	20.119	23.194
245.748	212.830	20.113	22.617
245.040	211.992	20.464	22.558
244.859	211.683	20.317	23.221
244.504	212.204	20.722	23.217
245.195	213.116	20.176	23.221
245.140	214.294	20.667	22.375
245.740	214.760	20.246	22.287
247.116	214.178	20.111	23.653
247.779	214.379	20.215	23.533
248.870	215.558	20.787	23.379
250.646	215.639	19.884	23.356
252.523	216.264	20.681	23.666
253.001	216.210	20.664	23.923
254.719	216.982	20.679	23.333
256.959	217.445	20.175	23.719
258.275	217.865	20.541	23.347
261.583	218.586	20.619	23.481
262.276	219.111	20.196	23.699
263.587	219.635	20.180	23.149
266.242	219.831	20.926	23.726
267.997	220.222	20.232	23.830
270.330	220.350	20.664	23.239
271.920	219.963	20.261	23.342
274.042	219.757	19.233	23.077
274.883	219.551	20.647	23.312
275.420	219.615	20.766	22.959
276.950	219.461	20.803	23.564
277.703	219.222	20.496	23.928
278.631	218.603	20.362	23.882
279.319	218.627	20.166	24.018
279.506	218.806	19.902	24.428
278.929	219.054	19.923	24.047
278.226	218.746	19.826	24.388
276.992	218.799	19.185	24.188
275.112	219.178	19.531	23.559
273.887	219.681	19.531	24.116
273.021	220.425	19.291	23.551
269.917	220.070	19.644	23.758
268.710	220.035	18.976	23.561
265.460	218.830	19.271	24.097
264.208	218.830	18.577	23.938
262.389	219.423	18.986	23.424
258.548	220.229	19.687	23.639
256.723	220.623	19.287	23.082
252.854	220.585	20.364	22.463
251.264	219.847	19.361	23.010
249.343	219.757	20.212	22.560
245.006	219.130	20.353	23.878
243.282	219.138	20.316	23.611
241.240	218.684	20.161	24.357
236.883	217.264	20.641	23.908
232.883	215.420	21.075	23.742
230.498	214.408	20.820	24.148
228.297	214.819	21.980	23.769
225.345	213.880	21.487	24.055
225.530	212.829	20.173	23.959
221.814	212.651	21.013	22.663
221.393	212.142	20.953	22.895
220.623	212.547	20.742	22.681
218.794	212.716	20.900	22.849
217.512	212.367	20.669	23.658
215.996	212.693	20.361	23.310
215.626	211.771	19.716	23.981
215.118	212.604	19.955	22.417
215.777	213.073	19.310	22.584
215.307	212.379	19.306	23.367
215.537	212.516	19.308	23.363
215.718	212.225	19.232	23.047
215.649	210.548	19.033	23.255
215.414	210.130	19.202	23.386
216.233	212.082	19.727	22.289
216.939	211.248	19.667	23.085
216.968	212.051	20.430	22.267
217.549	213.061	20.255	21.802
218.465	211.878	19.912	22.209
219.171	212.218	19.811	22.069
220.618	211.557	20.384	22.776
220.561	209.951	20.480	23.247
221.367	209.277	20.723	23.209
221.882	208.663	20.334	23.210
221.748	208.554	20.240	22.266
222.007	207.929	20.176	23.090
222.441	207.588	19.903	23.059
222.210	207.445	19.597	23.070
221.482	207.119	20.017	23.184
220.716	207.355	19.444	21.646
219.627	206.676	20.454	22.984
217.828	206.589	19.661	23.404
216.435	207.172	18.992	22.125
214.974	206.347	19.346	23.075
213.008	205.271	19.433	22.616
211.374	204.994	19.385	22.350
209.826	205.738	18.527	21.772
207.689	205.236	17.966	21.430
206.709	205.090	17.352	22.465
204.144	205.067	18.153	21.958
199.221	205.431	19.343	21.302
197.284	206.742	20.318	21.085
193.729	206.918	17.919	21.669
192.024	205.266	17.071	21.571
189.949	203.991	18.305	22.370
187.442	202.830	18.086	21.607
186.024	202.506	18.188	21.034
183.678	202.360	18.717	21.042
180.383	201.637	18.848	20.881
179.301	200.749	18.981	20.895
176.462	199.380	18.628	21.158
174.682	199.253	19.194	20.862
172.495	200.520	18.642	20.123
170.518	199.345	19.890	21.024
169.794	199.180	19.470	21.098
168.430	198.884	19.503	22.216
166.946	199.327	20.099	21.801
165.871	199.058	19.401	21.595
164.370	200.601	20.272	20.456
163.533	200.930	19.779	20.260
163.136	199.785	19.354	21.519
162.486	200.538	19.634	20.988
161.367	199.915	19.960	21.270
161.495	200.339	19.286	20.655
161.554	199.695	19.091	21.129
159.442	199.298	20.737	21.294
160.372	199.697	18.972	20.959
160.100	197.993	18.970	20.712
159.354	196.790	19.448	20.498
160.198	194.719	18.773	20.613
159.604	194.679	19.437	21.165
160.306	195.890	18.921	21.247
159.439	197.019	19.461	20.836
160.206	198.049	18.980	22.499
159.229	201.681	20.355	20.585
159.008	204.421	19.900	20.018
160.310	203.498	19.181	21.478
161.524	202.674	18.577	21.376
161.587	202.431	19.567	20.505
162.423	201.846	19.102	20.457
164.917	200.525	18.168	21.698
164.852	200.376	19.330	21.841
165.823	200.271	18.797	21.835
167.428	199.995	19.104	21.681
167.301	199.962	19.728	21.447
169.447	198.927	19.602	21.125
171.194	199.008	19.090	21.084
170.818	199.449	20.143	20.265
173.354	198.553	19.408	21.409
174.427	197.746	18.736	21.577
176.107	195.907	18.843	22.133
176.530	195.353	18.870	21.918
177.997	193.544	19.284	21.874
178.030	193.169	19.684	21.323
179.372	191.989	19.485	21.789
179.709	192.273	19.778	20.827
180.019	192.645	19.933	20.585
182.050	195.516	19.185	20.685
181.219	199.036	20.136	20.258
182.408	204.484	19.782	20.167
182.989	207.124	19.458	20.380
182.408	211.539	20.310	22.026
182.789	213.466	19.358	21.598
181.174	215.765	20.838	21.020
180.782	215.511	20.709	22.055
179.452	215.537	21.185	21.818
178.896	215.412	21.238	21.330
178.602	215.721	20.984	20.756
177.796	216.075	20.789	21.388
176.885	216.832	20.857	21.174
175.503	215.896	20.500	22.597
175.079	215.418	19.859	22.438
173.560	214.072	20.720	22.035
171.812	211.334	21.130	22.154
171.036	208.723	20.631	22.854
170.591	207.812	20.205	22.358
168.646	206.821	17.157	19.784
168.280	203.849	18.665	20.384
167.677	199.704	18.955	21.997
168.328	196.042	17.633	23.611
166.382	194.140	18.028	23.568
165.333	193.982	19.042	22.944
164.244	193.339	19.042	22.676
162.826	190.455	18.849	23.367
162.374	189.797	18.228	23.076
163.050	187.796	17.243	22.884
163.713	186.349	17.459	22.838
163.564	183.468	18.159	22.689
163.344	182.335	18.587	22.424
162.318	181.298	19.992	21.927
163.647	178.109	18.781	22.768
163.265	176.513	18.770	22.850
163.239	175.399	18.572	23.109
163.557	175.267	18.632	22.213
163.024	176.590	19.757	22.030
165.456	177.180	18.293	21.491
164.232	181.492	19.980	21.538
164.994	182.965	19.570	23.020
169.253	189.655	17.187	23.208
169.362	192.209	17.896	22.257
169.759	195.727	19.036	22.088
170.159	198.142	20.118	21.979
172.453	202.602	19.836	21.513
174.271	204.289	20.153	21.879
177.384	207.945	21.026	20.988
178.931	210.176	20.534	20.502
180.845	209.361	20.561	21.358
183.724	212.333	19.822	19.734
185.727	212.216	19.672	20.819
189.814	212.940	19.560	20.953
192.146	213.147	19.779	20.863
196.605	213.212	20.748	21.124
199.200	209.993	20.318	21.719
205.520	212.110	18.910	20.988
208.965	210.219	20.029	22.175
213.487	211.094	20.422	22.243
216.230	210.353	19.723	22.096
219.394	207.042	20.658	20.732
222.245	202.788	20.699	23.237
225.753	199.996	20.841	24.514
227.718	196.909	20.921	23.711
231.557	195.236	21.499	22.300
233.547	191.942	21.065	23.094
235.619	190.277	21.165	22.816
238.645	187.293	20.957	23.583
240.672	186.479	20.643	24.589
242.884	187.602	20.463	23.407
244.018	187.900	20.486	23.794
245.337	191.382	20.465	22.335
246.311	193.264	20.505	21.974
246.728	196.042	20.800	22.139
248.264	201.065	20.312	22.948
249.162	203.602	20.063	23.244
250.434	210.499	19.350	23.420
250.699	213.691	19.203	23.921
250.244	218.200	19.372	23.279
249.955	219.678	19.520	23.951
248.379	222.296	20.155	23.422
248.149	223.364	19.401	23.371
246.233	224.817	19.790	22.706
245.656	225.412	19.638	22.768
245.159	226.040	19.554	22.920
243.791	224.613	18.970	22.947
242.710	223.856	19.151	23.037
241.025	222.527	19.350	23.640
240.378	222.548	19.050	22.515
239.927	221.634	18.817	23.071
238.667	220.113	18.926	24.187
236.865	219.058	20.041	22.174
237.111	215.233	18.511	22.945
236.661	214.496	18.924	22.737
236.840	210.880	19.033	22.575
236.840	210.839	19.767	22.701
238.853	203.523	18.416	23.788
240.903	202.902	19.236	23.520
242.951	202.730	19.520	23.421
244.289	202.976	19.322	23.301
246.628	205.175	19.013	23.514
250.588	205.024	17.084	22.749
252.207	206.052	16.552	21.874
254.605	208.371	17.449	20.780
257.385	208.063	16.808	21.107
261.618	211.962	18.210	20.118
265.597	213.783	17.538	19.975
270.011	217.015	17.084	20.677
271.966	218.102	16.579	20.474
277.435	225.317	16.595	19.911
281.392	226.390	16.634	22.221
286.738	231.362	18.027	21.466
288.754	232.246	16.229	21.659
290.532	232.542	17.009	21.815
296.053	234.146	15.756	20.780
298.568	233.128	17.175	21.904
301.715	232.007	17.027	22.316
302.723	231.539	18.722	22.361
307.722	228.889	18.085	23.132
309.502	227.648	18.478	22.636
310.837	227.537	18.455	22.037
313.058	225.662	19.603	21.582
315.881	222.936	19.587	22.744
320.444	222.622	19.541	22.339
322.144	222.638	19.367	22.852
325.165	222.606	19.861	22.648
326.133	223.370	19.571	22.774
327.722	222.785	19.005	24.470
327.739	222.010	19.717	24.343
327.854	223.525	20.206	23.953
327.388	224.354	20.264	24.446
326.336	227.717	20.570	23.901
325.422	229.287	20.998	24.421
323.893	229.979	20.916	23.993
319.871	228.859	20.664	24.895
318.733	229.131	20.918	25.285
313.121	227.809	21.082	24.404
309.959	227.292	21.383	24.457
307.637	228.067	22.323	25.255
300.399	227.472	22.727	24.698
295.663	226.988	21.333	24.201
289.196	228.112	23.507	23.523
286.779	227.788	21.788	24.552
282.221	226.368	21.355	24.600
275.231	226.538	22.305	23.941
268.492	224.228	19.843	23.942
265.972	223.828	18.997	23.560
263.849	224.374	20.827	22.198
257.079	222.499	21.022	22.427
251.170	219.106	20.988	23.502
244.917	215.182	21.767	21.958
240.993	210.796	22.408	22.998
239.680	210.513	21.709	21.983
235.333	207.202	20.932	22.236
232.517	206.516	22.119	22.361
228.757	203.180	21.932	23.282
228.041	202.653	21.333	23.164
224.835	199.372	22.007	24.435
223.232	198.962	21.673	25.018
222.360	198.570	21.517	24.565
220.173	198.218	21.760	24.736
219.334	199.694	22.188	23.810
218.129	199.684	22.637	24.996
217.478	203.557	22.119	23.636
216.958	205.851	21.708	23.228
216.759	209.515	20.862	23.187
217.452	211.344	20.791	22.532
217.426	210.611	21.955	22.917
218.615	209.726	22.135	22.345
219.250	208.342	21.757	22.115
219.786	206.123	21.804	22.438
219.757	204.709	22.167	22.263
220.321	201.816	21.180	23.896
219.954	200.536	21.423	23.919
219.762	200.807	21.613	23.399
219.336	201.091	21.413	24.149
218.777	201.407	21.510	24.148
217.841	204.103	21.444	23.087
217.060	205.209	21.074	22.699
216.127	205.604	20.863	22.766
213.904	208.118	21.589	21.889
213.120	207.990	20.296	22.606
211.644	207.952	20.598	22.951
207.450	206.939	20.117	22.641
206.937	204.204	19.787	23.573
202.814	200.276	19.210	23.091
200.759	200.083	20.056	22.352
198.688	199.773	20.186	20.720
194.288	197.019	19.702	20.875
192.945	195.181	19.894	20.347
189.872	193.624	19.831	20.884
184.626	191.252	19.802	20.155
183.580	190.097	18.685	21.104
177.950	190.145	19.432	20.223
176.739	189.188	18.939	21.773
171.988	189.794	19.563	20.983
170.750	190.291	18.475	21.813
168.597	192.852	18.776	21.241
162.574	199.039	22.244	18.552
163.599	200.435	19.728	19.576
161.020	203.591	19.416	20.563
160.066	205.013	19.251	20.674
158.912	206.835	19.207	20.654
158.501	208.816	18.816	21.511
157.182	210.452	19.468	21.520
157.005	214.080	19.353	21.622
156.402	214.158	20.102	22.744
157.496	218.985	19.327	21.453
157.463	219.785	19.500	21.817
157.876	220.767	20.805	20.851
158.537	222.847	18.802	23.286
159.048	225.387	20.831	22.166
161.226	226.381	21.579	22.482
162.140	227.017	21.330	23.461
165.678	230.682	20.807	21.196
167.367	229.803	20.185	22.217
170.864	230.966	20.367	21.566
171.876	229.989	20.884	22.018
174.641	227.337	19.525	21.633
176.179	226.579	20.490	21.285
176.863	225.772	20.144	21.435
178.690	220.739	19.202	21.922
179.745	218.648	19.214	21.134
181.206	214.545	19.527	21.381
181.497	210.600	18.584	22.101
182.313	208.188	18.202	21.022
182.505	202.890	17.710	22.182
181.540	198.689	18.017	20.292
179.734	196.853	18.511	18.109
178.106	190.047	18.597	21.066
177.232	187.523	18.840	22.132
174.958	182.027	18.214	21.737
174.749	180.989	17.963	21.760
174.098	179.906	19.001	20.114
170.120	176.140	20.884	20.070
168.282	175.650	22.285	20.442
166.762	174.388	20.984	21.992
166.082	172.917	21.115	21.531
165.158	177.765	20.065	21.976
165.172	180.840	19.127	20.598
161.997	182.395	19.812	20.511
160.075	186.932	18.405	23.306
159.490	192.260	18.177	20.537
155.139	197.207	20.181	20.094
156.838	201.076	18.191	19.540
155.248	208.213	18.841	20.015
154.378	210.158	19.271	20.244
153.832	212.947	19.172	19.138
153.475	217.111	19.590	20.776
153.308	217.060	19.350	21.873
153.769	219.866	19.871	21.546
154.316	221.002	19.641	22.247
154.964	223.026	19.432	22.420
155.625	224.625	19.719	22.304
155.610	224.545	20.590	22.081
158.703	229.803	20.049	22.545
158.966	229.768	19.720	22.354
160.166	230.029	20.074	22.035
161.642	230.017	19.984	22.438
162.741	227.409	20.174	21.976
163.557	225.675	20.431	23.072
165.449	223.403	20.162	22.757
166.122	221.310	19.832	22.888
166.949	217.140	19.982	22.189
166.945	214.349	20.408	22.429
167.327	212.221	20.213	21.441
167.890	209.130	19.749	21.817
168.490	206.843	19.176	22.370
168.007	203.397	19.226	22.949
167.383	200.505	19.715	22.426
165.421	194.803	20.488	23.415
167.084	193.671	18.362	24.007
164.530	190.612	19.603	23.474
164.638	190.187	18.507	22.304
162.011	185.140	19.465	23.096
160.768	182.974	18.304	21.485
159.435	180.655	17.531	22.720
158.311	179.094	18.058	22.595
157.741	177.193	18.350	22.508
157.821	176.801	17.741	23.489
156.381	175.552	17.556	22.827
154.825	176.878	17.683	22.079
157.161	178.488	15.310	22.086
156.340	180.411	14.813	22.334
156.164	181.784	15.273	23.854
156.568	183.104	16.368	22.133
157.859	183.490	16.004	23.848
157.276	185.010	17.329	23.802
160.077	187.827	17.402	22.494
161.675	190.121	18.353	22.446
162.127	194.072	18.757	19.781
163.961	196.255	19.760	20.865
164.899	197.939	20.008	21.116
167.374	200.723	21.835	20.653
174.021	201.850	20.180	21.077
179.790	203.387	20.353	21.365
184.894	203.706	20.219	21.897
190.601	207.111	21.028	22.004
193.742	208.751	19.741	22.574
197.965	211.058	20.933	22.469
200.447	211.862	21.809	21.891
206.748	212.305	20.633	22.245
208.803	210.762	21.488	23.393
215.123	212.401	20.908	21.837
217.074	212.321	21.239	21.805
219.177	210.386	22.661	23.171
223.983	208.111	21.574	22.559
227.248	207.387	21.580	22.495
228.674	206.959	22.173	21.246
232.755	204.722	21.334	22.679
235.332	202.980	21.124	22.204
236.950	202.437	21.747	21.896
238.115	202.227	21.378	21.875
241.115	198.892	20.340	22.468
241.840	197.869	21.103	22.322
242.950	197.237	21.063	21.829
243.424	195.549	20.887	22.561
244.739	197.739	20.936	21.482
245.740	199.238	20.808	21.523
246.291	200.029	20.076	22.734
246.886	203.301	19.910	22.733
246.742	204.667	20.396	22.688
246.748	207.884	20.240	23.292
246.558	210.880	20.612	22.324
246.828	212.670	19.877	24.504
246.637	216.411	20.138	23.546
245.945	217.504	20.529	23.992
246.076	219.797	20.300	23.136
245.926	218.696	20.366	23.291
245.721	217.010	20.214	23.508
245.711	214.170	20.356	22.986
246.128	210.613	20.084	23.639
247.108	209.946	19.543	22.762
248.320	207.321	19.655	23.424
248.625	203.734	20.948	23.225
249.012	202.237	21.277	22.196
250.535	201.310	21.140	22.308
252.324	200.730	21.491	23.281
255.691	202.766	21.392	22.482
257.041	202.876	21.377	22.384
258.439	203.851	21.259	22.519
262.636	207.528	21.125	23.914
263.383	209.433	21.905	23.390
267.969	213.874	20.923	22.789
271.260	217.824	20.992	23.427
272.611	219.344	21.704	23.758
275.384	221.820	21.976	23.358
280.164	225.069	21.331	22.861
281.150	225.629	21.599	22.864
287.684	226.981	20.587	23.222
289.564	227.127	20.941	23.426
291.681	226.836	20.902	23.558
296.574	227.329	20.648	23.786
297.330	227.553	21.372	24.047
302.134	224.526	20.296	24.499
305.436	221.933	21.563	24.009
307.051	220.026	21.352	23.322
308.507	216.882	21.368	24.735
312.467	216.173	21.160	24.162
313.945	214.401	21.083	24.164
315.387	213.463	20.742	24.706
318.451	212.673	20.437	23.728
319.082	211.398	20.928	24.134
321.198	210.928	20.662	23.629
322.184	211.670	20.144	23.496
322.870	211.877	19.965	23.687
323.789	212.225	19.903	23.433
324.191	212.565	20.022	23.722
324.514	213.951	19.901	23.812
324.359	215.293	19.860	23.750
324.292	218.445	19.380	23.648
323.709	220.047	20.020	23.923
322.940	223.019	19.725	23.864
320.943	226.148	19.582	23.715
319.231	228.267	20.214	23.582
318.800	229.159	19.693	23.228
317.915	229.760	19.721	23.740
315.845	230.888	19.859	23.533
315.035	230.866	19.563	23.622
313.442	231.559	19.569	23.457
311.834	230.535	20.340	24.327
311.250	230.245	19.783	23.842
309.388	229.975	20.288	23.343
308.953	227.997	20.130	25.012
308.083	226.526	20.028	24.840
307.850	226.434	20.104	24.095
307.651	224.730	20.199	22.883
307.583	223.030	20.000	23.461
307.894	221.121	19.613	23.984
308.160	220.779	19.399	23.854
308.076	221.057	20.051	23.094
307.986	220.987	20.282	23.273
309.306	220.587	20.187	23.436
312.645	219.186	18.233	23.049
311.901	218.815	19.807	23.448
313.977	220.530	19.465	23.458
314.999	221.503	19.574	23.770
317.051	224.132	19.765	23.509
319.510	224.320	18.571	23.901
322.170	223.543	17.922	25.344
323.961	226.421	18.047	24.099
324.606	228.649	19.340	23.419
326.632	229.705	18.722	23.708
328.541	231.726	19.713	23.561
330.513	230.131	19.059	23.965
332.495	234.056	20.022	24.172
334.590	235.107	19.576	24.052
336.060	235.670	19.022	24.552
339.312	235.103	17.740	24.098
338.980	233.487	18.144	23.617
338.002	233.503	20.111	23.463
338.809	234.393	20.331	23.685
339.784	233.064	19.659	24.582
340.154	233.675	19.254	23.970
340.091	232.449	19.678	24.243
339.194	231.128	20.292	23.988
338.939	228.825	19.897	23.667
338.708	228.842	20.017	24.134
338.279	227.564	19.839	24.257
337.513	226.658	19.683	23.887
337.940	224.860	18.793	24.459
334.348	221.491	20.552	23.888
334.877	221.579	19.410	24.280
331.558	221.903	20.752	24.009
331.265	220.745	20.049	24.190
327.739	220.467	21.123	24.188
328.275	220.458	19.731	23.380
324.882	219.910	21.146	23.373
323.717	220.947	20.935	24.320
322.306	221.263	20.979	24.274
319.944	221.165	21.233	23.779
319.281	221.361	20.933	23.418
317.330	218.006	20.433	24.321
316.912	216.715	19.410	23.653
315.887	212.912	18.372	23.667
313.885	210.551	18.952	23.474
308.751	202.212	21.279	23.347
306.498	193.639	18.866	22.751
306.374	187.210	22.446	24.018
304.857	177.590	24.627	24.484
302.867	168.775	19.697	25.061
301.773	167.507	18.564	22.786
300.548	164.597	19.586	22.410
298.470	162.003	19.045	22.660
297.209	160.662	19.402	22.523
295.881	156.251	18.548	23.328
294.567	152.348	19.095	24.599
292.750	149.468	19.901	23.895
291.322	146.050	20.381	23.315
288.767	141.093	19.870	24.253
287.600	140.645	19.763	22.324
286.653	139.916	19.960	22.416
284.201	138.253	20.205	22.477
283.755	138.126	20.894	23.182
282.501	138.376	22.015	24.624
285.019	139.084	19.518	25.787
287.243	141.095	19.912	23.925
287.344	141.106	21.931	23.838
290.887	142.356	20.372	23.524
295.878	150.518	20.515	21.263
298.499	150.954	19.617	20.491
299.890	150.098	19.231	22.056
300.899	153.560	20.413	22.072
300.256	154.096	20.125	20.937
301.524	154.527	21.228	21.880
302.339	155.003	21.828	22.530
306.733	152.144	21.209	23.772
309.223	151.421	20.729	22.751
315.407	149.913	22.226	22.883
318.097	149.373	22.656	22.376
325.853	146.677	21.195	23.570
331.655	139.122	20.449	24.460
333.278	135.676	20.533	25.509
334.701	131.684	22.403	23.771
335.509	123.897	22.035	23.187
334.182	122.249	22.592	22.755
334.371	120.978	22.013	24.530
330.326	117.319	21.336	24.864
326.819	115.414	23.616	25.860
321.652	113.415	24.223	23.241
320.668	106.977	22.670	24.048
319.173	102.478	21.368	23.950
313.707	96.487	20.473	22.947
309.780	87.504	19.726	22.274
308.810	80.839	19.383	21.247
309.296	79.477	18.064	19.090
310.459	60.971	17.361	20.556
313.517	52.676	20.399	21.600
317.198	40.119	19.436	20.801
321.477	34.501	17.987	19.895
329.666	27.753	17.344	19.301
341.428	21.496	20.895	22.432
347.208	20.504	23.583	24.813
359.828	24.773	22.245	24.786
366.655	28.515	21.197	24.102
381.138	36.570	22.144	22.013
386.176	39.787	23.021	22.629
397.882	47.265	24.478	22.812
403.927	49.506	25.884	24.162
419.147	60.101	22.421	22.313
427.567	63.959	20.590	18.807
