330.000	182.000	25.000	78.000
330.297	181.526	25.000	79.007
329.633	181.459	24.492	79.185
328.213	182.590	25.356	79.435
327.796	181.990	25.510	78.868
327.421	182.776	25.720	78.472
326.121	183.501	26.899	77.096
326.436	184.186	25.646	76.571
325.576	184.080	26.261	76.952
325.538	183.976	26.051	76.278
325.455	183.048	26.382	78.861
325.872	183.469	26.237	78.001
325.434	182.940	26.141	77.787
325.449	182.358	26.495	79.251
325.519	182.502	26.542	79.223
325.272	182.318	27.147	80.592
325.009	182.812	27.748	79.804
325.232	183.904	27.630	79.099
325.050	184.567	27.863	79.253
324.591	185.722	28.381	78.097
324.952	186.145	27.888	79.206
325.456	184.885	27.442	81.264
324.903	185.155	27.751	79.845
325.539	184.426	27.894	79.985
326.186	185.413	28.095	79.953
326.624	183.754	27.699	82.277
327.762	184.932	28.181	81.971
328.266	186.004	27.282	81.727
328.810	185.558	27.647	82.680
329.785	187.506	27.169	80.121
331.096	186.364	27.264	83.811
331.369	187.264	27.635	81.353
331.633	187.033	28.108	81.698
332.615	187.110	27.034	82.361
332.988	186.485	26.693	83.553
333.273	188.542	27.301	81.707
333.462	188.649	26.647	83.333
333.751	188.720	27.196	82.642
332.945	189.601	27.653	83.596
332.950	190.080	26.726	82.683
333.678	190.469	26.555	81.939
333.008	189.255	26.427	83.804
333.982	188.358	26.455	84.660
334.079	189.631	27.328	83.956
335.019	191.069	27.702	83.253
335.357	190.785	28.570	83.953
336.561	192.310	28.446	82.747
337.927	191.279	27.986	82.791
338.521	194.891	29.529	80.520
340.216	193.895	30.298	82.447
343.169	196.520	30.372	81.488
347.741	193.904	28.245	84.687
350.721	194.293	26.928	84.886
353.520	193.467	25.883	84.986
353.392	193.924	27.051	84.642
354.682	195.375	26.436	83.668
356.504	196.674	25.821	82.338
356.598	196.317	26.503	82.739
358.547	198.653	27.100	82.554
362.062	198.668	25.585	82.457
364.322	197.324	25.494	85.931
366.100	197.220	25.736	83.249
366.709	197.900	26.265	83.516
367.184	197.472	27.218	85.151
367.346	198.973	27.526	83.610
369.199	197.971	28.965	83.942
369.722	199.282	30.337	82.770
371.487	199.207	29.898	83.444
373.060	200.319	28.998	82.936
373.652	200.335	29.494	83.932
375.297	201.618	30.201	83.269
376.535	200.600	30.054	84.757
377.795	200.006	30.391	85.681
379.624	200.391	28.880	84.749
380.363	199.232	28.858	86.385
381.693	200.297	28.205	86.511
382.115	200.948	28.809	87.016
382.459	200.320	28.693	87.860
383.728	203.530	27.949	84.534
384.164	204.148	27.746	88.069
383.810	204.169	27.760	87.857
383.929	204.671	27.939	87.635
383.784	204.562	27.861	86.579
384.526	204.484	27.370	86.134
384.821	203.574	27.288	87.770
385.239	204.478	27.748	87.447
385.599	204.238	27.683	87.780
386.822	205.932	28.315	87.199
386.554	206.129	29.228	86.324
387.704	206.874	29.026	86.863
388.637	208.049	29.865	86.904
390.517	207.285	30.130	88.139
391.294	208.189	30.238	88.554
391.628	206.767	30.385	90.191
392.317	206.413	30.598	90.128
393.483	206.502	31.228	91.956
393.922	208.873	30.435	88.369
394.727	208.815	31.192	89.248
395.221	209.299	30.366	89.048
395.909	210.499	30.662	87.396
397.599	211.100	30.598	87.170
398.096	209.308	30.354	88.689
397.966	209.552	30.606	88.803
398.493	209.806	30.660	87.892
399.247	208.303	29.801	89.457
400.157	209.259	30.246	88.586
400.987	208.080	30.393	90.554
402.050	211.208	30.765	87.228
403.587	211.340	31.424	88.589
404.517	212.944	30.914	87.580
406.522	211.460	30.673	92.213
407.250	213.119	31.179	89.408
408.545	212.413	31.681	91.251
408.949	212.567	32.009	90.354
411.382	212.128	30.565	91.196
412.292	212.346	30.786	91.553
413.593	212.598	29.721	90.929
414.206	213.179	29.864	91.101
414.203	213.733	30.704	90.075
414.701	214.211	31.198	89.503
414.141	214.657	32.093	90.846
416.021	214.378	30.726	91.150
416.564	214.645	30.594	89.801
415.372	213.878	32.053	92.681
415.979	215.191	31.862	90.323
416.704	213.937	31.184	91.686
415.886	213.131	31.909	93.194
416.562	212.833	31.802	95.413
417.036	214.629	31.724	93.763
417.887	214.164	30.886	95.275
418.519	213.264	31.368	97.530
421.203	216.334	29.988	94.694
420.728	216.688	31.168	94.808
423.992	216.742	28.767	94.655
423.890	216.193	28.715	95.440
425.224	216.776	28.778	94.936
425.878	218.820	28.637	93.450
426.587	217.503	28.135	94.808
426.871	218.398	28.883	95.110
427.370	218.790	28.467	95.227
428.119	219.273	28.122	94.659
428.539	220.661	28.451	94.039
429.017	220.069	28.854	96.271
430.201	220.154	28.843	95.556
430.394	219.250	29.731	95.770
431.163	220.737	29.403	93.957
431.742	219.277	30.783	95.488
431.351	222.251	32.187	92.059
432.444	220.980	31.863	94.029
433.600	221.561	32.870	93.439
434.005	223.292	33.363	91.921
435.956	221.811	33.672	94.092
437.113	225.962	33.643	90.510
445.569	220.517	30.838	99.146
447.185	219.284	29.989	101.341
447.582	217.459	31.604	103.621
449.110	218.724	30.740	102.435
449.610	219.479	30.399	103.085
450.253	219.079	31.530	104.641
450.379	218.411	30.784	105.018
450.371	216.934	31.615	106.768
450.277	217.292	32.317	105.372
450.419	217.018	32.325	106.230
450.057	217.359	32.581	106.656
449.662	217.741	32.610	107.350
449.731	217.847	31.324	107.921
448.411	218.982	31.299	106.043
446.936	219.682	32.154	104.507
444.869	221.925	31.714	104.505
442.900	221.464	32.452	105.980
440.171	225.088	30.925	102.332
438.335	223.863	29.678	103.984
435.860	226.809	30.237	100.767
435.340	224.479	29.075	103.609
432.036	228.993	31.036	98.231
430.678	227.020	30.603	100.053
426.891	230.061	32.991	98.090
422.973	229.311	34.749	98.955
422.576	230.180	34.725	98.629
421.479	229.790	33.392	98.514
419.337	230.809	32.499	97.515
417.420	230.829	32.182	97.397
415.603	230.568	31.493	97.791
413.877	231.247	31.582	97.203
413.109	231.971	31.887	98.305
411.848	232.184	31.811	98.405
411.325	232.674	32.216	98.543
410.814	232.967	31.528	96.752
410.369	233.623	31.256	95.751
409.974	233.575	31.429	97.285
409.417	233.162	31.016	98.680
409.230	232.827	30.541	99.755
408.713	233.304	30.453	100.955
408.205	233.025	30.713	100.210
407.908	232.518	30.784	101.410
407.335	232.524	30.853	99.279
407.580	232.475	31.434	100.278
406.637	232.929	31.405	99.905
406.153	232.840	31.579	99.891
405.258	233.017	31.950	100.923
404.606	233.922	31.615	101.031
403.323	235.045	33.114	102.127
402.281	235.936	33.112	100.097
401.424	237.073	32.821	101.108
400.430	236.518	32.835	101.697
399.274	236.995	32.584	100.736
398.824	235.865	32.579	102.352
398.402	236.950	32.063	102.157
397.714	236.009	32.454	103.494
397.663	236.619	32.052	103.970
397.441	238.430	32.575	102.580
397.372	239.219	31.828	103.232
396.973	240.174	32.325	102.771
397.164	240.408	32.468	103.898
397.807	241.755	31.814	102.932
398.147	241.555	32.011	103.695
398.527	241.080	32.284	104.416
398.172	241.406	32.703	104.593
397.967	240.910	33.531	105.997
397.913	241.246	33.985	105.523
397.622	242.406	34.321	105.608
397.619	241.965	34.023	106.131
397.206	245.415	33.980	102.501
396.785	244.657	34.015	105.575
396.227	247.187	34.232	104.727
395.416	248.064	34.606	105.694
395.026	247.062	34.938	105.931
394.867	247.802	35.175	105.236
394.791	248.024	35.219	104.569
394.960	248.767	35.471	104.221
394.957	249.728	35.769	102.787
396.674	250.006	35.348	103.853
397.347	250.268	35.379	104.320
398.086	250.192	35.879	106.623
399.767	251.738	36.463	107.147
400.256	249.663	36.907	108.920
402.460	250.275	36.717	108.020
402.453	249.008	38.600	109.546
405.412	251.258	37.422	107.360
406.526	250.541	37.071	109.653
408.438	251.482	36.790	112.228
409.754	253.554	35.971	108.568
410.590	254.979	35.774	107.650
411.096	256.253	36.847	108.163
411.296	257.960	36.777	108.884
412.469	259.681	36.911	109.471
413.069	258.539	36.599	109.247
413.795	258.928	37.002	108.812
414.957	259.203	36.442	107.158
415.727	259.921	37.035	107.890
417.251	261.121	36.413	108.035
418.119	262.642	36.760	107.251
419.704	263.663	37.603	108.868
421.256	266.256	37.713	107.155
423.872	267.082	37.695	110.063
425.341	267.073	37.871	109.479
426.097	267.073	38.187	110.241
427.904	269.046	37.916	110.920
428.373	270.636	37.600	112.439
429.088	272.815	37.679	109.640
429.464	273.933	37.037	110.540
429.708	275.939	37.336	109.907
430.044	276.874	36.893	109.675
430.100	275.923	37.597	110.229
431.276	274.078	37.576	111.682
432.908	274.920	41.626	113.058
434.153	276.629	41.888	112.528
435.600	278.593	42.866	111.526
437.223	279.203	42.670	111.838
438.071	279.324	43.258	111.607
440.803	278.930	42.008	111.970
443.691	278.870	41.198	112.112
446.587	278.833	40.247	114.701
447.454	279.258	39.964	114.348
448.839	281.062	39.125	112.871
449.630	282.814	38.651	115.994
449.356	286.654	39.595	114.330
449.236	287.956	40.108	115.181
449.147	288.715	40.056	114.338
449.507	287.601	39.917	115.150
449.962	286.600	40.242	117.912
449.290	287.942	41.561	115.951
450.445	289.282	41.196	114.556
450.459	289.477	41.312	115.002
451.733	290.642	40.661	115.592
452.235	290.716	40.455	119.479
453.381	290.025	39.800	119.699
454.025	289.866	38.720	120.439
454.875	289.634	37.552	121.478
455.236	289.758	36.040	121.893
455.251	291.008	33.396	119.809
452.815	290.010	35.097	121.727
449.173	290.545	38.793	121.204
448.017	290.936	39.666	119.249
447.227	291.602	39.724	119.054
446.962	291.394	39.400	118.704
446.621	291.060	39.440	118.826
446.371	291.711	38.514	118.903
445.690	290.998	39.246	119.161
444.935	291.078	39.050	118.897
443.881	289.934	38.972	120.014
442.432	289.825	40.285	119.480
442.293	289.401	39.721	118.769
441.424	288.993	40.054	118.575
439.789	288.252	41.272	117.820
438.930	287.133	41.925	119.667
436.362	287.458	43.283	118.473
434.908	288.218	44.114	117.294
434.236	288.552	42.574	116.113
433.146	287.830	42.848	117.242
431.257	286.981	41.764	117.845
429.519	285.723	40.487	116.825
428.296	286.279	41.320	115.619
426.494	285.168	41.809	116.421
425.174	285.745	42.111	115.455
425.070	285.257	41.593	116.949
425.154	285.568	41.157	116.117
424.698	285.818	41.397	116.202
425.222	283.741	40.709	117.915
425.584	281.993	40.113	118.948
425.204	278.734	40.669	120.596
424.808	278.285	40.999	118.392
425.180	276.327	41.036	115.583
425.203	275.370	40.715	116.797
425.012	275.131	40.508	116.473
424.905	274.081	40.348	116.671
424.525	274.202	40.035	114.993
424.116	274.160	39.448	114.517
424.023	273.407	38.475	117.840
422.392	272.726	38.976	115.061
420.964	270.312	38.437	116.329
419.363	269.345	39.463	112.863
418.945	267.537	39.276	112.941
418.511	267.273	39.539	113.587
418.117	267.003	39.948	113.959
418.127	267.412	38.752	111.889
418.054	268.146	38.755	111.470
418.183	268.277	38.535	111.114
417.902	267.616	39.323	110.986
418.132	265.916	39.093	112.613
418.905	262.416	39.174	114.433
419.559	260.445	39.588	112.662
420.231	259.142	38.897	112.475
420.172	258.184	39.339	111.710
423.662	253.976	36.850	110.158
422.804	252.962	36.802	113.484
423.375	249.050	36.299	112.633
423.562	248.388	36.185	110.327
423.240	247.788	36.138	107.317
423.020	247.417	36.799	107.442
423.843	247.407	36.837	107.219
424.318	247.159	37.263	106.985
425.364	246.806	36.933	107.133
426.704	245.194	36.881	110.397
428.938	243.409	36.602	108.026
430.071	242.008	36.577	107.380
431.006	240.165	36.674	107.541
431.711	243.183	36.041	103.783
432.556	240.546	35.977	106.217
432.589	241.539	36.195	104.837
432.664	240.976	35.848	105.352
432.934	240.527	36.103	108.159
433.199	240.950	35.590	105.577
433.504	239.892	34.914	105.787
433.073	237.238	34.992	108.185
432.768	234.148	35.619	106.120
432.674	234.054	35.966	106.511
433.347	234.057	35.953	106.592
433.785	235.089	35.902	105.083
434.451	234.506	35.974	105.532
434.984	233.959	36.005	105.621
435.953	234.006	36.285	104.857
437.077	234.536	35.720	105.083
438.273	232.919	36.124	106.576
439.306	234.833	36.168	104.706
440.196	230.659	35.697	108.308
441.263	231.852	35.654	104.461
442.952	229.851	35.145	106.315
444.576	228.581	34.898	107.289
445.110	230.772	34.714	104.859
445.395	227.250	35.142	108.157
445.930	228.560	35.067	106.963
446.670	229.054	34.404	105.926
446.933	228.536	34.408	106.795
447.340	229.163	33.381	105.310
448.346	227.178	32.385	105.165
448.495	228.510	32.465	103.250
448.466	227.759	33.034	104.164
448.922	227.465	33.366	104.355
448.984	226.985	34.349	104.421
449.130	225.926	35.125	104.677
449.319	225.339	35.159	104.925
456.781	226.549	35.796	102.510
458.406	221.492	34.030	107.024
461.456	220.448	31.862	107.922
461.345	220.539	32.600	107.724
461.701	219.769	32.947	107.395
462.261	222.854	33.436	104.819
461.678	219.059	34.591	107.068
464.045	223.694	34.942	101.635
463.919	220.415	34.264	100.992
464.678	222.135	33.088	100.433
465.124	219.669	31.614	102.408
465.419	220.835	29.070	100.899
464.186	217.602	30.302	105.266
465.257	217.540	29.687	105.161
465.252	215.789	29.673	105.644
465.190	216.361	29.269	103.763
465.730	216.560	28.326	101.345
465.552	216.641	28.777	100.729
465.266	216.464	28.084	100.083
463.797	217.596	28.188	99.775
462.518	212.972	29.510	103.701
457.261	213.226	33.940	103.904
453.555	214.602	38.147	102.622
449.311	214.313	41.153	102.830
447.085	215.320	42.512	100.832
437.868	217.629	44.764	98.331
435.504	220.610	34.771	93.034
434.970	220.470	31.656	92.719
432.703	220.809	29.288	92.084
431.370	221.199	28.772	90.985
429.888	219.234	28.207	92.913
428.077	219.523	28.777	92.482
425.805	220.573	29.043	92.301
424.684	220.300	27.947	91.978
422.569	219.357	27.305	92.852
418.470	217.405	27.289	93.836
417.052	218.848	28.100	90.929
415.947	216.352	28.893	93.819
414.552	217.536	30.286	93.719
413.701	217.420	31.055	92.600
413.950	217.847	30.902	93.625
413.939	217.926	30.667	93.761
413.152	217.926	31.125	93.183
413.020	218.042	30.716	92.229
412.298	216.734	31.497	93.154
412.319	214.940	31.163	93.667
411.920	214.708	31.562	92.965
411.518	213.980	31.841	92.976
410.818	213.249	32.853	93.298
411.898	214.803	32.160	91.895
412.981	215.393	31.808	90.130
413.536	214.387	31.287	91.204
413.287	214.147	31.810	91.037
414.009	211.898	31.570	93.602
413.994	211.333	31.325	92.272
414.232	211.125	30.425	92.177
413.442	211.348	30.632	92.407
412.233	211.693	31.279	92.176
410.850	211.593	32.143	90.808
410.201	211.882	31.921	90.855
409.472	211.850	32.282	90.917
408.092	209.653	31.071	90.082
407.499	209.090	31.982	89.460
407.285	209.248	32.835	89.906
407.979	209.919	33.150	88.903
409.494	210.283	32.535	87.488
409.309	210.053	33.780	87.995
411.508	209.119	33.233	87.798
412.566	208.965	32.760	87.935
414.344	208.179	31.795	88.149
416.587	206.176	30.512	90.491
417.935	206.493	30.260	90.036
418.791	206.985	30.290	89.539
418.658	207.184	31.083	89.372
420.376	206.255	30.123	90.097
421.744	206.066	29.811	87.993
421.712	205.792	29.615	87.096
421.392	204.060	30.962	88.587
422.520	204.025	31.136	88.129
423.871	204.849	31.168	87.255
425.251	206.453	31.131	85.604
426.337	205.089	31.697	86.504
427.289	205.902	30.894	87.296
430.223	202.862	30.801	87.715
432.720	202.651	29.620	86.809
432.962	202.982	31.600	86.395
433.796	201.848	32.042	87.259
435.164	203.539	30.823	85.383
435.147	200.953	32.310	88.245
437.396	201.486	30.629	87.532
438.078	200.176	29.421	88.587
439.663	200.574	29.158	87.834
440.864	200.207	30.486	88.978
441.051	199.112	31.227	88.152
441.824	198.592	30.096	88.179
443.905	199.785	28.826	83.487
444.747	198.735	27.176	83.317
446.019	199.148	27.287	83.456
446.128	199.768	28.333	82.450
447.691	200.316	26.900	81.117
448.255	198.013	27.001	82.044
448.310	197.421	27.329	83.426
448.878	197.951	26.927	82.686
449.189	197.211	26.785	83.334
449.437	199.119	26.923	80.202
451.378	198.268	26.133	81.019
451.979	198.851	26.536	80.759
452.982	197.818	24.465	80.615
453.600	197.477	22.822	80.834
453.655	198.818	24.042	79.286
454.010	199.775	22.788	78.460
455.093	199.401	23.564	78.821
454.766	199.216	23.270	78.586
454.652	198.183	23.613	78.907
454.698	197.429	23.621	78.839
455.106	200.298	24.953	76.278
453.952	200.556	25.440	74.288
453.685	199.856	26.011	75.541
454.359	198.112	25.381	75.632
453.881	197.499	25.489	76.528
454.897	200.684	24.787	74.394
454.693	199.819	24.635	74.372
454.474	199.287	24.696	74.987
454.622	199.369	24.169	74.852
454.813	196.474	23.684	77.273
455.584	199.855	22.945	74.638
456.816	198.365	24.320	74.000
455.935	195.886	25.662	75.424
455.113	195.478	26.502	75.996
455.736	196.820	25.591	74.692
455.180	197.015	25.452	74.703
455.753	197.419	25.856	73.633
454.924	197.775	25.411	73.361
454.538	196.433	25.335	74.237
454.778	198.801	24.276	72.602
454.565	196.259	24.438	73.947
451.846	198.353	26.686	71.697
451.038	198.399	26.487	70.240
447.683	196.778	27.625	71.733
444.603	199.087	34.143	70.927
441.869	195.550	32.409	73.386
440.158	193.277	35.971	75.418
439.014	194.142	33.334	75.003
437.716	193.308	32.702	75.891
436.549	193.386	33.612	75.675
436.276	189.529	29.939	79.635
433.642	189.972	27.842	79.092
433.044	191.677	25.717	77.867
427.733	189.132	28.019	79.805
423.028	185.609	31.737	82.845
415.057	186.623	39.111	81.604
413.130	189.283	39.872	78.907
410.591	186.736	40.631	80.941
408.109	186.738	40.316	81.980
408.047	186.631	38.259	81.826
404.236	186.034	31.954	80.999
403.076	183.586	25.036	83.305
398.135	183.097	24.547	84.890
393.681	184.431	26.605	83.434
387.569	186.306	32.061	81.129
380.808	184.037	37.319	84.527
380.510	185.926	37.595	82.527
379.331	184.999	35.297	82.900
378.842	185.289	34.097	81.627
377.442	186.100	29.058	79.900
376.116	185.505	25.324	81.170
374.905	185.877	24.040	80.309
371.958	184.107	23.265	81.320
370.207	184.258	23.866	81.267
365.843	184.546	26.728	80.507
361.465	184.534	31.316	81.003
360.842	186.085	30.754	78.748
358.210	184.710	31.890	79.921
355.082	184.981	32.497	81.017
350.252	184.236	35.852	81.793
348.593	185.177	34.723	79.634
348.457	184.734	34.322	79.469
347.600	183.750	24.981	78.985
346.415	183.554	23.410	79.238
344.437	183.111	23.097	79.689
343.298	183.111	22.985	79.798
338.689	183.286	25.089	79.080
336.484	183.947	27.570	78.399
334.385	183.019	26.958	78.837
332.545	183.306	27.141	78.134
330.775	182.747	26.241	78.328
328.693	180.972	25.219	79.256
327.456	180.258	23.872	78.813
326.697	180.695	23.749	79.383
324.658	180.556	24.146	79.475
320.838	180.596	26.748	78.640
317.644	179.582	29.893	78.670
315.822	181.509	30.808	76.647
314.509	180.272	29.929	78.364
314.770	181.732	28.860	77.187
314.388	180.690	28.094	77.767
314.142	179.955	26.641	78.619
312.461	179.043	25.739	78.578
310.883	179.051	25.226	77.705
309.515	178.839	25.908	77.600
308.523	178.045	25.059	77.867
307.525	178.529	26.749	77.654
307.737	178.673	25.555	77.566
307.063	179.250	26.099	77.350
306.551	179.871	26.071	76.618
306.362	178.696	25.834	77.120
305.835	177.870	26.126	76.134
305.760	177.391	26.420	75.615
306.485	177.207	25.799	76.303
306.385	176.567	25.817	76.370
306.235	176.562	26.222	76.189
307.040	176.391	24.695	76.231
307.727	176.154	24.489	76.342
309.512	176.661	22.940	75.887
309.787	176.538	21.354	76.584
309.917	176.237	21.717	75.660
309.657	176.436	21.908	75.598
309.017	175.839	21.900	76.328
308.630	175.507	22.377	76.392
308.042	175.417	21.917	75.605
307.087	175.203	22.747	76.600
305.972	174.748	23.369	76.902
305.661	174.405	24.172	76.428
304.480	174.627	24.751	76.766
303.113	174.634	25.564	76.920
302.278	174.322	26.155	77.214
300.802	176.220	26.232	74.849
299.791	175.290	26.969	76.154
298.133	177.441	28.037	74.688
296.689	177.097	27.158	74.134
295.800	174.468	25.356	75.552
295.455	174.963	25.963	74.377
295.493	173.710	24.264	76.305
296.244	173.642	22.419	77.110
295.130	172.740	21.138	77.810
294.987	173.459	21.669	75.524
295.053	173.066	20.335	75.782
294.714	172.463	19.912	77.970
294.294	173.438	20.265	76.499
294.265	173.464	20.136	76.210
293.564	173.989	20.955	75.810
292.949	172.690	21.714	76.207
292.769	173.856	21.834	73.786
291.911	172.865	22.020	73.782
291.172	172.055	22.814	73.551
290.033	171.095	23.780	74.375
289.595	171.527	24.902	74.581
289.841	172.483	24.684	74.594
289.864	173.155	24.928	74.249
290.267	173.679	24.829	73.418
290.271	173.331	24.179	74.206
290.238	172.984	24.963	71.763
290.262	171.387	24.806	74.664
290.348	171.626	24.642	74.496
290.199	171.260	24.739	75.195
290.060	171.204	24.896	75.776
289.754	171.616	25.161	74.496
290.095	171.336	24.696	75.512
290.718	172.509	24.571	74.428
290.599	172.873	24.468	73.739
291.042	172.409	24.097	73.712
291.003	171.638	23.600	73.898
292.429	171.888	22.779	73.196
293.618	172.094	21.648	71.509
294.848	171.822	21.699	71.411
295.175	171.481	21.661	74.418
295.944	171.771	22.266	73.258
295.959	170.429	23.478	75.232
296.739	171.884	25.733	73.320
297.816	173.708	28.333	71.398
297.550	173.191	28.986	72.682
299.248	173.190	29.189	72.483
299.550	173.256	29.645	71.485
300.773	172.705	28.845	72.488
303.937	172.442	27.448	73.202
304.650	172.429	28.879	72.350
309.297	171.166	25.359	74.206
312.540	171.598	23.707	73.702
315.209	171.790	22.962	72.193
315.032	172.034	25.298	73.280
316.412	172.070	27.424	72.666
317.592	173.040	29.713	70.960
317.962	174.814	31.888	69.257
319.452	173.714	31.378	72.059
320.608	173.834	31.530	72.704
323.842	172.086	29.782	74.682
325.556	172.455	30.432	74.236
331.740	172.891	25.259	73.142
335.453	172.546	23.872	74.169
336.900	171.430	23.034	75.733
338.676	170.676	22.921	75.860
339.393	170.926	23.210	75.323
340.622	171.183	25.532	74.762
341.254	170.565	27.209	75.321
341.482	170.216	29.367	76.587
342.294	170.964	29.542	75.135
344.383	168.522	29.859	76.889
346.445	170.094	28.000	75.967
353.390	171.031	22.080	74.883
354.699	167.233	23.001	77.762
357.622	169.934	23.707	74.739
359.053	170.253	23.681	76.737
360.866	171.649	23.293	73.284
363.102	170.960	23.637	73.974
362.745	169.365	27.512	76.251
362.838	169.482	26.861	75.990
363.438	169.979	28.873	76.113
363.730	172.090	29.879	73.099
365.899	170.405	29.830	75.209
366.480	171.744	30.441	72.773
369.911	171.242	28.952	70.581
374.054	171.291	26.830	70.354
378.632	171.919	23.725	70.096
380.351	170.046	22.614	72.201
383.152	169.350	21.209	72.829
383.433	169.825	21.342	73.950
385.275	171.041	23.632	72.598
385.882	171.526	25.038	72.702
387.238	171.761	24.429	71.651
388.704	171.383	27.361	71.852
388.668	172.000	29.056	71.490
391.134	172.517	27.680	70.628
394.145	172.623	26.663	70.980
397.303	170.638	25.127	73.627
400.149	168.879	25.071	76.015
400.449	169.594	24.400	74.395
403.573	169.081	23.209	75.135
404.142	169.437	22.234	75.787
406.082	170.638	21.366	74.260
407.429	171.336	20.843	72.751
407.593	171.110	22.081	71.999
407.930	170.871	21.754	73.212
407.459	170.526	21.833	72.776
408.409	170.221	22.628	73.927
409.248	170.153	24.377	74.029
409.494	169.938	24.486	72.204
411.656	171.266	24.182	72.047
413.068	170.079	25.988	71.488
417.903	170.252	22.914	66.052
419.917	170.173	22.512	66.336
416.962	171.437	24.326	63.733
420.906	169.424	23.239	69.946
422.197	170.519	21.600	72.128
421.634	169.513	23.606	72.128
423.588	171.336	22.505	70.718
423.358	172.008	22.724	69.852
423.820	171.078	22.805	70.071
425.872	168.907	22.784	73.877
427.257	170.684	23.342	71.238
427.551	171.141	24.841	71.358
427.886	172.813	24.503	69.717
429.065	171.246	23.991	71.303
429.107	174.865	25.194	67.776
428.850	172.387	22.574	69.882
430.118	173.533	24.424	68.061
431.043	175.582	23.802	67.839
430.396	173.968	25.104	67.880
430.180	173.580	22.881	68.479
430.597	172.786	23.196	68.618
427.258	169.442	23.811	71.069
425.459	172.832	22.654	66.470
425.615	169.463	24.748	66.705
424.493	171.373	24.100	64.028
424.249	167.320	24.891	64.550
421.435	169.917	24.677	65.574
419.497	168.361	30.176	66.168
421.867	169.305	31.989	70.605
419.928	168.722	24.930	72.559
412.370	171.451	25.393	69.523
412.596	170.454	23.643	68.508
411.156	170.050	23.603	72.751
409.404	170.249	25.329	72.412
407.346	171.441	26.288	68.750
406.654	171.057	25.334	70.775
404.800	170.926	25.309	71.754
403.856	169.727	24.051	72.368
402.766	169.144	27.541	74.417
402.221	172.162	25.763	69.027
400.035	171.549	25.312	69.544
397.923	168.170	22.692	74.304
396.027	168.811	23.036	74.086
394.251	170.380	23.878	73.030
391.417	170.576	24.644	71.883
389.192	171.128	25.819	72.032
387.328	170.916	26.269	72.705
385.393	169.759	27.243	73.581
383.560	170.710	26.973	71.878
381.526	171.550	26.076	71.256
380.327	168.600	23.720	74.227
379.299	169.600	22.349	73.297
379.768	170.062	21.193	72.198
377.205	168.473	22.009	73.468
374.225	169.390	22.521	72.805
373.420	169.721	22.044	73.170
371.003	170.895	23.504	73.177
369.164	170.289	23.853	74.098
366.595	169.168	24.058	77.234
365.708	169.526	23.154	76.875
363.107	170.037	22.629	77.241
360.073	170.670	21.596	74.782
358.252	168.283	23.741	77.149
354.862	170.024	26.340	75.852
354.222	171.972	26.111	74.222
350.721	171.760	28.144	74.524
348.152	173.444	29.146	72.425
344.656	172.037	31.236	76.087
343.218	172.822	27.502	73.847
341.214	172.544	25.794	74.024
338.522	171.401	22.648	75.794
337.535	171.608	22.966	74.316
334.687	172.284	21.945	73.871
330.405	173.287	26.641	72.994
328.264	174.227	28.164	71.972
326.232	174.356	28.176	72.275
322.986	174.057	29.880	72.880
322.421	174.788	29.041	71.817
321.113	173.529	27.443	73.333
320.001	173.396	26.551	73.267
318.413	172.683	22.324	74.302
317.907	172.541	20.740	74.673
314.804	173.205	21.432	73.208
301.089	173.433	28.616	73.422
300.651	174.070	26.994	72.733
298.097	173.237	23.749	73.988
295.616	172.969	22.231	74.519
293.801	171.460	21.382	76.514
292.851	172.562	21.856	74.878
288.832	171.530	23.793	74.990
286.992	171.010	24.430	75.245
281.924	172.672	29.318	74.061
280.196	174.193	29.538	72.066
278.642	173.727	29.508	73.020
276.943	174.097	28.771	72.557
276.449	172.825	25.635	73.773
273.504	170.225	22.317	77.127
270.356	170.656	22.453	76.030
268.868	169.147	21.849	77.519
266.768	168.637	23.309	78.714
265.178	168.146	23.585	80.093
263.656	166.806	24.533	81.227
262.860	169.037	25.263	78.763
262.162	168.308	24.316	79.755
262.111	169.079	23.949	79.365
261.604	168.199	23.678	80.519
261.439	167.753	22.710	80.622
261.579	168.494	23.054	80.247
261.589	168.779	23.369	80.299
260.558	168.003	24.896	80.820
260.611	166.537	25.603	83.040
260.834	166.689	25.962	81.902
260.291	167.986	26.908	80.205
261.201	167.324	27.765	82.046
261.314	168.434	27.413	79.548
261.887	166.400	28.188	82.807
262.083	165.952	27.776	82.490
263.316	167.582	28.634	80.541
263.366	167.072	28.608	80.846
270.339	167.800	24.606	79.694
271.182	169.466	24.393	77.880
273.734	169.567	23.326	77.811
275.766	170.425	22.890	76.596
277.203	173.004	24.296	73.890
277.977	172.509	25.845	74.314
279.159	173.048	27.229	74.244
281.074	171.920	27.275	75.269
281.769	172.210	28.196	76.020
284.449	173.165	27.165	73.443
288.179	172.628	26.138	75.393
292.943	172.792	23.164	76.030
295.037	172.791	21.502	76.103
296.592	172.800	21.745	76.153
296.857	172.737	23.980	75.469
297.544	172.737	25.739	75.252
298.778	173.529	27.111	74.423
300.786	173.860	26.991	73.440
303.448	173.296	25.697	73.816
307.209	172.327	24.808	74.188
310.895	172.616	23.651	74.933
313.637	172.243	21.758	74.403
314.527	172.707	21.928	73.878
314.469	172.313	25.123	74.763
314.821	173.326	27.833	72.613
315.033	174.390	30.286	71.193
318.046	173.967	29.854	72.276
318.807	174.657	29.356	71.026
319.024	174.024	30.207	72.713
319.397	174.130	29.877	72.154
324.476	174.046	26.935	73.074
328.948	173.336	23.918	73.612
332.887	172.398	22.462	73.159
334.786	172.945	22.376	73.200
335.763	172.288	22.869	75.217
337.017	171.575	24.623	75.248
336.977	171.603	26.099	74.395
337.568	171.606	26.428	74.049
337.917	170.842	27.583	75.129
338.488	171.389	28.136	74.414
340.503	169.942	27.911	75.188
341.905	170.365	27.422	75.622
345.814	168.700	25.530	76.311
347.981	170.747	24.403	74.765
359.136	171.253	28.735	73.488
358.860	171.676	29.801	72.032
359.996	171.681	29.623	72.091
362.684	170.528	28.684	73.696
362.651	170.365	29.687	74.708
364.660	170.049	27.877	74.591
369.735	170.130	23.516	72.569
372.422	170.798	22.074	71.807
374.761	171.453	20.444	73.087
375.369	170.678	20.967	74.011
376.599	171.124	21.467	73.174
377.167	168.938	21.944	75.537
378.421	172.300	23.052	71.499
378.819	172.874	23.615	71.087
379.127	174.047	25.041	70.058
379.870	173.643	26.182	70.156
382.063	174.000	26.147	67.922
386.214	173.420	22.795	68.637
388.193	170.706	22.081	70.492
388.388	169.657	22.147	73.692
389.075	170.415	22.604	71.357
388.493	170.419	22.626	70.949
389.627	170.201	23.225	71.814
389.930	171.177	23.026	70.322
390.185	171.171	22.681	70.549
390.926	171.016	23.163	70.827
390.876	172.166	22.508	69.226
391.548	172.598	23.437	68.830
391.552	172.607	23.840	69.128
391.410	171.953	24.906	71.534
390.874	173.663	25.081	70.096
391.245	172.592	25.052	72.423
391.482	173.092	24.693	72.606
391.567	173.667	24.225	71.381
392.090	174.557	24.076	70.532
392.001	174.172	23.802	69.589
391.881	174.757	24.358	68.545
392.373	174.016	23.487	70.484
392.044	174.171	23.912	70.606
391.774	173.156	24.213	72.268
391.341	173.841	24.081	72.444
391.226	173.791	23.848	73.157
391.120	173.778	24.250	73.837
390.487	174.761	24.426	72.575
389.949	174.543	24.696	73.255
389.514	175.463	24.586	73.099
389.368	175.673	23.985	74.202
388.403	175.641	23.573	74.716
388.499	175.773	23.223	74.328
386.663	175.199	24.247	76.251
386.146	175.616	24.016	76.216
385.180	176.114	23.692	73.451
384.663	175.232	23.484	74.265
384.001	176.018	22.134	72.246
382.240	177.016	23.469	73.861
381.825	177.673	23.217	75.095
380.237	177.376	22.502	75.316
379.033	175.178	22.890	79.448
377.299	177.379	23.258	77.475
376.342	176.927	23.858	76.958
374.823	176.370	23.358	77.414
373.693	176.098	24.379	77.310
371.971	177.561	24.257	76.625
370.341	177.738	25.699	77.133
368.368	178.119	27.194	76.393
367.473	177.704	26.519	76.840
365.305	178.075	27.192	76.573
363.449	179.053	27.701	77.113
361.063	177.980	27.503	77.486
359.927	177.190	25.745	78.306
359.877	176.413	24.250	78.922
358.934	176.352	22.155	79.290
358.073	177.293	22.350	78.469
356.684	177.712	22.002	77.415
355.124	177.556	22.858	78.704
352.828	177.847	23.868	76.973
351.343	179.330	23.319	76.010
350.965	179.460	22.931	75.826
349.739	178.709	22.186	76.831
347.727	178.879	22.967	74.977
346.694	178.737	22.896	74.423
345.733	178.897	23.589	77.371
344.656	178.554	23.395	78.941
342.367	178.702	24.220	77.676
340.437	179.216	25.626	76.658
338.723	179.698	27.275	76.130
335.661	180.075	28.580	76.626
335.415	181.115	27.825	76.692
334.537	180.399	27.304	77.910
332.352	180.373	27.448	78.106
330.889	180.585	27.155	77.988
330.605	180.329	26.105	78.598
329.424	180.642	25.409	78.502
329.231	180.358	25.308	79.279
327.221	180.878	26.648	79.619
326.925	180.841	26.435	79.015
326.154	182.028	26.069	77.506
325.404	182.082	26.525	77.967
324.637	182.466	25.796	78.809
324.666	182.073	25.436	78.286
324.162	182.114	25.399	78.489
323.621	181.905	25.461	78.860
322.721	181.459	26.195	79.240
321.846	181.852	26.680	79.256
321.939	182.025	25.367	79.279
320.962	182.050	26.174	79.642
320.179	183.106	26.475	79.110
319.581	183.095	26.816	80.373
318.438	183.461	25.634	80.299
317.939	182.710	25.518	80.512
317.247	183.267	25.601	79.616
316.317	182.653	26.074	80.620
315.414	182.627	26.281	80.174
314.810	182.592	26.812	80.566
315.443	181.993	26.202	81.599
314.735	183.025	26.939	81.020
315.198	183.312	26.867	81.364
316.154	184.092	26.402	81.361
315.996	184.634	27.069	81.468
317.929	186.510	27.462	81.384
318.249	185.955	28.476	81.536
318.314	186.146	28.671	81.696
320.148	186.097	27.479	81.839
321.128	185.819	27.478	84.747
322.273	186.465	26.785	82.421
323.139	186.536	28.093	84.783
323.683	188.655	27.975	79.801
324.609	188.412	27.975	82.868
324.499	189.957	27.724	82.567
326.099	189.298	26.910	83.192
327.458	190.595	28.159	83.009
327.954	188.659	28.700	83.230
329.044	188.705	28.282	83.431
330.461	189.002	28.448	83.421
331.356	190.721	28.553	82.575
332.404	190.541	29.604	83.396
332.854	190.067	29.683	84.184
335.230	191.066	28.686	83.638
336.258	192.449	27.913	80.436
336.834	193.412	29.785	80.842
338.857	194.335	29.897	81.251
342.776	193.464	28.304	82.626
344.245	193.631	28.569	83.104
347.581	191.993	26.884	86.200
350.735	194.098	25.252	81.229
351.400	191.968	25.189	84.308
353.414	192.448	24.930	85.928
353.554	193.781	26.659	84.781
354.991	196.543	26.016	81.974
357.111	196.375	26.470	83.884
358.184	196.914	26.671	83.860
359.631	195.983	27.140	85.064
361.583	196.084	26.348	85.753
363.627	197.119	26.126	83.157
364.518	197.507	26.309	83.525
365.729	196.450	27.411	84.866
366.438	197.973	30.178	83.084
368.275	197.794	31.456	83.260
370.477	200.225	30.344	80.589
370.634	199.668	30.888	81.926
372.993	200.599	29.147	81.808
374.451	201.382	30.094	83.179
375.785	200.600	30.191	84.306
377.538	199.811	29.459	85.013
379.035	200.240	29.371	86.302
380.830	199.411	28.877	86.274
381.593	199.860	28.779	87.143
383.250	200.251	28.664	87.357
383.713	201.215	28.517	85.267
384.844	201.579	27.719	86.697
386.264	203.895	27.274	86.986
386.669	203.486	27.414	87.129
387.432	203.034	28.322	88.197
387.218	204.156	29.036	87.065
387.725	202.833	29.982	87.730
388.109	204.237	30.055	86.686
388.318	204.720	30.874	86.554
389.644	204.456	30.197	87.992
389.758	205.159	30.133	86.948
390.590	205.489	30.496	87.268
391.163	205.260	29.921	87.459
391.710	207.937	30.131	86.716
393.171	205.500	30.349	90.378
393.305	208.363	29.765	86.827
394.670	205.918	29.442	89.489
394.428	207.800	29.789	86.829
394.879	206.740	30.111	90.053
394.454	208.050	30.592	89.317
394.109	208.515	30.550	90.269
393.684	210.782	30.684	86.889
393.159	209.752	30.623	88.725
392.082	210.498	31.563	88.493
391.289	209.826	31.462	88.689
391.176	209.179	30.609	89.264
390.536	210.245	30.845	87.604
389.859	209.532	30.566	88.927
389.583	209.394	30.552	89.534
388.585	210.643	29.732	89.195
387.987	210.526	30.121	89.775
387.569	210.587	28.881	89.660
386.833	211.747	29.114	87.682
385.318	212.643	29.165	87.480
384.775	212.363	27.735	88.944
384.300	213.596	27.183	87.170
382.565	213.849	26.829	86.967
380.857	212.528	26.791	89.167
379.340	213.158	27.129	88.250
376.781	212.381	28.155	89.924
375.425	213.713	29.244	90.222
374.151	212.440	29.401	91.525
371.634	214.410	30.773	88.903
370.040	213.482	31.858	90.842
368.177	214.120	31.818	91.005
367.048	214.517	31.036	91.265
364.971	214.878	31.750	91.278
363.179	213.636	31.252	92.202
361.740	214.304	31.082	91.912
360.571	214.419	29.781	92.173
359.594	214.591	30.039	92.639
358.707	214.366	30.565	94.889
357.848	215.437	31.060	93.018
356.784	217.166	31.528	92.734
356.584	217.823	30.632	93.307
355.762	217.918	31.363	93.081
355.614	218.302	31.075	92.804
355.624	217.836	30.489	92.624
353.957	220.300	29.465	93.162
351.177	222.616	29.314	93.061
347.819	225.282	30.536	92.184
346.694	224.138	30.989	92.297
344.121	224.549	31.892	91.006
342.693	223.304	31.424	93.351
340.175	223.727	31.417	94.195
339.508	223.559	31.320	95.617
338.285	224.713	30.073	93.605
336.982	225.249	30.152	93.168
333.119	226.467	29.511	93.362
331.524	225.623	28.373	96.236
330.270	225.635	28.455	95.407
327.520	226.670	27.758	94.102
323.883	226.524	28.735	94.973
316.376	227.752	33.075	95.068
310.736	229.779	38.077	94.713
309.684	233.170	37.162	91.003
304.982	231.463	38.270	93.952
302.755	230.736	36.029	93.888
300.719	230.645	31.916	95.396
298.749	228.857	29.427	97.799
297.537	229.575	29.082	97.727
295.246	229.935	29.008	96.853
291.279	231.750	29.763	94.985
289.555	232.152	30.621	96.496
285.225	233.378	32.735	94.948
283.518	233.523	33.729	94.837
280.532	235.044	34.837	93.952
279.718	234.854	33.715	95.083
276.872	234.151	31.459	96.046
276.113	234.818	30.421	95.296
272.162	234.032	28.537	96.777
268.084	233.727	28.205	96.625
264.951	232.475	29.774	97.932
261.307	234.117	32.775	96.679
250.260	235.852	40.410	95.154
249.250	238.010	40.023	93.133
245.441	235.198	40.508	97.727
244.972	236.772	40.249	94.957
241.875	234.604	36.113	98.207
240.228	234.306	31.291	99.527
237.619	235.660	31.209	98.065
236.590	235.297	31.278	98.524
234.579	236.088	31.378	98.425
233.024	237.732	32.101	97.370
230.295	238.630	31.855	97.671
228.309	239.332	30.871	98.489
225.742	240.118	30.985	100.144
220.943	240.822	31.188	101.385
217.145	240.889	30.238	101.632
212.381	240.108	31.258	102.898
207.634	242.193	33.775	100.425
205.336	243.260	36.308	99.014
194.219	245.020	44.858	99.398
192.591	248.700	46.785	94.119
187.158	249.501	48.708	97.260
183.542	252.945	49.648	98.476
180.827	255.413	48.423	95.552
179.905	255.739	43.498	94.637
177.478	254.557	35.764	97.187
177.329	252.810	31.039	100.715
152.045	256.282	45.473	97.189
149.258	256.066	40.697	96.642
149.060	255.125	34.213	95.934
144.395	254.820	28.182	99.376
142.818	254.733	25.338	99.021
137.949	253.712	28.178	99.109
133.631	254.980	31.672	98.512
124.753	256.174	39.576	96.519
127.233	256.770	35.850	96.386
126.728	257.865	34.666	95.191
124.941	255.651	35.301	97.548
122.020	255.595	36.329	98.042
120.555	255.617	34.747	96.714
118.365	254.326	33.192	98.998
117.765	253.579	32.483	100.629
116.223	253.199	32.968	101.170
115.131	254.664	33.745	99.818
114.744	253.494	34.166	100.433
114.155	254.838	35.692	99.167
114.628	253.272	35.817	101.939
115.423	254.189	35.425	100.610
116.377	254.787	36.096	101.188
116.801	254.834	36.615	101.955
118.664	255.726	37.904	102.094
120.535	256.777	38.699	101.035
121.761	256.366	38.903	100.918
122.994	256.822	39.972	100.955
125.779	257.193	38.548	101.212
130.292	256.470	35.269	101.707
132.587	256.980	34.458	101.140
133.058	258.306	33.753	100.484
134.734	257.993	33.737	100.995
136.282	259.095	34.818	100.768
138.043	259.419	36.326	100.871
138.968	260.813	35.772	99.997
141.365	258.564	36.054	102.366
142.862	259.484	36.450	101.374
145.669	259.924	35.748	101.068
147.337	259.632	35.463	100.812
148.677	259.804	34.595	101.084
150.803	260.454	34.382	100.521
152.708	260.755	35.262	101.291
155.621	262.231	37.694	101.120
160.212	262.458	36.985	100.491
162.922	260.704	37.679	103.877
167.530	261.243	37.301	103.627
170.777	261.536	37.184	103.326
171.463	263.234	38.400	102.189
173.419	264.329	37.915	101.461
175.008	264.083	37.096	101.549
177.304	265.104	36.582	101.762
177.876	265.726	37.016	101.772
178.748	265.940	37.187	102.245
180.972	265.591	37.470	103.003
182.933	264.649	37.879	104.596
185.482	264.912	37.315	104.701
186.168	264.260	37.293	104.829
188.990	265.092	36.130	103.977
188.986	264.287	36.581	105.178
192.763	265.914	36.469	104.410
196.221	267.589	40.749	103.028
198.055	268.986	37.967	100.940
200.395	268.960	38.470	102.012
201.428	268.681	39.384	102.960
204.156	267.999	40.059	104.580
207.553	267.458	39.820	105.416
209.262	268.325	40.802	104.676
213.352	267.034	39.511	105.598
216.013	268.941	40.128	104.200
219.205	269.343	39.171	104.028
220.084	270.372	38.711	103.405
222.455	270.011	38.606	104.012
226.109	272.718	38.172	102.537
228.273	272.354	38.695	104.324
231.459	272.769	37.648	103.847
233.030	271.131	36.805	107.037
236.098	270.804	35.743	107.130
237.261	270.750	35.426	106.491
240.230	270.887	34.959	107.104
