38.000	144.000	25.000	86.000
38.403	142.946	24.057	89.757
38.617	143.146	24.798	89.316
38.755	143.031	24.591	88.545
39.371	142.630	23.404	90.030
38.941	142.383	24.993	89.382
39.379	143.454	25.122	88.558
39.781	142.215	25.052	90.247
40.378	142.669	24.821	88.944
40.328	143.029	25.370	88.123
40.373	142.544	26.101	89.229
41.072	143.162	25.629	88.457
41.344	142.908	26.206	88.706
41.340	142.392	25.916	89.338
41.571	142.770	26.606	88.264
41.885	142.579	26.510	89.433
41.990	142.371	27.437	89.471
42.697	142.781	27.324	88.361
42.478	142.557	27.878	89.377
42.470	142.384	27.865	89.488
42.387	142.553	28.467	89.643
42.232	143.441	28.290	88.141
41.629	142.587	29.458	89.844
41.496	143.188	29.365	89.206
41.228	142.115	28.670	89.606
41.037	142.996	28.712	89.386
40.327	142.955	28.469	89.338
40.019	143.456	28.599	88.467
39.860	143.334	28.176	88.853
39.816	143.060	27.608	89.087
39.291	142.853	27.471	88.511
39.197	142.556	27.532	90.191
38.831	143.472	27.625	88.940
38.750	141.734	27.927	90.097
38.963	142.964	27.238	88.326
38.704	142.889	27.344	88.342
38.662	142.145	27.636	88.124
39.191	143.467	27.580	87.190
39.000	142.924	27.588	87.982
38.577	142.381	27.865	88.187
38.690	142.197	28.008	88.483
38.878	142.557	28.033	88.058
38.934	142.742	27.977	88.242
38.792	142.819	28.082	88.309
38.411	142.387	28.173	88.953
38.136	143.494	28.333	87.618
37.697	143.411	29.823	88.041
37.332	143.964	30.365	87.746
37.908	143.730	29.828	87.883
38.255	142.893	30.113	87.793
37.582	142.730	31.976	86.723
38.594	143.288	30.937	86.056
37.457	142.363	32.163	87.941
38.200	142.025	31.667	89.007
37.322	141.653	32.195	86.800
37.773	142.236	32.219	85.495
38.368	142.574	30.893	84.584
38.472	141.547	29.494	90.625
37.279	142.219	30.392	91.348
38.202	140.916	28.663	91.318
38.747	141.630	27.438	86.620
38.442	141.959	27.449	85.696
38.566	141.866	26.294	89.048
38.565	141.485	26.507	90.462
37.697	142.285	29.357	88.472
36.818	143.353	32.187	85.514
36.380	143.429	32.717	81.584
35.359	142.810	33.711	83.315
35.400	142.781	33.585	84.155
35.977	142.912	29.893	84.775
36.197	143.094	29.739	82.813
35.824	142.576	30.626	84.432
35.227	142.291	31.029	85.853
35.379	141.996	31.188	84.466
35.616	142.423	31.456	85.719
33.715	142.581	32.468	85.460
35.085	142.340	32.999	85.806
33.047	141.883	35.708	87.917
29.824	142.768	39.283	85.017
34.741	142.676	33.448	83.489
34.327	142.369	34.079	82.358
35.053	143.575	33.353	82.134
35.066	142.740	30.761	84.824
35.049	142.657	29.631	89.872
35.011	143.379	29.052	88.673
34.577	143.456	33.074	90.908
34.910	144.116	29.853	88.204
35.192	142.778	29.400	89.687
35.253	143.793	29.517	89.887
35.011	142.503	29.888	90.117
35.021	143.382	33.343	90.939
35.240	143.629	33.720	89.080
35.092	144.399	34.158	87.192
34.595	144.321	34.226	87.760
35.164	144.198	33.569	87.102
35.854	144.001	33.637	86.650
35.438	143.564	34.531	87.635
35.342	143.475	34.214	87.274
35.449	143.714	34.384	86.945
35.493	143.675	34.133	87.346
35.537	143.521	33.903	87.818
35.145	144.153	34.242	87.066
35.151	144.518	33.670	86.280
35.473	144.245	33.490	86.939
35.240	144.994	33.433	86.245
35.284	145.128	32.455	86.312
35.521	144.279	31.569	86.831
35.599	143.532	31.217	88.381
35.436	144.557	32.110	87.629
35.855	143.866	31.392	88.109
35.143	144.341	31.832	87.732
35.216	143.987	31.645	87.844
35.095	143.948	31.726	87.823
35.250	144.027	31.931	87.835
35.353	144.828	31.860	87.327
35.810	143.844	30.440	88.154
35.522	144.474	31.464	87.499
35.973	143.963	30.968	87.915
35.352	145.108	31.668	87.009
35.419	144.200	31.761	88.127
35.896	143.467	30.894	88.448
35.645	143.790	31.798	87.981
35.423	144.634	32.520	87.613
35.897	144.460	31.439	86.892
35.893	143.887	31.510	88.147
35.423	144.066	31.671	88.128
36.020	143.747	30.445	88.618
35.453	144.849	31.013	87.467
35.964	143.844	30.990	88.303
35.369	144.302	31.571	87.620
35.284	145.275	32.180	86.768
35.369	145.491	32.096	86.149
35.890	144.848	31.648	86.321
35.331	144.669	31.534	87.184
35.883	144.318	30.797	87.470
35.571	145.095	31.864	86.999
35.402	144.985	31.142	87.102
35.721	144.063	30.315	87.597
35.199	144.353	31.471	87.388
35.458	144.318	31.049	87.799
35.327	144.751	30.554	87.427
35.671	144.496	30.353	87.462
35.469	143.905	30.328	87.548
35.711	144.159	30.270	87.159
35.280	144.105	30.833	87.526
35.392	145.365	30.996	86.578
35.671	144.142	30.085	87.786
35.631	143.747	29.934	87.795
35.671	144.198	30.645	87.210
35.328	144.931	31.383	86.992
35.681	144.044	30.823	87.779
35.762	143.848	30.261	88.005
35.681	143.374	30.736	87.970
35.558	143.946	30.787	87.351
35.360	144.353	31.993	87.358
35.892	143.987	31.183	88.086
35.198	144.105	31.902	87.816
35.371	144.105	31.883	87.786
35.979	143.948	31.180	87.974
36.095	143.987	31.131	88.055
35.933	143.909	30.105	87.563
35.565	144.353	31.186	87.601
36.177	143.446	30.223	88.432
35.552	144.839	31.268	87.156
36.124	144.082	30.394	87.737
35.750	144.708	31.428	87.025
35.519	144.591	31.541	87.081
35.536	144.435	31.205	87.207
35.854	144.513	31.132	87.521
35.684	144.318	30.626	87.889
35.762	143.926	30.815	87.537
35.923	144.083	30.787	87.649
35.802	144.240	30.878	87.643
35.721	144.005	30.524	87.458
35.640	144.081	30.777	87.086
35.441	144.314	31.105	87.094
35.554	144.902	30.912	87.223
35.294	144.299	30.626	87.420
35.167	144.240	31.383	87.403
35.042	144.530	31.623	86.979
35.843	144.083	30.588	87.619
35.194	145.327	31.914	87.011
35.727	144.200	30.389	87.768
35.476	144.357	31.204	86.987
35.721	144.669	30.930	87.034
35.506	145.391	31.440	86.417
35.490	144.847	31.181	86.991
35.244	144.630	31.223	87.133
35.923	144.552	30.938	86.851
35.490	145.574	31.104	86.812
35.435	144.216	30.629	87.596
35.435	144.435	31.275	87.117
35.517	144.747	31.193	86.926
35.353	145.250	31.357	86.845
35.076	145.279	31.709	87.304
35.270	144.195	30.434	88.157
35.476	144.591	30.926	87.322
34.906	145.327	32.081	86.406
35.435	145.219	31.848	85.979
35.346	145.314	31.704	86.614
34.974	145.044	31.651	87.359
35.435	144.318	31.039	87.679
35.517	144.633	30.728	87.305
34.923	144.886	31.584	87.341
35.476	144.121	30.671	87.668
34.974	145.211	31.257	86.793
35.469	144.886	30.772	87.281
35.476	144.103	30.478	87.766
35.558	144.123	30.104	87.430
35.550	144.572	30.677	87.359
35.144	144.652	31.363	87.425
35.681	143.804	30.523	87.482
35.127	145.123	30.948	87.015
35.019	144.339	31.331	87.828
35.182	144.732	31.194	87.493
35.312	144.397	30.835	87.214
35.052	145.018	31.538	87.016
35.042	145.297	31.543	87.091
35.517	144.295	30.547	87.782
35.558	144.240	30.815	87.643
34.854	144.630	31.852	87.223
35.025	145.004	31.401	87.403
34.555	144.790	31.637	87.447
35.173	143.725	30.959	88.153
34.833	144.380	31.761	87.211
35.476	144.184	30.547	87.738
35.558	144.979	30.547	87.024
35.429	143.905	30.609	87.814
35.161	144.785	30.953	86.977
35.424	144.691	30.967	87.416
35.474	144.824	30.484	87.179
35.439	144.181	30.911	87.627
35.538	144.785	31.047	87.248
35.458	144.513	30.970	87.430
35.618	145.134	30.340	87.021
35.590	143.884	30.390	88.389
35.042	144.708	31.743	87.175
35.396	143.884	30.384	87.905
35.517	144.552	30.506	87.210
35.550	143.905	30.261	88.412
35.640	144.240	30.549	87.583
35.435	144.123	31.186	87.192
35.558	144.083	30.039	87.709
35.348	144.261	30.298	87.250
35.085	144.843	31.107	87.209
34.940	144.941	30.979	87.154
35.469	144.024	30.699	87.725
34.819	144.396	31.569	87.638
35.132	144.576	30.760	87.256
35.103	144.260	30.262	87.757
34.897	144.396	31.041	87.427
34.980	144.123	31.656	87.281
34.320	144.414	32.586	87.490
34.930	145.111	31.732	86.128
34.613	144.574	31.817	87.324
35.011	144.105	31.573	87.786
34.459	144.732	32.488	87.402
34.527	145.479	33.214	85.961
34.720	144.868	32.060	86.477
34.679	145.288	33.128	85.877
35.270	145.004	32.806	86.111
35.270	144.965	32.557	86.417
34.759	145.891	32.992	85.670
35.312	145.141	32.321	86.648
35.270	145.102	32.789	85.745
35.304	145.327	33.037	85.308
35.468	145.557	32.629	85.549
35.522	145.634	32.778	85.620
35.893	144.790	31.998	86.496
35.640	143.611	31.607	87.882
35.336	144.362	31.639	87.426
35.645	144.263	31.194	87.659
35.686	144.042	30.797	88.045
35.769	143.606	31.247	88.065
34.884	144.066	32.418	88.128
34.679	144.447	32.537	87.783
35.093	144.721	32.261	86.667
34.596	145.314	33.403	86.488
35.139	144.223	32.514	86.923
34.652	144.965	33.456	86.477
35.089	145.128	32.365	86.253
34.955	144.907	32.550	86.615
34.919	145.545	32.914	86.106
35.354	144.476	32.215	86.722
34.759	145.568	32.828	85.730
35.105	145.219	31.911	86.214
35.476	145.018	31.727	86.296
34.781	144.863	32.596	87.171
34.726	145.634	33.341	85.924
35.144	145.105	31.550	86.246
35.671	144.181	30.527	87.479
35.270	144.318	30.947	87.294
34.749	145.018	31.482	87.107
35.435	144.121	30.810	87.757
34.767	144.318	31.899	87.475
34.339	145.159	32.159	87.340
35.299	144.195	30.494	88.246
35.105	144.240	31.113	88.088
34.544	145.043	32.238	87.121
34.680	144.790	31.558	86.185
34.733	145.008	31.538	87.375
34.720	144.790	31.628	87.447
34.970	144.002	30.690	88.055
34.590	145.173	32.045	87.165
34.930	144.275	30.991	87.456
34.714	144.474	31.753	87.620
34.805	144.027	30.851	87.895
34.769	144.863	31.621	87.444
34.785	144.594	31.727	87.915
34.645	144.697	32.096	87.578
34.722	144.302	31.269	87.583
34.847	143.844	30.914	88.094
35.011	144.419	31.336	88.079
34.561	145.128	31.896	87.327
34.847	143.916	30.986	87.669
34.273	145.070	31.833	86.772
34.595	144.829	31.605	87.378
34.574	145.141	31.492	87.036
35.051	144.318	30.481	87.679
34.648	144.240	30.652	87.373
34.320	144.979	32.125	86.994
34.688	145.219	32.194	87.018
34.933	144.632	31.157	87.512
34.374	144.437	31.856	87.711
34.217	144.579	32.321	87.396
34.888	144.539	31.379	87.555
34.929	144.555	31.218	87.743
35.051	144.594	31.516	87.704
35.102	144.633	31.464	87.484
34.980	144.515	31.437	87.542
35.353	144.279	31.180	87.868
35.102	144.002	31.464	88.085
34.971	144.066	30.837	87.946
35.011	144.552	31.336	87.331
35.229	144.476	31.059	87.552
35.229	144.240	30.368	87.848
35.062	144.083	30.653	87.619
35.103	144.279	30.570	87.304
35.348	144.430	30.590	87.159
34.801	144.766	32.480	87.105
35.102	144.657	31.436	86.842
34.906	144.435	31.325	87.237
35.517	144.513	30.943	87.340
35.435	144.552	30.629	87.331
35.388	144.260	30.550	87.578
34.750	144.201	30.933	87.652
34.753	144.513	31.123	87.189
34.784	144.669	31.703	87.395
35.454	144.476	30.365	87.671
34.936	144.456	31.099	87.591
35.022	144.358	31.449	87.700
34.884	144.498	31.425	87.364
35.110	144.397	31.555	87.600
35.095	144.732	31.254	87.462
35.177	144.240	30.936	87.758
35.144	144.318	30.814	87.746
35.076	143.848	30.998	87.975
35.294	143.829	30.628	88.044
35.008	143.906	31.066	89.277
35.052	143.658	30.333	88.255
34.337	144.123	30.708	88.002
34.369	144.396	31.028	87.728
34.418	144.476	31.498	87.581
34.865	144.946	30.294	87.472
35.174	144.142	30.958	88.175
35.811	143.434	30.947	89.034
36.633	143.776	30.368	88.789
37.126	145.275	31.453	88.306
37.636	144.967	31.675	90.208
39.153	145.377	30.947	89.939
40.150	144.313	31.478	91.516
41.889	144.352	31.136	91.508
42.910	145.402	31.837	90.860
43.329	143.884	31.680	91.876
44.665	145.405	31.758	90.659
45.378	144.780	31.844	91.342
45.554	145.811	32.635	90.647
47.505	147.014	31.748	90.256
47.480	147.871	32.213	90.701
48.500	148.781	32.425	90.230
49.223	148.392	32.666	90.298
49.810	148.597	32.886	90.210
50.681	147.881	33.305	92.898
51.395	148.291	33.672	90.843
51.921	149.074	34.368	90.542
53.245	149.313	34.254	90.949
53.535	150.283	34.392	90.632
55.683	151.043	33.354	91.013
56.281	151.421	32.962	92.808
57.323	150.635	33.664	93.531
57.668	150.041	33.722	93.040
58.195	150.546	34.376	93.225
58.346	150.765	34.746	93.924
59.902	152.318	34.051	92.675
59.763	152.888	34.025	93.072
61.072	154.293	33.178	92.708
61.321	154.717	34.463	93.625
62.067	154.217	34.427	93.256
62.102	153.640	36.856	94.542
63.371	153.711	37.140	93.943
64.538	155.128	37.625	94.332
65.921	156.600	36.481	94.904
67.639	157.442	34.461	95.793
68.086	155.783	34.845	98.337
68.601	155.198	35.428	98.598
69.072	154.921	35.449	99.709
69.545	155.803	36.388	100.470
69.752	156.556	36.576	99.250
71.066	158.869	35.649	96.943
71.320	159.428	35.301	97.517
72.864	160.428	35.566	97.473
73.631	159.953	36.095	97.985
73.971	159.542	36.494	98.930
75.774	159.344	36.163	99.900
76.924	160.542	36.857	99.298
78.132	161.348	36.565	98.848
80.220	162.689	35.923	100.782
81.856	162.179	36.201	102.666
82.389	162.801	36.291	101.013
84.065	161.169	36.205	102.774
85.752	162.148	36.251	102.268
86.309	163.480	36.307	101.110
88.735	164.602	35.413	102.273
89.947	165.677	35.628	101.859
90.762	165.770	35.968	102.995
92.621	165.029	37.005	103.604
94.514	165.185	38.315	104.106
95.305	165.658	38.672	103.767
98.296	168.153	38.783	102.414
100.877	169.941	38.120	101.989
103.446	170.451	37.325	103.027
106.579	166.695	37.075	107.689
106.782	168.576	38.730	105.607
109.081	169.687	38.020	106.227
110.520	171.610	37.623	106.042
111.914	172.366	37.605	105.541
112.377	173.013	37.883	105.144
113.357	173.049	38.759	105.439
114.166	173.078	38.958	105.022
114.363	174.183	38.976	103.212
115.350	174.340	39.558	104.509
115.920	174.651	40.110	104.733
117.308	176.277	39.437	104.460
119.230	177.918	38.943	104.900
120.333	177.934	38.705	105.119
122.608	176.766	37.499	107.332
123.360	175.756	37.950	107.806
123.414	176.530	38.484	107.315
124.670	177.501	39.188	107.872
125.005	179.397	40.612	107.556
126.086	180.724	40.094	105.861
127.351	181.071	39.930	106.205
127.666	181.153	40.563	106.476
128.323	180.651	40.620	108.130
130.677	180.438	40.396	108.154
130.948	181.087	40.662	107.031
133.006	180.986	40.366	109.000
135.698	183.047	39.342	108.663
136.576	182.609	39.256	110.971
139.336	184.248	38.625	111.390
141.628	182.653	38.877	113.397
143.534	182.497	39.617	113.589
144.358	182.540	39.867	111.871
147.059	184.098	39.893	112.822
149.350	186.880	40.528	111.157
151.969	187.308	40.502	111.728
152.640	187.832	41.173	112.241
155.287	188.491	42.061	112.503
155.365	188.510	43.870	112.736
157.053	188.867	44.855	111.436
159.037	190.250	47.964	111.762
163.042	192.916	49.357	109.973
167.259	193.108	47.047	110.630
173.200	194.041	44.374	111.109
180.396	193.804	41.249	109.511
188.050	191.601	36.716	112.214
193.042	191.549	35.809	115.511
198.318	192.912	35.837	115.701
202.941	196.420	40.094	113.039
209.484	196.445	37.291	111.704
211.465	194.873	34.238	114.940
214.495	193.028	32.943	117.089
217.686	193.541	31.967	119.156
219.354	194.591	32.765	115.641
221.056	193.751	33.666	115.327
222.728	194.287	33.215	115.276
221.502	196.260	39.871	114.717
222.139	197.348	39.711	113.649
223.250	196.752	40.579	115.252
225.906	196.869	39.249	112.956
225.402	197.506	40.821	113.748
226.507	199.041	40.776	111.814
227.611	198.667	40.556	113.971
229.330	199.199	40.116	115.041
230.735	200.754	40.171	114.748
232.483	201.277	39.854	115.274
232.247	200.528	41.823	116.298
231.029	200.687	44.967	115.080
231.062	204.584	48.197	112.014
232.662	206.130	48.654	112.941
239.758	206.581	42.632	112.033
245.597	206.523	38.927	112.660
249.183	204.242	38.600	116.729
251.383	205.279	37.343	117.166
252.211	205.094	36.762	116.837
255.387	208.588	35.129	115.494
255.159	209.237	36.421	117.016
255.426	211.982	38.827	117.428
252.402	213.695	43.984	115.979
251.719	214.286	47.822	111.912
253.119	214.931	48.828	112.628
256.905	217.245	46.886	114.588
255.279	219.256	48.714	113.757
260.272	219.753	46.017	114.147
258.487	220.911	49.738	113.899
259.925	219.227	49.859	118.951
261.507	219.187	49.755	118.938
265.350	218.819	48.239	119.197
267.647	219.938	48.477	121.219
267.238	221.040	49.885	123.109
272.144	223.506	47.683	121.040
271.385	222.923	49.652	123.491
275.642	224.195	48.154	123.082
279.215	224.695	47.295	121.523
281.042	224.839	46.994	123.196
285.568	227.121	45.219	122.350
289.554	229.013	43.919	125.561
292.099	229.734	43.646	127.200
293.004	229.785	44.369	127.393
294.770	228.362	45.024	128.478
294.820	227.875	45.975	128.848
295.890	229.127	47.593	129.679
296.544	231.572	48.934	132.694
298.996	233.870	47.987	131.816
300.747	233.149	47.626	132.350
302.818	232.612	47.449	133.899
303.542	233.521	48.030	133.097
305.124	234.140	48.680	133.353
305.471	234.455	49.305	133.788
307.996	237.505	48.926	134.671
308.995	239.582	49.179	136.029
311.654	241.275	48.265	136.341
313.211	240.045	48.608	138.430
315.729	239.880	47.809	139.367
316.552	240.494	47.172	138.318
318.751	242.696	46.218	140.377
318.352	246.418	47.306	139.011
318.470	246.346	47.060	137.709
318.665	248.742	46.800	133.898
319.707	247.684	48.067	137.226
321.981	247.746	46.951	138.763
323.091	248.186	45.019	140.419
324.870	248.158	43.666	141.765
326.619	251.125	41.242	141.000
327.209	250.552	42.031	142.265
329.921	249.995	46.054	144.065
332.061	250.642	48.070	142.466
335.216	249.326	51.102	143.967
337.842	249.553	54.571	143.643
339.239	250.607	54.649	142.692
341.142	252.622	56.870	141.872
345.189	254.473	54.781	142.285
348.140	253.346	52.496	143.895
349.515	253.122	50.512	145.102
352.169	252.615	48.529	145.406
353.727	252.906	48.503	145.726
355.918	253.781	49.027	146.745
356.090	253.287	50.138	147.902
356.532	254.233	52.818	148.774
357.300	254.026	53.184	148.490
357.149	256.398	55.128	146.994
357.060	257.508	56.075	145.488
358.549	256.034	54.448	146.676
359.252	255.801	54.175	146.955
359.840	254.393	53.338	149.429
360.216	256.350	52.801	147.533
360.088	255.686	52.666	149.076
360.974	256.487	50.427	148.083
362.039	255.204	48.859	149.429
363.903	254.704	47.191	149.270
365.567	256.235	46.020	148.930
366.846	255.794	46.265	149.062
368.417	256.296	46.128	149.272
369.342	255.947	46.897	148.777
370.285	255.776	46.564	148.581
371.233	256.396	46.541	148.640
371.531	255.845	46.550	149.471
371.337	256.587	47.496	148.956
371.467	255.623	47.880	149.128
371.950	256.689	47.380	148.518
372.049	257.040	47.287	147.843
372.196	256.152	46.635	149.560
372.595	256.788	44.346	149.419
371.969	256.701	44.152	149.478
371.306	256.683	43.842	150.117
370.767	257.262	44.055	149.576
370.682	256.823	43.800	149.983
370.360	257.109	43.343	149.531
369.507	257.115	43.229	149.653
369.399	257.718	42.842	148.720
368.781	258.783	42.972	148.515
368.129	258.371	43.211	148.284
367.702	258.533	43.284	147.846
366.797	258.917	43.752	147.566
366.334	258.191	43.769	147.753
366.373	258.883	43.564	148.152
365.092	257.568	43.985	148.316
365.203	258.599	44.459	147.416
365.004	258.932	44.977	147.643
365.204	259.776	44.588	146.738
365.798	259.083	44.183	147.897
365.956	259.807	44.461	147.724
367.030	260.238	43.940	147.785
367.557	260.519	43.561	148.060
368.585	262.197	44.073	147.303
369.534	261.502	43.692	148.490
370.710	262.670	44.201	146.835
371.466	263.149	44.818	147.170
372.715	262.329	45.006	148.697
372.869	262.723	45.348	148.517
373.341	262.672	45.310	148.239
373.018	262.925	45.639	147.856
372.420	263.799	45.992	148.186
371.940	264.099	46.333	148.744
371.162	264.619	46.053	149.588
370.665	263.899	45.861	151.628
369.161	265.193	45.312	150.902
368.485	265.243	44.819	151.286
367.359	266.486	45.848	149.729
365.827	266.781	44.800	149.626
365.101	266.876	44.589	149.515
363.401	265.523	44.516	150.495
361.724	266.993	44.951	150.144
361.746	266.756	44.714	150.667
360.631	266.756	44.858	150.800
359.588	267.315	44.483	150.776
359.273	266.953	44.942	150.244
358.437	268.420	43.987	149.136
358.086	267.290	44.042	150.410
357.784	267.680	44.256	150.478
356.464	266.481	44.171	151.116
356.322	267.668	44.457	149.888
355.363	267.129	43.783	151.097
354.464	266.352	43.993	152.006
354.323	264.545	43.541	153.308
353.698	264.328	44.820	152.420
352.172	262.388	44.522	153.688
350.186	262.204	45.958	153.454
348.773	263.713	46.404	148.669
348.174	263.372	45.195	149.461
345.824	260.789	45.628	151.732
343.541	261.863	46.117	149.922
340.705	261.871	46.976	150.330
338.939	262.270	47.662	149.581
336.051	261.812	47.672	149.443
335.136	262.006	47.154	148.396
333.236	261.015	45.421	149.784
331.584	261.118	45.820	149.549
329.302	260.133	46.056	149.218
327.928	261.310	46.287	147.613
326.323	260.525	44.740	146.222
324.903	260.918	43.602	146.748
323.277	261.548	43.832	145.960
322.585	259.210	41.976	148.981
321.837	259.413	42.245	148.904
321.429	258.240	42.441	149.752
320.760	257.889	43.136	149.250
320.874	257.407	43.118	149.434
319.779	256.983	43.490	146.802
319.668	256.619	43.413	147.711
318.940	255.718	44.140	148.375
318.545	255.607	44.326	147.744
317.279	255.253	44.760	147.904
316.241	255.173	45.613	147.872
314.295	255.943	46.450	146.079
312.950	254.615	46.053	148.039
311.903	255.659	44.978	147.163
309.771	253.797	43.486	148.275
307.588	253.331	43.118	147.904
305.151	253.495	43.829	147.746
303.529	253.110	43.162	145.098
301.753	252.395	42.991	146.244
300.395	252.645	42.682	145.674
299.917	252.695	42.912	145.753
298.321	253.090	43.372	145.165
298.641	252.049	42.187	146.271
296.341	250.175	42.390	145.526
294.399	248.358	43.459	144.478
293.637	246.645	43.366	143.716
291.591	247.457	42.626	142.144
289.222	246.883	43.131	141.383
288.212	247.729	43.824	140.162
286.478	246.199	42.901	141.913
283.786	244.979	42.887	141.844
282.295	243.696	43.701	141.671
280.473	241.656	43.338	140.608
279.151	241.819	43.607	139.416
278.216	240.531	42.428	141.002
277.252	241.737	42.917	139.558
275.958	241.014	42.590	140.581
275.527	241.452	42.544	139.596
274.771	241.093	42.278	139.275
273.414	239.168	43.386	141.016
272.151	237.802	42.825	137.017
271.331	235.727	42.400	135.673
270.941	234.468	42.391	137.014
269.121	235.272	41.908	135.845
267.766	234.587	42.170	135.968
267.181	233.819	42.537	136.048
265.815	232.303	42.346	135.486
264.954	229.652	42.036	134.373
264.784	229.362	42.262	133.187
264.499	228.363	42.329	132.962
264.651	227.644	42.006	132.817
264.543	227.920	42.162	132.566
264.789	227.830	42.547	131.362
264.812	226.815	43.308	132.293
265.985	225.511	42.886	131.513
266.290	224.769	43.511	130.504
267.876	221.635	42.478	129.596
268.914	220.855	42.355	129.188
269.788	221.083	42.307	128.554
270.540	221.080	42.483	129.878
271.337	220.591	42.206	129.563
272.129	218.185	43.043	129.439
272.018	218.239	43.353	126.347
272.318	215.103	43.348	128.012
272.519	215.128	43.692	128.055
273.532	215.100	44.463	127.371
274.018	215.885	44.135	126.416
275.707	215.256	43.727	127.297
276.244	214.992	43.927	127.164
276.689	210.776	45.797	128.829
277.475	210.242	47.689	125.588
278.622	211.727	45.074	122.928
278.822	210.994	43.060	123.990
278.131	205.552	42.592	123.715
277.891	204.855	42.223	121.667
277.828	204.520	41.944	121.725
277.269	204.606	42.738	120.721
276.922	203.035	43.074	121.606
276.395	199.214	43.130	121.821
276.250	199.235	41.799	119.534
275.481	199.985	41.572	118.931
274.167	199.032	41.440	119.196
272.775	198.598	41.170	119.335
271.802	196.715	41.878	120.303
270.578	196.233	41.906	117.626
269.372	194.011	41.649	118.398
268.570	193.607	41.410	118.040
267.259	192.945	41.857	118.229
266.794	194.506	41.061	116.945
265.678	193.361	39.967	117.586
264.358	190.441	39.651	116.672
263.229	189.536	38.629	115.731
261.287	189.808	39.405	115.765
259.474	189.639	38.172	115.635
256.741	186.838	39.201	114.732
254.796	184.950	39.929	114.674
253.550	185.355	40.832	113.399
253.029	186.625	40.404	112.435
252.963	185.809	39.882	113.208
252.168	183.887	39.626	114.764
251.840	182.413	38.745	112.787
251.026	181.386	38.571	112.323
250.071	181.538	38.123	112.511
248.951	180.663	37.906	112.122
247.092	181.055	37.912	111.583
245.198	180.250	38.950	110.995
243.469	177.953	39.955	110.900
242.435	177.087	38.966	110.866
241.647	176.788	39.354	110.021
241.332	177.119	39.022	109.990
240.622	177.990	38.716	109.630
240.229	177.960	38.397	109.338
239.529	177.947	37.952	108.808
238.306	175.509	37.588	109.706
236.892	175.341	37.800	106.905
235.485	173.502	37.628	110.150
233.962	175.352	37.104	107.117
232.567	174.879	36.422	107.015
230.317	175.085	36.434	106.372
229.206	174.513	37.059	107.237
226.589	172.374	37.316	107.727
224.913	171.512	36.649	107.847
223.686	170.648	37.775	107.217
222.275	171.913	36.730	106.399
221.310	171.847	37.219	106.028
220.187	173.052	36.491	105.201
219.440	171.916	36.028	106.162
216.725	171.773	37.120	105.963
214.941	170.800	36.127	105.972
213.702	170.040	36.933	104.770
212.415	169.555	36.074	105.568
211.093	169.202	36.563	105.838
209.086	169.622	35.798	104.717
207.109	169.577	36.143	103.879
206.328	169.941	35.411	103.756
203.439	168.849	35.759	104.798
201.105	168.382	35.523	103.972
200.180	167.990	35.518	103.880
198.047	168.175	34.719	102.672
197.397	167.786	34.883	102.862
195.284	168.103	35.217	103.049
194.364	168.143	35.553	102.633
193.453	167.658	35.914	102.742
192.115	167.502	34.529	103.101
190.689	166.496	34.890	103.348
189.074	165.764	34.964	101.552
187.132	164.187	34.836	101.582
186.201	165.595	33.311	85.152
184.664	166.235	32.196	78.135
181.650	165.355	32.516	73.975
178.940	164.571	31.825	71.609
176.895	163.181	32.314	68.192
175.780	162.534	32.724	68.558
173.194	160.909	33.030	70.977
171.663	160.326	33.657	70.184
169.909	160.976	33.411	76.597
169.011	161.476	33.700	75.900
166.831	160.541	33.457	78.906
165.353	160.799	34.135	82.337
163.133	160.374	34.113	90.734
160.146	159.925	33.966	95.292
157.171	159.416	33.801	97.592
153.177	160.046	35.824	97.102
151.261	160.163	36.696	97.562
147.936	160.317	37.022	96.316
145.584	159.641	37.596	97.279
141.820	159.163	35.033	95.728
140.148	158.886	33.414	97.453
137.625	158.835	32.188	97.061
136.504	159.251	32.325	97.844
134.695	159.135	31.287	96.113
131.214	159.607	31.425	95.342
129.498	159.319	31.931	95.322
127.202	157.334	32.784	96.251
123.303	154.895	34.831	97.515
119.875	154.653	29.943	97.106
113.765	156.294	29.067	94.803
113.203	157.128	30.521	95.093
108.000	158.097	33.864	94.808
106.188	157.018	32.193	93.953
103.882	156.002	31.874	93.605
101.823	156.395	27.680	93.669
100.854	154.073	26.513	94.984
98.081	155.361	26.721	93.255
95.752	154.355	28.776	94.206
94.883	154.843	29.096	93.999
92.232	155.049	30.575	94.250
89.736	153.889	31.644	95.672
88.074	153.586	31.695	95.774
87.220	153.532	31.465	95.239
86.164	152.797	31.421	95.319
85.567	153.083	31.891	94.850
85.263	152.914	32.001	94.566
85.019	152.644	31.569	94.634
84.802	152.475	31.694	94.383
85.241	152.280	30.994	94.682
85.030	152.875	31.072	94.040
84.398	151.245	32.132	95.497
84.280	151.150	31.493	95.243
83.596	150.541	32.109	96.095
83.368	151.301	32.390	95.336
82.889	151.649	32.346	94.678
82.309	151.480	31.913	95.370
81.004	151.056	32.413	95.467
80.760	150.410	31.746	96.228
79.872	150.623	32.239	96.247
79.005	150.463	32.342	96.401
78.185	150.676	32.907	96.473
77.106	150.387	32.970	96.389
76.482	149.903	33.006	97.045
76.024	149.308	33.212	97.784
75.304	149.714	33.739	97.318
74.570	149.366	34.205	97.867
74.348	148.813	34.376	98.090
74.355	149.223	34.544	97.330
74.118	149.471	34.749	97.202
74.758	149.296	33.967	97.242
75.169	150.326	34.188	96.492
75.304	149.322	34.110	97.710
75.914	148.901	33.787	97.835
76.272	149.332	33.491	97.319
76.561	149.401	33.617	97.647
77.170	148.852	33.389	97.999
76.978	149.071	33.533	97.747
76.888	149.462	33.897	97.055
77.258	149.879	33.642	96.588
77.529	150.005	33.427	96.640
77.663	149.872	33.625	97.053
77.425	149.931	33.933	97.267
77.380	150.104	34.519	96.595
76.644	149.974	35.778	96.824
76.768	150.019	36.063	96.553
76.153	150.062	36.677	95.561
75.858	150.307	37.913	95.551
75.479	150.464	37.903	95.491
75.259	150.637	38.356	95.352
74.465	150.656	39.340	95.096
74.630	150.194	39.254	96.090
74.302	150.359	39.210	95.226
73.219	151.142	39.279	94.745
71.768	150.699	40.470	95.444
69.853	150.552	41.899	95.579
66.103	150.286	44.845	95.693
65.063	150.084	45.510	95.811
62.764	150.520	47.104	95.339
67.962	150.914	42.006	95.656
69.217	150.637	40.351	95.965
70.742	150.612	37.882	96.031
72.094	150.221	36.649	96.118
72.292	150.366	36.406	96.271
71.195	150.410	37.457	96.195
71.759	150.221	36.750	96.481
73.074	150.669	36.181	95.836
72.812	150.988	36.717	96.015
72.465	150.875	37.096	95.786
73.604	151.357	36.186	95.181
74.118	150.722	36.407	95.707
74.143	151.586	36.520	95.151
74.340	151.125	36.897	95.628
73.501	150.875	37.748	95.329
73.998	151.014	37.438	95.393
74.318	151.614	37.447	95.090
74.561	151.048	37.235	95.908
74.286	151.335	37.692	95.786
73.997	150.685	38.218	96.304
73.647	151.324	38.558	95.170
72.624	150.656	39.972	96.047
72.770	150.857	39.956	96.199
72.643	150.788	40.330	96.316
72.979	150.083	39.798	96.593
73.089	149.978	39.835	96.669
73.873	150.549	39.446	95.933
74.669	150.857	38.719	95.966
75.208	150.559	38.384	96.172
75.219	150.949	38.284	95.222
75.513	150.047	38.103	95.932
76.570	150.626	36.391	96.224
77.385	151.656	35.765	95.247
77.704	151.191	35.126	95.655
79.202	150.271	33.695	97.208
78.530	149.671	34.128	97.528
78.205	149.734	34.805	97.435
78.342	150.081	34.820	97.188
78.114	149.777	34.813	97.158
77.976	149.864	35.237	97.205
77.901	149.528	35.212	97.528
77.249	149.888	35.775	96.882
76.415	149.932	36.507	97.071
76.163	150.265	36.983	96.173
76.113	150.366	37.315	95.844
76.696	150.551	37.290	95.802
76.839	150.453	36.886	96.053
77.123	150.323	36.547	96.547
77.170	150.885	36.248	96.085
77.419	150.615	36.196	96.341
76.949	150.615	37.077	96.144
75.618	150.728	38.496	95.768
75.654	150.846	38.555	95.485
75.718	151.346	38.207	95.689
75.843	150.345	38.297	96.051
75.970	151.142	37.627	96.012
76.242	150.946	37.232	96.175
76.791	151.162	36.934	95.794
76.981	150.267	37.175	96.460
76.695	150.352	37.492	96.450
76.888	150.786	37.063	96.182
76.887	150.772	36.621	96.448
77.357	150.859	35.901	96.461
77.419	150.615	35.262	96.374
74.926	149.473	37.725	98.326
74.751	150.727	38.588	99.710
75.664	151.409	38.326	87.002
75.436	151.480	38.074	90.667
76.071	151.318	36.593	93.830
76.644	152.082	36.185	93.900
76.984	151.732	35.159	94.791
76.330	151.647	35.944	94.869
76.597	151.277	34.839	95.277
76.534	150.097	34.851	96.753
76.478	150.255	35.052	96.781
76.072	150.428	35.097	96.741
76.386	150.988	34.667	96.248
75.979	150.322	35.004	96.949
75.637	150.385	35.701	97.019
76.455	149.961	35.466	97.826
76.470	149.677	34.988	98.244
76.190	149.324	35.284	98.296
75.908	150.003	35.631	97.737
76.190	149.853	35.531	97.699
76.143	149.897	36.059	97.722
76.526	149.433	35.309	98.442
76.284	149.697	35.744	98.212
76.479	149.565	35.887	98.141
76.807	150.003	35.697	97.804
76.900	149.985	35.708	97.835
76.887	149.985	35.811	97.501
76.981	150.161	35.733	97.159
76.878	150.453	35.694	97.153
76.785	150.267	36.100	96.822
76.691	150.842	36.283	96.128
76.502	150.702	35.458	96.123
76.797	149.765	34.971	98.120
77.697	149.055	33.271	98.216
77.074	148.980	34.095	99.446
77.339	149.368	33.974	98.085
76.771	149.821	34.585	97.248
75.603	149.472	36.825	97.597
76.041	149.497	36.786	96.953
76.163	149.598	36.844	96.888
77.085	149.547	35.471	97.599
77.480	148.646	34.135	99.167
77.342	149.280	33.854	98.529
77.456	150.064	33.501	97.464
77.920	149.094	33.018	98.105
77.696	148.796	33.271	98.036
77.471	149.027	33.083	97.791
76.724	149.787	34.362	98.166
77.088	148.947	34.481	98.640
77.203	148.834	34.109	98.571
77.591	149.179	33.718	98.248
77.456	149.253	33.947	98.017
77.681	149.428	33.754	98.077
77.636	149.384	33.879	97.552
77.449	149.636	33.852	97.216
76.687	149.365	35.466	98.052
77.444	149.029	35.241	98.195
78.067	149.554	35.490	97.535
78.927	149.495	34.901	98.627
80.234	150.314	34.738	97.350
80.591	150.547	34.460	97.143
81.289	149.913	34.029	97.755
81.625	150.212	33.823	97.226
81.362	150.729	33.787	97.037
81.484	149.840	33.882	97.267
81.432	150.565	33.544	97.026
81.350	150.388	33.687	97.732
80.914	150.682	34.452	97.247
81.096	150.293	34.227	97.712
81.377	150.664	33.692	97.082
81.740	151.035	33.279	96.558
82.107	151.208	33.069	96.274
82.292	150.993	32.902	97.140
82.190	151.008	32.857	96.559
82.553	151.518	32.767	96.268
82.411	150.751	33.166	97.087
82.281	151.008	33.101	96.817
82.006	151.075	33.212	97.010
82.306	150.540	33.128	96.899
82.023	150.886	33.411	96.800
82.371	150.875	33.150	97.080
82.383	151.208	33.298	96.661
82.434	151.439	33.161	96.214
82.622	151.051	33.164	97.391
82.650	150.716	33.464	96.765
82.724	151.248	33.313	96.264
82.639	151.191	33.404	97.247
82.692	151.019	33.365	96.590
82.950	151.208	33.045	96.791
83.052	150.908	33.198	97.133
82.811	151.108	33.525	96.718
82.618	151.241	33.675	96.714
82.978	150.923	33.514	96.599
83.035	150.741	33.258	96.955
82.829	151.183	33.593	96.416
82.582	151.108	33.969	96.031
82.889	150.785	33.479	96.578
82.689	151.150	33.562	97.014
82.945	150.783	33.415	96.145
82.984	151.223	33.395	96.389
82.741	150.975	33.724	96.293
82.439	150.808	33.941	96.417
82.706	150.952	33.288	96.387
82.706	151.223	33.501	96.476
82.978	151.088	33.436	96.111
82.844	150.517	33.279	96.457
82.493	151.225	33.544	96.685
82.741	151.141	32.958	97.117
82.653	150.506	33.384	96.804
82.311	151.281	33.982	95.757
82.311	150.662	33.769	97.037
82.600	150.322	33.611	96.753
82.666	150.574	33.104	96.507
82.605	149.960	33.568	98.042
82.503	150.014	34.015	96.875
82.379	149.902	33.807	97.211
82.164	150.663	34.239	96.449
82.272	150.288	33.914	97.268
82.502	150.848	33.469	96.690
82.485	150.660	33.638	96.586
82.350	150.747	33.566	96.103
82.115	150.629	34.232	97.113
82.467	150.782	33.676	96.843
81.552	150.754	34.826	96.975
81.753	150.664	34.117	96.736
81.753	150.654	34.275	97.075
81.909	150.549	33.656	97.119
81.807	150.621	34.133	96.718
81.698	151.314	34.155	96.459
81.791	150.671	34.197	96.502
81.753	151.117	33.885	95.706
81.539	150.795	33.766	95.916
81.627	150.529	33.980	96.911
81.836	151.005	33.612	96.109
81.557	150.463	33.964	97.193
81.380	151.046	34.118	96.318
81.140	151.281	34.121	95.456
81.339	150.795	33.892	97.294
81.185	150.162	34.137	97.002
81.096	150.827	34.227	96.763
81.221	150.162	34.015	97.690
81.168	150.782	34.242	96.582
81.274	150.853	34.223	97.006
81.502	150.432	34.084	97.204
81.432	150.980	34.242	95.995
81.645	150.919	34.006	96.507
81.967	150.654	34.543	97.248
82.266	150.630	34.597	96.899
82.612	151.243	34.385	96.208
83.208	150.230	34.115	97.709
83.716	151.440	34.501	96.490
83.984	151.168	34.626	96.253
84.352	151.598	34.914	96.125
84.811	151.301	35.087	95.906
84.685	151.466	35.437	95.655
85.289	153.374	35.776	93.876
85.361	153.998	35.898	93.715
85.743	155.184	36.521	92.762
86.010	155.741	36.340	92.826
86.543	156.090	37.206	92.310
88.403	156.221	37.274	92.187
89.270	156.759	37.883	91.988
89.840	156.592	38.327	92.442
90.799	158.065	38.647	91.944
92.445	159.080	38.494	92.615
93.465	159.579	40.384	92.625
93.968	158.958	42.240	93.254
94.313	158.744	43.136	93.707
95.212	159.073	43.882	94.509
95.212	158.992	44.982	94.229
96.292	159.971	45.547	94.947
96.297	160.847	46.426	94.449
96.158	161.309	46.674	94.392
97.024	160.866	46.193	94.843
99.001	160.599	44.381	95.058
100.332	160.364	42.161	95.315
104.126	160.888	38.384	95.988
105.294	161.310	37.672	96.544
107.705	162.861	37.524	96.814
108.376	162.783	38.276	97.644
110.612	163.573	38.677	96.796
111.976	162.954	39.594	98.221
113.098	162.545	39.671	98.610
114.086	162.684	39.738	98.016
115.392	163.563	39.822	98.158
115.559	163.933	40.011	99.377
117.387	166.036	38.890	98.550
118.363	166.376	38.652	98.662
119.790	165.121	38.125	100.200
121.482	164.933	38.289	100.561
122.985	165.595	37.647	101.175
125.681	167.445	36.511	101.248
126.692	168.839	35.905	102.223
128.116	168.361	36.122	103.275
128.372	168.023	36.936	103.295
128.593	167.835	38.102	104.048
128.597	168.552	39.215	103.639
128.855	170.477	39.138	101.649
130.280	171.737	37.786	100.436
130.472	172.582	38.139	99.776
131.205	172.545	37.934	101.541
132.167	171.872	37.338	102.860
132.502	170.940	37.356	104.617
133.826	171.058	38.397	106.862
134.957	172.825	38.493	107.053
136.861	174.678	38.163	106.305
137.596	175.540	38.051	106.149
138.660	175.317	37.874	105.689
139.273	173.452	37.496	109.062
139.232	173.292	38.945	109.727
139.129	174.892	40.012	108.437
139.089	175.892	41.532	109.728
138.946	178.030	41.710	106.500
138.973	180.071	42.487	105.277
139.277	179.861	42.290	105.740
139.955	179.059	42.255	107.168
140.029	178.194	42.252	109.178
140.011	179.762	43.381	109.163
140.382	181.138	44.836	109.311
140.581	182.639	47.656	108.737
142.706	182.995	51.409	109.106
142.885	182.951	55.509	109.439
141.840	183.002	59.156	108.966
141.409	183.554	59.400	108.683
140.155	183.756	60.240	109.458
138.769	184.387	59.419	110.126
136.047	186.404	59.755	110.079
136.966	188.049	58.375	109.541
138.627	186.270	56.467	112.247
138.018	186.961	57.063	111.299
137.557	188.582	56.934	109.717
140.242	189.892	54.400	108.819
144.392	192.257	50.612	108.143
146.376	193.767	49.661	108.449
150.551	194.894	46.966	108.380
148.854	195.783	51.159	107.478
147.285	195.978	51.724	107.580
144.060	195.761	52.460	107.362
139.119	196.088	59.455	109.058
141.932	196.094	57.876	109.142
150.425	195.594	50.357	111.470
141.320	195.540	59.822	113.437
152.628	195.084	46.620	113.540
153.410	194.555	45.615	112.202
153.299	193.850	44.690	114.068
152.376	193.758	45.140	113.628
154.349	193.284	42.934	115.197
155.410	194.513	42.642	116.729
156.219	194.456	42.755	117.878
159.173	195.467	40.995	118.365
154.569	196.079	45.832	118.363
155.854	197.151	45.651	116.733
156.552	195.067	46.174	118.837
155.629	195.794	47.131	117.713
155.679	196.714	47.852	117.867
156.519	197.468	48.137	118.325
157.111	199.058	46.065	117.428
157.359	198.573	46.627	117.120
156.971	199.374	45.026	115.518
156.691	199.295	43.400	116.155
156.748	199.292	40.671	117.739
156.729	198.828	38.916	120.653
157.455	198.655	38.982	120.706
157.794	199.294	39.590	122.045
156.543	199.909	40.291	120.732
154.881	199.909	42.555	119.952
153.389	201.309	47.115	118.034
151.361	202.316	47.726	113.424
153.748	201.196	46.638	116.337
155.612	200.628	41.902	115.176
155.905	201.014	42.507	119.603
157.336	202.388	39.548	115.886
157.233	201.915	37.702	118.253
157.069	203.752	39.381	117.387
155.933	204.096	39.294	117.698
154.656	205.973	42.749	116.918
154.803	206.473	41.636	115.552
154.311	206.658	42.610	117.291
153.691	207.473	45.697	117.973
154.420	209.693	46.506	113.563
153.965	209.657	47.519	115.782
153.516	210.691	46.724	116.214
153.724	211.730	48.398	116.871
154.850	211.959	47.195	119.285
155.532	212.514	48.706	119.247
156.361	213.174	47.670	118.706
157.645	213.882	47.463	118.902
157.734	214.084	47.035	118.408
158.346	215.198	47.121	116.615
159.243	215.829	45.320	119.395
159.681	216.835	45.044	118.370
160.214	219.133	45.240	117.694
160.213	220.936	45.732	116.233
161.372	221.428	45.603	116.477
162.417	221.308	45.676	118.729
163.670	220.018	44.636	119.671
164.201	221.119	47.159	121.098
165.019	221.888	45.859	120.955
165.824	223.368	47.970	121.307
168.106	224.183	47.757	123.390
172.750	225.933	49.858	122.584
176.123	226.455	50.069	121.132
180.044	223.972	46.981	123.153
179.842	225.138	46.490	122.366
182.412	224.308	48.444	118.565
188.467	223.424	57.546	116.508
186.191	224.701	42.806	126.650
187.778	228.756	44.093	121.192
193.861	221.094	50.877	114.131
192.035	226.215	52.840	124.788
198.674	219.375	64.709	125.548
200.316	223.459	62.950	130.822
200.215	220.892	66.607	132.705
201.098	219.653	63.101	137.795
202.869	219.599	61.862	140.095
204.932	222.809	60.883	136.735
209.578	230.776	58.707	134.227
214.529	230.705	59.825	134.544
215.303	232.134	59.603	132.806
219.930	232.541	58.784	132.778
221.651	230.753	60.572	133.149
242.195	233.189	59.065	106.760
246.456	238.600	59.558	121.623
255.727	235.209	54.862	102.926
260.660	240.822	53.136	119.479
261.418	242.125	53.347	125.010
264.457	242.219	55.478	131.637
267.561	241.288	52.185	133.930
268.110	242.131	52.220	131.691
271.795	241.056	51.639	133.143
273.598	244.078	51.534	136.776
274.676	248.750	53.114	132.718
276.773	247.845	53.896	131.813
278.125	249.647	53.651	131.865
280.962	248.808	51.471	133.602
278.482	246.298	51.054	131.791
278.784	247.533	52.026	119.645
278.815	248.421	52.945	120.675
279.451	251.587	54.357	133.563
275.256	255.595	60.225	135.406
275.215	254.808	61.486	136.637
279.261	255.077	58.462	138.039
277.772	254.768	60.444	136.840
278.855	254.734	60.510	140.407
278.985	248.079	64.164	143.950
278.562	252.253	64.132	142.334
280.225	255.915	64.131	138.782
281.263	252.511	64.164	140.548
271.755	252.968	72.753	136.563
272.241	256.984	74.662	142.082
272.802	252.332	73.813	141.221
276.321	252.361	71.942	146.102
278.039	254.080	71.242	142.463
276.842	254.651	70.322	142.873
280.571	253.725	67.873	145.433
275.018	251.831	68.924	142.109
267.806	251.702	78.222	142.702
266.889	253.164	78.597	141.400
268.815	254.058	75.816	140.381
268.560	252.952	74.213	135.881
266.418	253.547	72.738	142.734
268.687	253.866	68.956	143.550
268.370	256.723	64.529	138.599
268.990	253.222	62.517	136.470
271.133	258.001	57.933	135.349
272.434	259.157	54.644	132.442
273.396	257.964	52.216	136.131
270.435	257.953	54.037	138.825
270.693	258.231	52.471	140.481
272.450	257.874	50.749	142.566
269.936	257.297	52.748	141.225
107.620	158.072	41.041	100.330
108.205	158.242	39.784	100.668
104.118	157.840	42.184	99.746
101.648	158.337	43.822	99.097
98.945	157.732	43.767	99.726
96.441	157.813	45.337	99.592
93.386	156.600	44.870	98.085
93.389	155.487	42.421	97.558
93.636	154.414	40.430	99.036
93.234	154.724	38.346	97.240
90.937	156.204	38.183	97.965
89.855	155.773	37.681	97.762
86.192	153.820	37.894	98.733
81.890	153.113	38.951	98.451
79.267	152.097	40.630	98.227
76.826	151.594	41.188	98.558
72.977	150.373	42.524	99.490
70.971	150.072	42.869	98.995
69.296	151.008	42.682	96.521
68.166	150.925	41.707	96.970
66.733	151.201	42.310	95.829
66.107	150.168	40.559	96.549
65.156	148.498	39.254	95.967
64.433	148.003	39.314	96.047
63.697	147.399	37.450	95.861
62.644	148.321	36.480	95.032
62.196	148.197	35.718	95.364
59.938	148.540	35.326	94.211
57.447	147.946	35.340	93.453
55.822	147.482	35.887	94.381
53.960	146.531	35.989	94.514
51.585	145.876	36.320	94.773
49.479	145.625	37.931	94.189
47.286	146.163	38.337	92.825
45.642	145.583	39.644	94.136
44.412	146.454	38.706	92.334
42.932	146.027	39.316	92.758
42.443	145.968	38.847	92.694
41.388	145.330	37.253	92.081
40.725	144.559	36.752	93.372
39.575	142.820	35.663	92.281
38.409	142.627	35.771	92.273
36.996	143.210	34.888	91.282
35.298	143.966	34.180	91.348
34.268	143.992	34.157	91.323
31.743	144.482	33.667	89.407
30.385	143.752	33.497	89.629
27.688	142.503	33.742	90.819
26.271	142.484	33.105	89.515
23.355	140.579	32.793	92.921
22.414	141.179	32.779	91.475
19.931	141.012	32.447	92.014
18.763	141.097	32.434	90.583
17.864	142.209	32.262	90.332
18.886	140.611	30.809	92.644
20.286	139.660	29.368	92.466
19.785	139.013	29.860	92.141
18.129	137.831	32.985	92.848
16.842	138.968	35.089	90.713
16.324	139.155	36.350	88.978
15.908	139.121	39.127	88.518
16.139	139.281	39.640	88.671
17.199	138.793	38.702	89.478
17.407	139.138	38.950	88.612
17.938	139.483	37.938	88.438
18.978	139.668	35.108	88.117
19.059	139.076	34.338	89.153
18.585	138.570	33.671	89.230
18.877	138.233	33.048	89.955
17.805	137.630	33.676	91.421
17.057	137.136	34.297	92.287
16.461	139.103	34.801	88.621
15.524	139.305	35.504	89.140
15.376	138.824	35.245	88.932
15.903	139.480	34.731	89.508
16.115	139.238	33.934	89.688
17.163	139.197	32.776	90.326
17.331	138.213	33.030	92.568
18.304	138.083	33.026	92.611
17.819	138.166	33.943	91.647
18.293	138.399	34.902	90.237
18.790	138.916	34.925	90.507
18.537	138.337	35.159	91.032
18.749	138.192	35.589	90.883
19.190	138.634	35.350	91.027
19.038	138.786	35.860	90.821
19.038	140.002	35.325	90.452
19.016	140.124	35.997	89.543
18.770	140.574	36.438	89.835
18.689	141.033	36.526	89.312
19.177	140.682	35.887	89.552
19.340	140.186	35.648	90.128
19.500	140.155	35.740	89.673
19.380	140.121	35.904	89.796
19.833	140.445	35.672	89.657
20.415	141.089	35.403	90.016
20.749	141.324	35.005	90.121
22.119	142.645	34.698	90.251
22.587	142.962	34.369	90.998
24.656	142.465	33.904	91.873
24.902	141.442	34.330	94.226
26.101	141.229	34.969	94.570
25.927	141.795	36.210	93.560
25.722	142.215	37.008	92.882
25.639	142.947	39.064	91.336
25.701	143.839	39.471	90.966
25.725	144.992	40.400	91.830
26.158	144.758	39.893	92.569
26.681	145.075	39.036	92.295
27.221	144.824	38.746	92.489
28.208	144.771	37.747	92.278
28.669	144.579	37.691	93.007
29.662	145.069	37.504	93.163
30.047	145.782	37.318	93.064
31.301	146.624	37.442	93.424
31.701	147.447	37.081	92.946
33.366	146.738	36.758	94.701
34.325	146.497	36.633	95.655
35.793	146.307	37.194	96.213
35.999	146.656	38.004	96.747
36.345	146.715	39.397	95.681
36.447	146.862	40.564	95.536
37.045	147.259	40.366	95.125
37.293	147.772	40.740	95.260
37.826	149.508	41.635	94.114
38.571	149.712	41.137	94.911
38.949	149.553	40.916	95.005
40.067	148.298	39.084	96.521
40.684	147.910	38.563	96.276
41.774	149.160	38.327	96.147
42.233	149.798	38.283	96.762
43.405	150.086	38.689	98.607
44.566	151.355	37.389	98.839
46.284	152.436	37.126	99.037
46.861	152.147	36.791	99.124
47.784	152.454	36.665	98.989
49.439	152.204	36.550	99.898
50.449	152.238	35.681	100.304
50.205	152.144	36.068	100.025
50.543	153.272	36.425	100.791
51.793	154.248	35.565	100.372
51.716	154.967	36.370	101.370
51.268	155.954	37.583	99.810
51.509	157.389	38.495	98.350
51.913	157.011	38.149	98.719
52.652	157.282	38.670	98.894
52.985	157.312	38.925	99.660
53.943	157.856	38.646	99.315
54.043	158.800	39.484	99.835
54.346	160.082	40.168	99.452
54.826	161.119	40.170	98.785
56.435	161.847	40.080	99.179
57.111	161.679	39.867	99.716
58.364	162.271	39.591	98.842
58.513	162.319	39.418	98.862
58.535	162.677	39.692	98.877
59.615	163.699	38.476	98.957
59.656	165.268	37.746	98.228
60.238	165.719	37.577	98.451
60.438	166.744	37.691	98.143
60.130	167.857	38.095	97.758
59.834	167.763	38.013	97.661
59.808	167.144	39.408	98.788
59.995	166.909	39.654	99.306
59.736	167.178	40.271	99.778
60.106	167.595	40.368	100.268
60.469	168.144	40.015	100.682
61.311	168.873	41.051	101.913
61.822	169.487	40.938	102.536
64.279	169.047	40.160	103.947
65.016	168.540	40.298	104.630
65.383	167.960	41.365	105.218
65.660	167.568	42.438	105.322
66.065	168.163	42.223	104.903
67.214	169.224	43.013	104.941
67.778	170.438	42.830	105.093
68.843	171.529	43.605	104.470
70.067	171.581	43.940	106.077
70.461	171.839	43.513	105.831
71.732	171.165	44.175	106.176
72.113	171.162	43.403	105.638
72.628	171.610	45.272	106.970
72.974	170.969	45.441	107.905
74.182	171.449	45.588	109.674
74.553	172.881	45.468	107.980
75.554	173.693	45.007	107.871
78.784	173.831	43.300	109.417
79.621	173.300	44.769	109.923
82.862	173.059	43.670	109.517
84.174	171.917	43.058	111.440
84.902	172.358	42.727	111.476
86.546	173.555	42.247	109.896
86.429	174.744	41.891	109.866
87.110	174.959	41.633	109.923
88.869	176.774	40.701	110.129
89.100	175.871	42.837	112.355
91.555	175.881	44.413	111.017
92.817	175.341	43.817	108.533
94.809	173.161	42.876	114.374
95.824	172.817	43.086	115.255
96.471	173.043	42.807	115.970
99.318	178.859	42.225	111.155
100.123	178.651	42.759	111.444
102.481	181.019	42.463	110.960
104.584	179.337	41.971	113.449
105.573	178.929	42.328	114.714
109.422	178.896	41.203	116.633
110.522	178.098	43.984	117.049
112.163	179.706	44.261	114.467
113.680	181.446	45.414	114.313
115.865	182.316	44.112	114.651
116.809	182.799	44.444	114.881
117.810	184.196	46.231	114.248
120.828	184.743	44.985	114.187
122.873	184.234	44.007	114.439
124.617	184.016	43.640	114.268
125.744	184.285	43.482	113.810
126.561	184.376	43.586	115.413
129.739	185.310	43.541	117.987
131.746	185.347	43.907	119.703
133.965	187.478	43.984	116.781
137.040	188.822	42.721	113.333
141.468	189.045	41.175	115.629
144.284	187.288	42.485	119.181
145.898	187.331	42.809	119.911
146.558	188.309	45.819	120.149
146.803	189.559	47.693	113.288
150.301	190.120	46.628	112.608
151.315	192.107	46.848	111.868
153.912	193.704	46.567	111.693
153.189	194.021	48.243	111.881
156.026	193.486	47.572	114.166
155.215	193.092	48.833	116.325
156.892	193.143	49.889	118.506
158.624	194.001	50.775	117.830
161.912	194.520	49.422	118.352
164.629	196.045	50.182	119.109
165.709	196.144	50.106	123.226
168.234	197.019	50.080	122.533
172.592	196.996	50.079	123.093
174.317	197.181	49.275	123.517
177.353	197.024	49.582	124.233
178.697	197.671	49.866	125.006
180.715	197.839	51.552	125.255
183.634	199.596	51.565	125.484
184.544	201.638	51.468	123.945
186.610	202.905	50.804	123.812
189.985	203.261	49.641	124.264
192.952	202.553	49.954	126.487
193.925	203.380	48.514	127.312
197.067	203.203	47.863	126.628
199.677	205.217	48.218	126.433
201.693	207.379	48.789	121.968
204.718	209.464	49.764	119.423
208.406	209.756	49.722	120.526
211.378	209.081	48.705	122.842
215.156	208.577	47.422	123.330
219.264	208.955	47.729	120.437
222.357	210.950	48.339	120.799
224.898	213.277	47.704	120.321
225.938	214.943	48.309	119.186
227.305	215.458	49.542	117.990
229.780	214.969	49.718	119.018
232.842	214.819	50.186	122.504
234.230	214.828	48.998	121.483
236.278	214.365	52.680	126.269
240.449	217.038	50.585	125.599
243.237	217.749	50.413	124.928
246.012	219.281	49.793	123.549
249.799	221.016	50.731	123.740
252.281	221.287	50.915	121.015
256.483	220.422	50.672	123.660
262.020	220.287	49.716	122.171
264.744	220.128	50.225	126.404
267.139	222.477	50.524	124.171
268.569	223.955	50.577	125.722
271.259	225.882	52.229	124.248
275.432	227.235	51.193	122.798
277.502	227.698	51.662	121.723
282.026	226.279	50.402	124.995
284.742	226.349	50.844	127.933
290.558	226.546	50.005	132.722
295.159	229.391	50.844	131.924
296.671	231.249	51.332	130.467
301.372	232.956	51.084	129.207
305.411	233.201	51.923	124.848
310.898	231.670	52.230	128.017
313.374	231.511	51.417	126.525
317.514	233.529	53.830	130.099
320.163	234.239	54.974	131.498
322.098	237.552	56.671	129.464
324.995	238.788	55.980	127.962
329.843	240.808	54.021	125.239
332.827	239.752	53.446	128.600
334.350	239.501	53.699	132.249
336.418	239.502	50.783	136.743
339.937	241.258	48.104	138.780
343.957	243.168	46.209	142.165
354.206	247.433	58.061	137.918
353.248	249.755	58.741	136.812
356.869	254.744	52.551	126.463
360.556	255.986	53.955	128.603
363.981	256.131	56.419	131.937
366.241	257.818	56.493	139.371
368.099	262.883	53.802	139.366
372.771	266.066	53.520	137.496
379.615	264.912	54.895	139.115
384.861	265.251	52.719	147.614
384.661	267.733	55.047	147.781
383.599	271.440	56.103	142.855
382.969	271.612	55.200	145.286
382.480	271.540	54.547	147.153
382.786	271.904	54.038	147.803
382.293	270.784	53.978	152.780
382.033	270.932	53.629	155.961
382.869	271.580	52.431	156.660
385.585	272.747	50.150	156.664
387.901	274.306	49.431	157.722
393.509	275.025	45.544	156.263
394.063	274.250	46.550	156.767
393.848	275.980	49.184	154.417
394.693	275.912	52.876	154.969
394.823	276.670	54.784	155.257
391.192	276.479	61.936	157.075
392.366	275.989	64.284	156.118
394.884	276.738	66.696	157.260
395.900	276.858	68.453	156.587
401.359	276.014	68.780	158.830
404.140	276.025	66.985	158.135
407.286	275.441	65.974	158.742
410.867	275.513	66.108	159.887
413.936	275.024	65.274	159.246
418.865	274.504	64.258	160.451
422.189	275.441	62.978	159.017
426.683	274.696	62.152	159.993
430.134	274.558	61.296	159.279
429.471	275.761	62.688	158.574
429.238	274.978	63.459	159.347
427.309	276.052	65.013	157.894
424.050	275.272	68.732	158.565
422.630	273.812	69.954	161.780
421.612	274.027	70.420	159.601
427.846	273.369	64.925	157.606
425.841	273.216	67.352	156.543
430.522	271.510	64.520	157.310
430.578	270.798	65.954	157.457
432.195	269.295	63.160	159.423
434.370	270.515	61.256	159.751
435.774	269.503	58.824	159.063
429.927	268.242	65.642	161.944
430.214	269.342	65.976	160.349
435.977	268.948	57.891	159.172
440.418	269.208	50.650	159.096
444.403	269.569	48.723	148.949
445.866	269.695	50.440	143.667
443.189	265.561	55.482	145.064
438.205	265.971	64.359	154.078
434.041	264.855	68.730	157.237
428.534	263.168	72.597	151.798
433.391	267.370	67.489	158.788
434.806	265.802	59.520	153.951
432.446	266.564	58.685	155.334
430.719	266.559	58.299	153.700
423.114	265.629	63.397	154.748
415.252	265.368	69.467	155.855
411.179	265.451	71.758	154.546
413.769	265.231	68.900	155.612
412.102	264.101	70.289	156.485
405.533	262.161	75.001	156.682
402.336	260.779	75.931	155.416
392.581	258.521	77.624	156.199
392.405	258.556	74.366	157.180
393.564	259.231	66.514	154.903
393.914	259.173	65.438	154.912
393.423	258.316	65.922	155.228
393.250	257.210	66.546	154.563
394.084	256.905	64.289	152.269
396.339	254.002	60.163	151.465
395.685	254.252	59.941	151.305
389.290	251.857	65.390	152.914
385.929	251.313	69.556	153.020
381.298	250.434	75.763	154.164
377.119	249.785	79.866	153.914
373.636	248.967	78.275	151.955
368.449	246.752	75.313	149.466
361.731	245.162	74.649	150.165
351.257	244.640	81.066	151.809
350.602	245.291	75.708	150.248
351.103	244.817	72.960	150.413
350.420	242.888	71.476	151.632
350.231	242.192	71.445	153.044
351.067	241.196	70.682	152.341
351.841	241.035	69.242	150.778
351.610	239.703	67.359	147.322
349.520	238.664	66.232	146.130
345.596	238.822	68.685	143.930
343.897	238.474	70.020	144.757
344.250	239.288	68.401	147.225
343.419	239.678	65.091	144.072
342.171	239.289	63.680	142.937
339.285	237.228	60.027	144.814
335.038	235.027	59.860	140.698
333.494	233.712	60.071	138.904
332.475	233.828	58.668	139.722
332.096	233.200	55.488	140.449
332.698	232.732	53.164	141.302
331.209	233.585	53.490	141.431
330.639	233.773	53.090	140.848
329.295	233.981	52.395	141.327
328.965	234.503	52.021	139.252
326.395	234.267	52.462	139.518
326.305	234.241	51.855	139.875
323.465	233.112	51.949	139.421
321.670	230.606	50.989	133.921
321.582	228.761	49.884	133.887
317.072	226.456	52.262	135.292
314.154	225.070	52.314	136.173
312.921	225.294	52.013	138.433
307.789	225.306	54.654	137.672
305.091	227.198	54.848	135.676
302.581	226.970	55.907	135.631
301.346	225.782	56.456	136.315
295.977	227.198	59.386	134.864
290.341	224.654	62.681	135.900
290.090	222.844	61.213	134.447
291.917	220.469	57.358	130.057
294.065	218.423	55.499	132.229
295.235	216.840	56.179	133.302
293.525	216.906	58.415	133.690
293.798	217.543	57.525	132.949
293.501	217.959	56.636	132.621
291.616	217.751	56.972	132.867
291.298	217.931	55.901	131.542
287.243	214.377	54.324	133.976
285.151	215.291	54.322	133.212
281.648	212.936	50.950	127.489
279.002	211.519	51.588	127.880
276.570	210.011	51.552	127.082
274.578	209.991	52.526	127.036
272.125	210.444	53.423	128.001
268.989	209.718	55.345	127.255
266.878	207.680	56.332	129.973
264.955	205.614	55.068	129.190
263.001	204.296	55.735	126.885
262.806	203.915	56.475	127.211
262.010	203.975	55.326	127.852
261.039	203.479	56.269	128.982
260.278	204.132	57.681	128.189
260.180	203.988	56.760	127.692
258.500	202.890	56.286	126.249
257.686	201.656	55.342	127.534
256.020	198.484	51.852	124.463
254.917	196.949	50.086	126.132
254.160	196.122	47.679	125.874
252.537	196.887	46.950	124.620
252.157	199.039	45.996	122.001
241.479	193.711	50.183	120.974
240.711	194.055	52.890	119.469
242.434	193.330	49.849	121.202
241.965	192.605	48.312	119.956
242.842	192.270	46.176	119.988
243.870	191.457	46.322	117.032
244.817	189.552	45.661	116.385
243.907	188.089	44.764	118.085
240.940	186.976	46.904	119.857
238.707	187.938	49.874	119.495
234.948	187.652	52.646	117.947
233.681	188.392	52.665	118.414
234.509	186.672	49.243	118.979
236.892	184.474	45.197	117.733
237.328	183.935	44.055	117.200
235.877	182.819	44.915	119.042
234.734	182.891	42.954	117.638
236.053	183.188	40.784	117.777
236.887	184.242	38.346	115.830
238.176	183.100	39.700	115.822
237.919	182.880	40.691	116.013
238.348	179.795	40.449	114.962
237.474	180.490	40.361	113.562
234.393	179.139	44.921	113.975
231.077	179.953	50.112	111.730
224.333	180.814	56.693	111.613
222.736	180.074	54.813	113.227
219.789	178.413	53.758	111.109
217.580	177.662	53.924	112.420
214.558	176.797	52.942	111.202
212.353	175.226	51.072	111.756
211.826	175.448	49.750	111.643
209.204	175.622	46.980	108.949
207.079	175.896	46.903	109.433
207.545	176.249	41.980	109.701
206.770	176.097	40.948	108.607
204.740	174.248	39.608	108.999
207.134	173.524	36.806	108.185
200.022	176.135	40.673	102.546
193.986	175.407	41.663	104.906
192.699	171.602	43.602	108.538
191.793	174.549	42.489	103.686
188.339	174.360	42.267	105.905
182.076	170.030	43.739	106.418
177.153	170.929	43.276	105.934
175.263	170.553	43.091	108.745
169.538	171.328	46.589	106.757
164.012	170.921	46.412	102.007
161.737	170.189	44.287	99.778
156.827	169.599	45.883	99.920
136.603	169.397	54.187	96.818
135.461	168.414	41.970	104.671
128.879	170.569	44.167	101.254
124.352	169.222	43.528	97.733
121.847	166.963	43.391	97.377
115.807	167.262	44.048	100.060
113.197	167.378	42.598	102.917
108.925	167.081	41.429	105.253
105.473	167.329	43.115	103.704
103.183	166.759	43.026	103.536
98.929	165.185	42.720	103.315
94.725	166.873	46.548	102.123
89.926	166.468	49.233	103.882
83.735	165.228	51.742	103.891
82.425	164.455	52.591	103.976
82.224	164.141	51.120	103.337
84.300	162.601	46.567	105.810
86.487	162.997	41.856	105.743
83.791	163.079	43.416	105.238
81.124	163.381	45.133	103.361
75.922	162.867	48.059	103.167
73.633	161.667	49.494	103.834
71.636	161.185	50.934	103.741
72.228	160.320	49.217	104.077
72.829	160.378	47.535	103.938
67.543	160.724	52.325	104.449
69.885	160.034	48.968	104.920
68.099	160.040	48.195	104.490
68.702	159.221	46.235	103.295
67.625	158.515	44.003	100.656
68.992	157.845	42.950	102.348
67.531	158.849	44.146	100.357
65.620	158.276	46.811	99.803
62.400	157.644	48.006	98.970
61.275	156.204	47.880	100.112
58.859	154.529	48.407	101.464
58.983	153.405	46.142	101.883
57.732	153.327	47.005	101.428
57.771	154.024	47.357	101.574
56.947	154.965	47.179	100.401
54.529	153.827	48.045	100.550
55.611	152.334	44.687	98.911
56.008	150.675	42.853	98.769
56.721	150.015	41.346	99.041
58.147	150.683	38.361	99.339
57.764	149.918	38.189	99.686
56.172	151.021	39.221	99.020
54.744	149.600	39.233	98.152
51.298	149.590	40.613	97.305
49.946	149.267	40.637	97.468
47.044	148.856	41.627	97.157
45.142	148.713	41.928	95.958
43.058	149.422	42.962	95.114
42.469	148.699	39.591	94.503
41.622	146.235	37.675	92.909
41.312	146.489	36.924	94.177
41.284	146.349	35.868	94.044
40.975	146.074	35.805	93.293
39.271	146.894	36.497	94.444
38.046	147.009	36.598	93.167
34.854	146.329	38.082	93.133
33.520	145.411	38.269	93.987
30.339	144.736	39.340	93.665
28.716	144.400	39.408	92.539
25.912	144.768	40.406	92.790
24.470	143.722	40.725	93.742
23.909	143.896	40.431	93.432
23.158	144.157	39.517	91.749
22.512	144.608	39.613	92.789
20.960	145.388	40.571	90.974
20.273	144.810	39.993	90.632
19.554	143.689	39.396	89.233
18.850	143.277	38.749	88.660
19.018	142.588	37.238	89.792
19.335	142.492	36.735	89.567
20.761	141.966	33.540	90.936
20.813	141.412	31.883	91.351
18.650	140.689	30.887	91.740
18.783	141.395	28.844	90.412
17.146	139.629	29.350	90.879
15.737	140.189	31.265	91.411
15.200	139.821	33.078	90.993
11.860	140.918	38.780	89.604
9.326	141.178	41.288	87.372
8.401	140.424	39.966	87.854
6.707	139.219	35.048	88.203
6.370	140.302	33.907	88.724
6.541	140.199	34.030	88.289
6.224	139.371	34.783	89.188
6.456	139.595	34.876	88.243
7.572	139.680	35.330	88.241
8.140	140.314	34.639	89.241
9.006	140.157	35.939	89.370
10.608	140.283	35.754	89.449
10.787	141.150	37.146	88.648
11.245	140.848	37.245	88.981
12.023	140.495	36.643	89.968
12.158	139.588	36.543	90.441
12.821	140.060	35.972	89.829
13.109	140.657	35.782	90.372
13.096	141.065	35.354	89.765
13.300	141.145	35.996	89.531
13.269	140.774	35.348	89.178
13.870	141.685	35.563	89.957
13.741	141.482	35.391	90.176
14.404	141.889	35.789	89.093
14.809	142.123	35.780	89.268
15.373	142.405	36.258	89.174
22.417	142.452	34.855	90.532
25.955	143.145	36.003	89.491
26.326	142.468	36.024	90.727
27.042	142.386	36.136	90.696
27.322	143.124	35.992	90.454
27.723	144.305	36.307	89.433
27.111	144.556	37.065	88.545
27.443	144.974	36.804	89.058
27.510	144.988	36.292	88.558
27.933	145.244	35.213	88.231
28.217	145.480	36.327	88.276
28.057	144.922	36.074	88.644
28.077	144.962	36.818	88.513
28.929	145.449	35.712	86.184
28.724	145.437	36.404	85.979
30.355	146.480	36.722	85.917
30.629	146.498	37.339	85.177
32.018	146.231	37.563	87.171
33.306	144.701	37.155	88.255
34.438	145.209	36.974	89.674
35.459	144.762	36.868	89.209
35.891	145.162	37.460	87.657
36.532	145.778	38.032	86.178
36.548	145.201	38.294	85.709
36.615	146.553	38.829	83.913
36.580	146.519	38.620	84.048
36.604	146.325	38.370	84.040
37.550	145.781	37.554	84.528
36.985	146.133	38.621	84.607
37.607	146.552	38.145	83.689
37.927	147.401	37.032	83.315
38.827	146.991	36.606	84.125
39.443	147.990	36.895	84.759
39.848	146.841	37.424	88.878
40.756	147.100	37.928	93.301
40.643	146.967	39.213	95.417
40.842	147.090	40.386	94.787
42.090	147.767	39.756	93.225
42.200	149.123	40.655	94.426
42.994	149.417	40.065	95.669
43.272	150.389	40.186	94.754
43.500	151.830	40.479	95.788
43.626	152.746	38.668	96.157
44.179	152.500	38.424	96.115
44.211	152.731	38.849	95.147
44.505	152.923	39.241	95.682
44.785	153.188	38.934	95.558
45.549	154.507	38.524	97.802
46.179	153.861	37.663	99.755
47.412	155.309	38.010	98.818
47.854	155.417	38.155	99.117
48.780	155.974	38.194	99.470
49.589	155.614	38.412	99.881
50.203	155.717	39.306	99.329
50.404	156.039	39.142	99.232
50.362	156.582	40.386	98.206
50.935	157.905	40.688	97.772
50.660	158.756	41.149	97.522
50.357	159.214	40.704	98.917
50.521	159.294	39.428	99.518
50.562	158.984	38.157	99.471
51.207	158.819	37.410	100.172
50.791	157.417	37.732	101.665
50.370	157.823	38.538	100.090
50.793	158.139	39.148	100.947
51.398	159.362	39.038	100.273
51.908	160.411	39.750	100.958
53.075	162.291	40.018	99.292
54.903	162.121	39.674	100.967
55.857	161.770	40.058	101.770
57.007	161.933	40.237	101.739
57.358	162.002	40.912	101.393
58.671	163.084	40.853	100.164
58.599	163.842	41.146	100.749
60.163	165.539	40.620	99.856
61.034	166.952	39.423	97.724
60.467	166.839	40.077	99.650
61.075	166.921	39.649	98.584
60.947	165.959	40.689	99.087
62.208	165.957	40.254	99.774
62.895	166.277	41.366	97.480
63.540	165.869	41.478	100.173
65.587	166.809	40.818	100.459
67.639	167.775	41.206	100.124
69.506	167.299	41.440	101.784
72.452	167.421	40.871	100.905
78.007	167.554	40.612	102.797
79.452	167.099	40.866	103.251
81.136	166.558	42.236	105.308
81.891	166.888	42.912	104.608
83.651	167.830	43.543	103.021
85.189	168.809	43.455	104.487
85.622	170.746	44.594	104.023
86.175	171.188	44.718	103.526
86.421	171.859	44.641	103.814
87.855	171.508	45.207	104.530
87.998	171.128	45.737	104.460
89.455	170.884	46.148	105.631
90.359	170.667	47.211	105.978
91.233	170.769	47.781	106.734
91.605	170.860	47.800	106.844
92.639	171.698	46.509	105.847
94.091	172.524	45.134	106.927
95.713	172.311	44.154	109.355
96.368	172.585	44.559	109.049
97.810	172.173	44.776	109.859
98.054	171.852	44.421	109.592
98.783	172.170	44.701	109.044
98.081	172.616	45.792	108.846
98.028	173.604	47.317	108.387
97.770	174.137	49.348	109.547
97.511	175.658	50.094	108.133
97.877	176.957	49.040	107.941
97.785	177.784	48.144	107.567
97.554	178.173	46.976	106.961
97.354	177.616	46.686	107.758
96.327	177.190	47.227	108.981
95.202	176.823	47.872	109.232
93.963	176.976	49.588	109.350
93.645	177.368	49.928	109.558
93.371	178.143	48.806	109.610
92.612	178.142	48.542	109.857
93.158	179.002	46.862	108.545
94.030	178.999	44.810	109.501
96.032	179.679	43.285	110.164
96.130	180.398	42.998	109.882
97.091	179.905	44.275	111.595
97.694	180.006	43.649	111.475
97.994	180.097	44.663	111.024
98.450	180.462	44.296	111.833
98.747	180.739	44.423	111.793
98.360	181.044	44.731	111.741
98.036	182.087	43.794	111.788
98.260	183.402	43.030	109.997
97.294	185.040	42.933	110.572
96.292	185.210	42.915	110.270
95.239	184.637	43.362	109.728
93.967	184.362	45.181	111.239
93.074	184.213	45.595	112.611
92.700	184.292	45.288	112.909
92.698	184.614	44.136	114.406
92.881	185.923	44.965	113.526
93.324	186.420	44.270	114.600
94.512	186.035	44.239	116.561
94.669	185.666	43.568	116.824
96.117	185.951	44.171	116.173
97.021	186.467	43.175	117.187
97.245	185.864	43.464	118.418
96.162	186.628	45.186	118.238
