302.000	74.000	36.000	70.000
302.302	75.128	37.746	70.433
302.627	75.302	37.517	69.934
302.556	75.794	37.678	69.908
302.352	75.481	38.346	70.357
302.403	76.002	37.829	70.458
302.311	76.182	38.453	69.990
302.079	75.963	38.679	70.801
301.990	76.461	38.991	70.096
302.216	76.843	39.095	69.615
302.602	76.640	39.190	69.961
302.557	77.314	40.067	70.211
302.721	77.069	39.843	70.376
303.198	77.238	39.270	70.107
303.193	77.557	39.851	70.565
304.283	77.598	38.489	71.188
303.831	77.365	39.479	71.152
304.660	78.227	38.711	70.816
306.052	78.485	38.894	71.649
305.789	78.258	38.886	71.887
306.359	78.603	38.671	71.814
306.900	78.996	38.725	71.385
307.512	78.776	37.850	72.044
307.698	78.873	37.833	71.812
307.226	78.674	39.010	72.010
308.359	78.943	37.625	72.860
308.549	78.909	37.938	72.337
308.438	79.084	37.783	72.431
308.900	78.682	37.409	72.698
308.415	78.947	38.028	72.040
308.986	79.413	37.368	71.844
308.588	79.586	37.995	72.073
308.660	79.457	37.429	72.875
308.682	79.654	37.539	72.815
308.571	79.783	37.783	72.228
308.257	80.656	37.656	72.248
308.463	80.172	37.262	72.311
308.441	80.290	37.684	72.981
308.273	81.262	37.533	71.781
308.088	81.783	38.316	71.911
307.958	82.431	38.619	71.560
308.188	82.358	38.478	71.888
308.097	82.727	38.909	71.351
308.460	82.874	39.119	71.540
308.784	82.793	38.515	72.013
293.979	83.188	40.998	72.058
270.091	83.944	40.051	71.450
253.592	83.566	39.416	73.187
232.656	85.305	42.290	71.909
208.854	85.630	40.415	71.059
196.869	85.715	41.248	73.379
196.380	86.310	41.662	71.548
196.058	86.330	41.683	72.507
195.981	86.335	41.923	71.965
196.214	87.297	41.737	72.455
195.886	87.310	41.873	72.952
195.607	88.047	42.049	72.458
195.659	87.736	41.694	72.905
195.200	87.702	42.419	73.605
194.959	88.079	42.564	73.544
195.184	87.616	41.532	73.773
171.169	88.906	42.154	72.120
155.075	88.837	42.098	75.254
155.394	90.016	42.952	74.173
156.085	90.096	42.545	73.870
156.086	89.436	42.981	75.364
141.697	91.360	43.804	73.365
121.682	91.419	46.302	73.334
109.234	91.753	42.793	74.672
111.632	92.135	42.560	75.578
111.830	91.694	42.267	75.941
111.574	91.994	41.990	75.947
111.164	91.878	41.843	75.865
111.572	91.825	41.355	76.382
111.181	91.956	40.202	78.483
110.495	91.756	40.713	78.725
109.861	92.441	40.599	78.191
110.016	92.367	40.241	78.521
109.663	93.423	40.166	77.911
109.620	93.501	40.514	77.876
109.829	93.501	40.370	77.694
109.928	93.635	40.492	78.034
109.815	94.164	40.572	77.578
109.834	94.563	40.971	77.622
110.530	94.741	40.669	78.110
110.592	95.157	41.001	78.729
110.731	95.574	41.084	78.906
110.707	95.643	41.402	79.318
111.288	96.095	41.114	79.236
111.404	96.060	41.243	79.568
111.837	95.517	40.745	81.873
82.182	95.744	43.971	80.250
63.785	97.237	44.214	79.264
49.347	96.939	44.832	82.321
50.088	97.837	43.792	80.139
49.613	97.994	43.723	79.220
50.060	98.678	43.738	79.339
50.085	98.655	43.969	79.683
50.342	98.511	44.168	79.861
50.831	98.641	44.667	80.637
51.477	99.930	43.834	80.185
51.704	98.975	43.805	80.948
51.678	100.648	44.934	78.937
51.446	100.674	45.724	79.911
52.226	101.074	45.356	79.120
53.099	101.165	44.998	80.562
53.469	101.320	44.609	81.539
53.472	101.902	45.743	81.552
53.493	102.229	45.836	82.101
54.002	102.956	45.619	81.490
54.936	102.869	44.252	82.971
55.146	102.683	43.722	83.062
55.549	103.054	43.153	83.910
55.924	103.261	43.043	83.678
55.563	102.800	43.330	84.610
55.823	103.277	43.181	83.992
56.214	103.453	42.922	84.112
56.921	103.968	42.116	84.665
56.562	103.858	42.809	84.277
56.647	104.347	43.712	83.124
56.535	104.489	44.090	84.118
56.446	105.127	44.944	83.609
56.394	106.643	45.644	82.362
56.176	107.293	46.135	81.803
56.430	107.846	46.067	82.108
56.674	108.181	46.000	81.721
57.585	108.042	45.247	83.109
58.001	107.441	44.350	84.019
57.862	107.499	45.154	85.433
57.747	107.167	45.302	86.066
57.562	108.103	45.744	85.458
58.451	107.710	45.014	86.510
58.519	107.944	45.402	86.646
58.686	107.349	45.391	87.772
59.172	107.617	45.064	87.262
59.749	107.834	44.399	87.055
59.667	108.607	45.006	87.257
59.895	108.864	45.373	87.473
60.173	109.707	45.370	86.602
60.419	109.707	45.554	87.455
60.284	110.340	44.925	86.346
60.111	110.252	45.581	87.940
60.506	110.895	44.997	87.240
60.554	110.894	45.472	87.689
59.754	111.664	46.201	86.962
60.546	112.616	45.104	86.059
60.341	113.132	45.834	86.362
60.396	113.013	46.284	87.283
60.474	106.408	45.815	89.339
59.855	93.190	46.116	86.821
59.449	88.481	47.177	89.277
59.149	90.434	48.001	87.125
59.101	91.077	48.015	87.097
59.428	91.116	47.633	87.885
59.028	91.393	48.019	87.817
59.174	91.754	47.598	87.910
59.203	91.844	47.405	88.486
58.910	91.972	47.698	88.479
58.821	91.915	47.570	89.116
58.777	91.915	47.152	89.451
58.490	92.037	47.004	89.792
58.398	87.321	46.044	93.307
58.263	76.996	45.981	91.492
57.825	68.309	46.603	90.687
57.703	69.096	47.059	89.211
58.039	68.882	46.342	90.164
58.177	68.908	46.639	91.239
58.636	69.340	46.496	91.574
58.516	69.646	46.714	92.077
58.894	69.815	46.433	93.187
59.189	70.726	46.290	92.483
59.687	69.889	46.684	94.414
60.279	58.150	45.717	94.175
60.219	47.391	45.938	94.252
59.941	40.373	46.933	93.968
61.054	41.231	45.978	93.229
61.131	41.494	45.906	94.013
60.691	42.144	46.826	93.333
60.635	43.954	47.938	92.030
60.905	44.171	47.257	91.927
61.226	44.264	47.650	93.435
61.570	45.385	47.689	93.020
61.841	43.346	47.395	92.803
61.916	32.847	47.156	92.874
62.030	23.899	47.874	91.771
61.882	22.762	49.392	93.000
61.723	23.949	49.300	91.606
61.812	23.625	49.260	92.427
62.055	24.503	49.162	90.944
61.912	24.362	49.626	91.403
61.432	25.074	50.257	91.408
60.894	25.670	50.209	93.265
60.809	25.870	49.644	93.202
60.639	26.070	49.899	93.849
60.614	26.661	49.780	93.665
60.674	26.953	49.953	94.293
61.234	27.109	49.064	95.631
61.351	28.452	48.776	94.994
61.669	27.583	48.784	96.160
61.500	28.352	48.536	95.699
61.809	28.053	48.604	97.200
62.318	29.834	47.743	95.881
62.517	29.128	47.712	97.200
63.185	30.362	48.146	98.109
62.923	30.573	48.237	98.264
63.141	31.085	48.901	99.206
63.276	31.703	48.912	97.983
63.071	32.976	49.383	98.978
63.393	33.391	49.842	98.772
63.278	33.562	49.733	99.428
63.278	34.520	49.328	98.399
62.921	35.121	50.196	98.655
63.456	36.330	50.081	98.004
62.234	36.001	51.697	98.661
63.186	37.332	50.976	98.266
63.575	37.241	50.858	98.391
63.311	38.669	51.394	97.736
63.876	38.934	51.184	97.547
64.091	38.864	51.326	99.381
64.289	40.074	51.591	98.813
64.899	40.783	51.551	98.546
65.176	40.739	52.186	100.028
65.770	41.733	52.069	100.138
65.925	42.554	52.402	100.512
66.473	42.253	52.587	99.985
66.934	42.385	52.698	99.763
66.858	43.440	53.139	101.599
67.502	43.761	53.363	100.724
67.849	43.794	53.373	101.850
68.268	43.972	53.743	102.369
69.235	45.093	52.888	102.217
69.640	45.249	52.883	103.062
70.202	45.998	52.439	102.245
70.085	46.804	53.262	101.945
70.233	47.443	53.115	101.800
70.720	47.829	52.934	103.753
71.167	49.101	53.196	103.109
71.152	48.961	54.107	102.686
72.294	50.164	52.894	102.738
73.092	50.579	53.117	103.587
73.668	51.079	52.719	103.802
73.956	51.470	53.427	103.074
74.665	52.128	53.419	103.594
75.453	52.666	53.319	105.634
75.922	53.235	53.774	105.057
76.901	54.477	53.675	104.907
77.370	54.921	53.976	104.243
79.303	57.298	54.603	105.128
79.038	55.658	55.086	107.107
79.883	58.280	54.972	103.943
79.837	57.815	55.733	104.105
80.991	58.892	55.304	103.825
81.165	58.850	55.182	104.767
82.158	59.286	55.215	105.035
82.398	59.903	55.616	104.341
82.928	60.227	55.781	104.603
83.662	61.410	55.365	104.766
84.118	61.312	55.859	106.777
84.864	61.578	55.755	106.899
84.665	61.615	56.546	107.620
84.838	62.292	57.200	108.297
84.874	62.426	57.909	109.701
86.124	62.955	57.309	110.061
86.613	63.886	57.585	109.101
87.125	64.707	57.748	110.390
87.675	64.221	58.021	111.327
88.017	65.615	58.227	111.150
89.066	66.209	57.451	110.805
88.421	66.717	58.555	110.531
89.640	67.406	57.646	112.114
90.055	68.594	56.873	111.320
90.116	68.934	57.698	110.797
90.359	69.933	57.790	110.405
91.534	71.146	57.021	110.493
92.039	72.182	57.618	110.073
92.962	72.608	56.809	111.558
93.729	73.292	56.548	112.438
93.535	73.937	58.063	112.092
94.938	75.404	57.731	111.410
95.885	75.600	57.677	112.138
96.008	76.431	58.834	111.516
96.592	76.473	59.338	113.037
97.571	77.349	58.929	115.200
97.874	77.508	59.956	114.061
98.656	78.169	59.206	114.030
99.433	78.756	59.262	115.928
99.555	78.744	59.984	116.125
99.891	78.956	60.061	115.839
100.385	79.638	59.567	116.344
100.978	80.094	59.302	116.181
102.184	80.897	59.289	116.619
102.686	82.616	59.735	116.737
103.338	82.875	59.891	115.810
103.484	83.405	60.341	116.362
103.601	83.973	60.725	115.548
104.396	85.048	60.029	116.420
104.554	85.414	60.191	117.296
104.079	85.964	61.549	116.999
104.604	86.505	61.313	116.917
104.337	86.904	61.538	116.344
104.413	88.415	60.899	117.244
104.600	88.318	60.782	118.637
103.911	88.657	61.177	119.072
103.654	89.703	61.842	118.939
103.318	88.972	62.106	120.718
100.454	75.920	63.415	123.753
101.687	63.206	63.331	126.073
101.694	63.303	63.106	125.977
101.890	62.185	63.277	125.577
100.789	64.043	64.306	125.046
101.103	64.588	63.843	125.731
100.990	64.922	64.638	126.233
100.767	65.723	64.229	125.816
100.923	67.322	65.144	124.950
101.076	68.219	65.067	124.948
101.656	68.602	64.925	125.023
101.615	70.269	65.406	123.356
102.534	70.949	64.962	122.826
102.763	71.137	65.310	123.896
103.321	71.065	65.639	123.807
103.321	72.474	66.466	123.178
104.298	71.680	65.567	123.544
104.549	72.489	65.891	123.793
104.630	73.772	66.179	122.425
106.036	74.608	65.430	122.538
105.449	73.676	67.277	124.009
107.040	75.003	66.468	123.185
107.598	76.158	66.847	122.784
108.086	77.017	67.432	122.499
108.168	78.336	68.076	121.733
107.399	79.029	69.207	122.135
107.912	79.467	68.824	121.999
107.912	80.303	70.424	121.680
107.612	81.038	70.824	121.588
107.801	82.436	71.734	120.741
108.327	82.400	72.359	121.996
108.718	83.175	72.092	121.158
110.436	83.812	70.804	120.597
111.635	85.172	70.997	119.244
111.352	85.938	70.683	118.252
112.147	87.492	71.240	116.799
111.874	88.285	72.433	116.378
112.872	89.507	72.621	115.327
112.811	90.292	73.567	116.660
112.548	90.974	73.345	114.923
112.540	91.546	73.148	114.284
114.353	92.401	71.862	115.191
114.160	92.840	71.831	115.064
113.962	92.981	71.716	115.285
113.365	94.008	72.687	115.151
113.146	94.525	73.054	115.044
113.379	95.349	71.583	115.103
114.189	96.042	71.758	114.879
113.869	97.154	70.752	115.057
114.236	97.482	70.932	114.880
113.762	98.506	69.965	114.567
113.510	99.501	70.474	114.935
113.085	100.495	70.278	114.889
113.248	101.893	70.748	113.996
113.039	102.260	70.479	115.915
113.054	102.913	69.490	118.232
113.563	104.123	69.469	117.857
113.649	105.333	70.416	116.697
113.029	105.314	70.604	117.349
113.347	106.332	70.758	118.664
113.582	107.734	70.382	123.170
113.580	108.195	70.073	124.571
113.793	108.920	70.199	123.201
114.568	110.712	69.805	123.167
114.314	111.239	70.951	121.785
115.662	111.745	69.521	127.406
116.169	113.502	69.277	125.398
115.742	113.930	70.126	126.128
116.666	116.462	69.672	124.118
117.139	118.560	71.118	123.537
117.722	119.307	71.833	128.069
118.369	122.081	71.035	123.723
118.312	123.066	72.833	124.338
118.562	124.219	72.815	122.885
119.211	125.938	73.831	126.130
119.464	127.266	74.924	127.088
119.963	129.735	75.035	126.262
120.379	130.150	75.131	128.276
120.678	133.195	76.570	132.911
121.021	133.764	75.349	138.279
120.597	134.987	75.617	141.846
120.584	134.888	75.382	146.330
119.919	134.662	76.046	149.365
119.670	133.858	76.614	153.781
120.013	136.898	75.773	151.016
119.845	137.585	75.970	156.631
120.168	138.291	76.233	156.274
120.877	139.725	76.798	157.685
122.629	140.701	76.474	154.769
121.532	141.701	77.378	157.166
121.309	143.937	79.803	154.345
121.943	145.198	79.663	157.441
124.802	146.528	79.346	162.088
126.597	147.533	78.996	160.640
128.949	150.642	79.016	160.035
130.624	151.839	78.899	164.469
132.715	152.176	77.604	164.286
132.319	152.976	78.982	165.510
132.993	154.810	79.708	167.540
135.094	156.172	78.982	164.734
137.389	157.837	77.697	164.453
137.512	158.068	78.633	167.781
137.302	159.895	80.324	167.236
137.803	165.067	82.647	168.465
139.235	163.146	81.346	170.520
138.511	166.203	83.371	171.533
140.271	168.323	83.565	169.403
142.374	170.642	83.687	172.409
141.301	170.410	85.262	173.253
143.505	171.762	85.805	172.284
148.356	174.514	82.742	174.636
148.088	173.514	83.214	175.780
148.520	175.408	84.635	176.391
148.964	175.111	84.441	176.472
150.756	177.628	83.655	179.650
150.533	178.761	84.814	178.722
151.172	180.388	84.410	180.510
150.901	181.267	85.903	180.732
150.286	183.224	86.743	181.215
151.381	183.076	87.193	181.636
149.426	184.242	89.038	184.490
148.245	182.426	90.130	185.404
149.100	176.245	88.906	192.078
149.238	171.415	89.416	191.252
149.347	163.332	88.914	189.970
145.969	153.658	93.052	189.879
146.954	150.575	90.947	192.596
144.235	142.462	94.279	192.802
143.779	134.266	95.237	192.661
143.653	128.055	95.585	191.811
144.624	120.354	95.134	192.662
144.468	120.869	95.376	192.143
145.155	121.981	94.689	193.005
143.948	122.161	96.397	194.925
144.853	125.174	96.953	191.988
145.489	124.042	95.523	195.504
144.866	126.455	97.555	194.103
145.963	126.583	96.386	193.846
145.565	131.001	98.485	194.828
146.353	130.362	98.654	195.825
148.199	131.960	97.112	196.420
147.786	131.603	98.826	195.643
148.734	131.506	98.151	199.479
150.922	126.957	95.843	199.151
149.746	118.571	98.960	201.276
150.234	112.557	99.228	202.613
151.921	106.825	98.070	199.934
151.030	100.993	98.791	200.528
150.681	90.447	101.646	202.083
154.081	88.543	98.500	199.129
153.888	81.164	101.210	196.501
155.036	77.431	98.390	199.240
155.498	79.174	99.857	196.964
155.572	80.677	101.480	198.164
156.561	80.929	101.069	198.534
157.868	85.590	100.392	197.508
158.680	84.991	101.559	202.696
159.461	87.797	102.858	200.050
160.654	87.727	101.417	202.816
160.975	88.312	101.998	204.608
163.731	91.709	101.638	205.658
161.973	89.790	105.769	208.573
161.440	93.100	106.689	207.421
163.411	93.983	106.483	208.054
163.221	95.673	108.050	207.923
166.292	97.996	106.761	209.632
167.920	96.517	105.777	214.134
167.979	101.198	108.531	210.455
169.891	103.599	108.924	211.687
172.605	106.238	108.883	208.439
177.096	108.402	105.717	210.877
179.251	108.613	104.900	211.078
180.099	112.175	104.999	212.528
179.493	110.979	106.953	216.011
180.174	113.191	107.848	213.674
182.069	115.256	107.448	211.830
183.366	116.012	107.215	215.470
182.242	117.264	108.742	214.809
182.307	117.502	109.816	215.286
183.186	122.135	110.375	216.510
185.489	119.528	106.607	220.408
187.174	122.055	106.493	221.348
187.169	121.618	105.910	223.677
189.104	123.009	105.104	223.708
189.138	123.086	105.349	227.149
190.026	123.870	105.605	227.804
190.572	127.543	106.220	227.606
188.154	129.109	108.562	228.558
189.471	130.551	107.543	231.868
193.361	132.967	104.023	227.335
185.311	135.420	113.924	227.175
189.942	135.120	110.620	228.554
190.749	139.552	109.258	223.012
190.407	139.084	111.429	230.616
189.549	141.585	112.631	228.298
188.002	144.117	115.795	231.191
188.808	142.326	116.227	233.931
190.813	138.556	114.246	240.165
191.603	139.316	113.768	232.764
192.807	126.933	114.510	236.395
192.404	117.798	115.005	239.197
193.469	109.577	112.514	241.410
195.922	111.324	113.651	243.432
195.255	113.635	114.646	242.698
196.444	116.926	115.801	244.152
195.831	117.168	116.876	242.405
195.120	119.460	119.450	250.348
198.170	123.187	117.064	243.952
197.749	126.406	118.033	246.974
199.529	126.306	116.608	246.486
199.631	125.340	120.510	248.562
200.623	131.157	121.854	244.022
202.659	134.573	121.306	247.553
203.339	135.870	120.580	245.649
202.143	134.524	124.003	252.382
201.566	136.877	125.718	251.278
202.790	136.736	121.555	254.304
202.489	136.503	123.350	258.110
203.000	125.895	123.807	259.828
203.277	116.915	124.733	266.541
202.330	117.476	125.042	259.704
202.820	107.360	127.452	262.692
203.571	101.037	128.651	262.364
205.792	91.443	127.034	263.044
205.551	83.409	128.509	264.808
208.369	80.273	124.053	265.975
206.315	72.414	128.565	264.480
209.276	64.699	125.968	269.337
208.915	62.239	128.191	270.403
210.236	54.069	126.594	268.900
210.338	55.339	126.901	266.701
211.089	43.086	129.350	271.982
211.262	40.900	129.188	269.580
212.343	30.412	128.107	272.578
213.622	26.777	123.742	273.670
212.371	18.367	130.316	274.756
214.601	12.831	126.503	275.510
216.134	6.871	126.166	277.801
215.066	0.332	128.736	275.096
214.534	4.324	127.884	278.828
215.263	6.306	128.546	282.744
214.312	9.076	133.572	283.365
215.725	10.905	131.141	282.047
215.634	12.533	135.739	285.174
216.648	14.695	134.595	282.461
217.830	14.869	134.193	285.134
219.079	19.434	136.593	285.669
220.225	23.006	138.729	287.716
219.194	24.565	140.856	285.085
220.180	24.430	140.704	287.024
222.168	26.487	140.403	292.783
222.390	29.597	142.281	291.167
224.386	29.137	142.408	293.728
228.696	34.904	140.161	294.905
228.049	34.750	141.923	303.531
228.354	39.170	143.164	299.854
233.037	38.145	140.351	300.018
234.101	45.947	142.503	303.546
234.441	44.285	145.264	305.227
239.311	48.334	141.590	307.125
241.270	51.459	140.609	304.955
242.869	53.145	140.727	305.096
244.958	53.463	141.668	313.082
244.060	54.258	145.444	313.628
248.178	46.847	142.037	311.251
249.931	43.930	141.755	312.403
249.811	37.320	142.807	317.881
252.750	29.409	143.914	317.146
254.940	27.181	143.737	318.167
258.142	19.941	142.789	318.595
261.048	20.365	140.537	319.605
260.870	20.449	143.246	318.601
260.860	29.612	145.519	320.522
259.749	27.671	149.720	320.393
266.200	35.165	143.394	318.477
272.172	34.136	141.897	324.762
273.610	38.979	148.336	325.526
274.789	46.967	143.555	316.369
274.574	49.946	148.799	324.254
278.845	52.058	146.859	321.904
281.916	54.500	145.525	328.253
277.509	61.352	151.069	325.303
276.449	62.594	153.190	324.792
262.921	68.163	155.063	327.193
254.607	70.022	158.574	323.091
251.826	70.273	156.069	331.272
236.721	75.345	161.619	328.552
227.007	80.239	159.667	326.887
218.046	85.412	156.987	330.326
210.931	89.257	157.468	325.902
198.365	91.500	156.819	337.980
189.431	94.371	163.730	330.960
177.413	99.209	158.197	339.728
169.937	102.305	161.687	332.522
156.795	101.962	159.058	347.863
148.164	106.503	158.204	344.753
136.910	111.903	156.682	345.237
130.799	112.124	160.428	343.264
119.830	118.312	164.173	340.192
117.959	122.175	167.360	336.292
115.642	125.064	172.223	329.261
114.616	132.875	173.654	321.757
120.285	134.493	166.558	322.650
118.249	140.207	171.358	316.282
120.697	141.937	171.454	313.453
122.124	144.663	172.937	310.318
124.296	147.800	172.923	307.463
127.305	151.198	174.682	306.424
128.298	146.281	173.053	308.450
