374.000	112.000	17.000	31.000
371.584	111.874	18.404	32.034
370.591	112.164	18.266	32.087
368.940	112.633	18.444	31.850
366.112	112.755	18.158	32.035
364.765	113.263	18.690	32.070
362.692	113.078	18.853	32.297
359.693	113.823	19.051	31.856
357.847	114.088	19.079	32.072
356.541	114.144	19.164	32.198
352.404	114.095	19.634	33.448
351.214	114.247	19.226	33.478
347.915	114.566	19.062	33.660
346.362	115.052	18.977	33.352
342.615	115.649	18.804	33.530
341.002	115.246	19.509	34.286
338.988	115.773	19.464	33.979
335.348	115.566	19.152	34.820
332.975	116.584	19.665	33.983
329.404	117.404	19.401	33.657
326.777	116.735	20.340	34.812
323.385	117.373	20.002	34.463
321.036	118.078	20.248	34.285
319.218	118.290	20.602	34.625
314.513	118.570	20.801	34.765
312.610	119.117	21.084	34.176
308.398	119.845	21.032	34.457
306.254	119.921	21.683	34.755
304.321	120.690	20.863	34.030
300.570	120.149	20.347	34.803
299.908	120.048	18.893	35.296
298.253	120.035	18.484	35.389
294.072	121.187	18.515	34.529
292.362	121.451	18.207	34.470
288.222	122.602	18.106	34.400
287.141	122.877	17.315	34.511
284.196	123.257	17.792	33.189
280.104	123.579	18.009	33.719
277.165	124.210	19.565	35.090
275.353	124.574	20.617	33.058
267.834	125.001	21.941	36.303
265.709	125.073	22.446	35.458
263.494	125.135	21.958	35.865
260.161	125.126	21.772	36.601
258.296	125.470	21.474	36.294
255.953	125.659	22.349	36.408
252.757	125.989	22.585	37.164
250.165	126.593	23.480	37.359
247.078	127.145	22.297	37.510
244.572	127.613	22.842	37.017
242.590	127.998	22.756	37.161
238.989	128.610	22.582	37.436
237.457	128.512	22.792	38.006
233.493	129.631	22.823	37.576
231.820	129.008	23.167	38.807
229.508	129.318	23.860	38.910
226.646	130.371	22.615	39.136
224.582	131.128	23.147	38.807
222.752	131.274	23.456	39.185
219.359	132.120	23.259	39.126
217.877	132.144	22.794	38.989
214.834	133.248	22.518	38.949
213.280	133.578	22.591	39.329
211.644	134.213	22.824	39.090
208.131	134.144	22.610	40.066
207.064	134.694	22.813	40.297
205.323	134.966	22.853	40.275
202.085	136.319	23.057	39.979
201.021	136.361	22.494	40.412
199.256	136.566	22.872	40.514
196.141	137.114	22.846	41.040
194.739	137.942	23.688	40.713
193.913	138.620	23.006	40.618
191.078	139.028	22.903	41.035
190.189	139.429	22.730	41.009
188.975	140.142	22.745	40.506
186.234	141.003	23.064	40.859
184.944	141.257	23.228	40.394
182.843	141.369	22.979	41.791
181.220	141.580	23.663	41.885
180.434	141.510	23.382	42.620
178.745	141.807	22.352	43.561
177.278	142.589	22.631	43.038
174.624	143.049	23.174	43.538
174.263	143.347	23.088	43.901
173.037	143.513	22.629	43.864
170.874	144.129	23.076	44.523
170.258	143.980	22.859	45.196
169.196	144.486	22.716	45.296
167.377	145.496	23.080	45.326
166.549	145.966	23.370	44.692
165.308	146.172	23.722	44.949
163.455	147.443	23.955	44.835
162.397	147.826	23.798	45.482
160.543	148.333	24.111	46.231
159.449	148.993	24.412	46.208
157.811	149.528	24.671	46.358
156.792	150.421	24.621	46.332
155.904	150.867	25.125	46.391
154.598	151.446	24.426	47.077
153.800	151.511	24.498	47.578
153.157	152.237	24.878	46.628
151.808	153.757	25.187	46.894
150.848	153.402	25.448	47.877
150.450	153.852	25.265	47.514
149.272	155.053	25.571	47.370
148.437	155.673	25.844	47.969
148.134	155.546	25.497	48.168
147.133	156.797	25.478	48.406
146.596	157.308	26.090	48.500
145.670	157.904	26.013	48.636
145.250	158.551	25.691	49.152
144.776	158.836	25.702	48.655
143.891	159.953	26.112	49.790
143.381	160.020	26.404	50.865
142.529	160.988	26.610	49.890
142.153	161.546	27.146	49.480
141.866	161.894	27.210	50.324
141.662	162.211	27.375	51.915
141.254	162.991	27.399	51.566
140.621	163.582	28.114	51.433
140.680	164.024	27.108	51.816
140.095	164.721	27.289	51.367
140.095	164.842	26.635	52.733
139.401	166.165	26.982	52.205
139.009	167.078	27.152	51.847
138.390	167.599	27.803	52.077
137.852	168.419	27.734	52.898
137.652	169.238	27.732	52.584
136.936	169.653	27.946	53.384
136.924	170.403	27.482	54.207
136.837	170.696	27.504	54.299
136.429	171.958	27.658	54.118
135.821	172.761	28.204	54.548
135.233	173.313	28.077	54.870
134.816	174.652	28.246	55.245
133.948	174.823	28.588	55.671
133.502	176.245	28.386	54.789
133.061	176.744	28.888	54.484
132.750	177.414	28.830	54.637
131.748	177.945	29.183	56.075
131.216	178.623	30.184	56.666
130.813	179.652	30.419	56.563
130.373	180.596	30.055	56.484
129.869	182.042	29.874	56.691
130.085	183.122	29.976	56.668
129.723	184.122	29.263	57.405
129.044	184.883	29.870	58.553
128.381	185.254	30.190	57.902
127.941	186.025	30.027	59.196
126.820	186.602	31.010	59.381
126.627	186.809	30.989	60.493
125.749	188.120	31.472	60.642
125.161	189.043	31.498	59.975
125.035	189.742	31.515	60.382
124.174	190.906	32.747	61.702
123.886	191.529	32.548	61.353
123.630	192.713	33.060	62.338
123.406	192.857	32.482	62.356
122.477	193.663	33.732	63.043
122.520	195.249	33.464	64.106
121.586	195.719	34.175	63.798
121.204	196.324	34.502	64.406
120.861	197.180	34.298	66.019
120.684	198.539	35.004	65.429
120.119	199.582	35.610	66.169
119.590	200.672	36.268	65.885
119.416	201.036	36.496	66.820
119.582	202.799	36.040	67.138
119.196	203.987	36.511	66.787
119.064	205.054	36.748	67.883
118.864	206.330	37.061	68.027
118.504	207.223	37.858	67.566
118.953	208.798	37.257	68.729
118.688	208.872	36.899	69.427
118.931	210.297	35.730	70.180
119.960	168.955	35.434	75.874
118.688	165.663	36.350	71.642
120.344	169.337	35.610	73.342
120.031	170.407	35.831	71.074
120.542	171.597	36.789	73.203
121.826	174.097	36.727	72.864
121.376	175.172	38.109	71.623
121.373	174.374	38.287	70.953
122.386	177.653	38.706	73.222
122.496	177.152	39.622	73.430
123.149	180.090	40.406	73.388
124.797	179.456	40.406	75.861
125.383	182.777	42.286	74.721
127.546	183.497	41.660	76.011
128.791	186.858	41.831	73.770
131.768	186.575	41.055	77.325
131.937	188.301	42.445	76.112
134.968	189.301	42.671	78.222
135.370	190.068	43.541	76.452
137.987	191.926	42.902	77.587
139.906	193.943	43.541	77.625
141.923	195.640	43.375	77.585
142.622	196.440	43.702	77.828
145.510	197.800	43.137	80.304
146.464	199.928	44.042	78.161
148.398	202.573	43.641	78.698
148.549	202.576	44.185	78.854
149.320	204.451	45.424	80.108
150.904	206.087	44.450	78.101
151.376	208.841	44.913	77.966
152.464	208.695	44.669	79.019
152.984	211.936	45.055	79.983
152.211	211.067	44.252	82.667
151.378	219.029	44.754	75.257
151.478	171.471	41.394	82.133
151.378	173.439	41.790	78.451
150.699	174.139	44.851	83.887
149.350	174.466	43.794	84.516
148.909	177.728	44.156	85.159
145.790	176.514	45.418	87.432
144.033	181.318	46.411	84.936
140.153	180.881	46.329	87.901
138.976	182.443	45.903	87.471
134.672	182.353	48.072	94.143
130.745	182.409	50.873	93.102
128.424	182.669	51.957	95.273
125.415	184.701	50.085	96.908
121.272	185.606	51.374	97.725
117.825	188.270	52.213	97.041
111.517	189.490	54.751	101.436
108.213	190.422	55.297	100.423
101.737	193.613	56.335	102.565
98.020	194.365	57.196	101.828
89.597	199.007	59.055	102.052
84.546	198.517	60.546	104.898
79.286	200.156	62.316	104.948
71.819	200.562	62.399	106.839
66.492	203.043	63.070	106.870
57.196	161.900	62.606	110.761
49.117	164.177	66.509	105.730
36.165	167.804	71.726	105.866
28.741	169.789	73.785	106.178
16.164	171.214	76.896	106.472
8.826	173.898	77.094	107.076
