564.000	187.000	38.000	145.000
558.361	187.209	41.303	144.018
555.390	188.619	42.306	141.960
551.604	186.861	42.070	136.258
551.028	183.968	39.433	136.731
546.378	180.363	44.629	139.476
543.244	179.184	47.730	140.336
534.171	172.362	41.926	138.604
529.281	173.450	44.032	138.247
522.936	172.388	45.788	137.702
518.482	170.629	38.795	134.322
517.536	170.053	34.914	135.860
515.383	170.178	34.403	136.845
511.332	169.304	35.051	137.651
505.587	168.239	37.431	138.524
503.378	166.415	39.203	139.455
499.935	165.995	37.402	140.284
494.271	163.953	39.308	133.873
492.655	161.235	40.346	135.737
488.866	162.245	40.921	137.370
484.331	160.133	41.882	139.225
482.546	161.290	41.677	137.692
478.985	160.878	41.519	139.588
474.329	159.747	42.989	141.892
468.461	158.550	42.736	137.526
466.020	158.840	41.855	137.999
459.516	158.395	41.182	135.750
458.468	156.330	40.175	131.384
460.332	156.726	37.645	133.561
456.295	156.100	39.377	135.369
455.280	156.449	38.836	133.426
453.190	156.323	38.601	133.374
451.519	156.642	38.023	133.818
446.130	155.497	40.444	129.941
443.827	154.634	40.126	130.710
440.992	152.335	38.700	130.371
427.067	151.997	45.608	132.337
431.781	150.944	39.059	133.167
427.290	151.900	39.962	130.344
418.453	155.773	45.572	122.795
422.702	150.269	39.894	126.831
410.041	148.701	46.864	125.083
415.904	147.983	31.940	124.813
413.398	148.819	31.251	123.563
404.303	150.358	39.018	124.247
403.580	149.527	38.020	122.967
399.431	144.692	41.045	126.979
395.664	142.119	40.489	128.870
393.037	143.340	38.438	124.715
388.391	138.660	34.701	127.534
386.742	138.137	33.937	126.660
384.524	137.928	34.530	128.268
382.130	137.784	34.681	123.066
379.265	136.522	36.154	124.502
377.267	135.879	35.809	118.600
374.930	134.414	34.633	119.801
372.418	133.945	36.521	122.174
368.789	133.053	36.584	124.170
366.163	133.715	36.795	121.099
362.969	132.710	36.158	120.688
357.618	131.035	37.214	119.662
352.521	126.461	36.933	121.723
350.208	127.087	35.910	121.073
347.948	127.047	34.577	120.135
344.983	126.881	36.072	121.080
343.211	126.137	36.105	121.969
340.554	125.225	36.779	120.483
338.578	124.512	35.992	118.870
336.523	123.459	35.292	117.070
335.685	122.534	35.957	118.912
333.576	121.141	35.199	121.988
333.137	122.370	35.033	121.549
330.826	119.991	35.863	122.989
328.100	121.246	35.520	120.004
326.819	121.545	35.985	120.428
323.662	119.564	36.150	118.936
321.945	119.607	36.275	116.198
319.998	116.701	35.497	118.808
319.287	117.235	34.901	119.071
317.127	116.799	33.908	117.887
315.987	115.804	33.509	117.677
313.669	115.490	33.552	116.105
311.761	114.558	33.832	114.016
310.401	113.653	34.503	113.467
308.856	111.393	34.140	115.373
306.188	111.088	35.242	116.813
303.345	110.098	36.059	118.314
289.647	110.986	37.568	112.535
283.568	107.133	37.346	112.932
281.997	106.256	34.808	115.020
280.446	106.240	33.490	114.403
276.995	105.109	33.457	114.429
266.951	101.701	33.533	112.886
264.650	100.547	35.880	115.403
256.334	101.533	38.076	112.477
249.164	100.229	39.132	111.188
246.605	99.071	36.968	110.718
243.147	97.962	35.937	112.383
239.682	96.666	35.989	113.142
237.342	96.840	35.141	114.050
232.282	96.690	35.578	113.341
228.271	96.589	36.303	112.517
223.817	95.829	36.762	111.199
222.097	95.072	37.154	109.321
217.586	93.651	36.506	111.623
210.214	94.064	39.533	111.663
201.635	93.482	42.514	110.067
199.839	93.364	37.923	107.869
197.230	91.640	36.305	110.455
194.252	90.552	35.415	111.231
191.461	90.294	35.367	110.866
186.558	90.328	37.391	111.210
182.114	89.151	37.066	111.020
179.380	88.794	37.613	111.429
175.368	89.277	38.281	109.755
171.186	88.228	39.765	110.755
162.534	88.822	40.928	108.047
156.851	88.785	38.139	105.663
152.115	87.502	37.850	108.431
146.845	87.157	37.548	108.163
142.502	86.610	38.322	107.523
140.508	86.487	38.631	107.775
137.258	85.757	38.012	105.523
136.689	83.880	36.632	109.759
132.808	83.438	37.825	109.274
128.344	84.035	38.645	109.071
120.285	85.535	40.510	104.630
118.102	84.489	41.597	103.508
113.568	83.202	38.740	99.957
109.670	81.139	38.568	105.345
105.183	80.585	38.952	107.350
103.534	80.442	38.788	107.483
100.000	80.636	37.918	105.426
97.310	80.294	36.470	104.056
94.456	79.396	36.253	103.176
87.152	77.935	38.290	105.291
86.494	77.486	35.932	105.072
76.897	78.083	39.646	102.740
69.731	78.115	40.627	98.028
65.539	77.896	40.719	99.608
61.215	76.257	41.397	101.670
58.773	76.732	41.301	100.310
55.313	76.893	42.056	100.371
54.428	76.763	38.539	95.820
52.488	75.404	38.397	98.743
50.441	75.658	39.061	99.753
42.746	75.807	42.890	98.739
39.754	75.569	42.147	97.260
36.254	74.570	39.517	94.916
34.855	72.743	35.942	97.524
32.289	70.939	35.391	100.965
29.553	71.435	35.941	100.307
25.114	72.055	35.560	98.152
24.618	71.644	33.354	97.749
22.150	69.866	33.197	98.661
19.620	68.167	33.342	100.405
16.380	67.382	34.512	100.990
15.197	66.096	34.276	102.075
12.907	66.792	34.232	101.043
10.682	65.873	34.096	101.525
5.931	63.627	35.255	102.402
