571.000	334.000	35.000	62.000
563.885	331.941	35.724	65.936
551.245	330.186	35.575	65.850
543.743	328.623	36.133	67.172
532.365	327.755	34.570	67.481
518.537	327.865	34.575	66.858
512.047	328.475	35.084	68.139
497.992	328.448	35.048	67.015
491.492	327.986	34.616	65.757
477.380	326.934	34.806	66.192
470.326	325.877	34.976	66.857
456.587	324.750	35.673	66.001
449.671	323.141	35.272	68.474
444.318	322.449	34.624	68.822
430.819	321.550	36.973	69.577
424.059	321.123	36.653	71.306
411.636	322.397	38.445	69.726
406.344	322.231	34.970	73.241
400.156	321.714	37.058	71.258
386.425	319.339	38.025	71.115
379.953	318.589	35.407	71.212
366.901	317.351	36.554	71.548
363.174	316.262	34.329	70.818
355.982	315.838	35.720	70.306
342.706	317.725	36.074	71.678
337.835	316.078	34.182	73.120
330.069	317.145	34.477	72.501
315.838	317.226	36.333	70.095
309.069	317.330	36.586	71.166
296.512	313.765	35.358	75.069
288.787	312.809	36.887	73.888
275.238	310.443	39.630	74.301
270.137	311.269	36.225	73.319
261.358	310.740	34.588	71.456
255.971	311.064	32.690	71.532
256.888	310.666	32.488	70.820
250.651	311.587	35.005	69.323
250.828	310.423	34.069	70.967
247.560	309.850	32.764	72.406
245.886	309.216	32.550	72.253
244.420	308.857	33.335	71.223
240.711	307.623	31.790	70.179
240.603	306.874	32.519	71.034
235.104	306.801	32.417	70.637
235.267	306.929	32.910	69.532
228.232	306.920	34.060	70.909
228.202	306.936	32.691	68.754
224.419	303.623	30.706	67.455
223.863	300.249	33.376	68.598
219.734	297.159	32.279	68.064
216.985	289.335	34.093	71.739
214.637	287.320	34.200	69.316
212.129	280.775	33.027	69.422
209.056	279.296	33.937	68.293
207.479	274.736	32.331	65.669
208.417	271.492	31.663	66.157
206.248	268.278	31.468	65.813
202.881	259.947	31.917	67.750
203.040	256.483	32.127	69.168
201.432	250.189	30.045	67.785
197.936	247.069	31.663	67.443
194.964	241.811	30.846	65.337
194.791	239.822	31.675	67.545
192.058	237.938	30.025	64.580
188.460	232.467	29.934	64.316
185.618	230.140	30.029	65.461
181.653	222.760	30.581	69.684
181.015	219.919	30.851	68.824
177.439	213.405	29.687	67.856
174.966	209.221	31.495	66.859
173.427	207.518	32.008	65.903
169.095	201.028	32.271	68.591
170.465	199.032	30.939	67.328
165.378	193.025	31.507	65.047
166.110	191.072	30.899	66.099
161.446	184.184	29.857	69.599
158.324	176.865	30.999	71.013
156.650	174.645	31.231	65.839
155.207	171.083	30.130	65.201
154.473	164.597	28.546	71.789
151.122	161.366	29.960	65.092
149.018	158.263	27.951	64.597
146.862	154.555	28.440	65.308
143.059	148.097	28.735	64.747
140.806	146.011	28.245	67.719
137.694	137.670	28.481	68.646
136.331	135.252	28.460	67.308
131.606	128.420	29.920	68.830
130.780	126.183	30.436	67.652
127.680	122.360	31.828	70.641
125.459	117.587	30.636	74.173
124.961	116.709	31.099	79.442
120.676	117.228	33.805	79.522
120.870	117.268	32.315	76.641
118.653	117.455	32.065	70.164
117.602	114.407	31.723	64.893
115.787	113.111	29.603	62.721
113.945	112.683	30.306	61.416
109.788	114.159	30.760	61.485
110.630	112.654	29.894	62.330
106.208	113.616	29.114	64.126
106.462	113.325	30.168	63.485
103.893	113.399	29.783	63.313
100.229	112.598	29.391	62.988
98.876	111.798	29.239	62.750
95.692	113.768	29.296	63.729
95.229	115.117	30.407	64.095
91.943	120.715	31.122	60.745
91.418	122.536	29.322	61.252
88.738	128.254	29.742	60.498
87.394	131.058	30.298	60.914
86.480	133.298	30.354	62.346
84.768	138.865	29.756	61.951
83.666	140.462	28.916	64.225
82.169	144.312	28.758	64.822
77.840	146.168	29.875	65.730
78.162	151.079	29.254	65.123
77.206	154.569	28.223	63.170
72.537	158.782	29.528	62.646
73.075	162.663	28.228	62.287
70.673	165.873	28.086	60.984
66.894	170.622	28.169	61.894
67.393	173.527	26.707	62.212
60.231	177.226	30.667	61.561
61.576	180.184	27.551	62.766
56.635	186.966	30.114	57.886
57.762	189.007	28.264	59.968
53.267	194.001	30.063	56.860
52.701	196.633	28.548	56.521
51.509	202.093	28.260	58.157
50.295	204.916	27.821	60.849
45.529	207.935	29.283	60.864
46.921	211.156	28.585	59.572
44.019	212.586	29.688	60.297
41.418	212.721	29.485	58.090
40.722	212.999	28.867	56.358
39.082	212.334	28.084	57.615
36.390	213.154	28.983	57.037
36.544	213.676	27.862	57.306
32.907	212.190	27.608	60.200
29.306	211.925	30.029	59.801
27.037	210.729	31.075	60.951
27.912	210.278	30.022	62.057
23.834	210.149	31.433	61.627
24.825	209.567	29.075	59.609
21.867	209.171	29.467	59.716
21.596	210.128	28.653	57.763
17.869	210.750	31.465	66.638
21.258	210.229	27.389	68.744
16.711	210.502	30.335	73.743
15.040	210.164	30.278	75.819
6.635	205.338	35.064	89.784
7.504	206.706	34.568	87.370
11.882	205.004	31.929	89.713
13.893	204.939	32.833	88.582
17.995	205.729	32.343	91.927
21.135	206.452	35.292	88.396
27.116	205.385	35.517	86.434
30.545	205.466	32.435	85.521
34.048	204.653	32.515	78.289
41.359	203.839	29.872	76.001
43.200	202.549	29.526	81.584
47.439	203.059	29.036	80.083
53.582	203.154	30.020	82.884
55.348	203.063	31.719	87.464
61.456	202.623	32.748	84.042
64.451	200.987	33.204	87.649
72.137	201.349	32.212	81.042
71.996	199.982	33.043	87.553
77.884	200.051	32.054	80.624
85.703	199.712	29.413	75.795
88.287	198.303	30.762	70.655
93.414	198.330	29.944	72.658
100.650	199.107	27.438	63.969
102.048	198.120	28.848	58.788
104.805	197.871	28.092	60.134
111.151	198.578	27.180	57.969
116.492	197.574	26.970	57.548
122.253	197.005	26.002	53.446
124.513	195.725	27.737	56.146
128.953	195.319	26.065	54.392
135.338	194.427	27.558	52.983
139.206	194.476	28.618	52.302
143.024	194.555	28.762	52.749
147.243	194.324	27.671	53.644
151.134	192.450	26.153	53.275
154.939	193.940	25.790	52.590
161.187	193.075	24.724	51.160
163.949	192.131	27.730	51.693
168.990	191.260	25.844	51.110
173.304	191.974	26.267	50.788
176.512	190.977	26.739	51.312
180.895	191.329	26.561	52.023
186.264	191.041	27.163	54.861
190.867	192.385	27.748	58.616
197.611	192.421	25.901	54.066
202.870	191.324	26.338	57.684
206.434	189.124	27.400	53.765
212.090	188.394	26.185	51.005
215.141	188.264	27.153	51.595
219.904	186.450	27.006	53.674
224.707	184.908	27.574	56.959
227.496	185.282	28.584	60.540
231.440	183.743	27.589	58.072
235.946	187.148	30.628	65.939
238.367	183.802	35.297	67.816
243.746	183.226	36.474	71.851
247.264	183.645	37.636	68.787
251.158	183.060	35.010	75.812
258.353	184.942	30.372	74.028
261.290	181.151	32.041	87.398
263.649	183.284	31.394	77.904
270.551	183.763	31.022	76.527
275.283	180.192	29.387	83.874
280.437	183.645	29.787	81.699
281.359	177.337	30.757	80.783
285.093	182.306	31.079	80.302
288.694	183.367	32.297	76.668
296.790	182.779	32.447	77.025
297.250	181.865	28.163	67.360
304.938	180.876	26.180	55.550
309.169	181.641	25.217	49.792
316.007	180.626	23.698	53.436
319.613	181.716	27.272	53.480
319.382	180.850	27.570	60.833
327.504	180.637	22.601	59.123
331.594	182.452	24.166	52.700
339.266	181.121	25.749	50.077
340.509	179.229	25.605	51.024
347.334	178.636	22.876	51.463
352.215	180.791	23.689	48.564
354.093	178.906	25.644	49.047
356.476	177.012	24.892	52.827
363.414	177.716	23.951	50.046
366.024	177.617	24.307	50.363
372.738	178.394	24.661	48.149
375.886	178.409	23.720	49.279
378.192	178.052	24.879	49.305
383.311	177.609	22.609	49.908
387.566	176.448	22.287	49.461
394.375	175.799	22.167	49.322
398.884	175.360	21.435	49.029
399.906	175.228	23.456	48.649
407.335	175.086	23.401	50.609
410.642	175.273	25.896	49.829
414.686	175.227	27.255	48.830
411.643	174.072	26.898	52.486
414.085	173.878	26.683	54.607
410.988	172.765	25.068	55.373
408.267	172.350	27.260	57.577
409.260	171.222	27.762	54.332
404.313	172.335	27.795	65.718
408.167	170.453	28.544	81.409
401.131	171.434	29.345	78.425
403.659	171.799	30.966	79.651
398.590	172.362	28.292	70.189
397.602	171.135	28.633	77.410
395.302	172.831	27.699	71.367
394.417	174.182	26.586	65.773
395.469	178.400	27.925	70.142
368.325	180.880	37.276	67.019
385.918	188.355	29.764	64.004
387.063	189.363	26.664	63.612
390.022	194.753	24.879	61.876
385.258	199.069	26.558	53.716
388.234	202.789	24.104	52.361
388.831	206.342	25.876	53.729
385.566	209.413	24.454	57.589
387.002	210.413	23.555	54.371
379.250	215.092	26.644	55.812
380.617	220.407	26.668	58.575
378.091	223.823	26.522	62.141
377.337	225.141	27.516	62.798
375.511	229.765	24.538	60.069
375.852	235.330	25.064	55.081
373.830	238.602	23.315	49.997
370.267	243.910	21.891	48.112
368.259	245.419	23.070	49.931
366.600	249.988	22.227	51.730
362.644	249.933	26.995	57.885
366.871	257.102	25.676	57.791
368.278	254.709	26.221	55.589
361.591	255.937	27.345	55.173
359.199	253.799	28.688	57.838
366.431	252.692	25.718	60.382
328.648	255.044	28.813	68.888
358.034	253.375	30.026	71.233
326.537	248.386	28.543	70.270
356.984	255.186	29.039	61.747
352.862	257.667	25.230	55.425
354.629	255.406	24.405	54.022
346.438	256.754	26.174	49.253
347.431	255.387	24.982	51.252
350.570	255.926	24.946	53.965
342.263	256.001	27.090	53.651
343.311	252.067	27.221	53.159
344.577	253.139	26.973	56.111
348.072	255.197	24.013	56.712
339.354	255.105	24.462	54.240
340.175	254.982	23.719	54.467
336.178	254.811	27.620	53.347
335.520	254.586	26.611	55.570
330.872	252.205	29.058	62.288
335.478	253.013	26.737	68.896
305.878	248.563	29.915	71.374
328.867	251.169	32.175	75.857
327.399	250.783	28.523	72.212
330.859	252.883	27.637	59.756
336.670	250.656	28.514	55.532
348.312	251.727	26.177	53.172
352.546	252.734	24.016	52.146
357.400	252.356	25.423	52.110
340.605	252.122	23.272	50.956
349.822	252.282	19.329	51.389
357.916	251.777	23.504	54.947
352.960	251.868	26.134	55.893
347.554	251.116	24.809	55.837
357.162	249.874	24.157	61.585
351.577	248.594	23.415	56.434
349.518	248.859	24.257	56.708
353.713	249.317	25.010	61.107
354.946	249.067	23.521	62.241
350.729	249.034	25.669	63.838
343.050	249.254	25.223	55.390
346.307	249.031	24.113	58.250
348.452	248.557	24.493	53.872
349.981	249.698	22.775	57.305
347.887	249.075	23.315	63.866
337.840	247.401	25.231	62.436
340.508	246.579	21.646	62.827
338.293	245.470	23.424	62.580
333.805	246.076	23.985	63.448
331.009	247.141	22.884	66.312
329.416	245.957	24.993	64.741
330.763	246.207	26.040	62.937
329.445	247.331	21.875	62.387
328.495	246.967	22.668	59.489
330.713	246.274	24.158	60.194
324.095	245.906	23.813	54.599
335.040	245.137	21.725	55.063
327.988	244.677	21.828	53.490
331.891	246.499	23.572	52.206
327.446	243.870	22.184	53.142
319.409	244.466	24.011	51.364
323.207	245.430	25.477	53.244
326.550	245.019	23.951	53.460
317.377	243.804	22.976	48.498
315.863	243.309	22.440	49.777
313.375	243.807	23.779	47.124
312.708	243.064	21.133	46.558
314.577	240.579	22.286	61.861
308.788	242.262	23.838	55.809
306.898	242.508	19.065	51.239
304.522	243.646	20.525	44.025
304.346	242.545	19.683	51.387
305.937	242.835	23.370	49.273
316.120	242.569	20.108	51.459
314.395	242.219	20.406	48.957
308.537	242.320	23.259	48.930
304.749	240.733	20.855	50.158
307.610	241.247	22.483	50.360
301.096	240.897	22.082	51.100
294.744	240.822	22.064	48.833
304.648	241.376	22.398	57.581
301.118	238.720	22.085	62.428
300.839	239.841	23.014	56.763
299.439	239.955	22.751	57.185
300.989	240.293	21.409	61.889
298.094	239.275	23.437	62.275
295.817	238.079	24.049	62.332
295.269	237.708	23.832	65.452
293.167	237.782	25.790	64.923
266.619	234.517	26.581	63.067
288.589	238.377	24.735	60.583
286.792	234.623	23.055	58.710
283.320	235.254	25.766	56.899
287.776	237.926	22.644	56.984
274.812	234.918	26.191	52.091
292.323	238.068	24.190	54.987
301.040	238.124	23.429	59.151
305.140	237.503	22.745	58.898
311.655	237.346	23.736	56.845
316.274	236.178	21.914	58.770
323.051	234.486	22.987	57.892
326.755	234.204	22.996	56.620
334.175	232.006	24.779	60.304
338.152	234.217	22.892	62.558
345.210	233.194	24.608	65.805
348.716	231.600	24.124	65.074
355.549	233.048	22.972	63.065
355.265	231.236	25.795	64.865
362.833	233.447	25.304	55.428
371.051	233.526	23.453	53.974
371.150	231.424	21.086	58.740
370.513	232.684	20.392	54.758
369.025	232.706	21.166	51.097
368.988	231.758	18.938	52.848
369.017	231.962	18.911	53.787
365.256	232.121	19.852	54.101
364.239	230.061	21.278	55.935
363.559	230.634	21.390	57.663
361.499	232.001	22.234	55.801
360.067	232.506	23.038	51.998
357.873	231.258	23.588	51.873
354.280	230.777	22.810	50.576
358.089	231.818	23.257	52.565
357.193	231.522	22.602	52.404
357.387	232.700	21.384	55.303
354.252	230.766	22.373	50.640
352.624	229.145	18.960	48.524
350.376	228.672	21.863	48.953
353.173	229.663	20.968	50.069
313.730	228.834	22.265	47.662
317.797	228.190	21.069	47.137
315.426	233.203	22.261	46.661
314.209	226.827	20.900	49.997
316.667	227.578	20.950	51.154
311.032	229.555	21.002	51.732
312.270	234.867	19.533	47.496
307.629	236.361	20.239	46.615
310.370	232.800	20.262	46.872
308.964	229.168	19.523	50.102
310.119	225.776	18.912	53.384
307.275	225.334	21.482	53.008
307.556	220.243	21.293	55.334
303.384	225.696	22.585	55.207
307.739	224.290	21.878	54.516
311.227	221.854	24.639	55.911
301.441	228.981	23.518	54.425
305.043	226.853	23.660	53.651
307.028	226.739	26.245	51.997
321.377	223.487	23.183	51.446
318.720	222.941	28.097	52.898
302.146	225.732	22.639	54.454
301.223	228.948	22.187	54.995
321.267	224.217	22.680	52.626
318.691	222.999	24.921	53.022
308.590	225.242	23.315	52.621
321.865	223.785	21.652	52.430
320.037	223.482	22.056	51.437
320.800	222.797	24.447	49.837
316.827	223.233	23.713	52.492
313.478	222.498	23.007	52.454
319.941	224.686	20.095	52.216
313.246	223.667	22.847	52.185
319.927	224.700	22.234	55.303
314.566	221.873	22.687	55.700
310.123	220.882	24.366	55.644
313.164	221.634	22.271	55.199
311.379	228.855	21.304	50.794
304.010	220.257	24.044	54.398
307.516	222.675	24.290	54.381
303.892	212.474	24.255	58.391
308.640	212.914	23.862	61.199
310.528	214.934	23.338	63.727
300.030	224.133	28.052	60.485
306.035	215.163	25.248	66.204
304.278	215.074	25.768	66.456
306.923	224.425	25.331	58.183
309.130	222.975	21.447	56.452
302.131	223.788	25.779	55.293
306.593	219.404	22.956	58.899
308.297	219.127	21.304	58.652
307.803	219.056	21.481	59.670
306.494	220.527	21.571	59.188
304.646	224.416	22.509	55.973
300.754	220.384	22.847	61.189
299.388	221.760	23.878	58.768
300.445	221.576	24.154	59.207
298.197	218.703	22.674	58.689
297.830	218.288	22.679	56.088
296.664	215.490	23.061	55.930
288.802	217.991	25.571	47.041
281.337	218.811	31.116	47.012
292.380	221.133	24.479	52.497
284.746	220.313	25.807	53.502
292.038	220.011	24.935	56.866
295.270	218.947	24.245	58.539
293.217	218.523	22.993	55.909
292.789	216.681	22.445	56.264
295.871	215.123	21.725	57.896
298.178	213.260	23.385	57.015
277.644	217.442	19.697	52.987
275.008	217.505	22.258	53.531
274.980	217.786	21.584	59.160
273.978	217.110	24.092	62.169
276.725	219.109	21.870	56.581
270.897	215.934	27.479	64.322
271.527	216.587	25.650	62.833
271.712	216.061	25.270	63.366
271.307	215.408	24.688	66.529
274.637	214.738	22.841	58.898
273.008	213.591	22.107	51.819
275.268	214.366	21.696	54.403
263.715	216.402	23.861	60.829
264.028	216.519	24.002	58.945
265.928	217.556	22.969	59.611
267.470	216.272	22.324	54.995
266.604	211.410	21.956	63.729
263.986	214.658	24.562	60.720
266.403	215.407	21.643	61.796
261.021	215.534	26.932	66.480
262.243	215.384	23.593	60.644
265.013	216.262	20.744	58.143
253.960	215.058	29.734	59.631
256.131	214.696	20.887	62.120
255.915	215.330	23.436	60.804
253.586	213.358	21.081	55.530
255.050	212.929	24.178	48.697
257.419	213.074	23.916	42.994
