93.000	170.000	25.000	66.000
90.935	170.298	27.787	66.174
91.934	170.093	29.143	68.362
94.615	170.391	29.087	68.956
95.457	170.787	29.173	68.640
96.545	171.941	29.553	67.516
98.499	171.832	29.294	68.430
99.526	171.834	29.283	68.561
102.840	171.146	27.849	68.936
105.176	172.992	28.189	67.817
107.794	173.231	27.403	70.886
109.369	173.961	26.883	73.078
111.637	174.061	27.054	70.986
112.782	173.985	28.010	70.961
114.208	174.178	30.238	66.887
115.644	174.155	31.099	67.814
119.349	175.642	30.408	70.565
120.917	176.003	30.674	70.233
123.042	175.971	27.861	69.928
125.690	177.044	26.838	74.015
128.518	177.457	26.128	71.572
131.135	176.689	25.332	75.713
130.799	176.738	25.744	76.379
131.438	176.648	25.880	75.506
132.806	176.623	25.260	74.803
136.004	178.129	24.214	76.057
136.912	179.180	22.476	75.626
138.443	178.866	23.909	74.640
138.461	177.876	26.932	76.494
140.496	177.905	29.895	76.321
141.608	180.405	28.349	73.476
144.753	180.045	29.088	73.511
145.835	181.179	30.143	73.179
150.554	182.115	28.903	75.219
153.629	181.956	27.532	71.751
157.432	183.127	28.232	68.661
157.083	181.553	30.622	68.388
159.997	182.305	29.721	73.367
158.562	183.572	30.143	71.289
161.786	184.812	31.751	71.136
163.028	184.669	33.123	71.438
164.004	184.688	33.025	71.649
165.612	185.030	30.810	70.140
165.986	185.077	31.761	72.078
167.369	185.845	33.089	73.930
166.923	187.600	34.818	72.145
170.029	187.930	33.541	72.302
174.252	187.874	33.005	75.682
177.346	186.297	30.797	74.202
181.499	185.676	30.026	75.471
183.432	185.553	30.723	74.854
185.046	185.056	29.852	74.878
185.820	185.741	30.776	73.940
185.341	186.490	32.347	72.585
186.424	186.717	33.296	71.316
186.564	187.895	33.745	73.017
187.589	188.803	33.228	71.697
188.661	189.629	33.432	72.358
190.049	189.823	33.502	72.236
193.304	189.549	31.643	73.080
194.563	190.531	31.947	73.338
196.363	190.694	33.386	72.990
197.936	192.064	35.221	73.777
205.330	191.543	31.163	77.090
208.531	191.563	30.460	70.341
208.836	191.908	33.176	71.947
210.545	192.347	33.859	74.729
212.314	193.497	35.543	74.817
211.779	193.884	37.001	72.497
213.066	193.599	36.525	77.670
214.773	193.796	36.503	77.727
220.688	194.271	31.193	75.899
222.569	195.053	32.558	74.261
228.594	194.754	33.126	78.230
231.342	195.149	33.481	78.710
234.206	194.145	32.769	79.955
234.278	195.733	32.904	79.220
236.645	196.476	31.213	77.224
237.810	196.905	33.386	78.326
238.575	198.529	34.563	77.104
242.819	199.554	31.372	76.826
241.804	199.352	31.809	77.109
244.318	198.671	31.285	77.063
246.729	200.543	31.836	75.655
250.122	200.477	31.687	76.445
253.428	201.218	30.500	74.794
263.096	202.809	33.060	73.083
266.855	204.330	32.948	73.789
269.155	204.180	32.958	75.202
271.277	204.708	36.688	72.229
274.036	204.955	36.191	71.939
277.378	205.772	37.640	72.960
286.271	205.632	31.863	71.780
288.915	205.908	32.980	74.146
291.610	206.980	32.240	71.785
292.540	207.359	32.294	68.406
294.998	207.945	31.795	72.857
296.893	209.514	32.654	72.641
298.279	210.164	32.143	69.230
300.365	210.190	31.644	67.765
300.543	209.403	32.647	68.108
303.396	208.324	33.661	66.275
303.721	210.791	35.021	64.218
304.887	210.584	36.631	66.510
306.539	211.098	37.643	67.578
306.985	211.585	37.488	70.281
