59.000	382.000	43.000	66.000
59.425	381.995	43.009	66.005
58.949	380.529	42.751	66.926
58.450	378.502	42.871	68.213
57.837	378.356	43.273	66.982
58.193	377.387	42.463	66.348
58.371	376.256	42.240	68.105
58.935	375.533	41.981	67.218
60.124	376.021	41.665	66.655
61.219	375.885	41.636	65.474
62.324	373.867	41.588	66.867
64.278	372.330	41.136	65.380
64.293	370.559	42.208	66.198
65.432	370.143	41.775	65.558
66.768	370.024	41.426	64.966
67.735	369.418	41.165	64.573
68.302	367.798	40.857	64.718
68.851	366.071	40.805	65.439
69.620	365.100	40.498	64.976
70.817	364.987	40.708	63.729
71.920	364.581	40.619	64.387
73.847	365.196	40.320	64.026
75.531	365.365	40.715	64.158
76.406	364.052	41.400	64.482
79.250	361.204	40.567	63.167
79.158	360.686	41.216	64.175
79.674	360.007	41.461	63.831
81.128	359.098	41.217	64.339
82.424	359.478	41.175	64.667
83.160	359.183	39.989	64.137
83.308	358.288	39.507	61.559
83.876	354.531	38.568	63.548
84.530	353.542	38.875	62.356
86.216	347.169	37.807	65.452
86.995	346.738	38.284	62.329
87.732	343.345	36.965	63.034
88.075	342.740	37.282	61.676
88.085	342.293	37.267	61.482
87.083	342.271	37.573	61.900
85.476	340.773	38.021	61.364
85.467	339.613	37.408	61.472
84.761	337.312	37.085	62.818
84.514	336.462	36.654	63.721
84.469	336.388	36.257	62.559
84.127	336.198	37.090	63.319
83.921	336.524	37.832	63.014
83.789	336.015	37.818	63.586
83.843	335.553	37.607	62.313
83.964	334.584	37.119	62.067
83.639	333.451	37.690	62.070
83.600	331.962	38.272	62.310
82.748	331.483	39.132	62.413
82.312	331.174	39.205	63.266
81.810	331.328	39.057	62.649
80.112	331.700	40.019	61.005
79.624	330.279	40.395	61.394
79.059	329.536	40.626	62.334
79.101	328.432	39.545	62.491
78.459	327.561	39.557	63.159
78.291	327.300	40.326	63.453
78.527	327.274	40.062	65.895
79.160	327.463	39.479	64.867
79.328	327.333	40.207	64.599
81.066	326.105	38.982	64.752
81.191	324.763	39.554	65.659
81.829	322.638	39.217	66.549
83.016	322.655	38.965	65.698
83.217	322.785	39.480	65.887
82.929	321.668	38.214	65.339
82.296	319.801	38.366	65.722
81.372	319.061	38.928	65.462
81.745	318.244	39.090	65.280
82.214	318.641	38.904	65.596
82.661	318.335	38.910	65.528
83.939	316.798	38.463	65.462
83.858	315.367	37.709	66.527
84.232	314.762	38.869	65.639
84.016	315.261	38.487	64.820
84.931	315.429	38.251	64.493
84.208	314.195	37.921	64.588
84.284	311.421	38.207	64.369
85.025	310.611	37.872	64.845
86.591	310.467	37.411	65.044
87.679	310.556	37.481	64.863
90.338	309.403	36.466	63.146
91.322	307.034	37.773	64.728
91.797	305.905	38.606	64.377
92.002	305.821	39.324	64.169
91.969	305.862	38.949	64.654
91.477	304.561	38.090	64.823
91.034	302.469	38.578	66.035
90.889	302.038	38.411	65.824
92.683	302.449	38.170	64.942
94.477	302.064	38.359	64.229
95.111	300.815	38.214	64.780
95.365	300.266	38.561	64.087
95.461	299.796	38.909	63.946
95.932	299.931	38.504	63.724
95.791	299.361	38.463	65.872
96.744	298.981	37.836	63.748
96.070	298.467	38.294	63.058
96.572	297.128	37.223	63.523
96.921	296.112	37.309	63.073
96.223	296.406	37.454	63.165
97.800	296.467	36.850	63.352
97.471	296.476	37.322	62.224
99.138	296.361	36.548	62.631
99.192	296.094	36.956	62.397
100.416	294.956	37.393	63.007
100.303	293.405	37.713	62.927
101.685	293.181	37.421	62.128
100.593	293.179	37.925	63.062
101.977	293.006	37.331	62.924
100.716	293.584	37.899	62.768
100.658	293.467	38.525	62.752
100.484	292.004	38.157	62.625
101.377	291.271	37.167	62.749
101.123	290.142	37.661	63.203
103.842	289.437	36.621	64.413
105.290	287.889	36.154	63.858
106.109	287.449	36.908	63.049
106.027	286.359	35.892	64.385
105.030	286.757	36.480	64.407
104.350	286.347	36.555	64.442
103.316	285.843	35.936	63.672
104.257	284.658	36.380	62.512
104.854	283.840	36.110	62.237
105.094	283.870	36.435	62.229
106.148	283.623	36.884	62.923
107.385	283.045	36.426	62.521
108.674	282.965	35.390	62.556
109.574	282.252	35.703	63.005
109.341	281.972	36.393	62.599
108.338	281.420	36.697	60.821
108.318	281.447	35.051	62.497
108.152	281.317	34.060	61.686
106.335	279.673	34.061	63.236
107.088	278.025	33.803	64.313
109.067	277.950	33.823	61.790
112.517	278.802	33.889	66.214
112.932	278.044	34.935	63.478
115.558	275.526	32.840	66.081
116.281	273.960	33.625	67.579
115.453	275.341	35.689	65.381
118.896	275.123	32.046	66.043
120.576	274.668	33.015	59.610
123.037	272.778	32.271	61.785
122.156	273.095	32.807	62.463
127.261	271.742	30.490	61.456
126.304	271.236	32.652	60.501
127.757	270.277	32.899	60.756
126.364	270.631	33.903	59.452
126.136	270.763	33.456	60.215
125.891	270.535	33.300	59.873
124.610	270.210	33.693	59.108
124.510	269.748	32.857	60.111
124.093	269.748	32.812	59.357
123.380	269.452	34.017	57.162
123.458	269.639	32.988	58.045
124.619	269.141	32.922	57.453
125.400	268.560	32.024	56.296
125.235	268.566	32.813	56.563
125.932	267.904	32.921	57.209
125.928	268.013	33.360	56.301
126.339	267.748	32.996	56.849
126.759	266.421	33.147	55.729
127.939	265.831	32.149	55.286
128.511	265.654	31.888	54.841
129.330	265.825	31.861	53.786
130.361	265.674	31.114	54.066
131.422	265.844	30.764	54.278
131.704	264.218	31.732	54.605
132.177	263.754	31.651	54.714
133.225	263.356	31.238	52.776
132.566	262.447	31.609	53.273
132.348	261.477	32.194	52.548
133.808	261.348	30.951	53.555
135.204	260.941	30.020	53.579
135.903	259.792	30.091	53.831
136.109	259.036	29.944	53.487
136.423	258.852	30.518	53.070
136.692	258.812	30.239	53.833
136.286	258.600	30.586	52.906
137.453	257.657	29.580	52.110
137.306	256.617	29.645	52.949
138.593	256.276	29.505	51.597
139.374	256.939	29.505	50.768
140.597	256.139	29.180	52.279
142.227	256.011	28.677	50.912
143.503	254.580	28.512	50.647
143.655	254.549	28.307	50.234
143.160	254.564	29.096	50.976
143.257	254.048	28.565	50.305
144.031	253.324	27.766	49.318
144.447	252.927	27.561	49.212
144.334	252.875	28.362	47.443
144.938	253.415	28.278	47.632
146.670	253.464	27.756	47.624
148.624	253.533	27.987	46.562
151.961	251.959	27.312	45.682
153.257	252.170	25.800	45.978
153.881	251.611	26.017	45.495
155.229	250.758	26.413	45.906
155.949	250.201	26.124	45.903
157.257	249.914	26.184	46.313
158.505	250.608	25.987	45.576
160.034	249.845	25.472	45.735
161.171	249.717	25.545	45.553
160.890	249.196	26.679	45.055
161.859	248.201	26.262	45.642
162.394	248.766	26.033	45.719
162.599	249.187	26.348	44.596
163.011	249.040	25.394	44.582
163.185	248.472	25.526	44.611
162.954	247.672	25.774	44.658
163.713	247.075	26.142	45.197
163.716	246.953	25.908	45.364
163.731	246.522	25.279	45.103
164.528	247.242	25.167	44.570
165.501	247.184	25.075	44.387
166.963	246.291	24.365	45.616
167.141	245.819	24.269	44.945
167.725	244.944	24.440	45.283
168.720	245.585	25.880	43.661
169.426	245.458	26.649	43.751
171.113	246.102	31.634	43.834
170.926	245.956	27.855	44.105
170.339	246.715	25.931	43.054
170.267	246.062	25.035	42.889
171.122	244.646	25.534	44.519
170.369	244.616	25.736	43.712
171.936	244.249	25.140	43.379
172.324	244.262	30.547	43.577
172.157	244.971	28.175	43.336
172.911	245.168	30.122	43.380
174.466	245.448	26.749	43.348
175.324	244.479	26.266	43.750
176.797	243.298	27.436	44.252
176.898	244.453	26.207	42.003
177.456	244.085	26.972	40.913
177.876	242.878	25.912	43.706
176.675	245.452	26.943	40.855
177.518	244.448	26.921	40.547
175.052	241.846	26.335	43.588
173.833	243.134	25.945	41.354
173.360	241.878	25.083	41.765
174.235	242.781	23.278	41.236
173.923	242.280	23.551	40.444
174.793	242.563	23.017	40.675
174.614	243.575	23.449	40.633
174.037	243.006	24.130	41.091
174.678	241.115	23.560	41.380
175.397	237.959	23.364	44.997
173.601	238.953	25.172	42.159
173.815	239.483	24.063	43.099
174.449	238.346	23.190	43.382
176.098	238.630	22.790	43.404
175.425	238.355	24.681	42.513
175.619	237.251	24.445	44.463
174.534	237.154	24.800	43.158
175.116	231.991	25.113	45.531
175.124	233.401	25.278	45.374
175.752	233.397	26.280	46.081
177.197	232.900	24.258	48.675
177.843	232.395	24.874	48.712
178.957	232.104	25.343	50.783
181.250	229.559	26.388	54.980
180.627	230.474	27.035	53.328
181.617	230.867	27.460	51.765
181.434	230.443	27.653	49.785
182.089	234.530	28.782	49.673
187.511	232.301	24.597	43.275
183.519	232.373	29.269	41.977
187.110	232.623	28.158	43.368
188.320	232.419	27.508	43.070
189.114	232.450	26.916	42.539
189.711	231.377	27.433	41.650
190.296	231.141	27.535	42.329
191.280	230.854	27.412	43.093
192.496	231.673	26.745	42.657
193.658	230.884	26.208	42.475
193.409	230.324	27.208	42.853
194.441	230.123	26.635	42.476
195.331	230.038	26.179	43.564
196.919	230.879	25.651	43.405
197.864	230.396	25.788	42.428
198.949	230.001	25.711	43.433
199.891	230.120	25.849	42.264
201.908	229.507	26.022	41.781
202.241	229.609	26.229	41.872
203.422	229.164	25.731	41.752
203.927	228.760	25.460	41.234
204.514	229.207	27.136	42.040
204.533	228.337	25.761	40.427
206.550	227.569	26.105	41.792
206.880	227.916	25.110	40.859
208.340	228.082	25.333	40.703
208.673	227.450	24.516	41.183
209.159	226.710	24.315	41.423
208.574	226.728	25.148	41.548
207.994	226.934	25.591	41.683
206.910	224.896	25.883	42.236
207.295	224.714	23.789	40.034
208.157	224.741	24.040	40.822
208.338	225.423	25.533	41.250
209.460	224.972	24.065	40.835
208.914	223.769	24.830	40.022
209.112	223.052	23.849	41.962
208.532	223.266	24.851	41.367
208.009	223.271	25.969	41.704
208.487	223.221	24.965	41.394
207.774	223.389	25.261	40.799
208.164	222.906	25.233	41.599
206.335	222.696	26.278	40.145
208.498	222.389	24.357	41.658
208.555	222.410	24.422	41.612
210.834	222.530	22.971	40.417
211.818	221.374	22.538	41.684
211.265	221.889	23.555	39.536
212.661	222.003	23.473	38.116
213.221	221.578	23.000	39.288
213.261	221.225	23.023	38.602
216.189	219.986	23.409	39.293
218.796	220.823	21.699	39.364
220.605	220.267	21.123	39.019
220.431	219.259	22.746	38.633
220.902	219.051	22.534	38.808
222.153	219.399	21.887	38.606
222.394	219.415	22.163	38.268
222.833	219.835	21.772	39.087
222.749	218.810	21.962	40.986
223.990	218.544	22.104	38.293
224.908	217.763	21.481	38.755
224.932	217.781	21.673	38.161
225.859	218.061	21.822	38.098
226.774	218.525	22.217	37.846
228.506	218.764	21.297	36.670
229.541	218.007	21.314	37.163
229.537	216.636	21.766	38.041
230.055	216.076	21.591	38.390
229.870	216.889	22.912	38.522
229.602	216.615	22.800	38.479
230.005	216.763	22.642	38.660
231.373	215.944	21.581	38.636
231.148	215.409	21.925	38.395
233.044	215.710	21.024	38.309
233.491	215.935	21.366	38.068
235.750	215.591	20.375	38.648
236.470	215.003	20.917	36.675
236.726	214.466	21.064	36.778
236.630	214.900	21.413	37.827
235.031	215.196	23.106	37.966
236.203	213.656	20.956	38.135
237.411	213.433	20.376	37.567
236.735	212.865	20.965	37.157
238.254	213.262	20.806	37.770
237.752	213.164	22.210	37.243
239.493	213.348	20.723	37.630
239.030	212.151	21.491	37.859
241.527	212.097	19.485	38.247
241.855	210.940	19.476	37.394
240.736	211.160	20.970	36.084
242.190	211.812	21.048	35.887
241.858	211.744	21.523	36.732
242.353	210.716	21.592	36.869
243.401	210.623	20.916	36.659
243.155	209.990	20.994	37.280
243.798	210.435	21.062	36.810
244.448	210.918	20.510	37.118
245.197	210.553	20.887	37.561
245.004	209.230	21.620	37.778
245.235	209.025	21.263	37.681
245.005	208.553	21.380	37.530
244.361	209.458	23.013	36.142
244.500	209.562	22.994	37.187
244.292	208.763	22.331	37.453
244.845	208.331	22.881	38.109
245.039	208.527	23.156	37.772
244.948	208.235	22.481	36.509
245.067	208.631	23.132	38.037
245.157	208.563	22.470	37.192
245.110	208.666	23.107	38.910
244.786	207.995	22.926	38.220
245.957	207.959	21.914	36.439
244.771	208.469	23.139	37.352
244.801	208.610	23.481	36.695
245.570	208.325	22.212	37.372
243.914	208.281	22.778	37.694
244.081	207.819	23.387	37.865
229.128	191.522	45.092	54.243
199.397	202.948	59.976	70.125
159.886	212.197	28.934	60.005
122.819	209.930	26.601	46.574
124.713	211.703	26.548	38.745
124.695	211.141	26.015	39.159
126.165	211.691	23.058	37.375
125.626	210.521	22.442	36.602
126.609	211.042	22.316	37.215
125.859	211.578	22.980	35.731
127.424	211.475	22.264	37.353
126.246	211.631	23.056	35.034
127.495	210.930	21.422	38.938
125.720	210.874	22.112	36.775
125.314	210.897	22.975	37.192
124.471	210.494	21.661	36.483
124.259	209.682	21.274	36.908
123.511	209.894	21.459	34.701
123.582	210.103	20.839	34.750
122.782	209.529	21.822	35.981
123.089	208.611	20.397	34.515
121.535	208.325	21.060	35.726
120.779	209.103	21.131	35.807
119.144	208.837	21.414	34.232
118.456	208.105	21.239	36.592
117.741	207.594	21.602	34.808
117.947	207.683	20.763	35.632
116.240	208.368	21.737	33.632
113.623	207.674	20.901	34.223
112.945	207.296	20.864	37.216
110.046	207.373	23.248	37.973
107.557	207.308	22.617	35.708
107.235	206.623	21.638	36.010
106.115	206.308	22.558	35.199
104.692	205.553	22.463	37.352
103.597	206.051	22.665	41.847
103.162	206.288	22.529	39.413
