423.000	158.000	22.000	57.000
420.467	158.573	25.016	55.266
420.095	158.118	24.946	55.631
419.573	157.959	24.716	55.838
419.096	158.216	25.186	55.165
418.305	157.709	25.341	56.069
417.497	157.724	26.182	55.706
417.691	157.294	25.493	56.089
416.984	157.339	26.427	55.555
416.336	156.782	25.914	56.813
415.702	156.634	26.101	56.810
415.535	156.582	26.050	57.157
415.152	156.167	26.291	57.655
415.187	156.845	26.025	56.804
414.881	157.076	25.305	56.368
414.202	156.769	25.085	57.115
413.875	156.914	25.166	56.801
413.116	156.168	24.931	56.933
412.544	156.691	25.556	56.199
411.922	156.168	25.299	56.991
411.013	155.835	26.002	57.055
410.672	155.434	26.163	57.060
410.608	155.082	25.804	57.578
410.061	155.199	26.100	57.054
410.142	155.486	25.818	56.512
409.742	155.461	25.571	56.605
409.944	155.976	25.127	55.778
409.457	155.701	25.831	56.230
408.977	155.873	25.635	56.056
408.682	155.535	26.374	55.994
408.460	155.538	25.828	56.022
407.951	155.587	26.551	55.087
407.712	155.285	26.470	55.433
407.712	154.924	25.999	56.042
406.804	154.924	26.599	55.889
406.174	154.687	27.072	56.159
406.015	154.486	26.811	56.317
405.461	154.304	26.982	56.577
405.388	154.538	26.729	56.401
404.984	154.173	26.522	56.786
404.813	154.304	25.824	57.068
404.206	154.108	26.041	56.756
404.042	153.756	25.543	56.746
403.282	153.887	25.851	55.838
402.435	153.378	26.121	56.398
401.757	153.590	26.129	55.721
401.101	153.285	26.089	55.991
401.283	153.149	25.397	56.354
400.682	152.976	25.905	55.780
400.472	153.285	25.447	55.320
400.618	153.521	24.725	54.765
400.140	153.609	24.658	54.470
399.661	153.677	24.775	54.360
399.271	153.425	24.444	54.537
398.288	153.400	25.207	54.359
398.197	153.430	24.666	54.371
398.320	153.054	24.563	54.135
397.378	152.777	24.447	54.577
397.427	152.727	24.884	54.347
397.185	152.727	24.222	53.996
396.469	152.499	24.846	55.151
396.298	152.584	24.477	54.795
395.948	152.121	24.606	55.008
395.469	152.355	24.674	54.804
395.738	152.729	24.025	54.147
395.353	152.598	24.197	54.610
394.603	153.001	24.307	53.832
394.078	152.600	24.266	54.352
393.652	152.476	24.653	54.247
392.594	152.375	25.063	54.256
392.253	151.852	24.846	54.301
391.763	151.626	25.091	54.354
391.196	151.405	24.918	54.887
391.007	151.634	24.975	54.408
391.143	151.530	24.530	54.289
390.386	151.476	25.222	54.119
390.662	151.530	24.528	54.065
390.006	151.722	25.002	53.847
390.185	151.727	24.609	53.959
390.302	152.017	24.761	53.238
389.717	152.066	25.110	52.806
389.302	151.894	25.602	52.797
389.789	151.697	24.849	52.780
389.288	151.515	25.130	52.671
389.187	151.121	25.409	52.886
388.895	150.870	26.095	53.533
388.689	150.355	25.471	54.203
388.806	150.230	24.808	54.967
388.703	150.407	24.881	54.487
387.961	150.180	25.534	54.378
387.606	150.359	25.912	54.995
387.187	150.598	26.101	54.317
386.438	150.468	26.616	54.450
385.984	150.360	26.369	54.576
385.147	150.069	26.613	54.134
384.958	149.648	26.266	54.845
384.790	149.775	25.772	54.363
383.862	149.660	26.609	54.087
383.790	149.036	26.564	55.027
383.173	149.208	26.530	54.728
382.919	149.056	26.039	54.937
382.799	149.208	25.665	54.936
382.632	149.191	25.561	54.614
382.396	149.267	25.341	54.783
382.197	149.292	25.143	54.607
381.701	148.974	25.071	54.300
380.967	149.255	25.384	53.734
380.441	148.375	25.199	54.348
379.921	148.571	25.458	53.824
379.751	148.054	25.736	54.282
379.054	147.936	25.820	53.683
378.932	148.026	26.272	54.267
377.917	147.355	26.223	54.318
377.821	147.643	26.410	54.558
377.567	147.674	25.857	55.047
377.080	147.623	25.648	54.589
377.002	148.061	24.674	52.927
376.678	147.769	24.325	54.427
375.931	147.951	23.875	54.838
375.169	147.111	24.086	56.480
375.112	147.273	22.519	56.177
373.603	146.700	22.987	57.027
372.716	146.666	23.854	54.591
371.618	146.752	24.436	54.229
373.194	146.401	23.966	53.638
371.106	146.637	22.389	52.192
325.929	168.399	26.893	65.843
368.327	147.338	26.480	53.004
370.012	146.753	24.176	55.504
368.360	146.214	26.010	54.449
371.766	147.564	23.363	53.524
372.920	147.344	22.529	52.365
372.059	146.939	22.755	50.667
371.656	146.306	23.080	51.569
371.260	146.350	23.055	51.590
370.536	146.060	23.394	51.927
370.068	145.929	23.407	51.727
368.552	145.958	24.594	53.697
368.258	146.188	24.740	52.902
368.264	146.716	24.249	50.634
368.132	146.815	23.522	49.582
367.612	146.933	23.732	50.798
366.887	146.543	24.021	50.207
366.469	146.250	23.864	51.439
365.865	145.387	23.914	52.363
365.313	145.739	24.935	52.122
364.613	144.975	25.004	52.592
364.731	145.218	24.780	52.901
364.432	145.097	25.198	51.931
364.408	145.071	24.881	51.620
363.862	144.636	24.844	51.967
364.045	145.450	25.062	51.168
363.137	145.026	25.214	52.990
363.566	144.870	25.015	52.536
363.003	144.539	25.000	53.137
362.074	144.814	26.427	53.114
362.095	144.497	25.901	52.938
362.569	144.605	25.847	52.312
361.756	143.992	26.180	53.134
361.689	143.330	26.193	53.495
361.733	143.310	25.870	53.145
361.221	143.222	26.385	52.285
361.132	143.252	25.567	52.692
361.747	143.380	25.179	52.358
360.962	142.813	25.385	53.443
360.521	142.601	25.079	52.574
360.517	143.001	25.173	52.675
359.941	143.697	24.904	52.133
359.494	143.828	25.242	51.694
359.139	143.720	24.803	51.636
359.032	143.138	24.884	52.044
358.530	143.079	24.750	51.971
358.169	143.097	24.563	51.071
357.678	143.430	24.675	51.738
357.677	142.602	24.405	51.596
358.095	143.478	23.514	50.592
357.324	142.733	23.541	51.634
357.510	143.241	23.345	51.383
356.943	142.965	23.740	52.201
356.486	143.133	23.697	51.082
356.119	142.545	24.528	51.222
355.824	142.919	23.986	49.898
354.937	142.430	24.552	51.000
354.694	142.450	24.469	49.744
354.086	142.004	24.668	49.915
354.047	141.557	24.545	51.181
353.684	141.597	25.101	50.656
353.500	141.384	24.195	52.021
352.918	141.452	24.762	50.729
352.526	141.027	24.277	51.593
352.670	141.122	23.684	52.193
351.932	141.289	23.800	52.629
351.516	141.211	23.784	52.095
351.121	141.337	23.516	52.178
350.543	140.905	23.896	51.855
349.799	141.265	23.610	51.214
349.383	140.960	24.120	51.436
348.618	140.573	23.553	50.859
348.115	140.596	24.003	51.968
347.586	140.041	23.517	52.443
346.782	140.503	24.028	53.109
346.108	140.344	24.150	51.550
346.214	141.299	23.828	50.890
345.420	140.219	24.320	52.273
345.767	140.211	22.909	54.006
343.121	141.167	24.911	52.239
334.119	141.303	31.901	55.144
324.750	141.617	22.329	52.143
312.017	143.099	23.684	53.230
313.304	141.929	22.839	51.826
310.815	142.031	24.429	52.581
310.681	141.026	22.847	50.699
310.575	140.751	22.812	49.740
309.836	141.027	23.082	48.819
309.426	140.620	23.255	51.146
309.146	140.077	23.383	51.394
307.930	140.486	23.242	50.589
307.194	141.529	23.102	48.319
306.927	141.904	23.178	47.673
306.011	141.556	23.420	48.477
305.540	140.776	23.764	49.099
304.556	141.585	24.445	47.276
303.690	141.023	24.742	48.231
303.024	140.938	24.528	47.357
303.620	141.003	24.251	48.773
301.313	140.566	24.830	47.539
301.225	140.959	24.791	48.576
301.513	141.344	23.618	47.687
300.746	140.702	24.132	48.983
300.048	141.327	24.363	47.949
299.919	141.177	23.628	47.459
299.223	141.047	24.219	47.400
298.923	140.257	24.391	47.813
297.931	139.859	24.644	47.967
297.597	139.916	24.308	48.224
296.162	138.914	25.363	48.414
296.204	138.768	24.894	47.653
296.765	138.959	24.311	47.814
295.766	138.244	24.538	48.230
295.655	137.464	24.052	49.674
294.897	137.243	24.546	49.549
294.180	136.570	23.455	50.290
294.277	137.289	23.448	49.182
293.456	135.814	24.373	50.559
293.187	134.605	23.932	50.542
291.673	134.768	23.745	49.133
322.421	132.672	22.796	51.831
305.075	127.668	24.309	55.966
314.952	129.630	24.488	53.137
321.338	131.814	24.592	53.060
328.665	130.498	26.951	53.577
337.851	128.113	25.989	57.204
345.630	130.573	25.275	55.019
354.675	129.394	26.063	57.025
361.147	134.072	26.644	50.652
378.945	135.972	22.854	48.504
380.869	136.177	23.865	48.097
379.367	135.575	25.314	49.287
378.899	135.334	25.493	49.781
377.107	135.822	24.643	49.355
378.120	135.728	24.762	49.789
377.102	135.921	23.278	49.762
376.554	136.560	25.109	50.084
376.506	136.451	23.996	49.642
378.394	136.426	25.770	49.213
386.703	133.877	22.621	53.056
387.214	130.613	21.343	54.219
405.603	135.691	22.561	49.561
396.894	129.644	26.393	54.798
421.479	135.042	23.489	48.433
424.457	135.174	22.542	49.003
423.329	135.064	25.076	48.275
424.411	135.228	25.679	48.362
423.193	135.536	24.265	48.415
421.827	135.327	24.043	47.464
422.089	134.800	23.541	48.339
422.158	135.489	23.983	47.435
421.638	135.311	24.161	47.703
421.937	134.912	23.721	47.898
435.969	134.494	22.037	49.477
422.679	130.963	26.304	50.871
450.010	133.806	22.608	47.764
460.523	132.045	21.481	49.749
458.102	133.685	23.457	46.907
456.927	133.804	24.859	47.807
456.583	134.073	24.756	48.418
457.007	134.069	25.060	48.587
456.250	133.723	23.934	48.832
455.641	133.327	24.408	50.124
456.132	133.250	23.838	49.237
455.495	133.350	23.330	48.840
455.182	134.069	24.688	47.571
455.037	133.559	22.923	48.719
454.409	133.889	23.724	48.482
454.124	133.540	22.575	48.239
453.650	133.489	23.293	48.777
452.954	133.662	23.101	48.854
453.015	133.052	22.972	48.193
451.790	132.974	23.220	48.945
451.778	132.791	23.517	48.832
451.066	132.055	23.865	49.158
450.826	132.364	23.407	48.947
451.002	132.222	22.985	48.618
450.631	132.289	23.061	48.580
450.834	132.601	22.436	48.436
450.790	132.285	22.028	48.583
450.295	132.250	21.922	48.245
450.306	132.049	21.936	48.462
449.606	132.049	22.245	48.644
449.455	132.047	22.337	48.537
448.413	131.936	22.575	48.580
448.083	132.311	23.218	48.591
447.796	131.522	23.229	49.583
447.449	132.221	23.315	48.134
447.020	131.793	23.471	48.497
446.937	131.800	23.582	48.824
446.765	131.654	22.919	49.019
446.747	132.046	23.194	48.867
445.845	131.723	23.089	49.100
446.130	132.447	22.636	48.645
445.166	132.222	22.754	48.580
445.083	131.793	22.938	49.009
443.993	131.620	23.019	48.668
444.249	131.303	22.552	48.720
443.127	131.334	23.364	48.889
443.256	131.018	22.703	49.481
441.784	131.064	23.467	49.248
442.331	131.075	23.078	49.099
441.362	131.199	23.521	48.724
441.071	132.029	21.433	48.340
442.860	132.055	20.587	49.359
412.240	131.364	23.605	47.791
411.453	132.414	22.639	47.539
411.493	132.072	22.177	48.856
410.780	131.906	22.588	48.270
411.001	132.033	22.194	48.187
409.690	131.887	23.008	48.529
409.908	131.189	22.891	48.458
408.908	130.828	23.227	48.394
409.325	131.499	22.808	48.221
407.376	130.107	24.046	49.913
405.725	129.028	21.889	49.813
407.024	131.036	21.845	49.194
407.393	136.555	25.275	51.364
396.254	129.116	23.039	53.139
370.768	131.221	22.411	49.049
369.796	131.579	23.392	49.350
368.865	131.327	23.941	48.996
367.888	130.309	24.408	48.764
367.556	131.256	24.069	47.987
367.817	130.402	23.181	49.404
367.100	130.464	23.207	49.571
367.490	130.690	22.694	49.310
367.088	129.822	22.316	49.489
366.675	130.777	22.295	48.444
366.740	130.735	21.737	48.731
366.407	130.802	21.704	48.132
366.520	131.253	21.625	47.835
365.697	131.263	21.615	47.957
365.247	131.341	22.104	47.615
364.963	131.191	22.252	47.776
364.140	130.696	22.351	47.593
364.777	130.389	21.640	47.632
363.788	130.528	22.302	48.285
363.281	129.870	22.489	48.946
363.783	130.378	22.018	47.847
363.056	130.027	22.716	47.785
362.931	129.780	22.206	48.121
362.466	130.067	22.180	48.369
362.269	130.250	21.790	47.675
361.802	130.603	21.979	47.835
361.135	130.004	22.117	48.952
360.965	130.557	21.828	47.313
360.171	129.765	22.284	47.900
359.756	128.769	21.511	47.217
349.888	128.332	21.368	48.874
364.807	127.937	20.887	53.383
332.239	128.472	23.990	49.802
332.945	127.831	24.179	50.203
332.562	129.918	22.641	48.081
332.253	129.892	22.161	47.331
332.274	130.741	21.632	46.658
332.725	131.003	21.481	46.399
331.812	131.165	21.714	46.364
332.528	131.661	21.688	45.650
330.734	131.080	23.246	46.066
331.219	130.966	22.633	45.381
331.031	130.910	22.607	46.044
331.434	130.740	21.954	46.302
331.086	129.830	22.694	46.762
331.160	130.097	22.166	47.369
329.981	129.723	23.003	47.362
330.687	130.219	22.092	47.210
329.223	129.944	22.815	47.521
330.025	130.349	21.618	47.245
328.404	130.548	22.915	46.709
327.972	130.077	22.318	47.343
328.744	130.516	21.591	47.034
327.436	129.745	22.068	47.468
327.327	129.845	21.915	47.363
326.725	129.108	21.980	47.597
326.805	129.419	22.057	46.957
326.475	128.678	21.935	47.363
326.111	128.991	22.301	47.481
326.554	129.354	21.564	46.935
326.140	128.977	21.354	47.193
326.007	128.960	20.997	46.790
326.078	129.559	20.911	46.068
325.661	129.917	20.774	45.699
325.516	129.647	20.895	46.005
324.762	129.356	20.856	46.121
324.747	128.853	21.286	46.716
324.103	128.998	22.067	46.241
324.004	128.749	21.910	46.308
323.828	128.801	21.712	46.412
323.673	128.524	21.445	47.494
322.869	128.069	21.733	47.740
322.992	128.798	21.762	47.027
322.304	128.592	22.236	47.250
322.289	128.285	21.827	46.699
321.651	128.561	21.863	46.527
321.010	128.497	22.082	47.049
320.533	128.700	22.241	46.865
320.095	128.808	22.740	46.661
319.445	128.978	22.382	45.922
319.488	129.027	22.238	46.256
318.807	128.397	22.182	46.911
319.057	128.483	22.142	46.452
318.448	127.961	22.019	46.783
319.439	128.601	20.869	45.505
319.048	127.516	20.887	45.779
318.736	127.878	20.552	45.791
318.758	128.252	20.351	45.022
318.280	128.647	20.386	45.357
318.193	128.423	20.609	45.257
317.625	127.921	20.517	45.698
317.777	128.327	20.056	45.004
316.672	127.962	21.166	44.967
316.260	128.221	21.121	44.590
315.765	127.617	21.620	45.392
314.924	127.282	21.660	46.366
315.031	127.176	21.536	46.384
314.158	127.326	21.726	46.376
314.068	127.047	22.102	45.874
313.228	127.482	22.287	45.441
313.582	127.461	21.857	45.827
313.282	127.355	21.153	46.077
312.795	127.622	21.504	45.679
312.524	127.474	21.312	46.190
312.264	127.538	21.354	45.936
311.722	127.240	21.734	46.124
311.094	126.910	21.567	46.554
310.751	127.090	21.534	46.047
310.903	126.825	20.959	46.114
311.032	126.270	20.829	46.786
310.746	126.538	20.541	46.592
310.598	126.528	20.387	46.089
310.175	126.961	20.333	45.612
309.787	126.773	20.344	45.522
309.426	126.878	20.192	45.443
308.627	126.804	20.538	45.158
308.378	126.589	20.264	44.751
307.922	126.709	20.632	44.179
307.829	126.560	20.570	44.624
306.916	126.239	20.869	44.925
306.533	125.645	21.335	45.240
306.106	124.869	21.103	45.810
306.118	124.912	20.379	45.705
305.448	125.437	20.791	45.041
305.776	125.858	20.455	44.059
305.818	126.193	19.443	44.703
305.441	126.171	19.791	44.463
304.718	126.538	19.764	44.265
304.530	126.335	19.654	44.239
303.746	126.335	20.030	44.133
302.541	125.821	20.452	44.557
301.988	125.704	20.787	44.208
302.053	124.962	20.403	44.784
301.741	124.867	19.845	44.607
301.428	125.228	20.130	43.433
300.486	124.687	20.399	42.822
300.895	125.035	19.755	42.513
300.282	125.344	19.921	43.071
299.452	125.216	20.506	42.979
299.512	125.386	20.361	42.379
299.157	124.768	20.185	42.937
298.742	124.898	19.944	42.543
297.918	125.020	20.653	43.478
297.477	124.365	20.707	42.902
272.946	124.187	23.181	45.995
277.614	124.136	24.578	45.364
270.792	124.905	21.559	45.790
271.589	123.615	21.079	45.574
269.414	124.355	21.153	45.618
271.501	124.102	20.419	46.178
270.122	124.626	20.733	44.898
270.704	125.062	20.633	45.475
269.614	124.267	20.908	45.029
269.057	125.205	20.755	44.429
269.159	124.512	20.770	46.428
268.701	124.431	20.594	46.473
267.865	124.495	20.704	46.137
267.841	123.858	19.830	47.009
266.023	122.049	20.144	45.601
266.286	122.152	19.893	45.906
262.408	123.327	22.391	47.461
249.275	122.912	23.257	47.616
245.254	124.078	22.237	46.654
244.032	124.699	20.855	45.816
244.761	125.499	20.528	45.409
244.244	124.645	19.715	46.460
244.164	125.298	20.716	45.134
243.046	124.751	21.125	45.451
242.524	124.182	21.715	46.265
243.593	124.519	21.097	46.489
242.669	124.221	20.972	46.127
241.836	124.938	21.743	44.914
241.942	123.997	21.142	46.234
241.411	123.918	20.901	46.399
242.020	123.345	20.943	46.550
240.591	123.004	20.792	46.486
240.667	123.431	21.052	46.489
240.628	123.886	20.964	45.939
240.410	123.784	20.774	45.678
240.141	124.272	21.283	45.096
240.390	123.878	20.981	45.428
239.360	123.710	20.805	45.501
239.881	123.601	21.317	45.501
238.991	122.960	21.271	45.832
239.726	122.432	20.757	46.869
239.324	121.998	20.760	46.731
239.227	121.837	20.839	46.731
239.372	122.467	20.515	46.225
239.598	121.659	20.288	46.695
239.410	122.321	19.944	46.044
240.022	122.027	19.487	46.473
239.977	122.179	19.097	45.943
240.095	121.978	19.608	45.877
239.855	122.979	19.691	44.452
239.430	122.418	20.117	45.267
238.813	122.428	20.692	45.003
238.485	121.879	20.972	45.387
238.130	122.083	21.129	45.039
237.575	121.982	21.901	44.509
237.384	121.695	21.858	45.116
237.831	121.829	20.753	45.027
237.556	121.659	20.901	44.938
237.317	121.751	21.267	44.350
237.497	121.767	21.011	45.271
236.916	121.990	21.093	45.090
235.884	121.726	21.987	44.489
235.941	120.171	21.014	45.810
235.457	120.292	21.107	45.907
207.752	124.910	21.092	45.032
202.656	122.445	22.356	45.768
202.994	124.676	22.332	43.635
202.424	122.290	22.626	45.762
199.780	123.324	22.483	44.273
200.803	123.280	20.916	42.768
201.053	124.024	21.023	42.970
201.259	123.861	20.411	40.307
200.815	123.577	20.301	40.323
199.924	123.295	20.906	40.456
199.624	122.191	20.340	42.658
198.937	122.472	21.020	41.415
198.693	122.209	20.662	41.868
199.494	122.351	21.634	40.521
198.760	121.718	21.337	42.757
198.879	121.646	21.292	42.076
198.511	121.985	21.433	41.018
198.823	122.113	21.506	41.550
198.558	121.276	20.499	42.528
198.383	121.659	21.115	44.306
198.497	121.450	21.189	44.829
198.210	121.132	19.642	44.018
197.024	121.470	21.190	42.156
198.037	121.501	19.800	43.123
197.021	121.321	20.220	42.425
196.626	121.213	20.209	40.421
195.813	120.894	20.522	42.073
196.353	121.238	20.227	41.898
196.233	121.007	19.716	41.108
195.884	120.882	19.493	40.476
195.298	120.536	19.689	40.093
195.378	120.367	19.525	40.706
195.364	120.245	19.197	42.973
195.009	120.761	19.969	41.224
195.194	121.023	19.480	42.082
195.366	120.370	18.767	43.890
195.979	121.337	19.160	43.159
195.861	120.830	18.679	43.228
195.319	121.155	18.631	42.236
195.842	119.439	18.577	45.610
247.487	123.012	20.797	51.314
239.227	123.620	26.995	50.675
225.525	123.505	25.572	52.746
217.829	126.793	25.583	49.068
162.133	123.112	20.590	45.409
161.313	124.001	21.721	41.537
161.623	123.006	20.649	43.356
161.449	122.652	20.423	42.674
161.657	123.052	20.683	43.120
160.181	121.051	20.664	44.906
213.826	124.579	21.572	49.733
