433.000	315.000	186.000	113.000
420.790	307.710	185.710	115.197
415.742	304.269	182.766	115.271
407.300	299.365	180.007	112.177
402.671	297.569	176.907	110.870
396.003	293.390	170.588	107.745
391.493	290.374	169.026	107.622
387.708	287.980	166.920	106.007
379.745	282.973	161.125	103.892
377.053	278.553	158.256	105.258
373.169	275.820	156.733	104.764
368.044	272.504	151.736	101.062
364.344	269.895	148.838	101.115
358.422	266.325	146.663	97.534
354.926	265.490	144.797	95.925
349.949	261.089	141.860	94.426
346.304	259.480	138.977	94.495
344.343	256.779	138.166	94.798
337.816	252.482	137.094	93.308
334.591	251.079	135.624	92.804
328.452	246.032	134.617	92.474
328.357	244.830	130.575	91.269
325.398	244.000	130.127	90.129
317.683	239.480	130.294	88.915
317.610	238.319	126.085	88.643
312.344	235.912	124.700	85.113
309.884	234.809	123.084	84.057
305.781	233.398	122.656	83.581
302.632	230.916	119.962	81.740
299.892	229.545	120.322	81.517
294.381	226.043	119.296	80.924
293.047	225.414	117.740	79.364
289.048	221.798	114.386	79.036
286.804	221.962	113.732	77.253
282.138	218.494	112.454	77.760
280.785	217.515	111.088	75.810
278.519	216.295	110.722	75.807
273.170	213.946	110.221	74.214
272.105	212.804	108.704	74.066
267.298	210.290	107.669	73.302
266.051	209.058	107.181	72.801
264.328	208.280	105.594	71.825
260.602	205.416	104.264	71.858
259.027	205.105	103.465	70.425
254.978	202.961	102.680	69.765
254.239	201.735	100.544	69.358
253.161	200.439	99.157	68.971
250.323	198.771	97.632	67.706
248.536	197.228	97.342	67.615
248.089	195.699	95.461	67.329
245.857	193.752	92.986	65.869
244.177	193.859	93.188	64.410
242.022	191.005	91.124	64.603
241.486	190.832	90.079	63.587
241.507	189.691	88.441	63.587
240.099	187.372	86.521	63.004
237.926	187.234	87.309	62.212
237.721	184.990	84.801	61.801
236.365	184.145	84.617	61.759
236.058	182.692	83.575	60.459
235.871	182.271	81.318	59.507
236.145	181.171	80.571	59.288
235.676	179.355	78.002	58.967
234.291	178.742	79.888	58.605
234.280	176.981	77.200	58.246
233.407	176.168	77.215	58.053
233.820	176.224	76.364	56.832
234.046	174.613	74.773	56.664
233.812	173.669	74.910	56.412
234.730	171.843	73.098	56.109
234.093	171.361	73.230	56.169
234.613	170.353	72.348	55.549
235.800	169.098	71.073	54.965
235.352	168.572	71.955	55.131
236.375	166.967	70.586	54.757
237.304	166.464	69.913	53.752
237.498	165.947	69.649	53.787
239.315	164.641	68.312	53.075
238.575	163.599	69.456	53.269
239.652	163.209	68.880	52.287
241.088	161.831	67.679	51.737
241.212	161.536	68.032	51.303
243.401	159.817	66.881	51.012
243.972	159.112	66.977	50.946
244.496	158.758	67.422	50.363
246.295	157.864	66.211	49.597
247.181	157.465	66.386	49.425
248.914	156.114	66.261	48.807
249.397	156.002	66.242	48.314
250.133	154.937	66.774	48.245
252.154	153.447	66.916	48.136
253.902	153.472	65.557	47.446
255.294	152.008	66.327	47.288
256.657	151.529	65.367	46.746
256.844	150.887	66.600	46.881
259.920	150.057	65.260	46.218
260.418	149.670	65.793	45.663
262.543	148.540	64.738	46.578
264.998	148.037	64.495	45.393
265.362	147.424	65.434	45.356
268.176	146.738	64.455	44.870
268.715	145.912	65.995	45.145
270.260	145.768	65.484	44.842
272.936	144.995	65.681	44.022
274.381	144.742	64.809	43.731
276.852	144.063	64.765	43.041
278.199	143.710	64.473	42.875
279.265	143.202	64.614	42.904
281.973	142.418	64.808	42.229
282.897	141.500	65.441	42.563
286.929	140.070	64.598	42.927
287.404	139.556	64.517	42.882
289.321	139.147	64.766	42.326
291.826	137.649	64.120	43.069
293.142	137.389	63.966	42.330
294.574	136.869	62.865	42.072
297.731	136.376	62.308	41.709
299.482	135.454	62.526	42.103
299.679	135.101	63.613	41.623
303.522	134.659	62.132	41.049
304.280	133.776	63.498	41.973
308.144	132.864	62.008	41.353
309.106	132.714	62.143	40.944
310.221	132.319	62.416	41.204
313.945	131.227	61.612	40.912
315.102	129.992	61.946	41.312
319.055	130.476	60.429	40.387
320.138	129.304	60.807	40.524
321.008	129.142	61.245	40.083
324.119	128.946	60.969	39.566
325.640	128.174	60.669	39.349
328.752	128.176	61.051	38.462
329.916	126.905	60.713	39.542
331.697	127.104	60.438	38.425
335.132	126.316	60.195	38.389
336.263	125.317	60.178	38.813
340.982	125.439	58.062	37.688
341.170	125.242	59.381	37.456
342.816	124.373	59.651	37.952
347.011	124.636	58.642	36.773
348.398	124.031	58.432	36.941
352.833	123.723	56.905	36.472
353.257	123.333	58.223	36.405
355.066	122.674	57.605	36.955
358.908	121.738	57.160	36.700
360.336	121.333	57.196	36.224
363.743	120.956	56.663	35.849
365.267	120.370	56.985	35.803
366.952	119.985	56.746	36.007
371.198	119.760	55.433	35.491
372.585	119.863	56.736	34.825
375.579	119.157	56.392	34.657
377.430	118.284	55.289	35.111
379.124	117.610	54.737	35.348
383.432	117.461	53.036	34.693
384.456	117.415	51.988	34.418
385.758	117.556	51.128	33.565
389.847	117.391	52.704	32.648
391.085	117.161	53.767	32.620
393.933	116.577	53.717	32.103
395.669	115.949	52.719	32.836
398.071	115.443	51.618	32.989
401.299	114.406	51.159	33.200
402.949	115.130	50.625	31.964
404.118	114.600	51.197	32.152
406.884	113.960	50.495	32.012
408.235	113.497	50.451	32.218
411.490	112.739	49.509	32.368
412.247	112.491	50.222	32.018
416.707	111.488	47.869	32.386
418.301	109.943	47.383	33.484
419.440	110.615	47.066	32.282
422.734	109.575	46.325	32.333
422.617	109.482	48.115	32.201
424.530	110.759	47.187	30.367
426.626	110.645	47.543	29.544
427.837	109.499	46.940	30.181
433.676	108.936	43.921	30.139
435.981	108.661	42.921	30.483
436.039	108.167	44.298	30.565
437.707	107.591	45.078	30.625
438.728	107.229	45.876	30.621
