216.000	123.000	42.000	29.000
218.263	123.213	39.186	30.796
218.259	123.025	40.128	31.056
218.881	123.868	40.293	30.932
219.110	123.986	40.627	31.248
220.367	124.166	40.240	31.461
221.082	124.011	40.176	32.004
221.766	124.482	40.451	31.914
222.077	124.607	40.825	32.811
222.680	125.605	41.424	32.211
223.576	125.048	41.626	32.426
224.195	125.438	41.532	32.140
225.356	126.215	41.520	31.999
226.020	126.289	41.989	32.997
226.859	126.693	42.018	32.673
227.225	126.831	42.207	32.710
227.755	126.625	42.172	33.633
228.202	127.423	43.799	33.130
229.210	128.022	43.097	32.168
229.950	128.109	43.071	32.419
230.502	127.510	42.979	32.435
233.136	128.603	44.385	32.503
234.771	129.102	44.229	33.155
235.365	129.440	45.332	33.431
236.728	129.249	44.633	34.099
236.849	129.853	44.792	34.233
238.435	130.312	45.079	34.544
239.870	129.723	44.620	34.669
240.166	130.608	46.727	33.565
244.041	133.110	47.635	33.414
245.197	133.575	47.087	34.763
249.601	134.113	46.270	34.662
251.671	134.350	46.996	35.143
252.678	135.331	46.769	34.563
253.347	135.307	46.924	34.917
254.830	135.315	47.467	35.301
256.494	136.435	48.916	35.851
257.550	136.184	47.692	35.689
258.557	136.657	48.141	36.108
259.747	137.316	48.698	35.980
260.455	138.142	48.315	35.725
261.521	138.098	48.509	35.525
262.105	138.251	47.805	36.309
263.436	138.876	48.741	35.566
264.723	139.251	48.405	36.595
265.734	138.925	49.901	36.750
267.104	139.659	49.897	36.016
268.024	140.280	49.713	35.728
269.178	140.511	50.430	37.388
271.594	139.842	50.649	38.624
272.770	141.283	50.837	38.148
273.000	142.230	51.995	37.565
274.058	141.819	53.175	40.584
277.193	141.932	51.937	39.874
278.107	142.550	52.389	40.280
282.776	143.275	49.132	39.982
290.457	145.990	53.256	41.197
289.639	145.816	53.783	40.469
292.122	147.135	54.433	41.268
295.423	147.250	54.515	40.518
297.831	148.176	54.414	43.319
298.433	148.899	56.599	42.275
300.521	149.194	56.120	41.942
306.485	150.594	57.124	43.207
309.049	152.167	57.770	43.352
311.629	153.065	57.305	44.598
312.488	153.430	58.057	43.598
314.836	154.047	57.867	44.529
317.151	154.895	56.969	44.338
317.926	154.529	57.703	45.121
318.546	155.076	58.090	46.418
321.129	156.539	57.829	47.117
322.127	156.089	58.746	47.628
323.470	158.047	58.314	46.320
324.916	158.849	58.177	47.410
325.117	159.244	59.880	47.632
326.214	159.131	59.480	48.323
326.099	159.803	60.763	46.500
327.616	160.218	59.938	49.201
328.695	161.527	59.716	50.079
329.900	162.755	60.348	50.038
330.445	162.910	60.805	50.093
331.050	163.783	62.011	50.663
332.574	165.059	61.498	50.688
333.726	165.743	62.096	49.966
334.121	165.903	62.094	50.103
335.515	166.453	61.614	52.262
336.471	166.784	61.110	52.152
337.314	168.155	61.694	53.442
338.148	168.808	61.204	53.685
338.484	169.141	62.096	55.217
338.809	170.156	63.282	54.482
339.170	171.141	63.541	55.042
340.075	172.444	64.022	54.138
340.474	171.907	64.578	54.320
341.096	172.813	64.283	56.079
340.912	172.496	65.246	56.661
341.891	174.404	65.450	56.220
343.084	176.461	64.984	54.845
343.673	177.278	65.843	57.186
343.979	178.817	66.090	57.829
344.315	179.057	66.848	58.419
344.185	180.102	67.521	58.338
344.720	181.301	67.391	58.980
344.716	181.862	67.893	61.337
344.296	183.446	69.169	62.461
344.452	185.417	70.477	61.491
344.078	185.221	71.053	63.520
344.523	186.452	70.961	64.413
344.152	188.586	70.792	65.265
343.593	190.282	71.738	65.642
343.840	190.423	71.657	67.426
342.952	191.707	74.011	66.514
342.608	192.924	73.912	65.714
342.690	194.825	74.038	64.531
342.049	196.805	73.856	65.203
341.081	196.776	75.465	67.998
340.154	198.520	75.796	67.798
338.763	199.934	76.784	67.618
338.353	200.944	77.639	69.093
336.865	202.620	78.259	70.128
335.116	203.851	79.996	71.725
334.446	204.830	79.765	71.961
333.195	206.163	80.750	76.601
331.097	208.018	82.123	76.414
329.322	209.015	83.860	76.977
326.207	211.544	85.806	80.892
324.512	212.742	86.491	78.579
322.764	214.478	86.474	77.915
320.846	216.638	87.124	82.814
317.778	218.121	89.826	82.581
314.361	220.007	92.241	84.171
311.345	222.162	93.048	86.612
308.542	224.874	93.852	87.627
305.993	225.218	95.588	87.430
300.275	228.888	97.783	91.637
296.085	231.151	99.921	92.832
293.750	232.081	100.992	95.921
288.747	234.904	104.061	95.217
284.004	236.909	106.120	98.604
277.494	239.779	108.284	102.057
271.820	243.754	110.297	102.857
265.908	245.986	111.678	105.128
257.994	249.417	115.943	106.345
250.700	252.570	120.129	106.127
245.159	254.609	120.973	110.557
242.023	256.599	121.408	107.190
232.572	260.014	127.142	110.766
223.300	263.614	130.095	110.418
213.424	267.198	134.384	112.678
205.312	269.952	136.928	111.569
197.525	271.222	138.141	116.610
179.360	278.430	146.447	117.452
169.637	282.670	148.809	114.578
151.425	288.801	154.698	118.359
145.429	290.337	153.766	114.455
124.684	299.286	163.066	116.919
111.069	304.181	166.942	116.761
96.190	308.250	170.973	121.896
88.837	311.827	172.553	119.957
70.203	316.438	180.745	119.711
60.519	321.594	183.570	117.323
42.664	326.107	189.737	119.104
19.872	331.524	198.813	118.435
