271.000	215.000	31.000	77.000
274.072	212.483	29.379	80.072
275.016	212.001	28.106	80.748
275.035	211.758	28.632	80.188
275.221	211.443	28.706	79.830
275.844	210.794	28.535	80.179
275.977	210.800	28.543	79.801
276.420	210.589	28.581	79.459
276.758	210.598	28.714	78.823
277.111	209.928	28.639	79.294
276.801	209.598	29.254	79.226
277.580	209.377	28.724	79.104
277.926	209.270	28.213	78.512
278.259	208.509	27.859	78.843
278.301	208.497	27.888	78.338
278.348	208.549	28.041	78.628
278.630	207.863	28.054	78.999
278.525	208.005	28.506	78.534
279.029	207.142	27.766	79.027
278.484	207.392	28.398	77.800
278.924	206.936	28.354	78.161
278.696	206.338	28.325	78.705
278.763	206.040	28.687	78.339
279.165	205.990	28.174	77.831
279.254	205.479	28.620	78.537
279.428	205.071	28.454	78.590
279.512	205.075	28.223	78.330
279.553	204.863	28.553	77.879
279.667	204.267	28.500	78.349
280.097	204.602	28.094	77.114
279.874	204.165	28.711	77.776
280.512	203.866	28.223	77.751
280.532	203.655	28.215	77.465
280.991	203.585	28.164	77.402
281.001	203.095	27.888	77.576
281.057	202.537	28.306	77.768
281.267	202.411	28.047	77.550
281.321	202.060	28.207	77.532
281.477	202.209	28.271	77.176
281.350	202.304	28.434	76.530
281.761	202.504	28.144	75.264
281.838	202.143	28.217	75.952
281.991	201.501	28.028	76.387
281.991	200.919	28.057	76.939
282.002	200.642	28.167	77.137
281.658	200.753	28.304	76.289
281.733	201.623	27.915	75.104
281.911	201.007	27.780	75.801
281.562	200.632	27.843	75.969
281.143	200.596	28.298	75.740
281.407	199.670	27.892	75.691
281.197	199.425	28.256	76.014
281.171	199.845	27.948	74.795
280.823	199.250	27.726	74.930
280.442	199.465	28.115	75.013
280.007	199.650	28.352	74.082
279.938	199.744	27.624	74.058
279.536	199.751	27.919	73.821
279.722	199.261	27.756	74.114
279.221	198.993	27.989	73.879
278.651	198.913	27.962	72.624
279.033	198.628	26.974	72.787
278.538	198.312	27.201	73.320
278.145	198.804	27.227	72.727
277.609	198.246	27.670	73.110
277.788	198.057	27.384	73.131
277.362	198.024	27.184	73.265
277.321	197.063	27.338	72.984
276.861	197.254	27.593	72.884
276.682	196.628	27.831	73.059
276.505	195.544	27.864	74.530
276.586	195.645	27.717	73.656
276.545	195.528	27.694	74.255
276.509	195.395	27.619	74.311
276.437	195.428	27.704	74.023
276.473	195.027	27.613	73.547
276.302	194.812	27.763	73.606
276.357	194.860	27.708	72.714
276.458	194.562	27.579	73.300
276.674	194.508	27.539	72.835
276.925	194.542	26.801	72.515
277.061	193.751	27.044	74.062
277.812	193.491	26.171	73.739
277.256	193.004	26.835	73.819
277.128	193.090	27.084	73.023
277.228	193.213	27.804	72.819
277.385	192.991	27.409	72.007
277.463	193.166	27.499	72.000
277.839	192.303	27.623	72.633
277.882	192.710	27.450	72.453
278.353	192.542	27.430	71.926
278.267	192.614	27.484	71.713
278.668	192.387	27.330	71.818
278.491	191.711	27.792	71.887
278.626	191.744	27.730	71.831
278.797	191.873	27.559	71.900
278.612	192.066	27.885	71.114
279.100	191.155	26.943	71.814
279.168	191.262	27.224	71.483
279.235	191.036	27.227	71.416
278.963	190.492	27.394	71.868
278.755	190.582	27.996	71.208
278.495	190.713	28.152	71.828
279.261	189.982	27.450	72.050
278.949	189.939	28.155	71.930
278.896	190.550	27.574	70.651
278.929	190.078	27.892	71.282
279.196	189.939	27.590	70.434
279.033	190.037	27.719	71.558
279.108	189.450	27.442	72.394
278.940	189.550	27.322	71.144
279.100	189.560	27.117	71.093
278.439	189.942	28.313	68.944
278.530	188.985	27.444	70.888
278.321	189.396	28.031	70.086
277.959	188.930	28.003	69.843
277.748	188.688	28.178	70.084
278.003	189.170	27.549	69.193
277.437	188.272	28.091	69.437
277.214	188.551	28.106	69.690
276.934	187.116	28.147	71.390
276.725	186.452	27.956	71.630
277.087	186.475	27.446	71.010
269.264	187.527	31.576	68.962
267.223	187.196	28.747	68.219
260.899	185.977	30.104	71.189
257.550	186.523	30.860	69.216
253.605	185.944	28.676	70.506
248.389	186.128	30.243	69.397
243.888	186.213	30.027	69.946
239.557	186.304	27.799	69.474
235.331	186.192	28.927	69.508
230.765	185.664	27.919	69.387
226.164	185.943	28.596	69.658
223.375	186.456	27.589	68.191
220.042	185.709	27.770	68.217
224.599	185.409	27.679	69.497
228.059	186.113	28.447	68.588
232.417	184.687	27.562	69.233
236.417	184.759	27.453	68.616
240.094	184.858	28.297	69.490
244.403	184.431	28.096	68.254
249.408	184.485	27.901	68.443
253.770	184.353	28.081	68.538
258.271	184.227	26.857	68.080
262.112	183.746	28.155	69.674
266.118	183.417	27.379	68.712
269.893	183.338	27.371	68.818
274.106	182.519	26.707	69.421
268.344	181.979	29.265	69.302
266.829	182.744	26.864	67.048
261.263	181.990	26.944	69.214
257.796	182.194	28.821	68.070
253.667	181.001	26.619	69.983
249.270	181.555	28.372	68.749
245.296	181.620	26.429	68.207
239.734	181.590	26.738	68.116
236.406	181.144	27.833	67.401
232.046	181.421	26.792	68.307
227.073	180.912	27.526	68.643
224.426	181.508	26.455	66.970
220.254	181.489	26.402	68.527
223.888	180.549	27.738	68.490
226.351	180.906	27.269	68.401
231.978	179.589	26.368	69.064
234.711	179.722	27.333	68.633
239.224	179.528	26.854	68.815
244.620	178.689	26.448	69.251
249.444	179.150	26.717	68.338
253.504	179.097	27.211	68.290
257.215	178.971	26.936	67.408
261.676	178.520	26.972	67.633
265.265	178.496	26.988	67.200
269.272	178.477	26.412	66.604
273.732	178.050	26.887	67.401
270.368	177.990	28.395	66.881
267.367	177.976	26.568	66.919
262.742	177.578	26.969	67.553
259.210	177.752	27.623	68.108
253.329	176.979	27.516	69.770
249.211	177.573	28.887	67.761
245.194	176.991	26.968	69.219
239.003	177.834	28.961	66.920
236.740	176.998	26.929	68.065
231.460	177.560	27.464	68.045
228.047	177.278	28.286	66.232
224.053	176.983	27.053	69.065
220.357	176.967	27.099	66.163
220.884	176.761	27.887	67.518
225.010	176.184	26.747	67.987
229.382	176.002	28.144	67.062
233.186	175.442	27.325	67.606
237.532	175.167	27.802	68.437
241.656	175.297	28.793	66.548
247.341	174.814	27.761	66.898
251.523	174.473	28.534	66.982
255.617	173.837	28.133	67.518
260.583	173.207	28.169	68.333
264.485	173.648	27.880	67.504
268.645	173.348	27.816	68.595
272.882	173.995	28.311	67.497
273.806	174.979	27.930	66.192
269.992	175.039	26.811	66.878
266.149	174.687	27.853	66.703
262.374	174.688	26.583	66.890
257.162	174.442	27.494	65.903
253.867	174.474	26.483	65.690
248.716	174.770	27.446	65.931
243.390	174.324	27.684	65.886
240.543	174.834	25.453	65.578
235.588	174.574	25.807	65.951
232.666	173.810	25.093	66.933
227.699	174.280	25.073	65.453
225.058	174.188	25.841	65.019
222.575	173.343	25.448	64.629
227.527	173.129	25.235	65.547
231.452	173.210	26.003	64.647
235.161	171.698	25.306	65.900
241.327	172.239	26.092	66.279
243.315	172.887	26.260	66.613
248.868	171.078	26.538	66.684
252.946	171.685	26.674	65.978
257.983	171.499	28.051	66.102
260.450	171.515	28.254	66.779
265.615	171.077	27.036	66.614
268.286	170.319	27.869	70.166
270.055	170.196	28.951	69.682
274.669	170.159	26.956	69.190
266.037	170.906	30.687	68.733
262.923	170.002	27.646	70.402
255.953	169.463	27.687	72.132
251.903	170.323	27.601	70.129
243.737	169.921	28.439	71.615
236.850	170.453	29.141	71.308
233.705	170.548	27.123	72.215
225.684	169.930	28.576	72.447
219.252	170.032	30.150	71.253
215.363	169.909	26.757	71.541
205.895	168.668	28.909	76.808
206.752	169.002	26.063	72.419
203.593	168.775	24.587	69.342
207.665	168.014	25.885	69.339
211.915	168.613	27.307	68.901
220.104	168.595	25.497	68.081
224.956	168.717	26.873	69.011
229.093	168.189	27.457	68.511
235.079	168.231	27.056	67.148
240.533	167.708	28.540	68.286
246.230	168.204	28.090	66.833
252.054	167.581	28.874	66.291
257.707	167.445	28.306	65.368
263.430	167.459	27.671	66.087
267.795	166.534	29.186	65.205
274.876	167.323	26.405	64.898
269.952	167.269	27.439	63.329
264.064	167.324	27.585	65.333
256.916	166.833	28.831	64.050
253.380	166.644	27.979	64.052
245.731	167.471	28.431	64.815
239.665	166.073	28.967	65.302
234.320	165.779	28.118	63.463
228.647	165.159	27.331	64.749
223.547	166.232	28.084	63.143
217.260	166.143	27.670	62.859
211.481	167.284	26.743	62.974
207.174	166.415	26.531	63.885
201.014	166.911	26.555	63.555
204.225	165.862	27.448	64.862
210.066	166.096	27.511	63.871
215.659	166.207	27.822	63.193
222.712	165.256	28.388	63.644
227.831	166.249	27.168	62.431
233.999	165.162	26.754	64.617
240.446	165.416	26.933	63.291
245.588	164.793	27.942	62.908
252.113	164.339	28.282	64.097
257.119	164.669	27.659	63.443
262.956	164.269	27.613	64.491
267.938	163.602	26.994	64.220
275.322	164.344	25.754	63.720
272.501	163.101	26.676	64.724
266.537	163.556	25.493	63.736
260.625	163.604	27.559	62.965
255.529	163.814	26.438	62.400
248.505	163.391	27.792	61.998
243.056	163.425	27.751	62.572
237.770	163.827	25.764	62.290
231.758	162.720	27.069	62.912
226.926	163.598	26.580	62.365
220.211	163.107	27.156	62.002
214.489	162.779	26.877	60.639
210.059	163.578	25.179	61.447
202.607	162.679	27.122	61.607
204.166	162.794	27.206	61.203
209.280	162.133	26.706	62.117
215.928	162.416	27.211	62.567
221.059	161.969	27.362	61.696
228.251	162.416	26.487	61.992
233.908	161.480	26.445	62.127
239.088	161.305	27.492	61.776
246.119	161.786	26.612	60.435
252.306	161.418	27.206	61.480
257.259	161.332	26.727	62.536
263.780	161.404	27.145	61.881
268.387	161.184	27.606	62.828
274.745	160.578	27.068	62.965
276.049	161.043	27.163	62.746
266.502	160.320	26.252	63.152
258.176	158.984	29.782	63.188
249.421	161.183	27.960	61.982
241.158	160.472	29.103	63.173
235.117	160.211	26.519	63.000
224.975	161.288	27.472	61.969
216.432	161.828	28.565	62.055
209.219	160.857	26.621	61.997
201.022	160.629	28.300	63.037
191.578	159.801	28.195	62.830
184.118	160.408	27.559	63.028
175.828	160.814	28.038	62.515
172.458	160.405	27.577	62.296
182.413	161.093	27.211	61.608
189.864	160.822	28.822	61.847
199.805	159.547	28.765	62.308
209.932	159.642	27.923	62.457
217.747	160.305	28.352	61.813
226.710	159.254	29.362	61.466
236.968	159.197	28.372	61.050
245.730	159.142	29.013	60.860
255.103	156.941	29.098	60.507
263.772	158.673	28.663	59.726
272.671	157.127	29.853	61.289
281.322	158.095	29.782	59.088
288.696	159.047	28.691	60.411
278.045	157.428	29.854	59.499
273.681	156.702	29.511	58.463
264.541	158.981	27.403	59.723
255.467	157.081	29.989	60.986
247.789	157.115	28.954	59.345
240.388	159.171	29.391	60.084
232.333	157.046	29.743	60.685
222.734	156.866	31.159	59.882
216.147	156.742	30.948	59.530
207.196	157.334	30.631	58.484
198.785	156.720	30.456	60.002
193.687	158.226	29.250	58.523
186.587	157.943	30.235	57.783
195.856	157.559	29.928	58.562
203.492	157.829	29.628	58.063
213.996	155.548	30.411	59.534
222.923	157.155	30.673	58.667
232.393	157.493	29.663	58.121
241.224	154.408	30.483	60.079
251.140	156.660	30.462	58.181
260.569	155.780	29.493	58.915
268.922	155.087	31.629	58.271
279.487	154.335	30.175	59.284
288.793	153.553	30.200	60.148
296.292	154.717	32.142	58.364
305.975	154.976	30.059	58.303
298.254	154.477	32.604	61.069
292.340	154.381	30.838	59.013
283.437	154.421	31.410	60.026
275.675	154.469	31.259	60.303
265.983	154.593	31.458	58.028
260.260	154.743	30.906	59.147
251.032	153.929	30.450	58.947
242.270	154.326	30.552	57.827
236.635	155.220	29.304	58.630
225.853	154.233	31.109	57.911
217.817	153.710	30.765	58.571
211.266	155.283	30.297	58.136
203.882	153.975	28.039	58.536
208.497	153.993	30.588	56.998
217.826	154.513	28.455	57.423
226.132	153.079	30.310	57.846
236.219	152.659	28.450	59.002
246.414	152.596	26.719	59.205
254.214	151.351	27.883	59.234
263.989	151.947	28.770	59.176
272.964	152.214	28.167	58.239
281.452	151.693	29.006	58.318
291.218	151.901	28.585	57.435
301.033	152.095	27.448	58.049
309.205	151.771	29.301	58.681
318.944	151.422	28.032	59.902
316.630	153.747	29.323	59.268
288.483	152.348	35.532	60.405
269.954	152.352	34.383	60.033
241.012	154.449	36.039	57.429
224.353	152.506	34.283	62.116
198.538	151.148	32.767	61.305
175.723	152.318	36.681	62.264
151.570	153.231	33.870	62.365
127.819	152.603	36.357	62.903
107.274	153.686	35.235	62.588
80.254	154.968	33.715	59.743
69.021	154.064	26.358	63.597
46.270	155.744	30.733	61.241
32.165	154.384	27.688	58.264
66.905	155.669	25.389	57.941
77.940	156.371	31.652	56.351
106.439	151.356	31.952	61.794
120.561	152.358	35.777	63.165
153.954	151.730	32.860	61.687
173.209	149.846	32.507	60.935
199.117	150.745	31.705	60.373
224.286	151.981	32.805	56.355
246.027	149.849	31.971	58.262
272.048	149.856	31.508	58.837
294.568	147.644	35.217	58.747
317.713	149.400	34.816	57.327
334.492	150.316	27.085	57.320
301.737	146.754	30.658	57.897
287.629	149.337	31.542	55.225
258.595	149.275	31.631	58.037
241.167	148.482	32.385	58.169
213.376	150.416	31.610	57.757
192.510	153.185	34.926	53.584
168.416	148.151	29.723	58.629
142.966	150.412	35.051	58.662
121.657	153.428	33.289	56.922
95.636	150.486	33.428	59.068
76.109	152.878	31.725	57.718
53.779	153.095	27.566	57.275
37.643	151.288	25.229	56.116
64.109	153.579	26.899	51.893
78.944	153.639	28.208	51.796
111.022	150.890	26.531	54.358
124.551	150.216	29.181	54.681
154.627	151.882	28.721	52.189
172.276	149.985	30.662	51.670
201.040	150.978	27.411	54.169
222.554	145.026	31.720	56.438
244.014	146.845	30.051	56.102
273.928	148.507	27.542	54.852
292.124	149.368	32.839	53.709
317.478	147.289	29.419	53.596
337.174	148.953	25.481	54.283
320.126	146.003	26.091	55.058
295.438	147.385	28.930	54.406
265.253	147.781	34.990	55.652
252.134	149.712	28.768	57.675
219.297	144.346	32.193	60.811
199.017	146.528	34.628	59.737
176.057	148.411	30.272	58.230
152.048	140.980	35.680	63.387
131.846	147.172	28.912	59.082
104.446	147.335	34.229	59.188
84.640	148.753	31.370	60.047
60.826	151.340	29.439	56.179
43.431	149.602	27.198	57.483
54.441	150.365	33.299	56.801
82.657	148.696	26.330	60.223
104.132	145.639	34.085	56.928
126.885	145.548	30.613	59.044
155.562	142.979	29.543	62.091
173.625	143.278	32.164	60.081
202.096	145.322	30.320	57.764
221.339	145.547	31.604	59.137
247.101	143.339	30.274	58.179
269.746	144.393	32.291	57.386
293.065	143.603	32.283	58.048
318.765	143.222	31.628	57.627
339.694	144.544	27.233	56.990
339.570	143.553	25.697	58.606
305.634	139.279	26.444	60.300
280.061	142.119	36.874	56.242
261.771	143.195	27.399	59.525
233.099	140.534	36.490	56.728
214.513	141.636	31.146	57.740
186.894	142.385	30.816	57.891
164.711	142.168	33.134	58.085
141.845	145.318	29.003	57.945
117.872	146.502	33.581	54.829
94.172	144.910	30.910	57.316
69.292	146.058	33.032	56.749
50.319	146.932	30.491	55.622
49.508	144.508	25.982	54.540
83.796	147.114	25.301	53.814
95.119	147.478	28.645	50.569
124.397	142.006	27.830	54.319
160.971	143.311	25.511	55.450
170.570	143.298	27.671	53.220
202.137	142.469	25.714	55.188
217.695	143.867	28.310	54.458
245.483	143.193	25.513	49.863
260.732	139.992	30.275	52.294
290.447	140.271	24.061	55.187
308.298	140.878	31.160	53.184
332.370	141.231	30.133	54.347
342.939	142.005	23.521	53.534
305.705	140.502	27.590	53.689
298.078	140.937	22.911	53.038
263.923	140.682	25.804	52.746
244.793	140.277	27.385	51.848
219.759	137.333	26.970	56.319
193.120	138.717	27.924	53.576
172.966	136.765	26.042	55.101
144.998	140.494	27.715	56.401
124.614	142.877	30.989	54.402
96.959	141.812	30.641	58.398
73.675	145.115	33.490	58.020
53.846	146.354	28.213	57.857
47.528	140.380	29.039	59.644
76.388	145.045	29.040	57.140
92.707	145.859	34.326	54.970
121.301	141.757	28.298	56.449
139.510	142.426	36.029	56.485
166.454	140.309	29.113	57.476
190.085	138.312	32.059	57.915
211.608	139.762	29.921	55.472
239.853	138.279	27.889	50.571
255.396	140.039	30.091	54.375
284.458	138.084	28.705	55.308
305.844	136.328	28.692	55.213
330.202	135.154	27.679	51.872
343.139	139.849	23.877	50.658
299.556	140.532	34.191	51.548
299.928	137.522	25.459	51.354
262.849	137.833	29.587	55.068
242.894	139.735	35.656	53.282
219.938	138.250	29.077	55.940
195.552	138.894	36.576	54.474
172.196	140.175	32.416	54.797
147.556	138.386	30.574	56.083
119.018	140.623	38.657	54.384
98.945	141.740	31.791	53.758
80.652	141.384	29.724	53.537
57.336	143.905	26.173	51.738
44.875	142.223	23.389	51.570
59.701	140.508	36.077	53.532
83.995	144.483	26.381	50.150
119.544	139.452	23.904	46.732
131.423	140.697	26.952	47.933
164.802	142.301	24.881	45.513
178.591	141.392	33.142	46.814
206.873	140.928	27.104	52.527
224.956	140.179	33.833	52.409
251.639	138.535	29.083	54.169
273.625	138.542	33.358	55.154
295.487	139.168	33.837	55.291
324.918	136.557	27.194	55.657
340.872	136.897	25.070	56.541
335.448	138.945	25.300	53.697
340.011	136.651	24.197	54.200
337.237	138.034	23.982	53.174
339.755	138.014	23.219	54.087
338.115	136.801	23.987	53.298
337.708	138.904	23.207	48.506
338.618	137.592	21.762	50.083
337.069	137.092	23.021	50.469
337.399	137.125	22.746	51.123
338.005	137.453	23.151	49.951
336.129	137.859	22.113	49.209
337.602	137.952	22.155	49.717
335.962	138.121	21.930	48.456
336.670	137.028	21.831	51.227
336.245	136.893	22.035	51.568
335.570	137.552	21.690	50.183
335.845	136.513	21.673	50.875
335.466	137.476	21.546	50.591
335.289	137.055	21.372	50.669
335.185	136.909	21.732	50.140
335.243	137.292	21.138	49.932
335.086	137.195	21.600	50.388
334.839	137.333	20.996	49.407
334.518	137.149	21.179	50.805
334.439	136.962	20.587	49.480
334.335	137.072	20.866	49.858
334.496	136.716	20.241	49.817
333.841	136.982	20.303	49.232
333.576	136.525	20.447	50.190
333.381	136.598	20.632	49.045
332.948	136.767	20.456	49.317
333.545	136.250	20.148	49.798
332.785	136.567	20.815	49.673
332.444	136.485	20.552	48.651
333.389	136.353	19.366	49.395
332.725	136.428	19.835	49.349
332.361	135.640	20.242	50.171
332.377	135.982	19.717	49.816
332.626	136.162	19.801	49.870
331.887	136.432	20.193	49.395
331.722	136.117	20.581	48.988
332.002	136.594	20.173	49.207
332.273	135.703	19.979	49.598
331.864	136.219	19.853	49.462
332.169	135.979	20.000	49.628
331.192	135.525	20.881	48.687
332.271	136.406	19.256	48.678
331.775	136.039	19.647	48.093
331.859	135.832	19.650	48.982
331.819	135.369	19.269	49.814
331.889	135.539	19.462	48.849
331.949	135.159	19.785	49.410
331.382	135.606	20.523	46.640
331.170	134.748	20.464	49.015
331.779	135.236	20.078	48.257
331.899	135.239	19.987	48.077
331.896	134.632	20.013	49.495
330.861	134.002	21.012	50.165
330.922	134.936	21.128	49.402
331.494	134.074	20.305	49.620
331.180	134.342	20.793	48.812
331.003	134.085	20.803	49.149
331.340	134.027	20.484	47.250
330.256	133.409	21.328	47.609
330.781	133.375	21.285	49.586
330.619	133.691	21.252	47.934
330.793	133.770	21.245	48.111
330.710	133.638	20.868	49.338
330.610	133.097	21.109	47.931
330.944	133.179	21.095	49.429
330.432	133.263	20.911	48.622
330.084	132.198	21.041	48.597
330.667	132.792	20.190	50.111
330.801	132.530	20.128	49.549
330.576	132.070	20.271	48.698
330.636	133.463	20.445	48.759
330.032	133.024	20.898	48.172
330.251	132.339	20.761	49.575
330.821	132.757	19.953	49.679
330.035	132.207	21.090	49.960
330.753	131.416	20.036	50.593
330.996	131.937	19.675	50.548
330.565	132.234	20.841	49.410
330.216	132.789	20.985	48.200
330.218	132.272	20.820	49.387
330.536	132.432	20.706	48.573
330.574	132.660	20.413	48.287
330.923	132.249	20.437	49.733
330.323	132.567	20.575	47.629
331.086	131.795	19.673	49.404
330.475	132.616	20.405	46.585
330.434	132.635	20.526	47.128
330.730	132.910	19.909	45.362
330.924	132.259	20.362	47.954
331.005	132.503	20.278	45.902
331.301	132.161	20.533	48.481
330.700	132.396	20.695	46.041
330.713	131.742	20.673	46.907
330.786	132.038	20.173	48.129
331.018	132.503	20.205	47.041
331.043	131.727	20.293	46.308
330.690	132.229	21.107	45.859
330.958	131.912	20.403	46.447
331.023	131.421	21.009	48.004
331.436	131.879	20.421	46.478
331.563	131.656	19.720	46.815
331.555	131.571	20.054	46.296
332.150	131.773	19.285	46.870
331.746	132.097	20.393	46.287
332.023	131.356	19.716	46.510
332.808	131.331	19.279	46.999
332.221	131.373	20.042	45.932
332.643	130.218	19.563	47.876
332.147	131.410	19.634	45.534
332.053	130.919	20.196	46.027
332.598	130.730	19.424	45.950
332.618	131.197	19.961	46.695
332.544	130.321	20.750	46.860
333.195	131.102	20.116	45.094
333.308	130.721	19.594	46.674
333.095	130.560	19.784	45.950
333.075	130.970	20.792	46.018
333.629	131.060	20.857	45.822
333.505	130.827	21.214	45.482
334.173	130.584	20.546	45.957
334.746	130.710	20.756	45.486
334.834	130.982	20.675	45.167
334.619	130.347	21.957	45.978
334.636	130.412	21.665	45.585
334.879	130.474	21.709	44.522
335.357	129.118	21.015	45.769
335.690	129.438	21.715	46.292
335.400	129.604	22.272	46.115
335.971	129.646	22.080	46.152
336.501	130.027	21.040	45.344
336.667	129.246	21.026	47.447
336.525	129.958	20.982	46.222
336.469	129.784	21.882	47.357
337.521	128.366	21.341	47.495
337.748	129.214	20.383	46.842
337.621	129.474	21.046	46.967
336.867	129.178	22.545	46.033
336.920	128.657	21.724	46.254
337.696	129.982	21.262	44.536
337.933	129.110	20.499	45.790
338.175	129.236	20.683	45.336
337.894	128.963	21.168	45.563
337.761	128.997	21.022	44.903
338.493	128.899	20.874	45.754
338.326	128.912	20.858	45.017
338.262	128.479	21.385	45.057
338.881	128.875	21.284	45.260
338.918	128.394	21.068	45.508
339.533	128.145	20.529	45.441
340.097	128.173	19.886	46.740
339.422	128.075	21.401	46.012
340.226	127.567	21.024	47.042
340.959	128.080	21.064	46.627
340.649	128.325	20.737	45.192
340.911	128.319	20.674	46.057
340.848	127.720	20.871	46.193
341.215	127.912	21.083	46.049
341.055	128.102	21.192	45.329
341.478	127.378	21.129	45.718
342.212	127.584	20.859	45.854
342.966	127.689	20.672	46.348
341.874	126.988	21.156	46.153
342.193	127.875	21.770	45.949
342.896	127.069	21.489	47.315
342.801	126.938	21.643	46.508
343.617	126.503	20.577	45.989
343.848	127.396	21.531	45.304
343.891	126.891	21.069	45.342
344.233	126.794	20.881	45.858
344.180	127.355	21.695	44.741
344.958	126.139	21.180	45.367
345.013	127.040	21.385	44.686
345.198	127.003	20.787	44.868
345.542	126.533	20.846	44.747
345.390	126.548	21.530	44.947
346.277	126.564	20.313	45.053
346.262	126.763	20.716	45.184
346.832	126.361	20.448	45.539
346.182	126.319	20.900	44.521
347.540	126.668	20.968	45.369
346.955	125.624	21.204	45.641
347.525	125.325	20.516	45.836
347.565	125.878	21.952	45.490
348.664	125.111	20.850	46.697
349.111	124.506	20.353	46.858
349.113	125.102	20.774	45.670
349.040	124.975	21.066	45.844
349.067	124.806	21.154	46.298
349.391	125.419	21.161	46.387
349.763	125.154	20.726	46.638
350.032	125.240	20.957	46.377
350.366	125.389	20.815	44.963
351.193	125.361	20.545	45.398
