264.000	100.000	27.000	61.000
261.904	100.671	28.525	61.218
265.049	101.168	28.148	59.943
268.302	99.853	25.927	60.018
271.311	99.603	23.581	60.581
273.608	99.039	25.279	61.890
274.493	100.513	28.566	60.492
275.089	100.471	32.136	60.305
275.236	100.718	34.391	60.183
275.687	99.885	35.094	61.473
278.334	99.954	33.622	61.595
279.592	99.694	32.629	61.596
284.768	98.818	29.734	62.079
287.636	97.235	28.775	63.544
291.222	97.601	28.576	63.073
295.174	98.388	27.087	61.563
297.298	99.582	27.676	60.468
297.169	99.199	29.529	61.125
301.018	99.300	27.347	61.125
302.135	98.581	27.359	61.773
306.706	98.828	25.842	61.238
307.834	98.056	26.246	61.492
311.052	98.396	26.422	60.886
312.249	97.231	28.004	62.543
313.833	97.761	28.981	61.526
315.009	98.250	29.992	61.953
316.997	97.859	30.069	62.323
319.463	97.347	28.219	62.193
323.556	96.905	25.938	62.438
326.940	96.059	25.845	63.388
328.356	96.129	25.609	62.681
330.879	97.087	27.590	61.077
331.264	97.031	28.265	60.221
334.351	95.633	26.536	62.673
335.905	95.950	25.879	60.909
338.255	94.749	24.934	60.289
338.821	94.645	25.160	61.373
339.660	95.052	25.412	60.038
341.032	95.835	27.004	60.030
342.211	95.876	27.396	59.692
343.212	95.376	28.128	59.785
345.268	95.559	29.046	59.974
345.821	95.309	28.555	60.302
350.277	94.998	26.252	60.926
350.624	94.742	27.180	60.332
352.400	93.379	26.370	61.200
355.773	93.066	26.219	61.847
356.392	93.312	26.995	61.665
358.436	93.771	27.699	61.295
359.818	94.278	27.403	60.084
360.976	94.734	27.933	59.384
363.498	94.514	26.448	60.444
366.548	93.673	24.303	59.656
368.918	93.226	23.847	60.361
370.064	92.927	23.830	60.966
371.761	93.468	24.403	59.150
373.606	93.775	24.358	59.357
373.653	93.496	26.511	59.070
375.416	93.182	27.199	59.481
376.600	92.439	27.561	60.349
379.042	91.690	27.111	60.490
381.724	91.592	25.426	60.339
385.279	90.955	22.833	60.802
386.295	90.829	23.829	62.110
384.926	91.762	25.451	60.594
380.199	93.852	23.772	58.913
372.661	94.836	24.865	57.381
370.567	89.287	25.056	61.994
366.637	87.801	22.982	63.322
339.351	88.836	26.846	60.105
312.433	88.980	26.234	58.006
346.512	85.781	26.894	64.639
347.480	88.034	26.280	61.507
346.332	89.119	25.822	60.624
339.379	90.047	28.185	60.836
335.911	89.969	28.400	60.188
333.820	89.724	23.999	61.177
330.519	89.034	22.750	62.404
325.649	90.277	24.903	61.247
319.220	90.596	25.215	60.802
316.854	90.872	25.088	59.439
308.665	92.073	28.583	57.492
306.809	91.879	27.750	58.654
300.345	92.659	27.777	57.673
296.952	91.273	28.339	58.971
291.350	91.485	26.330	57.214
289.228	91.664	24.807	57.176
283.264	90.575	24.003	58.680
280.448	90.318	25.190	59.401
274.027	91.268	25.634	58.347
270.362	91.040	26.282	58.981
270.973	91.172	24.832	59.259
272.335	90.398	25.447	61.144
274.671	89.695	24.999	59.238
276.171	89.220	25.332	60.922
278.889	88.359	24.339	60.240
279.148	88.436	26.049	59.043
280.890	88.850	26.841	58.683
282.276	89.678	27.090	58.475
284.534	89.769	27.165	57.896
284.504	89.690	27.761	56.833
284.082	89.484	29.151	57.512
281.282	88.632	24.884	57.195
277.831	87.917	26.278	57.784
271.325	88.272	25.527	56.363
268.824	87.769	25.313	60.183
260.307	89.012	27.337	59.102
256.979	89.301	26.798	59.447
251.403	89.969	24.783	56.851
246.532	90.358	26.005	55.739
244.912	90.079	24.515	56.431
239.801	91.773	24.299	55.075
236.379	90.931	24.063	56.650
232.626	90.546	24.500	56.023
226.436	89.650	24.923	56.570
223.119	89.898	26.143	53.913
216.856	90.359	24.387	53.241
209.503	91.530	25.284	53.421
201.566	91.225	23.688	53.571
198.150	90.827	23.923	52.341
190.765	90.472	23.400	50.174
188.646	89.821	22.667	51.409
182.416	89.567	22.321	49.723
177.063	89.333	21.789	49.324
175.046	89.534	20.197	48.107
173.295	90.170	20.793	49.629
173.607	89.505	22.272	50.917
174.446	89.567	22.630	49.788
176.327	88.517	22.056	47.126
179.748	88.354	21.318	48.780
179.572	87.564	21.898	51.174
180.343	87.914	20.513	53.786
174.020	89.489	20.343	54.427
170.014	90.472	23.103	50.412
164.374	89.491	21.779	48.552
161.395	87.912	20.924	49.915
155.478	87.876	20.870	48.347
150.854	87.645	20.343	52.779
145.501	87.956	21.201	49.839
141.452	87.555	22.391	48.557
138.248	88.343	22.994	48.872
134.053	88.928	22.002	50.369
130.682	88.715	23.052	50.608
127.083	89.344	23.068	52.173
122.873	87.345	22.530	52.994
117.296	88.687	24.546	57.376
114.474	86.400	24.076	57.401
109.108	86.896	24.933	56.229
106.790	87.011	24.778	53.121
102.832	87.626	24.703	57.572
95.740	87.499	26.632	56.988
91.798	86.855	26.210	57.405
85.757	87.333	25.486	58.201
81.344	87.469	25.618	58.713
80.116	87.242	24.918	58.350
77.265	87.033	25.223	59.368
79.817	88.151	23.553	58.175
81.804	87.977	27.088	56.687
83.888	87.819	25.897	57.048
85.427	87.503	24.439	57.573
86.567	87.608	24.457	57.462
88.304	86.817	24.721	57.832
90.507	85.997	23.545	58.802
92.525	87.071	24.531	56.298
94.844	86.985	25.458	56.391
96.101	87.182	25.209	55.804
97.879	87.113	25.469	56.185
99.029	86.587	24.826	56.573
101.154	86.222	23.959	55.824
102.575	85.743	23.286	56.437
104.457	85.043	24.035	56.944
106.311	85.647	23.009	55.252
108.337	86.250	25.745	55.054
109.226	86.343	27.311	55.093
110.236	86.076	27.083	55.503
112.257	85.634	25.705	56.078
113.519	85.561	25.275	55.705
114.925	85.184	25.440	55.786
117.961	84.153	24.060	56.174
120.147	83.354	25.312	57.502
121.651	83.866	24.500	55.825
123.586	84.568	24.898	55.191
124.610	84.331	25.040	55.312
125.539	83.963	25.059	55.506
126.671	83.222	24.988	56.945
129.943	83.136	23.337	56.171
131.731	82.815	22.549	57.254
134.457	82.137	22.607	56.733
135.923	82.725	21.930	55.682
137.390	82.363	25.022	56.367
137.801	82.512	26.480	55.687
139.494	82.459	25.702	56.210
140.668	82.431	25.329	56.361
141.918	82.008	24.987	56.551
145.448	81.234	23.622	56.659
147.378	81.402	22.479	56.513
148.685	80.964	22.711	56.296
150.929	81.400	23.416	55.504
153.319	81.702	23.753	55.356
154.220	82.230	23.541	54.421
155.709	81.389	23.390	54.472
157.870	81.240	22.941	54.589
161.130	81.107	21.803	55.067
163.012	80.833	21.494	55.713
164.335	80.926	21.808	55.042
166.590	80.516	22.358	54.809
167.682	81.246	24.017	53.877
169.412	80.373	25.402	55.077
169.959	81.048	24.687	54.864
173.422	86.359	22.601	55.285
174.466	88.047	22.738	55.478
177.600	92.513	21.793	56.616
179.610	94.965	21.582	55.993
180.901	98.397	22.509	56.132
183.492	104.419	22.580	55.287
183.747	107.380	24.490	54.353
185.331	109.928	24.297	54.004
187.330	114.658	23.186	54.552
189.339	117.126	22.287	54.898
192.271	121.495	21.184	55.177
194.741	126.744	21.483	55.450
196.619	130.420	21.249	54.154
198.759	135.690	23.752	54.592
199.401	138.531	24.626	53.967
201.089	143.785	23.985	54.331
201.433	145.766	24.265	55.127
204.890	150.468	22.890	55.509
208.767	154.669	21.765	55.617
210.230	157.376	21.715	55.858
212.360	163.288	22.650	55.264
214.235	169.405	23.742	53.744
215.682	172.361	23.524	53.339
217.386	176.627	23.199	54.327
219.294	179.932	22.397	53.375
220.539	182.555	22.465	54.043
223.027	186.437	21.624	55.225
224.907	189.746	21.293	54.051
226.198	192.225	21.467	54.925
228.050	199.172	24.066	54.129
229.248	201.688	23.973	54.341
230.596	205.946	23.712	55.030
232.568	208.874	22.858	54.129
233.030	211.124	23.307	53.945
235.280	213.428	22.130	54.552
237.668	218.038	21.937	55.317
238.538	221.021	22.650	54.654
239.168	223.186	22.791	54.858
241.454	229.603	22.183	54.632
242.615	232.546	21.142	54.120
243.258	235.075	22.106	55.128
243.487	237.531	22.094	53.942
245.884	241.512	21.478	54.800
246.949	244.747	21.311	54.235
246.798	248.073	22.542	54.555
247.575	250.718	23.163	54.248
249.141	255.288	24.881	54.176
251.147	258.643	23.105	53.577
252.407	261.453	22.793	53.521
254.812	266.704	22.478	54.779
256.400	269.696	22.278	54.258
258.148	271.937	21.650	54.742
260.511	276.034	22.765	55.583
262.412	279.743	22.662	54.241
263.920	283.562	23.224	52.630
265.200	285.415	23.387	50.364
266.747	287.509	22.537	48.677
268.461	287.856	23.533	48.601
270.223	287.328	23.457	48.449
271.137	286.700	23.299	47.968
273.667	285.777	22.231	48.005
274.481	286.436	21.276	44.880
275.906	285.757	21.496	44.336
277.382	286.249	21.193	43.121
281.653	286.461	20.837	41.359
282.693	285.605	20.704	39.092
283.790	285.294	21.949	41.287
288.023	284.609	22.470	43.429
287.390	284.744	22.342	43.299
289.768	284.509	21.886	44.032
291.310	284.376	21.390	44.526
293.912	284.045	22.208	46.748
294.717	284.270	22.948	48.256
296.081	284.937	23.672	54.142
298.492	285.195	22.090	54.968
299.486	285.629	22.195	51.215
302.153	285.216	20.353	53.761
300.237	284.582	23.516	54.174
297.231	284.629	20.389	54.245
292.075	284.415	21.511	54.344
287.454	283.824	23.822	54.758
284.279	284.413	26.178	53.620
279.508	284.905	26.253	53.335
276.911	285.102	25.528	52.971
271.493	283.925	23.667	54.034
269.199	284.306	23.078	53.672
266.651	283.596	22.281	54.330
260.246	283.535	21.383	53.814
256.294	283.575	23.725	54.551
253.704	284.594	23.755	52.610
247.906	284.835	24.398	52.759
243.146	284.597	25.118	53.082
239.934	284.800	25.065	52.914
234.978	285.365	22.973	52.243
232.265	284.611	21.936	52.549
232.526	284.709	22.523	52.913
233.539	284.516	21.364	52.436
235.872	284.097	20.789	52.946
237.826	284.288	21.339	52.841
239.898	284.757	22.682	52.422
240.207	285.012	22.701	51.708
240.940	284.305	22.416	52.491
241.650	284.271	22.033	51.938
244.963	283.718	20.909	52.396
246.694	283.259	20.227	52.832
249.293	283.570	20.695	52.878
250.241	283.826	20.569	51.956
251.206	284.380	21.192	51.434
252.192	284.379	21.705	50.828
253.218	284.654	21.558	50.384
254.818	284.376	22.022	50.573
255.768	284.055	21.938	51.053
257.568	283.179	20.691	51.812
258.663	283.927	20.466	50.763
259.609	283.549	20.209	51.102
262.015	283.117	20.328	51.839
262.255	283.173	20.961	51.050
263.410	283.845	22.373	50.481
264.652	283.966	23.197	51.173
265.698	284.369	23.141	51.159
266.573	283.686	22.760	50.791
266.650	283.265	23.593	50.818
268.999	282.916	22.307	50.741
270.891	282.449	21.361	51.388
273.559	281.930	21.346	52.137
274.198	282.406	22.578	51.006
276.444	282.757	22.846	50.430
277.252	282.914	22.789	49.950
277.616	283.190	23.549	49.931
278.719	282.966	22.797	50.238
281.084	282.215	22.380	50.208
282.275	282.309	21.300	50.036
283.246	281.829	21.540	50.377
284.333	281.960	21.522	49.799
286.380	282.132	21.493	49.902
287.091	281.829	21.959	49.873
287.856	282.212	22.227	49.701
288.749	282.416	22.392	50.103
290.751	282.124	21.212	50.119
291.510	281.876	21.791	50.212
292.930	281.776	21.281	49.763
293.643	280.991	21.602	51.378
295.285	280.505	22.402	51.512
296.219	280.640	22.373	50.912
297.283	280.845	22.061	51.210
298.740	281.172	22.962	52.068
299.288	281.698	23.936	51.757
299.253	281.358	24.472	50.542
300.863	280.322	23.338	51.273
302.282	280.510	22.780	50.877
302.811	279.933	23.053	51.759
303.859	279.869	22.285	53.737
305.324	282.897	22.011	53.514
306.059	285.191	22.230	54.774
307.614	288.091	22.094	53.348
308.092	291.694	23.049	52.306
309.059	294.230	22.259	52.348
310.931	298.938	21.992	51.439
312.225	301.911	22.196	50.742
313.040	304.067	22.494	49.784
314.221	306.489	22.131	49.086
315.102	305.645	21.346	50.251
316.745	305.822	20.663	49.751
317.013	305.959	21.150	49.579
318.507	306.013	19.815	50.031
319.829	306.544	19.725	49.351
320.610	306.745	19.869	48.582
321.833	307.043	18.308	47.127
322.337	305.583	19.695	48.840
322.623	305.761	20.469	50.201
325.965	310.691	20.925	51.786
328.425	313.659	19.784	53.093
328.139	315.810	19.417	53.392
326.904	317.996	20.292	49.625
330.542	321.280	18.764	51.169
330.252	326.381	20.449	50.128
330.757	330.409	20.974	48.336
334.162	331.087	19.837	51.167
335.073	328.672	19.799	52.279
336.573	329.003	19.963	53.299
336.701	329.998	21.628	51.063
336.669	329.538	23.265	51.547
337.016	329.596	23.377	50.334
338.243	329.865	22.789	49.938
338.666	331.319	23.440	48.510
340.328	333.558	22.484	49.089
339.978	335.830	23.529	50.360
339.757	337.841	24.180	50.547
340.573	340.324	23.718	52.021
340.039	344.135	24.544	51.612
341.901	347.549	23.506	49.742
342.114	349.672	23.460	50.654
342.860	353.978	23.885	50.115
343.750	356.258	24.026	49.187
345.057	356.567	22.836	49.913
346.627	356.333	22.127	50.322
347.786	355.939	21.567	50.820
348.123	355.775	22.060	50.742
348.585	354.719	21.870	50.305
349.577	354.868	22.177	51.110
349.857	354.633	22.891	52.423
350.184	354.459	22.962	50.820
350.697	354.523	23.364	51.082
351.315	354.745	23.453	49.519
351.822	354.704	23.494	51.045
352.398	354.330	23.244	50.841
352.501	354.390	23.182	49.645
353.071	354.052	22.921	49.523
353.015	353.950	22.723	50.035
353.600	354.075	22.216	48.966
354.080	353.566	22.137	50.085
354.642	353.471	21.246	49.520
354.576	353.825	21.903	49.340
355.133	353.816	21.493	48.671
355.255	353.656	21.553	49.154
355.631	352.731	21.838	49.758
354.069	351.719	21.731	50.284
349.070	352.552	22.074	48.438
341.338	352.183	21.641	48.744
332.866	352.250	22.471	49.357
329.256	351.534	22.321	49.354
326.259	351.762	21.492	47.948
316.222	352.485	22.463	48.861
312.680	352.840	22.849	47.250
308.546	352.571	23.058	46.693
304.711	351.846	22.604	47.530
300.974	352.298	22.264	48.422
296.455	352.406	22.335	48.792
292.125	352.529	21.774	47.079
292.131	352.113	21.723	47.307
292.263	352.135	21.855	48.540
292.085	351.824	22.169	47.546
292.688	352.209	22.004	47.339
292.832	352.313	21.778	46.729
293.166	352.068	21.885	47.511
293.539	352.463	21.190	47.184
293.982	352.506	21.292	47.157
295.608	352.179	20.388	47.033
295.565	351.212	20.961	46.746
296.115	351.240	20.549	46.874
296.383	351.047	20.657	46.938
296.515	351.197	22.008	45.594
296.544	351.358	23.051	46.312
296.828	351.420	22.593	46.460
297.067	351.549	23.522	45.497
297.572	351.506	22.440	46.795
303.607	350.308	23.209	46.893
307.405	350.298	23.610	47.096
312.973	350.099	22.636	45.847
316.083	350.214	22.174	46.805
320.768	350.120	22.693	46.075
326.628	349.467	21.344	46.447
335.374	349.567	21.948	45.796
339.924	349.789	22.383	45.903
343.913	349.972	22.318	45.128
349.570	348.756	22.046	46.813
354.362	348.851	20.777	46.556
363.938	348.642	21.722	46.631
369.271	348.515	21.336	46.334
373.439	346.555	22.038	47.754
377.911	347.754	22.183	46.881
387.007	347.679	22.699	46.984
392.187	347.798	22.273	46.670
396.401	348.511	22.488	47.046
401.127	347.634	22.503	45.444
404.849	347.910	21.758	46.087
414.526	346.784	21.117	48.483
424.110	347.187	21.754	46.521
427.693	346.121	22.058	46.351
431.512	346.723	22.671	45.737
436.381	346.598	22.080	46.746
440.342	346.548	22.140	45.984
445.848	346.409	22.722	46.631
450.714	346.908	22.081	44.969
459.434	346.896	22.266	44.576
463.694	346.383	22.370	45.854
467.329	345.928	23.363	45.544
473.106	344.878	22.640	46.192
478.069	344.931	22.540	47.176
482.424	345.136	22.612	45.510
487.812	344.503	21.607	46.586
496.308	345.216	22.305	46.084
500.472	345.409	22.823	44.816
505.689	345.503	21.808	45.673
511.432	345.938	21.561	44.414
513.085	345.693	20.922	44.178
512.886	344.846	21.093	44.644
512.944	344.837	21.002	44.750
512.877	344.651	21.068	44.766
513.097	344.548	21.138	44.609
513.158	344.195	21.146	44.196
513.353	343.908	21.218	44.901
513.107	344.388	21.027	44.630
513.416	344.288	21.566	44.772
513.732	344.663	21.232	44.674
513.869	344.767	21.557	44.582
513.942	344.397	21.692	44.296
514.467	343.632	21.290	43.938
514.475	343.661	21.606	44.101
514.207	342.879	21.301	45.120
514.018	342.804	21.805	44.903
513.942	343.086	22.222	44.351
514.204	343.443	22.609	44.202
514.279	343.558	22.757	44.066
514.595	343.163	22.501	44.152
514.523	342.538	21.812	44.836
514.100	341.302	23.022	43.722
514.406	338.775	22.304	43.654
514.524	335.168	21.715	45.053
513.993	331.011	22.602	43.707
514.628	328.058	22.026	43.994
515.116	325.320	21.075	43.596
515.143	322.679	21.450	43.774
515.272	319.770	21.240	43.687
515.323	317.507	21.056	43.212
515.935	311.799	19.934	45.116
515.284	309.291	21.190	43.652
515.370	306.001	21.029	44.597
515.262	302.598	20.545	44.880
515.342	299.824	20.943	42.520
515.510	297.183	20.290	43.980
515.339	292.048	21.322	43.691
515.084	290.803	22.006	41.139
515.767	287.211	21.298	43.157
515.706	284.677	21.619	42.426
515.706	282.346	21.670	41.586
515.711	276.205	21.095	43.459
515.656	273.222	21.098	43.609
515.829	270.679	20.950	42.845
516.097	264.024	20.492	43.946
516.201	262.320	20.768	43.504
515.580	260.031	21.668	43.010
515.539	257.115	21.842	44.113
515.675	251.601	21.439	42.797
515.793	248.777	21.480	42.999
516.351	245.947	21.233	43.552
516.503	242.410	21.226	44.698
516.999	237.063	20.739	45.089
517.463	232.648	20.825	45.758
517.180	230.081	20.584	45.661
517.267	227.728	21.157	44.728
517.002	224.720	21.656	44.702
517.175	220.291	21.725	44.510
517.073	217.820	21.821	44.574
517.068	212.816	20.574	46.557
516.461	207.794	21.273	47.314
516.692	203.972	21.082	47.842
516.475	200.480	21.697	47.491
515.417	194.601	21.744	48.069
516.023	192.668	21.068	45.644
515.846	190.203	21.630	45.696
515.727	183.375	21.551	47.595
515.922	180.606	21.831	47.637
516.168	177.178	21.977	47.591
516.451	174.389	21.321	47.816
516.287	169.599	21.832	47.716
516.733	166.769	21.520	46.826
516.994	164.334	21.098	48.283
517.251	157.066	20.761	47.314
517.409	157.137	20.918	45.794
517.217	153.105	21.528	46.838
516.399	148.209	22.063	46.936
516.515	147.462	21.864	44.993
516.962	147.102	21.442	45.499
516.305	147.368	21.980	44.737
517.023	146.689	20.930	45.726
516.809	147.065	21.278	46.053
516.549	146.874	21.363	44.946
516.906	147.128	21.080	45.319
516.474	147.314	21.872	44.804
517.501	147.768	20.374	43.906
517.651	148.847	19.970	43.644
518.116	148.312	19.592	43.535
518.369	147.594	19.613	42.671
518.475	147.846	19.502	44.395
518.723	147.946	20.044	41.563
519.363	148.469	19.130	41.486
519.304	148.167	19.221	42.067
519.421	148.839	19.205	41.951
519.271	148.740	19.371	41.297
519.665	148.338	19.427	42.702
519.089	148.037	19.702	42.607
519.019	148.052	19.723	41.704
518.999	147.928	20.064	41.944
518.838	147.473	20.226	42.346
519.454	147.271	19.193	43.064
519.430	148.110	19.711	41.560
519.228	148.077	19.982	41.659
519.574	148.214	19.732	41.184
519.466	148.605	19.921	40.595
520.332	148.479	19.972	41.368
521.150	147.552	19.476	41.619
521.726	147.268	18.869	41.935
522.397	146.805	18.245	42.316
522.684	146.572	17.106	41.760
