401.000	95.000	18.000	56.000
401.599	94.500	18.421	57.237
401.279	93.919	19.208	57.380
401.632	93.756	19.093	57.139
401.903	94.714	18.687	56.638
401.543	94.862	19.534	56.532
401.605	94.538	19.318	57.275
402.242	94.260	18.114	57.807
402.600	94.283	18.078	56.941
402.120	93.747	18.304	57.764
402.481	92.518	18.862	59.552
402.789	92.918	18.316	58.437
403.317	93.466	18.297	58.336
403.807	93.671	18.346	57.870
404.452	93.487	18.240	58.385
405.443	93.311	17.282	59.161
405.717	92.014	17.203	59.700
405.717	92.491	17.519	58.224
405.576	92.129	17.737	58.729
405.866	92.517	17.588	58.345
405.717	91.324	18.335	58.273
406.393	91.311	17.710	58.190
406.686	91.617	17.675	57.585
407.008	91.591	17.185	57.709
407.327	91.340	17.205	57.676
406.823	91.257	17.908	58.656
406.881	90.819	17.745	58.643
406.735	89.688	17.754	59.310
406.815	90.826	17.445	58.137
406.756	90.516	17.390	58.669
406.262	89.465	17.346	60.312
406.213	89.404	17.775	59.578
406.518	88.352	17.618	58.822
406.896	88.977	17.102	58.903
407.461	89.232	16.828	58.971
407.573	89.222	16.836	58.060
407.859	89.411	17.015	57.641
408.071	88.786	16.843	57.864
407.879	88.451	17.556	56.579
408.384	88.146	17.587	57.039
408.517	88.400	17.350	57.692
408.245	88.312	18.574	56.851
408.355	88.729	17.934	55.845
408.439	88.308	18.092	57.365
408.663	87.896	17.844	57.923
409.211	88.149	17.369	57.309
408.998	87.772	17.389	57.166
408.834	87.110	17.747	58.241
408.343	85.977	17.842	57.956
409.022	86.816	18.106	57.355
409.276	87.023	17.696	58.425
409.152	87.790	17.989	57.161
410.268	87.561	17.991	57.365
410.550	87.510	17.349	57.495
410.460	86.020	17.571	57.379
410.670	85.747	18.329	57.505
410.534	85.947	18.097	57.117
410.965	86.701	17.576	56.304
411.162	85.603	17.711	57.703
410.840	85.181	17.819	57.824
410.950	84.689	17.753	58.473
411.282	83.834	17.858	58.859
411.671	84.260	17.114	58.044
411.718	84.686	18.075	56.630
411.864	84.712	17.913	56.624
412.785	84.480	16.578	56.159
412.915	83.702	16.773	57.775
412.947	83.696	16.944	56.396
412.882	83.083	17.104	56.844
413.134	84.194	17.690	55.401
412.882	84.343	17.803	55.522
412.634	84.172	18.264	55.732
412.570	83.965	18.378	56.614
413.321	83.434	17.870	56.362
413.526	83.162	17.615	56.395
413.684	82.389	17.360	56.454
413.973	82.332	16.874	56.632
414.162	82.506	16.894	55.725
414.719	82.838	17.223	55.566
414.900	83.227	16.902	55.933
415.540	83.321	16.702	55.589
415.528	82.794	16.717	56.435
415.851	82.151	16.393	56.109
415.543	82.172	16.770	55.179
415.654	82.187	17.005	55.696
415.529	82.368	16.713	56.038
415.441	82.371	17.159	55.389
415.535	82.114	16.778	54.589
415.207	81.929	17.448	54.977
415.074	81.813	17.216	55.361
415.780	80.998	16.868	55.464
415.769	80.713	16.566	54.419
415.494	81.101	17.184	54.755
415.654	81.771	17.336	53.687
415.953	81.934	17.488	54.374
416.312	81.819	17.402	54.272
416.610	80.991	17.742	55.025
416.323	80.838	17.873	54.348
416.783	80.674	17.716	54.361
416.709	80.988	17.904	53.478
416.988	80.961	17.678	53.870
417.161	81.456	17.970	53.828
416.458	81.556	18.724	53.571
416.860	80.395	18.517	54.662
417.230	79.801	18.451	55.534
416.511	78.731	18.996	55.878
417.283	78.971	18.586	56.007
418.005	79.241	18.504	56.090
417.988	79.225	17.833	55.962
418.740	79.605	18.228	55.512
418.869	79.207	17.958	56.503
419.691	78.467	17.721	56.454
419.404	78.540	17.702	54.188
419.956	78.580	18.173	54.045
419.780	79.115	18.377	53.776
419.964	79.868	18.535	53.278
420.271	79.675	18.628	53.561
420.478	79.565	18.219	53.639
420.552	78.637	18.879	54.600
420.598	78.734	18.663	54.007
421.214	77.172	18.342	57.363
421.725	78.221	17.806	55.241
421.393	78.196	18.198	54.877
422.233	78.073	18.673	55.375
422.800	78.361	17.814	54.709
423.737	76.774	18.170	55.800
423.748	76.640	18.079	55.560
424.717	76.629	17.941	54.758
424.892	77.145	17.398	54.208
425.255	77.292	17.975	53.872
425.271	77.060	18.452	54.861
425.742	76.580	17.959	54.641
425.487	76.227	18.956	55.004
425.385	76.262	18.611	54.920
425.965	76.437	18.875	53.275
426.061	76.537	17.786	53.111
426.039	77.115	18.874	52.399
426.727	77.526	17.677	51.755
427.696	76.935	17.238	51.693
427.711	76.533	17.275	51.656
427.931	74.947	17.702	52.917
428.031	75.519	17.990	52.654
428.463	75.982	18.200	52.319
428.702	75.648	19.226	53.708
428.228	76.251	20.146	53.546
427.731	74.815	18.752	55.629
427.606	73.569	20.313	57.058
427.400	74.104	18.804	54.284
427.468	72.925	20.170	56.345
427.331	72.208	20.367	60.119
429.145	70.381	20.433	62.097
430.085	73.950	18.914	57.709
430.409	74.484	18.069	54.432
430.806	74.082	18.816	54.049
429.811	71.569	19.548	57.373
430.070	73.099	19.007	54.080
429.452	74.051	20.381	52.235
429.996	74.180	19.937	50.654
429.965	73.834	19.972	51.138
431.081	72.690	19.317	51.336
431.166	72.332	19.607	52.153
431.654	71.800	18.747	52.394
432.345	71.053	18.318	54.612
434.004	71.600	18.355	52.939
434.239	70.742	19.159	53.862
434.688	69.801	18.719	58.370
434.947	70.291	18.872	57.285
434.057	70.816	19.332	56.506
434.679	69.590	18.886	57.693
434.239	69.234	18.805	57.618
434.174	69.765	18.801	58.506
434.323	69.569	19.164	57.929
434.463	69.151	18.697	58.504
434.622	69.750	18.664	56.787
434.840	69.862	18.927	56.396
434.603	68.593	19.125	57.549
434.501	68.466	18.734	57.542
434.657	68.309	18.681	57.902
434.820	68.156	18.569	58.807
434.690	68.631	18.151	57.711
434.655	68.129	18.549	59.608
434.655	68.265	17.604	58.092
434.717	68.078	17.547	57.655
434.794	67.567	17.567	59.593
434.874	67.517	17.919	59.200
435.190	66.491	17.921	60.492
435.485	67.186	18.202	58.941
435.587	67.621	17.200	58.792
436.195	67.096	17.446	58.676
436.312	66.974	17.902	58.604
436.656	66.819	17.153	57.227
437.095	66.391	17.441	57.960
437.031	66.744	17.965	56.092
436.937	66.765	18.253	56.347
438.205	65.569	17.499	56.656
438.929	65.238	16.875	57.048
439.865	65.580	16.403	55.727
439.705	64.720	17.119	56.125
439.712	64.850	17.115	55.541
440.219	64.813	17.047	56.131
440.001	65.441	17.085	55.367
439.923	64.397	16.652	56.409
439.410	64.543	18.221	56.285
439.159	64.325	17.825	55.353
439.076	64.221	18.961	55.895
438.597	63.636	18.814	56.583
438.561	63.887	19.646	56.158
439.279	63.715	18.824	56.822
438.989	63.335	18.988	56.974
439.210	64.491	18.055	55.445
439.337	63.605	19.064	56.116
439.543	62.516	18.772	57.820
439.434	63.054	18.925	56.681
439.568	62.078	19.473	56.777
439.587	63.454	19.003	55.809
439.488	63.200	19.228	56.178
439.378	63.074	19.162	56.659
439.426	62.642	19.343	57.226
439.492	62.053	18.624	57.259
439.173	61.642	18.942	58.561
439.147	60.941	19.927	59.432
439.307	60.833	19.505	59.744
439.544	61.150	19.398	58.809
440.527	61.154	19.811	58.340
440.781	60.684	19.088	59.028
440.429	62.248	20.131	56.620
440.618	60.426	19.897	55.880
441.779	61.540	19.450	55.839
441.593	61.526	19.259	54.936
442.339	60.915	19.635	55.662
442.188	59.540	19.452	56.788
442.605	60.267	19.898	55.900
442.888	60.984	18.716	54.741
443.125	59.882	19.250	55.266
443.230	60.412	19.409	54.266
442.703	59.058	20.035	55.814
442.490	59.067	20.563	55.469
442.948	58.891	19.693	54.101
443.124	58.484	19.869	55.686
443.343	58.300	19.237	56.413
443.361	58.726	19.955	56.084
443.786	58.740	19.878	55.814
444.471	59.172	19.330	55.348
444.518	58.300	19.235	56.853
444.786	57.461	19.637	56.680
444.352	56.951	20.613	57.293
444.704	57.016	20.480	56.815
445.073	57.549	20.352	56.399
445.452	58.232	19.933	55.022
444.981	57.028	21.168	56.844
445.590	56.177	20.674	55.701
445.608	56.391	21.110	56.699
446.183	57.046	20.541	55.354
446.484	56.992	20.963	56.428
447.225	57.498	20.470	54.910
448.016	57.558	19.011	54.411
447.865	55.832	19.484	56.821
448.157	56.142	19.358	56.375
448.561	56.325	19.650	55.984
449.034	56.676	19.222	55.863
448.607	56.384	19.832	56.642
449.105	56.231	19.384	56.004
449.413	56.099	19.547	55.643
449.832	55.460	19.323	56.721
450.140	55.563	18.562	56.954
450.087	55.862	18.764	56.532
450.725	56.902	18.997	54.610
451.196	56.357	18.263	54.883
451.796	56.319	18.948	54.202
451.335	55.158	19.073	55.322
451.624	55.679	19.013	54.224
451.882	56.025	18.900	53.643
451.776	56.139	19.092	53.733
451.901	56.097	19.016	53.442
451.873	55.130	19.469	54.074
452.532	54.703	18.243	54.445
453.219	54.515	18.428	54.764
453.498	54.855	17.581	53.448
453.432	54.838	18.281	54.079
453.798	55.179	18.193	53.837
453.851	55.797	17.972	53.611
454.064	55.913	18.622	52.778
454.099	54.759	18.447	54.699
454.084	53.949	19.316	55.292
454.221	53.674	18.606	54.911
454.473	54.340	18.179	53.717
455.131	54.986	18.049	52.172
455.045	55.203	18.023	51.794
454.949	54.597	18.191	51.504
454.931	54.402	18.376	52.248
455.063	53.672	18.077	53.082
455.682	53.220	18.716	53.021
455.754	53.876	17.859	53.657
456.585	53.147	17.226	53.798
456.980	53.975	17.436	52.758
457.403	54.890	17.291	52.442
457.770	54.292	17.109	52.474
458.143	54.356	16.625	52.169
458.649	53.382	16.748	53.140
459.173	52.864	15.976	51.725
460.046	54.831	14.909	49.435
460.522	54.298	15.096	49.554
460.670	53.720	14.650	50.553
460.439	54.243	15.612	49.998
460.954	53.184	15.381	50.260
461.481	53.751	15.661	48.958
461.257	53.032	15.711	49.736
461.426	53.171	15.616	48.314
461.746	54.146	16.212	47.980
462.388	54.393	16.211	48.392
463.196	53.737	15.660	49.400
463.701	53.418	15.285	48.905
464.036	52.796	15.018	48.568
464.253	53.655	15.323	47.476
463.925	54.135	15.754	47.519
463.972	54.047	16.041	47.787
464.469	53.559	16.330	47.581
464.725	52.989	16.266	48.125
465.177	53.160	15.966	47.527
465.313	53.804	15.200	46.819
465.678	53.781	15.481	49.054
466.680	54.129	14.369	48.474
466.991	53.367	14.363	48.778
467.391	53.060	14.559	49.105
467.568	53.719	14.425	46.103
467.896	53.741	14.607	45.289
467.739	53.450	14.535	45.532
468.291	53.550	14.280	45.559
468.791	54.078	14.020	44.948
468.532	53.724	14.095	45.612
468.698	52.945	14.530	46.439
468.699	52.808	14.500	46.445
469.156	52.082	14.726	47.476
469.255	51.987	14.226	47.325
469.972	51.743	13.884	47.524
470.069	52.180	14.568	47.632
470.242	52.323	14.513	47.704
470.933	52.344	14.145	47.881
471.221	51.562	14.582	47.926
471.422	51.484	14.716	47.645
471.627	51.293	14.781	47.418
471.900	51.594	14.377	46.305
472.292	52.304	14.264	45.658
472.280	52.669	14.261	45.376
472.733	52.272	14.196	46.254
473.324	52.943	14.076	45.509
473.621	52.007	13.843	46.315
473.590	51.761	14.108	45.799
473.624	51.351	14.847	46.758
