332.000	266.000	74.000	130.000
335.867	264.321	75.698	129.098
339.292	262.842	76.411	128.826
346.429	260.871	73.949	127.134
350.773	258.190	74.036	127.386
356.527	255.988	73.247	125.407
360.605	253.731	72.032	125.553
364.239	252.168	71.731	125.125
368.722	250.797	71.710	123.714
373.425	248.835	69.582	123.336
378.529	246.671	69.038	122.798
382.308	244.697	67.878	122.640
384.657	243.392	67.832	121.308
387.581	241.107	69.298	120.576
392.436	238.952	66.197	120.973
396.932	237.396	65.956	119.757
400.166	235.319	64.219	119.720
402.819	234.053	62.847	118.683
407.326	232.161	62.050	117.388
408.998	230.747	62.801	116.770
411.791	229.945	61.570	115.197
415.466	228.276	61.020	114.595
417.726	226.275	59.779	113.863
420.943	223.767	58.677	113.826
423.088	222.668	58.723	112.383
424.889	220.116	59.724	112.247
427.432	218.669	59.118	112.106
428.501	217.631	58.878	111.196
430.712	216.590	58.270	109.917
433.118	214.464	57.093	110.071
434.349	212.255	59.806	109.217
436.623	211.267	58.405	108.522
437.713	210.023	58.572	108.181
440.014	208.284	59.649	107.534
442.311	206.204	58.397	106.630
443.547	204.809	58.621	106.436
445.465	203.258	58.260	105.108
447.956	202.424	57.287	104.196
449.923	201.167	58.435	103.444
451.673	198.751	57.494	104.174
453.536	197.355	55.901	102.720
455.492	195.870	55.593	102.755
456.848	195.229	56.441	101.544
459.009	194.037	55.893	100.987
461.389	193.011	55.780	100.009
463.731	190.809	55.039	100.136
465.732	190.024	54.704	99.669
467.207	189.517	54.524	98.380
470.012	187.846	54.999	98.220
472.108	186.681	55.130	97.475
473.698	185.046	54.538	97.099
476.372	183.750	56.184	96.630
479.311	182.413	56.182	95.878
481.889	181.168	55.179	96.169
484.360	181.022	55.645	94.816
489.014	179.544	54.159	94.285
490.602	178.491	54.153	93.647
493.678	177.284	53.433	92.853
495.587	176.300	52.675	92.830
497.094	176.037	52.249	92.171
499.389	174.617	52.023	91.531
501.685	173.245	49.882	91.751
502.580	173.151	49.605	90.609
504.233	171.879	50.003	89.801
505.926	171.365	48.561	89.323
508.009	170.810	47.672	89.167
509.720	170.096	46.769	88.712
511.000	170.089	46.388	87.343
511.850	169.045	45.566	86.612
512.569	167.650	45.274	86.514
513.637	166.756	44.241	84.979
513.975	166.381	44.121	84.306
515.469	165.068	43.126	83.550
514.731	164.011	43.913	83.879
515.952	163.256	42.971	83.423
516.212	162.897	43.081	83.105
516.115	162.639	43.230	82.360
516.621	161.700	43.076	82.298
516.748	160.598	43.329	81.968
517.447	159.281	43.412	81.160
517.839	158.141	44.087	81.693
518.795	157.197	43.471	82.011
518.818	156.970	43.636	80.768
518.974	155.904	44.536	81.006
520.682	154.591	42.616	81.387
520.913	154.052	44.363	80.954
521.638	152.902	44.967	81.729
523.033	152.451	43.542	80.955
523.530	151.141	44.297	80.991
524.628	150.327	42.503	81.442
524.528	150.219	43.410	80.668
525.288	149.245	44.238	79.849
526.389	148.691	43.254	79.597
527.431	148.050	43.112	79.432
528.947	147.047	42.221	79.092
530.017	146.266	41.756	78.366
531.272	145.323	42.046	77.104
531.345	144.432	41.781	76.952
533.303	143.923	40.527	77.260
533.342	143.377	41.412	76.955
533.485	142.478	40.956	78.236
533.893	141.492	41.248	77.158
534.324	140.908	40.943	76.501
534.756	140.777	40.519	75.600
535.730	139.576	40.072	75.941
536.227	138.895	39.562	76.220
536.552	138.110	39.261	75.748
536.789	137.286	39.395	75.705
536.505	136.525	39.584	74.671
537.220	135.972	38.815	75.163
537.215	135.766	39.213	74.774
537.013	134.912	39.228	74.345
537.059	134.146	39.253	74.248
537.759	133.605	37.613	74.096
537.736	132.965	37.701	73.706
537.386	132.729	37.738	73.214
536.918	131.990	37.810	73.154
537.349	131.578	36.803	72.653
536.615	130.990	37.437	72.872
536.390	129.813	37.107	72.334
535.737	129.147	36.810	72.370
535.501	128.663	36.320	71.531
535.693	128.138	35.590	71.659
534.835	127.205	35.410	71.376
534.752	126.732	35.089	71.176
534.014	126.177	34.891	70.130
534.043	125.580	34.381	70.386
533.566	125.409	34.774	69.781
532.945	124.761	34.367	69.575
532.459	124.200	34.843	69.455
531.361	123.657	35.277	68.870
531.359	123.348	34.871	68.485
531.187	122.514	34.309	68.091
530.499	122.018	34.815	68.141
530.572	121.587	34.485	68.110
530.416	120.781	34.435	67.381
529.846	120.546	34.346	67.137
529.531	119.497	34.379	66.424
529.382	119.371	34.663	66.548
529.157	118.635	34.466	65.661
528.945	117.247	34.153	66.005
528.926	116.991	33.970	65.715
528.926	116.474	33.769	65.330
529.124	115.923	33.519	65.435
528.970	115.673	33.394	64.665
528.584	114.941	33.962	65.300
528.875	113.958	33.453	64.770
528.545	113.703	33.459	64.541
528.720	112.850	33.129	64.614
528.775	112.280	32.597	64.036
528.676	111.346	32.280	63.974
528.210	111.037	32.364	63.563
528.064	110.236	32.627	63.296
527.934	110.189	32.484	63.042
527.731	109.439	32.544	63.158
527.190	108.683	32.658	63.198
527.314	107.970	32.394	63.232
526.771	107.854	32.627	62.134
526.619	107.260	32.937	62.414
527.255	107.027	32.104	62.105
527.132	106.160	31.895	61.539
526.996	105.658	31.708	61.979
526.870	105.464	31.720	61.094
526.910	104.347	31.482	61.231
526.578	103.714	31.702	60.864
526.655	103.246	31.350	60.924
526.796	102.890	30.948	60.168
526.693	102.721	31.058	60.134
526.888	102.469	30.570	60.218
526.179	101.383	31.085	59.638
526.179	100.949	30.793	59.767
526.008	100.429	30.665	58.942
525.927	100.360	30.273	58.699
525.570	100.039	30.198	58.509
525.409	99.528	29.790	58.479
525.562	99.434	29.389	57.776
525.181	98.983	29.308	57.875
524.568	98.123	29.337	57.783
524.259	98.052	29.341	57.678
523.990	97.672	29.366	57.155
523.820	97.341	29.198	56.957
523.351	96.758	28.818	56.856
523.152	96.267	28.755	56.842
523.002	96.090	28.579	56.277
522.529	95.814	28.833	56.203
522.281	94.950	28.503	56.263
522.222	94.503	28.075	55.916
521.606	94.151	28.409	55.607
521.599	93.935	28.137	56.012
521.511	93.838	27.787	55.463
521.552	93.487	27.410	55.382
521.346	92.828	27.049	55.760
521.246	92.360	27.077	55.515
520.913	92.193	26.985	54.961
520.667	91.412	27.160	55.214
520.788	91.628	26.779	54.858
520.277	90.976	26.810	54.626
520.383	90.951	26.505	54.312
519.977	90.260	26.487	54.563
519.616	90.139	26.785	53.775
519.492	90.416	26.655	53.860
518.961	90.233	26.051	53.382
518.581	89.565	26.373	53.755
517.514	88.761	26.282	53.245
516.440	88.774	25.937	52.857
515.991	88.442	26.615	52.866
515.339	88.198	25.659	52.222
514.528	87.306	25.770	52.717
513.862	87.362	25.659	52.109
513.481	87.100	25.610	52.434
512.450	86.487	25.318	51.956
511.529	86.393	25.896	51.296
510.529	85.918	25.578	51.723
509.810	85.375	25.645	51.742
508.496	85.122	25.383	51.237
507.550	83.369	25.016	52.074
506.360	83.589	25.568	51.552
505.518	83.177	25.557	51.253
504.738	83.291	25.613	50.876
504.200	83.150	25.204	50.872
503.668	83.323	25.279	50.017
503.435	83.084	24.709	49.657
502.758	82.700	24.718	49.860
501.699	82.813	24.997	48.946
501.194	83.402	25.118	48.081
500.989	83.656	24.955	47.799
500.515	83.000	24.451	47.694
500.100	83.538	24.434	47.376
499.511	82.712	24.372	47.383
498.598	82.595	24.089	47.315
497.923	83.194	24.124	45.853
497.059	82.884	24.092	45.633
496.514	82.142	23.740	45.598
495.145	81.419	23.749	45.425
493.950	80.813	23.633	45.334
493.215	80.783	23.380	44.467
492.371	80.544	23.523	44.309
491.501	80.652	23.683	43.508
490.964	79.761	23.612	44.390
490.082	79.606	23.519	43.817
490.064	77.935	22.771	45.054
489.267	78.187	22.670	44.431
488.390	77.808	23.024	44.816
487.458	76.967	23.006	45.363
486.563	76.073	22.678	45.420
485.983	75.786	22.658	45.441
485.096	75.661	22.784	45.082
483.967	75.014	22.624	45.379
482.500	75.460	22.701	44.012
481.443	74.569	22.643	44.392
480.235	74.737	22.780	43.742
479.375	75.045	22.684	43.149
478.757	73.928	22.758	43.722
477.783	73.737	22.736	43.511
476.650	73.838	23.016	42.852
475.687	73.294	22.840	43.278
474.181	72.552	22.650	43.439
473.597	71.928	22.729	43.166
472.418	72.133	22.818	42.838
471.659	72.264	23.061	42.391
471.007	72.641	22.531	41.869
470.008	72.068	22.698	41.985
468.970	71.754	23.204	42.016
468.126	71.411	22.916	41.881
467.502	71.000	22.649	42.285
466.439	70.914	23.010	42.232
466.227	70.852	22.288	41.685
465.343	70.590	22.364	41.618
465.141	70.461	22.005	41.611
464.768	69.455	21.520	42.424
463.820	69.461	22.399	42.418
463.270	68.922	22.263	42.227
462.914	69.385	22.392	41.583
462.087	68.632	22.500	41.608
461.981	68.762	22.213	41.213
461.794	68.999	21.903	40.317
461.235	67.874	21.498	41.466
460.206	68.621	22.038	39.980
460.222	68.029	21.629	40.461
459.966	68.127	21.458	40.138
459.525	67.328	21.154	40.354
458.799	66.654	21.146	40.591
458.005	67.079	21.468	39.808
457.157	66.790	21.890	39.761
456.354	66.100	21.762	39.936
455.863	66.323	21.241	39.210
455.226	65.731	21.493	39.578
454.903	64.995	21.449	39.936
453.789	64.370	21.520	40.780
453.091	63.973	21.366	40.423
452.499	61.737	21.268	42.094
451.794	61.745	21.065	41.744
451.477	61.111	21.103	42.442
451.202	61.730	20.694	41.975
450.583	60.702	20.863	42.316
449.918	59.589	21.176	41.993
449.382	59.816	20.751	41.654
448.735	59.661	20.644	41.652
447.814	59.474	20.743	41.530
446.840	59.344	20.759	41.450
446.338	59.489	20.747	40.645
445.312	59.455	20.779	40.488
444.504	58.525	21.111	40.907
443.953	58.693	20.524	40.175
442.951	59.709	20.903	38.783
442.123	60.268	20.634	37.960
441.259	59.409	20.688	38.409
440.876	59.330	20.920	38.581
440.666	59.238	20.180	38.079
439.992	59.470	20.163	37.741
439.290	58.861	19.337	37.965
439.157	58.498	18.855	38.257
438.148	57.412	19.523	38.671
437.125	58.969	19.887	36.813
436.927	57.943	19.535	37.828
436.557	57.313	19.870	38.396
435.461	56.548	19.712	38.716
434.448	56.315	20.084	38.414
433.784	56.921	19.389	37.343
433.100	55.977	19.879	38.306
432.093	54.894	19.657	38.914
431.183	55.518	20.120	38.385
430.503	55.498	20.516	37.985
429.942	54.928	20.321	37.967
429.573	54.689	20.510	38.200
428.803	54.676	20.725	37.806
427.980	54.181	20.324	38.154
427.402	53.991	20.448	37.509
426.954	54.400	20.155	37.234
426.797	53.938	20.103	37.543
426.654	53.435	19.723	38.099
425.919	53.639	20.093	37.643
425.774	53.470	19.679	37.547
