524.000	66.000	16.000	36.000
523.267	66.359	16.386	34.614
522.821	66.382	16.701	34.598
522.081	66.126	17.037	34.254
521.047	66.126	17.166	34.783
519.863	66.179	17.403	34.706
518.898	66.803	17.063	34.250
518.138	66.860	16.867	33.768
516.985	66.506	16.814	34.221
515.646	65.590	16.031	35.499
513.743	64.738	16.035	36.008
512.905	65.269	16.654	35.656
511.061	65.272	17.204	35.858
510.578	65.539	17.054	35.562
510.202	65.924	17.114	35.390
509.781	64.828	16.981	35.912
509.421	64.911	16.380	35.121
508.616	65.163	16.148	34.487
507.559	64.810	16.205	36.366
506.422	64.854	16.095	36.435
505.013	65.400	15.990	34.817
503.905	65.198	16.471	34.426
502.980	65.110	17.397	35.419
502.307	64.904	16.980	34.700
501.869	64.506	17.094	36.077
501.858	65.900	16.156	33.521
500.987	65.095	17.207	35.405
501.089	65.292	15.903	35.423
500.467	64.645	15.904	36.688
498.405	64.267	17.350	34.959
498.509	64.872	16.449	34.471
498.274	65.193	16.345	34.414
498.672	65.330	16.299	34.164
498.243	65.523	15.662	35.108
497.773	64.837	16.465	36.408
497.480	63.994	15.957	38.120
497.113	64.315	16.112	36.484
496.904	63.204	17.090	37.006
496.536	64.321	16.192	33.992
495.374	63.833	17.762	34.989
495.844	64.555	16.803	35.578
495.259	64.322	16.777	35.564
493.910	64.653	17.929	36.670
493.838	64.117	17.876	36.447
492.975	64.723	17.211	35.424
493.126	64.004	16.548	34.933
492.918	63.043	17.013	36.573
492.216	64.118	17.158	36.410
492.139	63.958	16.042	35.200
491.468	64.151	16.707	34.150
490.539	64.826	17.088	33.473
490.742	64.479	17.224	35.267
491.385	64.617	16.433	36.828
491.119	63.929	16.119	37.139
490.731	62.808	16.488	36.837
490.319	63.391	16.869	36.562
490.606	62.861	15.869	35.639
490.458	63.525	15.336	33.579
489.875	63.266	15.907	34.894
489.563	63.586	16.362	35.109
489.019	63.796	16.446	35.296
488.388	64.068	17.052	35.363
487.330	63.108	16.864	36.212
487.388	62.694	16.354	35.757
486.897	62.259	16.664	37.381
485.484	62.933	17.319	37.595
486.339	62.799	16.631	35.528
485.584	62.475	16.633	34.551
485.633	63.012	16.814	34.320
486.171	62.741	15.582	36.249
484.912	61.847	16.329	38.214
485.856	62.434	16.253	35.910
484.976	62.070	16.563	35.541
485.285	61.521	16.533	37.589
484.547	61.546	16.861	35.830
485.160	60.724	15.933	36.624
484.660	61.947	15.852	35.166
484.183	61.851	15.784	36.273
483.927	62.069	16.036	36.198
483.618	61.321	16.370	35.283
483.206	61.721	16.054	36.016
482.528	60.043	16.190	38.272
482.085	60.306	16.317	38.369
481.394	60.616	16.581	36.102
480.792	58.783	16.702	36.568
480.557	62.660	17.419	34.152
479.603	60.681	17.281	34.966
480.448	62.042	16.656	35.633
479.070	61.158	17.775	35.655
478.804	61.650	18.728	36.372
477.340	61.582	19.027	36.314
478.298	61.297	18.362	34.951
478.415	61.168	17.392	34.802
477.418	60.826	17.867	36.015
477.924	60.884	17.274	36.639
478.095	61.826	16.957	35.579
477.835	61.690	17.105	35.852
476.970	60.512	17.209	36.557
476.017	60.151	16.215	35.673
475.165	60.241	16.469	36.889
474.967	58.848	16.002	36.764
475.099	60.080	16.339	35.835
474.934	58.956	16.008	36.999
474.392	59.081	16.390	35.656
473.845	58.650	16.325	36.743
474.218	59.136	15.878	37.385
473.870	58.637	15.726	36.873
474.099	59.935	15.605	36.386
473.338	58.159	15.996	36.860
473.438	57.809	15.363	36.813
473.571	58.175	14.874	36.145
473.002	58.084	15.788	36.217
473.510	58.359	15.375	36.287
473.620	58.721	14.901	35.908
473.064	58.188	15.405	35.482
473.536	58.084	14.675	34.944
473.448	57.647	14.747	35.469
473.588	57.336	15.050	36.360
473.787	57.540	14.772	36.942
473.356	57.599	15.183	36.123
473.742	57.309	14.799	35.385
473.382	57.307	15.295	35.053
472.875	57.683	15.227	35.805
472.495	57.524	15.195	36.117
471.781	57.981	16.149	35.364
471.772	57.835	15.161	35.194
471.988	57.434	14.797	35.113
471.418	56.158	14.710	36.588
471.522	56.093	15.237	37.428
470.880	55.485	15.167	37.247
471.732	57.510	14.267	36.605
471.091	56.678	14.328	36.787
471.050	56.756	14.333	34.880
470.832	56.307	14.439	36.276
471.139	57.182	14.883	36.383
470.531	57.540	15.068	34.586
470.555	56.967	15.177	35.525
470.567	56.373	14.698	35.366
470.407	56.627	15.231	34.309
470.061	56.754	14.919	34.381
469.941	56.595	14.917	34.836
469.627	57.581	14.678	33.791
469.316	56.125	14.969	35.099
468.780	56.932	14.824	34.271
468.694	55.861	14.682	35.447
468.237	56.241	15.400	35.898
468.259	55.976	15.302	36.405
467.437	56.245	15.621	36.453
467.285	55.617	15.789	35.614
467.773	56.254	14.917	35.362
467.797	56.241	14.879	36.234
467.881	56.027	15.012	36.002
467.856	56.699	15.300	35.855
468.066	55.216	14.515	35.617
467.589	54.951	14.925	36.177
467.918	54.689	14.758	36.399
468.229	54.395	13.701	35.041
467.167	56.014	15.299	35.118
466.382	56.225	15.626	35.521
466.029	55.590	14.918	35.461
465.651	55.039	14.864	33.908
465.194	54.216	14.947	35.116
464.049	54.368	14.123	35.669
464.426	54.532	13.915	36.568
464.400	55.430	13.955	36.017
464.444	54.394	13.146	36.428
464.114	53.125	13.449	36.107
463.547	53.371	13.763	35.756
463.129	53.663	13.987	33.514
462.837	54.726	14.604	33.585
462.868	55.884	14.629	33.603
462.532	54.945	14.317	34.828
462.232	55.458	14.829	34.635
462.016	54.372	14.221	34.120
461.458	54.695	14.146	34.584
461.278	54.598	14.540	34.829
461.129	54.802	14.784	34.714
461.073	54.452	14.426	35.627
461.101	54.434	13.738	35.078
460.957	53.893	14.327	35.331
460.514	53.094	14.449	35.807
461.298	54.566	14.184	34.229
460.791	54.228	14.463	35.062
461.374	54.786	14.434	33.988
461.175	53.050	13.875	34.903
461.147	53.024	13.976	34.591
461.002	52.624	14.157	32.925
461.266	54.123	14.290	32.954
461.009	54.446	14.241	33.264
460.353	54.383	15.051	34.297
459.857	53.110	15.260	34.284
459.975	52.387	14.793	34.985
460.944	51.705	13.864	35.406
461.137	52.032	14.149	35.539
460.650	52.786	14.727	35.950
461.295	53.586	14.963	34.302
461.113	53.882	15.135	33.864
460.515	52.167	16.058	34.008
461.699	52.205	15.256	35.426
462.581	51.805	14.677	33.667
462.032	52.379	15.162	32.685
462.868	52.956	14.829	33.639
462.355	52.200	14.644	34.127
462.551	52.437	14.187	32.414
462.189	51.957	14.902	34.272
462.137	51.760	14.558	35.093
462.097	52.581	15.114	34.202
461.823	52.254	15.108	34.575
462.057	51.323	15.137	35.036
462.560	51.146	14.504	35.228
462.150	51.818	15.228	33.911
462.430	51.785	14.894	34.392
462.861	52.719	15.479	34.186
463.025	51.804	14.317	34.000
462.523	50.706	14.904	34.854
463.079	50.802	14.729	32.523
463.150	50.935	14.482	32.005
463.142	52.693	14.833	32.309
462.916	52.697	14.858	32.466
462.505	52.215	15.109	33.880
462.656	51.975	14.977	33.864
462.782	51.308	14.907	33.395
462.074	51.652	15.301	34.583
463.253	51.579	14.574	34.299
463.065	51.787	14.757	34.214
463.024	52.454	14.635	32.584
462.642	51.461	15.149	33.117
463.078	51.667	14.632	34.184
463.286	51.823	14.477	33.253
462.601	52.311	15.481	33.848
463.497	52.254	14.884	33.515
463.443	51.534	14.751	33.581
463.294	50.546	15.154	33.817
463.060	51.577	14.974	32.552
463.548	53.431	14.792	31.257
464.075	52.574	13.814	33.219
463.358	52.293	14.406	32.186
463.289	51.231	14.056	32.870
462.741	51.147	14.458	32.029
462.687	51.995	14.796	32.872
463.020	51.641	14.623	33.163
463.137	51.896	14.561	33.364
462.936	51.664	14.473	33.029
462.686	51.061	14.692	33.175
462.758	51.138	14.678	32.369
462.803	50.996	14.761	32.838
462.798	51.579	14.974	32.447
462.864	51.520	15.071	33.799
462.950	50.792	15.056	33.046
463.309	50.024	14.581	33.274
463.012	50.030	14.951	32.256
462.776	50.177	15.087	32.929
463.199	49.940	14.874	32.631
463.166	51.834	15.230	32.960
463.143	51.244	14.729	32.968
462.794	49.437	14.237	32.784
462.323	49.893	14.734	32.482
462.287	50.252	14.469	32.471
462.207	50.549	14.496	33.315
462.688	50.581	13.774	33.479
462.302	49.995	14.312	33.256
462.294	49.905	13.803	32.629
461.982	49.516	14.093	33.785
462.202	49.756	14.312	33.342
462.079	50.282	14.675	33.618
461.894	49.239	15.124	33.299
462.003	48.755	14.635	32.753
461.785	49.282	14.568	32.649
461.975	48.905	14.275	33.019
461.776	48.996	14.338	33.952
461.653	49.331	14.853	33.324
461.523	49.459	14.939	33.460
461.051	49.447	14.635	32.960
460.105	48.720	15.611	33.153
459.996	49.840	15.252	32.432
459.430	48.594	15.357	33.542
459.624	49.397	15.368	33.254
459.640	49.285	14.974	33.508
459.211	48.455	15.037	33.860
458.857	48.770	15.373	32.921
458.650	48.400	15.647	32.252
458.843	48.319	15.416	33.741
458.798	48.458	15.469	33.558
459.097	48.893	15.265	33.688
458.711	47.865	15.881	34.301
458.203	46.393	15.822	33.739
458.203	47.751	16.450	31.558
458.153	46.494	15.920	34.291
458.307	47.950	15.589	34.112
457.842	46.200	16.177	34.492
458.100	44.673	15.407	36.157
457.854	45.212	15.535	36.205
457.268	45.048	15.575	35.871
457.016	43.807	16.243	36.397
456.771	45.398	15.875	36.272
456.553	43.638	15.927	36.925
456.559	45.334	15.796	36.662
455.954	45.292	16.448	34.802
456.495	45.029	15.585	36.310
456.438	45.732	15.583	35.535
456.424	44.956	15.732	35.001
456.229	45.764	15.184	34.995
455.563	44.745	15.861	34.171
455.660	45.411	15.669	34.044
455.280	45.225	15.320	34.159
454.738	45.552	15.278	34.895
454.136	45.144	15.148	35.197
453.980	46.148	15.521	34.177
453.323	45.688	15.710	34.653
452.534	45.171	15.921	34.876
451.941	45.731	16.425	34.892
451.081	45.210	16.356	35.089
451.097	45.414	15.286	35.592
451.082	45.506	15.387	34.936
450.589	44.953	15.033	34.411
449.455	45.069	15.543	34.387
449.246	45.780	15.524	32.914
449.141	45.954	15.699	33.460
448.114	45.831	16.099	32.694
448.229	45.530	15.667	34.382
448.034	45.937	15.107	33.286
447.703	46.151	15.575	32.970
447.327	45.580	14.979	32.448
446.949	45.797	15.528	33.845
446.050	45.443	16.179	33.834
445.019	44.188	15.979	34.807
444.294	44.328	16.138	35.209
443.971	45.338	16.109	35.013
443.108	44.272	15.958	35.235
442.709	44.621	15.550	34.675
442.203	45.016	15.804	34.928
441.233	45.227	15.322	33.962
440.832	44.590	15.838	34.455
439.798	45.495	15.951	32.280
439.449	46.108	16.793	31.543
438.567	43.677	16.274	35.333
438.781	44.096	15.721	35.054
434.704	45.296	16.666	32.634
434.525	43.992	16.188	34.270
434.537	46.426	16.493	33.419
433.021	46.780	16.090	32.809
432.457	45.775	16.477	34.203
431.828	45.486	15.779	33.981
431.303	46.129	15.484	32.055
431.283	45.730	15.322	32.254
429.444	44.645	15.174	29.880
428.795	45.994	15.138	29.475
428.001	46.180	13.933	30.671
426.196	46.612	15.247	29.488
425.526	45.376	15.365	30.890
425.718	45.508	14.832	31.763
424.987	45.532	15.424	30.945
425.281	46.575	14.821	30.502
424.999	46.474	14.502	29.842
424.769	46.427	14.529	30.777
424.320	45.821	14.759	30.191
423.999	46.037	14.520	29.506
423.232	45.985	15.234	30.219
424.162	46.668	14.465	30.447
424.042	46.149	14.155	30.697
423.032	45.961	15.431	29.983
422.980	45.851	15.379	30.396
422.597	45.322	15.586	30.812
421.923	46.052	15.767	30.679
422.436	45.366	15.102	29.645
421.207	45.999	15.220	30.290
421.495	45.515	15.244	30.761
420.359	46.834	15.824	30.062
420.306	46.589	15.402	30.815
420.116	45.670	15.367	31.421
420.207	46.456	15.240	30.562
418.865	44.704	15.905	32.261
419.745	44.484	15.089	33.683
419.281	44.818	15.185	32.851
418.581	45.027	15.378	31.637
419.191	45.847	15.240	30.457
419.355	45.694	14.281	29.908
419.130	45.663	14.404	30.541
418.576	44.459	15.344	31.764
418.820	45.640	15.242	30.356
418.929	44.651	14.883	30.486
418.642	44.525	15.279	30.836
418.006	44.291	15.373	30.810
417.999	44.102	14.940	30.984
417.097	44.692	15.664	30.891
417.033	46.075	14.988	29.747
416.806	45.959	14.921	30.378
416.724	45.407	14.812	29.877
416.530	45.783	15.022	30.815
416.623	44.589	15.004	31.886
417.114	45.192	14.297	32.017
416.852	45.195	14.962	31.546
416.930	45.552	14.534	31.098
416.462	45.366	15.001	30.721
416.588	45.582	14.352	31.161
416.346	45.352	14.611	30.860
416.361	45.090	14.555	30.350
416.102	44.987	14.766	30.193
416.326	44.278	14.649	31.562
416.368	44.399	14.322	30.474
416.085	44.635	14.179	29.943
415.922	44.709	14.359	31.115
415.655	44.824	14.065	30.747
415.658	44.833	14.015	31.765
415.425	45.119	14.464	30.813
415.025	44.647	14.289	31.564
414.747	44.754	14.451	31.123
414.552	44.149	14.519	31.528
414.467	44.308	14.500	31.619
414.362	44.619	14.795	30.337
414.284	45.274	14.583	30.286
413.912	45.150	14.938	30.427
414.150	45.007	14.656	31.247
413.491	44.008	15.351	31.017
413.521	44.892	14.962	30.642
413.096	43.952	14.623	30.499
412.828	45.168	15.304	30.609
412.862	44.300	15.260	29.698
412.491	44.850	15.253	29.849
412.567	44.178	14.497	30.234
411.839	44.957	14.817	29.592
411.835	44.706	14.507	30.370
411.425	44.589	14.516	30.804
411.820	44.715	14.155	30.847
410.690	44.365	14.466	30.815
409.999	43.832	14.505	31.550
409.664	44.015	14.629	30.611
410.068	44.221	14.185	30.926
409.539	44.850	14.346	29.120
409.611	45.242	14.061	29.372
409.686	44.880	13.723	29.300
409.546	44.177	13.796	30.340
409.018	43.814	14.146	29.441
409.030	43.786	13.841	29.430
409.161	44.282	13.693	29.095
408.837	44.223	13.877	28.128
408.835	43.784	13.399	28.763
408.668	43.426	13.731	29.319
408.287	44.530	13.583	28.318
407.922	44.570	13.588	29.160
407.728	45.168	13.664	28.387
407.566	45.242	13.442	28.674
407.142	44.488	13.566	29.637
406.271	44.838	13.442	27.680
406.155	44.173	12.986	28.193
406.093	44.278	12.638	28.589
405.977	43.831	12.862	27.631
405.892	44.540	12.963	27.461
405.683	44.146	12.988	28.401
405.719	43.659	12.402	28.545
404.852	43.267	12.657	28.913
404.650	43.307	12.941	29.300
404.321	43.397	13.249	29.087
404.134	42.791	12.778	30.027
403.784	42.227	12.867	29.788
403.534	43.418	13.362	28.454
403.530	44.140	13.255	28.127
403.594	43.734	13.273	29.345
404.060	44.231	12.919	29.404
403.798	43.140	13.115	28.849
403.330	42.764	13.457	28.679
403.346	42.652	13.425	28.908
403.249	43.165	13.547	27.955
403.301	42.967	13.177	28.163
403.084	43.244	13.379	28.243
403.060	42.540	13.030	29.346
402.982	42.249	13.090	29.937
402.617	43.046	13.302	29.238
402.491	42.739	13.109	29.237
402.016	42.794	13.219	29.163
402.151	42.985	13.018	30.093
401.546	42.580	13.324	30.292
401.469	42.973	13.707	29.355
401.254	43.311	13.697	29.042
401.659	43.324	13.489	29.698
401.066	42.890	14.393	29.445
401.497	43.319	13.661	28.767
401.245	42.165	13.762	29.083
401.249	43.136	13.714	28.290
401.479	41.964	13.704	28.913
401.513	42.821	13.585	27.916
401.361	42.307	13.637	28.356
400.993	42.599	13.623	27.922
400.839	42.462	13.576	28.457
401.123	42.637	13.680	29.108
400.694	42.858	13.746	29.178
400.799	42.920	13.395	29.015
400.330	42.426	13.807	28.719
399.968	41.936	14.011	30.032
399.870	41.962	13.917	30.172
399.720	42.565	14.231	28.886
399.539	42.985	14.176	28.792
399.287	41.868	13.923	30.356
399.545	41.833	13.456	30.621
399.514	41.564	13.553	30.385
399.330	41.330	13.818	29.837
399.022	41.780	13.568	30.206
399.259	41.512	13.662	29.964
