440.000	55.000	16.000	44.000
439.687	55.360	17.754	44.700
440.146	55.864	17.876	44.141
441.010	56.379	17.969	43.626
441.713	56.635	17.713	43.340
442.216	56.896	17.972	43.462
443.001	57.617	17.767	43.660
443.344	57.459	18.202	45.340
444.487	57.477	18.141	45.759
445.150	57.804	18.388	45.834
445.326	58.416	18.667	46.386
446.278	58.680	18.909	46.700
447.059	59.148	18.759	46.186
448.037	59.571	18.498	46.255
448.557	59.401	18.580	46.809
449.125	59.929	18.311	46.279
449.857	60.057	18.736	46.769
450.192	59.855	18.683	46.669
450.635	60.637	18.994	44.657
451.065	61.127	18.883	44.851
451.408	61.619	19.062	43.784
451.828	61.618	19.129	45.400
452.200	61.904	19.008	45.662
451.806	62.395	19.595	45.612
452.291	62.470	19.815	46.103
452.129	62.878	20.353	46.047
452.662	63.417	20.071	44.904
452.886	63.601	19.994	44.720
452.850	63.556	20.470	45.383
453.430	64.692	19.886	44.345
453.864	64.577	19.356	45.270
453.888	64.724	19.483	47.070
454.189	65.075	19.544	49.284
454.478	65.783	19.377	48.892
454.342	65.638	19.553	49.074
453.545	66.310	20.236	47.862
453.727	66.243	20.237	48.838
453.304	65.412	20.247	48.841
452.698	66.571	20.704	50.743
452.473	66.268	21.525	52.394
452.386	67.058	21.424	52.785
452.486	66.679	22.438	52.955
452.907	67.650	22.182	52.999
452.382	68.226	21.591	51.423
452.519	69.418	22.245	49.824
452.912	69.517	21.663	50.574
453.221	69.859	21.572	50.926
453.067	70.494	20.400	51.220
453.107	71.075	19.249	48.981
453.238	70.862	19.854	51.477
452.485	71.634	19.068	51.493
452.477	71.635	19.741	51.129
452.292	72.511	19.900	50.266
452.077	73.161	20.037	49.637
451.952	73.410	19.890	51.055
451.730	73.370	20.591	52.807
451.563	74.149	21.452	53.815
451.282	74.364	21.309	54.643
450.925	74.886	20.911	53.357
450.806	74.993	20.923	52.785
450.541	75.822	21.957	52.643
450.334	76.060	21.567	53.057
449.964	75.969	22.436	54.085
449.958	76.806	21.502	54.073
449.009	77.123	22.798	55.217
448.568	77.575	22.315	55.492
448.144	77.998	22.754	55.185
447.641	78.575	22.270	56.116
447.217	79.019	22.637	56.307
446.707	79.325	23.044	55.808
445.950	80.296	23.164	55.818
445.594	80.248	22.900	56.237
444.873	80.419	23.245	56.707
444.474	81.305	23.113	57.364
443.714	81.364	23.422	57.783
443.112	81.922	23.670	58.309
442.475	82.326	23.935	56.699
441.991	82.683	23.792	57.774
442.259	83.913	22.931	57.838
441.475	83.707	23.368	59.602
441.511	84.466	22.901	57.816
439.726	84.254	24.084	58.860
439.787	85.082	23.451	59.093
439.144	85.200	23.203	59.687
438.539	86.082	23.079	59.135
438.062	86.797	23.183	59.080
437.327	87.067	23.772	58.613
436.960	87.782	23.419	58.342
436.976	88.168	23.325	58.176
436.234	89.260	23.376	58.259
436.080	89.424	23.294	58.686
435.931	90.247	23.385	57.107
435.414	90.427	23.706	57.887
434.681	91.130	24.183	56.803
435.018	91.570	23.748	58.722
434.418	91.730	24.448	59.769
434.094	92.408	24.412	60.003
434.155	92.762	24.237	60.585
433.951	93.031	24.665	61.127
433.748	92.636	24.626	61.693
433.686	93.610	24.368	61.037
433.654	92.019	24.661	62.929
433.615	95.008	25.177	61.824
433.511	94.065	25.100	63.768
433.606	95.332	25.012	63.881
433.732	95.085	24.768	64.655
433.543	96.017	25.075	64.084
433.416	96.391	25.269	64.497
433.657	96.996	25.473	63.929
433.749	97.282	25.064	65.019
433.307	98.838	26.197	63.710
433.720	99.472	26.099	63.434
433.588	100.190	26.341	64.235
433.704	101.057	26.331	61.273
433.624	102.326	26.784	60.761
433.983	102.410	26.664	60.021
433.889	103.802	26.694	60.911
434.298	104.307	26.712	60.763
434.621	104.841	26.434	61.675
434.722	105.278	26.700	62.921
435.694	106.306	25.818	61.677
435.428	106.910	26.144	62.204
435.603	108.538	26.515	59.205
435.315	108.663	26.854	60.134
435.249	110.230	27.303	58.530
436.088	111.381	27.089	58.567
435.597	112.535	27.318	56.411
435.693	112.606	27.238	57.474
435.774	113.103	27.323	59.391
435.594	113.531	27.644	67.308
435.066	114.383	28.768	66.380
435.583	114.929	28.107	67.107
434.755	115.470	28.592	66.786
434.068	116.371	28.914	71.815
433.806	116.733	29.193	73.138
433.482	117.591	29.365	73.740
433.211	117.242	29.389	75.195
432.873	118.540	29.092	74.887
432.270	118.961	29.901	75.126
432.116	119.766	29.960	76.184
432.276	120.585	29.815	76.445
432.050	122.095	29.962	75.516
431.507	122.415	30.746	76.843
431.130	123.319	30.879	76.022
430.946	123.746	31.074	75.971
431.058	124.232	30.685	78.198
430.465	125.420	31.454	77.175
430.451	126.301	31.384	76.840
430.091	126.984	31.026	77.604
429.534	127.491	31.424	77.424
429.331	129.023	30.960	78.244
428.957	129.535	30.887	79.141
428.141	129.863	31.225	80.045
427.417	130.758	31.293	80.015
427.066	131.219	31.331	81.004
425.808	131.716	32.109	81.538
425.775	132.848	32.074	81.218
424.992	134.147	31.953	81.482
424.100	134.479	32.199	82.803
423.031	136.662	32.316	82.194
422.521	137.388	32.764	82.084
422.096	136.987	32.116	84.089
420.756	138.658	32.541	84.228
419.578	138.752	33.101	84.874
418.100	139.889	33.509	85.816
416.889	141.140	34.017	86.188
415.975	142.106	33.858	86.475
414.079	143.496	33.910	85.795
412.976	144.214	33.990	85.731
410.703	145.750	34.493	86.929
409.060	146.378	34.662	87.590
407.502	146.937	34.586	88.590
405.700	147.822	35.864	89.242
404.099	149.755	35.253	89.428
402.483	151.083	36.341	89.654
401.046	152.221	35.189	90.381
399.283	152.743	35.983	91.298
397.169	154.156	35.800	91.760
395.410	155.305	36.388	91.795
394.061	155.830	36.172	92.707
391.893	157.524	36.172	92.567
390.159	158.606	36.890	93.210
388.180	159.582	37.724	93.532
385.941	160.650	36.811	94.202
383.723	161.991	37.834	94.847
382.310	161.971	38.531	96.032
379.722	164.078	38.706	95.961
377.717	165.270	39.643	96.495
376.238	165.770	40.077	97.229
374.188	167.738	39.321	97.176
372.608	168.855	39.688	97.441
370.185	171.151	39.544	98.098
368.451	171.362	39.796	99.268
367.448	172.925	38.583	98.783
365.293	173.041	38.377	101.093
363.087	175.126	38.921	100.673
361.348	175.732	39.457	100.904
359.336	177.724	39.097	101.268
356.797	179.492	40.057	102.067
353.338	181.200	40.341	102.431
350.036	182.029	41.606	103.247
347.215	183.934	41.771	104.611
344.923	185.225	42.272	105.408
343.324	186.172	41.776	106.047
341.524	186.591	41.522	107.801
337.583	188.476	41.795	108.709
335.624	190.929	41.360	107.854
332.339	193.039	40.491	109.072
328.641	194.309	42.658	109.751
321.997	197.101	47.007	110.120
319.669	197.948	48.136	110.896
315.194	198.680	46.013	113.160
312.930	200.510	44.526	112.894
309.272	202.249	45.851	112.460
304.658	204.872	44.789	112.726
300.776	207.344	46.231	112.123
297.061	209.201	47.408	111.716
291.920	209.984	47.187	114.139
287.747	213.086	48.060	112.891
281.460	213.506	49.134	115.782
277.913	214.657	49.716	116.977
273.687	216.634	50.596	116.344
267.321	220.436	50.802	116.282
263.003	219.422	51.294	118.907
256.191	221.595	51.481	120.931
251.885	221.649	51.219	122.959
247.214	225.406	53.177	121.019
241.166	224.911	52.623	124.098
236.199	227.829	53.729	124.006
227.902	231.737	55.579	123.900
223.624	233.293	55.231	123.969
216.454	236.978	55.669	125.562
210.769	237.646	56.612	125.704
201.281	240.650	58.675	128.211
196.595	241.819	57.940	129.937
188.112	243.688	58.639	131.560
183.462	245.687	60.160	131.049
179.004	247.683	60.677	132.406
170.155	251.404	61.267	134.625
165.130	251.992	60.963	135.290
159.527	253.996	61.700	136.271
152.288	256.659	60.809	139.678
148.101	259.770	59.461	139.142
143.075	261.651	59.967	139.249
131.208	267.459	61.993	139.824
127.991	267.442	61.609	141.889
116.405	272.247	62.494	142.670
111.389	273.384	64.427	143.802
107.401	276.369	62.537	143.018
94.881	279.665	65.635	146.928
87.159	281.483	69.053	145.236
81.521	283.126	70.360	146.515
69.912	287.274	72.600	148.472
62.437	288.045	75.031	150.213
58.101	290.811	72.551	150.632
42.578	294.874	76.759	154.103
35.878	298.655	76.638	151.077
23.327	302.390	77.518	148.610
13.698	304.444	81.609	146.556
3.483	304.907	85.778	145.861
0.000	309.418	77.714	140.645
