406.000	241.000	199.000	179.000
389.228	233.197	191.042	170.812
388.484	235.627	191.037	167.221
379.368	228.425	187.125	168.024
375.123	225.694	181.826	163.382
367.115	221.517	181.712	157.793
365.961	219.311	171.771	155.638
362.502	216.457	165.710	152.264
356.217	213.426	161.993	149.005
354.648	210.132	154.057	144.972
350.127	207.715	149.275	142.803
349.206	205.424	139.411	137.646
346.160	202.680	138.663	135.836
345.100	201.598	136.334	132.829
344.558	199.938	131.632	132.075
345.910	198.280	127.351	132.677
344.465	196.558	124.328	131.379
343.578	194.641	120.763	127.435
343.783	190.895	115.938	127.396
342.100	189.577	112.805	125.140
342.433	188.977	109.758	123.037
341.705	187.468	108.187	122.272
341.297	182.001	104.441	118.248
342.830	183.332	99.379	116.906
341.606	180.780	97.809	114.513
342.448	179.946	94.163	111.792
343.714	177.586	90.592	110.971
343.441	176.970	89.108	107.255
344.591	175.403	86.949	106.059
344.152	172.277	86.658	105.676
345.137	171.827	84.135	103.585
346.103	169.999	82.179	101.844
346.793	169.255	81.091	100.817
347.234	168.536	80.601	100.991
347.792	167.761	79.360	99.358
348.843	165.650	78.879	98.528
349.583	165.030	77.538	97.008
349.489	164.482	77.827	96.074
353.080	159.994	76.615	93.112
352.796	161.467	78.587	92.840
353.822	159.953	78.045	91.080
355.485	159.052	79.079	89.917
356.840	157.905	77.537	88.772
357.824	156.586	76.982	87.737
360.587	154.314	76.025	86.831
365.716	151.419	74.850	83.005
365.269	151.856	75.425	83.065
370.214	148.935	75.250	79.740
372.501	149.128	74.582	78.846
374.216	147.828	74.211	79.479
375.312	147.349	74.253	82.034
376.480	147.530	73.652	76.044
379.335	147.241	73.276	72.715
381.276	146.456	74.143	70.442
384.303	145.867	74.403	67.123
388.813	145.034	73.248	62.852
391.030	144.021	74.170	61.811
393.892	143.352	73.806	62.233
395.381	143.108	73.667	60.502
396.332	142.688	74.151	60.410
398.024	142.749	74.293	60.734
404.820	140.426	76.945	60.389
410.955	139.488	72.732	61.795
419.022	137.453	73.523	59.768
419.560	137.351	71.945	59.432
422.187	136.908	70.839	59.519
424.271	136.654	71.703	59.013
431.097	134.912	75.428	58.602
434.894	134.126	74.862	57.766
437.821	133.919	70.331	59.402
441.534	133.291	70.019	60.341
444.662	132.652	70.427	59.597
448.661	132.144	69.209	58.454
451.561	131.641	68.920	58.247
456.850	131.464	67.352	57.203
459.994	130.770	66.908	57.423
469.998	129.876	66.919	55.572
476.380	128.288	64.096	55.431
483.688	127.012	64.087	54.433
500.402	125.879	60.575	51.782
502.434	125.071	58.885	52.714
510.733	125.221	56.626	49.360
510.488	125.708	56.091	50.543
518.575	124.909	54.794	48.210
519.917	123.173	53.736	50.068
525.913	125.144	48.774	45.280
533.038	123.854	48.261	46.043
536.256	123.908	46.629	45.667
538.674	123.849	49.055	44.512
