338.000	84.000	44.000	31.000
335.113	84.748	44.857	30.557
332.567	85.351	45.117	30.230
329.151	85.839	45.281	30.675
326.564	86.327	44.615	30.856
324.039	86.603	45.156	30.995
320.818	86.904	46.196	31.471
319.007	87.433	46.120	31.399
316.277	88.131	45.564	31.540
313.571	88.469	45.643	32.031
311.211	88.148	45.894	32.893
308.284	88.927	46.100	32.899
305.066	89.373	47.032	33.434
301.971	89.814	46.880	33.782
298.363	90.590	47.530	33.798
295.050	90.947	47.829	34.105
292.216	91.198	47.728	34.770
289.441	91.711	48.659	34.645
285.449	92.587	50.115	34.464
277.619	93.994	48.863	36.114
272.488	94.801	49.368	36.639
267.405	96.366	49.773	36.479
263.281	96.686	51.928	36.727
260.793	97.480	51.149	37.043
257.214	97.991	51.913	37.426
254.082	98.749	52.641	37.235
249.528	99.551	54.324	37.502
248.361	99.854	53.673	37.757
243.965	100.889	54.968	37.774
241.499	101.206	54.448	38.412
238.785	101.770	54.711	38.411
233.835	102.263	56.717	39.267
232.862	103.055	55.540	38.844
227.554	104.012	57.830	38.994
226.143	104.891	55.643	39.042
222.433	105.817	57.272	38.566
218.549	106.496	57.884	39.291
216.450	107.520	56.646	39.190
212.616	107.817	58.542	39.880
208.991	108.728	58.684	39.613
205.815	109.230	59.766	39.935
201.184	110.077	59.377	40.623
197.493	111.342	58.181	41.014
192.797	111.617	60.010	41.241
186.327	113.103	62.765	40.784
183.585	113.697	61.580	41.612
180.947	114.451	61.867	41.621
178.216	115.392	62.520	41.213
175.855	116.101	61.695	41.670
173.585	116.679	61.061	42.476
169.514	117.829	61.267	42.085
166.744	118.373	61.594	42.758
163.693	118.826	60.964	43.646
161.375	119.807	60.386	43.658
158.176	120.980	60.015	44.116
154.376	122.279	61.081	43.803
151.700	122.485	61.880	44.597
148.408	123.213	61.726	45.512
147.247	123.730	59.911	46.088
144.486	124.950	60.745	46.114
140.026	125.627	62.163	46.870
134.486	127.674	60.265	48.140
130.834	128.074	60.453	50.229
122.008	131.631	62.638	50.216
122.263	132.310	59.898	51.322
115.247	134.100	64.244	50.899
114.271	134.853	63.184	51.514
112.417	135.439	64.327	51.842
110.709	136.448	63.944	52.323
110.619	137.059	63.152	52.540
109.371	137.937	62.674	53.326
106.983	138.327	64.070	53.560
105.644	139.199	64.334	53.453
104.189	140.787	64.383	53.747
103.274	141.821	64.493	53.653
102.822	143.083	63.742	53.834
101.906	143.695	64.068	55.258
100.677	145.571	64.695	54.676
100.302	146.734	64.155	54.008
99.299	146.600	64.896	56.951
98.553	147.768	65.016	56.826
97.923	148.728	64.930	56.660
96.424	149.768	66.560	57.854
95.633	151.278	66.786	56.983
94.361	152.142	67.939	57.875
93.407	153.343	69.478	57.339
94.354	154.087	68.260	57.767
93.268	155.402	69.803	58.948
92.421	155.754	71.093	59.795
93.006	157.474	70.718	60.191
93.301	158.223	70.612	61.676
90.622	158.571	73.825	62.859
92.131	165.392	76.894	62.088
92.073	166.076	78.695	64.475
93.325	168.947	78.160	65.719
92.825	170.267	81.388	66.577
94.723	171.648	81.821	65.778
94.405	172.237	83.969	67.614
97.861	173.770	83.135	67.252
96.602	174.465	86.548	67.564
97.104	175.319	87.822	68.366
98.167	176.526	90.800	69.454
98.596	176.675	92.455	69.465
102.454	179.471	95.831	70.916
104.461	181.081	99.145	70.393
106.755	182.115	100.894	71.095
107.549	183.415	103.478	71.517
110.077	184.507	106.494	73.923
112.025	186.492	109.632	75.288
131.779	192.751	114.252	78.888
142.822	195.063	115.235	82.494
149.194	199.831	121.959	83.552
158.666	200.075	117.848	84.586
163.844	205.194	125.377	84.859
167.955	207.273	129.363	87.050
172.123	208.174	131.206	88.615
177.957	211.331	134.057	89.629
181.509	213.983	141.250	89.671
192.727	216.515	138.583	91.557
200.976	217.312	135.637	92.854
207.996	220.844	140.135	93.059
213.197	223.075	145.021	95.272
221.260	225.461	143.142	95.573
231.919	228.770	144.504	96.514
234.570	231.004	154.322	99.220
243.514	233.443	151.620	99.189
252.437	236.982	157.129	100.879
256.471	238.748	158.856	101.895
267.673	242.188	162.885	103.882
273.116	244.668	171.833	107.368
289.274	251.460	199.832	121.945
298.004	255.437	183.909	127.096
344.258	269.980	204.043	127.436
372.690	278.968	199.201	126.058
389.120	284.243	195.989	125.457
407.344	290.580	196.955	128.947
412.872	292.115	205.268	133.465
433.021	298.893	196.868	134.369
439.892	302.541	190.108	134.047
459.518	310.077	170.482	136.816
473.869	317.940	156.131	136.098
493.583	325.234	136.417	133.817
506.870	329.228	123.130	130.460
531.416	336.182	97.551	123.323
544.757	339.334	84.754	119.814
565.522	354.287	62.510	105.713
577.366	358.904	51.228	101.096
