19.000	235.000	21.000	38.000
21.804	235.075	20.148	39.736
22.875	235.094	19.602	39.211
27.148	235.151	18.846	39.793
30.090	235.462	18.788	40.594
35.925	236.053	19.513	41.514
38.950	236.894	20.232	42.605
45.266	238.227	19.769	43.624
47.714	238.322	18.515	43.090
50.154	237.961	18.315	44.813
51.556	239.275	19.548	44.954
56.167	239.130	18.881	46.588
59.292	240.566	17.455	43.372
64.428	244.640	17.638	39.242
66.439	245.344	18.402	36.157
69.307	246.096	18.953	34.622
73.002	245.434	19.910	37.502
74.674	246.404	19.382	36.910
76.850	243.771	19.539	37.788
81.771	244.573	18.447	40.844
84.336	245.935	19.683	42.205
86.422	245.941	18.781	41.533
90.697	245.363	17.763	43.041
91.591	246.633	18.870	41.972
94.356	246.630	18.697	42.390
99.200	247.952	19.166	39.837
101.336	249.416	18.883	39.216
102.741	250.536	18.694	38.043
104.940	250.141	19.767	38.735
106.424	250.558	19.686	37.687
108.594	251.402	18.813	38.604
113.320	251.476	18.961	39.671
115.094	252.022	19.321	40.267
117.862	253.806	18.368	41.461
122.237	254.577	18.070	40.656
125.222	254.985	19.347	39.877
126.444	253.080	20.688	42.933
129.692	253.803	22.437	43.234
132.247	254.910	22.432	43.179
137.439	258.381	21.811	42.193
140.404	259.237	19.794	40.358
142.986	258.900	19.424	40.375
145.469	257.720	20.976	41.522
147.623	258.363	21.270	44.344
149.847	258.115	21.936	43.475
153.041	260.032	23.540	43.408
158.744	260.596	21.212	42.429
163.412	260.632	19.124	41.936
168.235	260.162	18.434	43.379
168.388	258.864	18.368	43.687
170.558	258.785	18.769	43.771
174.719	259.919	20.856	43.539
176.449	262.078	22.401	45.246
180.170	262.774	21.051	45.722
184.706	262.785	20.303	40.415
187.899	260.808	19.475	43.915
190.128	261.609	21.601	42.356
193.386	261.995	20.435	42.397
196.646	264.731	20.628	41.634
198.551	264.155	19.408	42.489
201.621	260.844	25.526	49.431
224.403	253.932	24.916	52.409
223.884	252.876	24.512	55.017
223.508	253.067	29.135	52.455
227.181	252.472	25.798	56.182
231.611	250.916	23.569	53.252
227.062	253.138	26.283	55.322
231.094	256.564	25.333	60.471
231.152	253.633	25.728	60.016
232.917	251.079	25.678	50.760
233.061	259.374	24.414	53.367
237.272	259.539	26.859	54.431
251.490	261.108	24.682	46.853
247.202	257.928	27.134	53.492
248.494	257.222	25.748	57.309
247.044	256.864	28.669	52.552
246.412	259.517	28.001	59.676
245.423	257.645	31.476	56.785
246.603	253.858	30.176	57.758
266.827	261.216	27.899	53.867
280.930	273.743	26.166	44.710
284.584	273.696	23.693	44.111
286.815	274.065	23.990	43.829
291.510	273.398	23.606	46.605
296.078	271.615	26.228	52.940
296.873	272.337	23.827	58.011
301.907	272.898	23.706	55.555
310.744	262.148	22.489	53.923
309.757	267.220	21.605	49.795
311.691	274.564	24.145	45.289
315.823	260.851	20.419	51.437
317.958	276.664	23.193	43.897
319.341	275.875	23.464	44.537
323.447	263.440	26.389	56.331
365.337	289.647	26.765	60.862
369.183	286.186	26.500	53.791
375.493	284.676	23.860	54.390
381.328	287.073	20.704	52.365
384.822	289.914	19.517	50.327
340.498	287.536	18.951	48.466
344.245	288.479	21.529	47.675
346.499	285.082	23.339	50.411
345.757	286.841	24.262	50.247
350.503	288.773	24.368	42.861
356.698	293.746	20.734	45.305
358.825	294.037	21.716	43.334
362.663	290.532	19.620	47.602
364.877	292.361	25.083	52.241
364.797	282.779	26.527	55.318
371.427	289.512	24.642	61.789
370.059	291.160	27.734	61.447
370.204	289.975	29.555	63.432
372.602	289.777	31.770	59.325
372.103	291.854	29.438	60.024
390.910	290.013	27.138	55.806
398.941	292.665	22.820	48.752
402.267	294.659	22.396	46.766
404.138	295.001	22.275	48.730
408.390	292.747	22.479	52.909
410.997	291.325	23.183	56.465
414.806	292.811	22.411	53.859
419.094	294.987	22.284	52.128
424.605	294.607	20.579	55.606
427.753	297.615	24.680	52.700
430.926	292.092	26.218	56.669
434.522	294.281	23.679	49.204
438.872	297.213	24.543	51.397
441.983	298.830	25.402	54.784
448.088	299.618	24.877	55.532
451.155	299.280	24.068	55.177
454.841	297.194	22.803	59.103
461.198	298.221	24.313	60.404
465.984	302.028	23.945	56.782
469.998	303.623	22.075	54.363
472.836	299.398	23.612	59.829
475.148	301.371	28.283	59.876
