73.000	271.000	35.000	82.000
73.202	271.236	36.334	80.970
74.049	271.344	35.789	80.424
73.227	271.930	36.676	80.271
73.183	270.503	36.589	80.170
74.709	268.597	36.293	81.041
75.960	268.273	35.875	82.167
76.546	268.412	35.645	81.755
76.316	269.195	36.585	80.379
76.252	269.235	36.693	79.423
77.091	268.473	36.465	78.651
76.960	267.896	36.050	79.623
76.284	268.643	36.512	78.849
74.978	268.843	37.474	79.058
74.174	269.705	38.815	77.057
72.532	269.479	40.008	77.598
72.917	269.444	40.270	76.475
73.689	269.002	39.416	76.054
73.983	268.299	39.012	76.799
74.832	267.829	38.118	76.467
75.116	267.167	37.012	77.653
74.081	266.698	37.861	77.989
70.850	266.974	40.160	75.891
67.325	266.443	43.523	76.996
69.142	266.414	40.497	75.560
66.213	265.227	43.049	77.159
72.564	263.893	36.415	76.289
74.940	263.096	33.701	76.606
71.917	263.071	35.825	76.821
72.123	263.017	35.347	76.852
73.811	262.768	32.618	76.630
72.660	262.183	33.108	75.839
72.933	260.439	32.844	77.719
72.883	258.264	32.923	78.180
72.898	259.065	33.530	76.607
73.630	258.780	32.848	74.422
73.714	257.861	32.152	75.829
73.334	256.163	31.871	77.645
71.798	256.394	33.055	76.581
71.967	256.069	33.072	76.554
72.350	254.398	33.343	77.679
71.442	252.786	34.006	77.787
68.729	251.323	35.980	79.426
70.527	251.152	35.136	80.106
69.673	250.933	36.786	80.603
69.216	251.084	37.523	79.219
68.464	250.391	37.878	80.061
69.568	249.375	35.963	80.185
69.060	247.896	34.060	79.789
69.418	248.026	33.209	78.961
69.457	247.655	32.421	78.852
69.846	248.114	31.603	77.959
68.834	246.455	32.231	79.063
69.229	246.971	31.341	76.912
69.510	245.371	29.989	76.830
69.897	244.287	29.321	74.650
69.661	244.976	29.606	75.015
69.799	245.455	30.892	74.339
70.645	245.675	31.649	73.304
71.093	243.581	32.574	72.692
71.594	242.506	32.035	71.790
71.719	242.406	32.114	72.526
71.396	242.291	32.201	73.273
71.370	242.411	32.413	72.268
71.529	242.390	33.087	71.482
71.614	241.555	32.561	72.390
71.768	240.425	31.164	73.724
71.583	240.983	30.381	73.232
71.361	240.992	30.263	72.966
71.273	241.571	31.398	71.938
70.765	240.709	32.959	72.139
70.183	239.631	34.700	72.140
70.736	238.958	31.772	72.159
69.686	238.533	31.002	72.775
70.248	238.997	30.167	71.816
69.936	238.610	30.336	70.703
69.738	237.508	29.711	71.488
68.961	236.803	31.140	71.652
69.060	236.493	31.342	72.038
69.035	236.472	31.109	71.086
69.242	235.906	29.960	71.145
69.176	236.039	29.862	71.067
69.759	236.324	29.947	69.998
71.929	236.031	30.453	70.145
71.974	235.163	33.707	70.905
72.357	234.024	33.613	71.654
71.665	233.182	33.673	72.068
72.554	233.074	34.305	71.561
72.319	233.140	33.140	71.864
73.428	232.651	31.717	71.964
74.339	232.142	31.464	72.343
74.872	231.842	29.887	72.816
75.359	230.454	29.839	72.741
75.953	230.493	28.997	72.286
76.250	230.025	29.541	71.813
76.240	230.358	29.521	70.326
76.326	229.126	29.785	70.731
75.866	229.356	30.080	69.990
75.175	229.793	29.764	69.748
74.035	229.227	29.274	69.748
73.108	228.262	29.216	69.993
72.271	228.318	30.082	69.411
72.033	227.905	30.683	70.023
71.778	227.301	30.787	71.082
71.816	227.201	30.661	70.658
71.664	227.201	30.903	70.251
72.381	227.748	30.413	69.824
72.559	227.963	30.411	69.744
72.681	227.999	31.110	69.224
73.375	226.645	31.782	69.364
74.512	226.362	31.718	69.143
75.613	226.228	31.532	69.504
76.153	226.355	31.947	69.401
76.766	226.291	30.499	69.440
76.762	226.031	32.076	69.239
76.919	225.954	31.331	69.555
77.309	225.682	31.015	69.718
76.957	225.645	31.854	68.341
76.736	225.063	31.792	68.786
77.441	225.845	32.360	67.510
78.068	225.950	30.932	66.870
78.515	225.691	31.336	66.770
78.433	226.681	31.383	64.923
77.977	226.133	30.952	66.013
77.347	225.941	31.104	65.445
77.370	225.018	29.647	65.617
77.932	222.780	29.453	67.357
78.425	222.477	29.143	67.829
78.978	221.111	30.298	68.870
78.771	220.928	28.967	67.907
79.215	221.359	29.458	66.453
77.866	221.369	28.515	65.552
77.094	220.616	27.402	66.655
75.930	220.949	26.804	65.846
75.758	219.849	26.884	66.000
74.365	219.761	28.310	65.440
72.997	219.294	29.287	65.938
71.799	219.379	29.796	65.514
71.355	218.088	28.314	65.949
71.193	216.389	28.910	66.103
71.838	215.780	25.430	65.157
70.358	215.058	27.388	65.408
69.023	216.129	26.513	63.808
67.284	215.629	26.181	64.008
65.027	213.908	25.327	64.884
62.287	214.505	25.520	62.946
60.482	213.941	27.549	62.133
59.977	212.881	28.007	62.990
61.145	213.282	26.413	61.248
61.082	213.130	25.530	62.010
57.711	211.870	26.258	58.984
53.097	207.593	28.592	62.987
52.929	208.392	26.486	62.727
52.492	206.847	25.837	63.737
50.387	206.844	27.810	63.327
49.766	206.181	27.882	63.419
49.987	207.271	29.476	63.653
49.610	205.236	28.775	65.635
49.027	206.336	28.730	64.698
47.863	207.474	30.465	62.598
47.370	205.120	29.774	63.655
47.182	204.873	31.296	64.085
46.993	204.571	29.764	62.707
47.507	204.390	32.967	64.698
46.685	202.951	27.474	63.708
47.261	200.707	27.963	65.802
46.881	202.393	30.975	64.728
47.344	203.643	26.632	61.860
46.741	202.699	29.058	63.203
45.990	202.494	27.998	62.895
46.058	202.426	27.503	62.990
45.648	202.740	27.156	63.814
45.401	199.976	26.306	66.095
44.944	199.941	27.285	65.201
44.700	202.820	26.520	63.252
45.859	201.239	27.346	63.539
46.777	199.390	28.519	64.710
46.398	201.826	32.269	60.378
45.255	201.477	27.721	60.017
46.049	199.685	24.569	63.020
45.547	200.818	23.461	60.958
44.487	199.156	23.502	60.904
44.965	199.789	23.674	61.548
44.546	198.264	23.200	62.354
44.828	197.660	24.061	64.118
44.520	196.730	23.905	63.511
44.650	198.224	23.487	63.133
45.053	197.814	23.920	62.686
44.996	198.503	24.871	62.279
46.487	199.390	23.591	59.303
42.495	199.944	28.332	57.658
44.872	197.899	25.867	57.713
43.707	198.294	26.103	58.050
44.424	198.032	24.756	58.406
46.006	197.683	25.327	59.721
45.623	198.226	24.346	58.215
43.974	196.692	26.751	60.214
46.316	194.911	23.782	60.631
45.892	195.386	24.315	59.340
45.976	194.145	24.952	61.507
46.832	193.268	23.872	64.470
47.507	191.102	23.795	63.186
48.273	190.823	24.190	64.532
48.902	199.422	22.768	60.664
50.760	199.030	23.517	60.681
51.063	194.301	25.096	62.517
50.312	189.856	28.068	65.610
51.359	193.572	31.259	60.817
50.565	191.267	24.147	69.780
48.303	187.966	26.824	66.319
113.011	187.947	37.747	75.463
114.630	188.333	37.620	75.771
54.941	193.811	30.422	57.326
113.920	186.271	35.797	76.190
115.304	186.861	34.657	73.302
115.638	186.597	33.497	73.406
51.044	185.824	26.716	67.363
52.415	184.109	26.378	67.687
52.177	187.859	27.402	62.921
51.470	186.978	28.463	62.347
51.589	185.166	26.453	64.193
51.332	184.028	25.649	65.306
51.734	182.216	25.050	65.513
51.341	184.346	25.130	63.000
51.404	181.857	27.121	64.218
50.530	182.091	24.418	62.022
50.758	179.107	25.621	65.115
50.798	176.139	26.058	66.204
49.938	178.535	26.017	65.289
50.547	177.505	26.445	65.172
50.931	180.318	25.984	66.773
52.521	178.982	26.207	66.569
51.755	177.175	24.058	65.850
55.333	185.329	26.076	61.012
55.731	186.130	23.636	60.097
56.981	186.894	25.548	59.624
56.572	184.194	24.857	59.219
58.164	187.396	25.108	57.285
56.654	182.660	25.375	60.005
56.690	187.667	24.645	55.670
56.746	185.272	25.879	59.214
55.394	186.679	26.154	58.372
56.326	186.493	24.968	57.270
56.972	184.645	26.505	57.808
57.344	185.287	25.358	56.065
57.640	183.411	24.802	58.250
58.793	184.080	23.488	57.860
57.585	181.875	24.675	59.075
60.493	184.726	24.626	56.160
60.257	182.012	24.256	58.861
59.979	183.068	26.319	57.363
60.651	182.626	27.155	59.166
63.339	183.989	26.624	57.254
62.446	184.001	26.379	56.968
63.582	183.354	26.879	57.585
64.580	183.675	25.731	57.271
65.059	183.608	25.946	57.210
65.196	182.845	25.817	57.154
64.955	181.899	26.157	56.893
65.342	182.121	25.859	56.105
66.121	182.362	26.094	56.246
67.174	181.219	25.573	55.768
67.482	180.654	26.412	55.510
69.049	181.129	24.652	55.547
69.208	181.483	24.438	54.467
69.437	181.299	24.171	54.424
69.078	181.100	23.662	54.844
68.843	180.697	24.018	54.085
68.795	179.849	23.685	55.404
68.827	179.477	23.847	55.343
69.025	179.802	23.859	55.045
68.950	179.551	23.882	54.953
69.400	179.349	23.966	55.383
69.623	179.096	23.724	56.020
69.467	179.127	24.028	55.459
69.387	178.852	23.931	55.922
69.717	178.691	23.836	56.353
69.590	178.794	24.146	56.058
69.642	178.871	23.915	55.023
69.776	178.727	23.765	56.034
69.510	179.559	24.148	55.524
69.789	179.343	24.185	55.496
69.676	179.051	23.895	55.745
69.636	179.305	24.037	55.395
70.252	179.508	23.601	55.173
69.963	180.051	23.607	54.719
69.949	179.722	23.660	56.063
69.838	179.846	23.937	55.346
70.025	179.317	23.530	56.321
69.635	180.180	23.878	55.037
69.990	179.431	23.209	56.055
69.976	179.751	23.490	56.395
69.944	179.769	23.454	55.818
70.169	179.214	23.745	56.833
69.766	179.760	23.715	55.960
69.902	179.562	23.564	56.252
69.838	179.433	23.646	56.191
69.355	179.649	24.245	55.682
69.718	179.836	23.958	56.059
69.593	179.043	23.747	57.156
70.179	179.675	23.438	56.275
69.510	179.923	24.061	56.257
69.966	179.897	23.501	55.557
69.140	179.431	24.030	56.859
69.576	180.036	24.445	55.419
69.496	179.691	23.930	56.028
69.552	179.537	23.975	56.604
69.616	179.675	24.150	55.593
69.524	179.725	24.163	55.491
69.700	179.649	23.884	55.568
69.789	180.230	23.617	55.025
69.473	179.392	24.047	56.568
69.966	179.836	23.680	56.117
69.440	179.794	23.644	56.135
69.610	179.562	23.730	56.734
69.369	179.555	24.337	56.476
69.369	180.088	24.428	55.368
69.579	179.897	23.876	56.302
69.793	179.923	23.883	56.490
69.705	180.273	24.031	55.890
70.113	180.025	23.141	56.860
70.190	180.324	23.236	55.462
70.185	179.765	23.472	56.506
69.996	179.743	23.430	56.167
69.864	179.948	23.542	56.621
69.880	180.076	23.916	56.259
69.426	179.794	23.800	56.502
69.395	180.381	23.574	56.129
69.304	180.240	23.530	56.110
69.253	180.343	23.376	55.440
69.223	180.551	22.834	54.653
69.739	180.597	22.863	54.599
70.157	180.449	23.065	54.823
70.155	180.424	23.585	54.919
70.962	179.672	23.404	56.036
71.193	179.598	24.149	56.548
71.683	179.311	23.599	56.031
71.814	179.343	24.039	55.798
72.061	178.794	23.684	55.528
72.095	179.205	23.854	55.628
72.501	179.432	23.991	55.173
72.649	179.476	24.024	55.295
72.610	179.598	24.334	55.091
72.662	179.317	23.893	54.726
72.433	179.399	24.146	54.962
72.687	179.121	23.897	54.933
72.300	179.299	23.814	55.262
72.198	179.476	23.988	54.598
71.285	179.225	24.664	55.502
70.932	179.432	24.240	54.425
70.485	179.024	24.259	54.396
69.952	178.526	24.451	54.828
69.454	178.400	23.893	55.180
69.610	178.198	23.708	54.709
69.078	178.548	23.976	55.159
68.707	178.852	24.449	53.816
68.616	178.399	24.446	54.828
69.381	178.180	23.413	54.640
69.435	178.424	23.774	54.406
69.393	178.374	23.404	55.256
69.645	178.121	23.842	55.516
69.280	177.445	23.690	56.290
69.465	176.886	24.708	56.643
68.733	176.844	25.339	55.737
69.164	176.182	25.280	56.038
69.271	175.948	25.842	55.856
69.423	175.873	25.381	56.075
68.702	175.194	26.065	56.372
68.559	176.485	25.510	54.241
68.341	176.280	25.926	56.036
67.506	175.898	25.343	55.630
67.747	175.076	24.601	55.747
67.060	174.607	25.378	56.425
66.750	174.378	26.376	55.683
66.204	174.234	27.268	56.315
65.814	174.408	27.015	55.990
65.652	174.147	26.917	56.308
65.881	173.752	25.997	56.646
65.868	174.309	25.527	55.748
66.325	174.000	25.343	56.758
65.753	173.014	25.017	57.145
65.785	172.333	23.815	56.169
65.661	172.076	23.615	57.472
65.403	172.207	23.696	55.912
64.972	171.974	24.191	55.726
64.759	172.025	23.954	56.116
64.253	172.204	23.894	56.288
63.276	172.402	24.482	54.774
62.715	172.155	24.589	54.834
62.723	172.180	24.473	53.809
62.104	171.290	23.714	54.600
61.042	170.722	23.532	55.735
60.756	171.155	23.915	54.891
60.331	169.296	23.075	57.304
58.534	168.330	23.785	58.889
58.874	169.593	22.782	57.073
58.030	169.917	21.527	58.044
56.920	169.278	21.950	59.128
56.575	171.292	21.839	55.715
56.070	173.160	22.013	55.260
54.407	170.113	23.379	57.818
52.750	171.336	24.682	55.117
52.779	172.069	23.543	56.812
52.957	171.194	23.383	55.568
53.112	171.363	23.536	54.536
52.610	171.413	22.980	55.991
53.109	171.982	22.342	54.216
52.090	169.425	22.686	58.695
52.525	170.300	22.072	55.925
117.592	161.457	24.566	66.791
116.271	160.855	30.823	67.054
116.435	162.209	30.985	64.884
116.605	161.323	30.724	64.907
116.456	161.616	30.334	63.968
117.367	161.314	30.257	65.413
117.473	160.783	31.787	65.845
117.555	161.544	32.191	65.124
117.713	160.741	32.314	65.776
118.440	161.238	32.124	65.093
118.754	160.633	31.992	65.155
118.646	160.429	32.885	65.873
119.157	160.352	32.537	64.976
119.296	159.919	32.489	65.293
119.371	159.508	31.132	66.123
119.317	159.424	30.829	66.193
119.371	159.813	30.629	65.459
119.109	159.835	31.016	65.462
119.667	159.452	30.723	65.936
118.805	159.678	31.195	65.167
118.898	159.270	31.152	65.876
119.513	159.368	30.850	65.295
119.319	158.874	31.754	64.887
119.441	157.834	33.821	64.561
121.241	157.239	32.707	66.397
122.700	156.963	32.303	65.704
123.281	156.693	33.506	66.027
123.795	156.597	33.816	64.940
123.471	156.463	33.753	65.107
123.810	155.694	32.687	66.134
124.299	155.817	32.873	65.564
123.843	156.185	33.227	65.248
124.611	156.808	33.015	64.310
124.942	155.902	33.597	63.666
124.779	155.152	34.255	64.678
125.432	154.765	34.412	64.313
126.355	154.246	33.576	64.454
126.676	154.305	34.091	64.601
127.503	154.530	33.317	64.285
128.370	154.513	33.274	64.251
128.732	154.602	33.187	64.184
129.574	154.346	33.298	64.321
129.770	153.835	33.610	64.533
130.130	153.548	34.063	64.393
129.942	154.067	34.271	63.237
130.034	153.169	34.164	64.468
130.022	152.973	33.910	64.922
130.394	152.824	33.024	64.735
130.657	153.059	32.673	64.572
130.404	152.835	32.914	64.413
130.574	153.653	32.720	63.744
130.481	153.654	33.070	62.537
131.247	152.055	32.937	64.175
131.183	152.208	33.228	63.496
131.805	151.879	33.338	63.647
132.176	152.360	33.045	63.048
132.610	151.638	32.707	63.039
132.803	151.708	32.927	62.846
133.444	151.643	32.169	63.684
133.701	151.545	32.303	63.585
134.041	151.708	32.481	63.920
134.837	151.610	32.369	63.489
135.372	152.006	32.240	62.725
135.511	150.907	33.820	62.909
135.991	150.355	31.678	63.481
135.972	150.745	30.646	63.456
136.187	150.731	30.178	62.743
135.964	151.372	30.979	61.253
135.599	150.341	30.843	63.071
135.468	150.809	31.420	61.800
135.633	150.197	32.009	61.721
135.848	149.894	32.698	61.371
136.262	149.527	32.930	62.121
136.775	148.876	32.797	62.343
136.701	148.735	32.874	62.490
136.740	148.557	33.629	62.352
137.332	148.729	32.906	62.414
137.256	148.477	33.678	63.122
137.729	148.919	32.666	62.519
137.972	148.702	32.468	62.057
137.476	149.178	32.619	61.412
137.176	148.291	33.282	62.060
136.770	148.583	32.455	61.723
136.455	147.970	32.509	62.215
136.397	148.140	31.007	61.998
136.544	148.225	30.334	62.208
136.663	148.033	29.351	62.119
137.420	148.135	28.057	61.879
136.706	148.178	28.456	61.213
136.322	148.093	28.482	62.063
135.885	147.942	29.517	61.729
135.205	147.845	30.870	61.125
135.196	147.995	30.983	60.203
135.071	146.900	31.439	61.971
135.251	147.683	31.590	60.063
135.960	145.348	31.119	63.147
136.198	146.896	31.357	60.957
135.000	147.183	32.647	60.835
134.918	147.376	33.437	60.542
135.977	146.078	33.060	62.107
137.074	145.941	31.316	61.703
137.069	145.172	32.309	61.969
137.426	146.012	31.971	60.857
138.366	145.810	31.358	60.758
138.314	146.058	31.794	60.365
137.905	145.446	32.267	60.752
137.435	145.435	32.434	60.876
137.688	145.396	32.030	61.182
137.465	145.435	32.026	60.990
136.826	145.665	32.403	60.533
137.473	144.907	31.773	61.178
136.685	145.023	32.881	60.610
136.898	143.655	33.084	61.134
137.795	143.293	32.503	61.605
137.822	144.065	32.829	60.630
