591.000	203.000	28.000	70.000
587.758	204.322	29.413	67.610
585.389	204.880	30.258	66.868
583.249	204.747	30.589	66.306
580.233	203.738	29.965	66.926
578.975	203.529	30.054	67.858
575.949	203.038	30.844	67.599
573.841	202.394	30.276	68.644
572.958	201.904	29.975	67.991
569.981	203.547	30.090	67.021
567.717	203.758	30.252	65.562
566.307	203.712	29.903	66.015
565.031	203.091	29.984	65.917
564.224	203.010	28.596	66.413
562.194	202.169	29.095	67.111
560.311	201.010	29.081	67.561
558.635	200.601	29.204	68.078
556.348	202.103	30.481	66.993
554.800	201.437	29.679	67.157
552.248	202.835	30.606	66.333
551.018	201.676	29.369	67.181
549.497	201.166	30.060	67.269
547.642	200.531	28.811	67.629
546.219	199.853	29.639	67.991
545.129	199.857	29.281	67.174
541.961	200.201	31.204	66.797
540.110	200.873	31.882	66.804
538.875	200.415	30.712	65.855
537.172	200.338	31.072	65.359
536.035	201.142	31.117	64.825
535.436	199.477	29.287	65.760
533.891	199.242	29.245	65.465
532.724	198.857	29.404	65.580
531.292	197.604	29.350	66.833
529.764	197.277	29.349	67.354
528.839	197.917	29.673	65.959
527.114	198.727	29.813	64.630
525.628	198.802	29.911	64.668
524.499	198.909	29.962	64.408
522.535	198.167	29.888	64.510
521.481	197.981	29.374	63.988
519.865	196.970	28.868	64.405
518.226	196.247	29.421	65.325
517.096	196.151	29.140	65.616
514.956	197.498	29.523	63.789
513.573	197.280	29.337	63.826
512.057	197.944	29.674	62.493
510.922	197.005	28.631	63.394
509.728	197.385	28.182	62.682
507.810	195.848	27.948	63.653
506.605	195.159	27.444	63.728
505.398	194.658	27.554	63.845
503.678	194.424	27.863	64.307
501.876	194.560	28.278	64.021
500.203	194.952	29.003	64.280
498.688	195.412	28.667	62.934
497.277	195.816	28.731	62.568
496.276	195.159	28.458	63.039
494.299	195.845	27.717	61.182
493.106	195.500	28.323	61.367
492.581	196.462	27.666	60.042
490.023	195.145	27.992	62.093
488.904	194.298	28.179	62.178
486.619	195.118	28.348	61.340
485.290	195.284	28.793	60.911
484.083	194.795	27.668	61.148
483.054	194.416	27.530	61.057
481.574	192.865	27.851	62.133
480.124	192.493	27.193	62.606
478.798	191.638	27.482	62.557
478.339	191.407	26.445	62.950
476.400	191.617	26.695	62.727
474.947	191.478	27.080	62.402
472.784	192.659	27.709	61.396
471.997	192.511	27.383	61.352
471.837	192.099	25.753	60.954
469.147	191.482	26.706	60.963
468.385	190.095	26.207	62.118
467.637	189.873	26.345	62.433
465.556	189.693	26.824	63.464
463.816	189.940	27.433	61.776
462.694	190.218	27.881	60.949
460.624	191.121	27.906	60.492
459.792	190.962	28.226	60.229
459.433	191.121	26.360	59.738
458.435	190.012	25.627	60.271
457.737	189.097	25.454	61.031
456.515	188.246	25.487	61.696
455.538	187.867	25.547	62.313
454.518	188.299	25.988	62.011
452.775	189.518	26.071	59.891
451.337	189.583	26.548	59.480
450.782	189.790	26.167	59.449
448.791	189.113	26.409	59.823
447.904	188.893	26.318	59.362
448.054	187.629	24.175	60.470
446.565	186.799	24.914	61.006
445.648	187.304	25.728	61.050
444.843	187.564	24.659	60.196
443.759	187.316	24.988	60.297
441.854	188.519	25.927	58.336
440.665	188.581	25.843	58.386
440.497	188.442	24.981	57.910
439.550	187.884	25.038	58.728
438.588	186.292	24.727	59.773
437.668	185.737	25.270	60.636
437.025	185.435	24.708	61.024
435.755	185.935	25.531	60.691
435.115	185.989	25.615	60.621
434.064	186.816	25.194	59.492
433.053	186.817	25.516	59.313
431.808	186.551	25.377	58.828
430.744	186.330	25.764	58.404
430.293	185.858	25.863	58.949
428.971	185.264	25.656	58.652
428.710	184.715	25.793	59.632
427.274	184.896	25.891	59.639
426.453	185.579	25.832	58.738
425.713	184.997	25.856	58.785
425.129	185.462	25.410	57.271
424.687	184.944	24.783	56.799
424.368	185.837	24.944	56.502
423.589	185.174	24.434	56.694
423.008	184.375	24.620	56.341
422.860	183.673	23.856	57.170
422.368	183.973	23.126	56.507
421.524	183.458	23.169	56.893
419.842	184.490	24.017	55.974
419.269	185.233	24.071	55.289
417.977	184.783	24.650	55.976
417.559	184.683	23.126	56.230
416.196	183.972	23.099	56.660
415.398	183.762	24.173	56.624
414.544	182.834	23.577	56.848
413.366	182.045	24.865	58.104
412.013	182.240	24.966	55.740
411.122	182.850	24.963	55.004
409.855	182.836	25.642	55.558
408.734	183.335	25.029	54.772
408.298	182.948	24.360	55.038
407.573	183.330	24.168	54.810
405.995	183.058	23.403	54.545
404.023	181.945	25.061	55.286
403.152	181.479	24.303	55.289
401.914	180.820	24.433	56.554
400.889	180.311	24.564	56.562
399.616	180.544	24.924	57.222
398.727	181.311	24.663	55.907
397.429	181.963	25.375	55.815
396.174	182.875	24.878	55.442
395.137	183.090	25.300	55.456
393.994	184.141	24.638	54.849
392.785	184.011	24.927	54.484
392.071	182.953	24.613	55.642
390.314	183.045	25.368	54.992
389.445	183.007	25.507	55.901
388.121	183.205	25.442	55.000
386.981	184.188	25.815	54.180
386.455	183.483	25.378	53.900
385.423	184.264	24.430	54.036
385.189	182.981	24.067	54.539
383.871	182.524	24.299	54.435
383.583	181.768	24.045	55.231
382.863	181.226	23.623	55.821
381.409	180.736	24.561	55.734
380.544	181.419	24.805	54.898
379.280	181.790	24.607	54.727
378.227	181.496	24.946	55.148
376.966	182.198	25.324	53.866
376.439	181.401	25.384	55.199
375.662	181.146	24.675	55.409
374.720	180.312	25.232	56.408
374.049	179.930	25.748	56.604
372.821	179.440	25.943	57.177
372.206	180.345	25.980	56.178
371.467	180.613	26.146	56.343
370.500	181.293	26.265	55.195
370.126	181.282	26.381	54.898
369.798	180.837	25.788	55.107
369.206	179.896	25.510	55.608
368.677	178.733	25.424	56.262
368.560	178.646	24.936	55.992
368.037	178.507	25.004	56.048
367.126	178.780	25.732	56.194
366.727	178.879	25.372	55.862
365.971	178.818	26.101	56.078
365.605	178.353	25.982	55.625
365.501	178.697	25.694	55.534
364.798	177.733	25.343	55.907
364.575	177.106	25.621	56.247
364.339	176.549	25.527	56.890
363.758	176.214	25.735	56.785
363.605	176.253	25.934	56.481
363.386	177.256	25.592	56.067
363.212	177.678	25.313	55.397
362.904	177.319	25.408	55.515
362.919	177.011	25.423	54.912
363.275	176.913	24.918	54.072
363.513	175.476	24.465	55.748
364.075	174.546	23.752	56.222
363.864	174.407	24.386	55.579
363.524	174.508	24.666	55.905
363.212	175.141	25.101	54.928
363.124	175.593	25.096	54.704
362.872	175.678	25.378	54.562
363.275	175.224	24.764	54.991
363.183	175.032	25.127	54.238
363.636	173.992	24.369	54.810
363.569	173.554	24.647	55.417
363.510	173.584	25.350	55.136
363.904	173.504	24.593	55.564
363.824	174.475	24.759	54.461
364.571	174.054	24.192	54.992
365.346	173.852	23.781	54.855
365.560	174.282	23.987	54.518
367.759	173.234	21.820	55.020
367.484	173.160	22.514	55.261
367.657	172.486	22.456	55.565
367.168	172.544	23.688	55.588
367.375	172.669	23.991	55.454
367.334	173.105	24.310	54.640
367.675	174.102	24.270	53.418
367.432	173.411	24.926	53.952
367.583	173.804	24.723	53.245
367.944	173.113	24.355	52.757
368.421	171.975	24.409	53.237
369.181	171.702	23.568	53.528
368.335	171.499	24.340	53.781
368.823	171.727	24.266	53.330
368.432	172.285	24.541	52.482
368.548	172.872	24.143	52.384
368.857	172.539	24.149	52.342
369.111	173.202	23.854	52.024
369.646	171.803	23.106	52.979
369.744	170.783	23.094	53.073
369.436	170.330	23.607	52.550
369.689	169.975	23.325	53.129
369.244	169.921	23.544	53.477
368.733	170.521	24.203	53.184
368.125	171.285	24.984	51.903
367.872	171.397	24.775	52.504
367.884	171.518	25.075	51.815
367.440	171.195	24.696	51.826
366.872	170.972	25.123	51.933
366.515	170.044	25.057	52.933
365.962	169.188	25.457	53.477
365.452	169.515	25.527	53.038
364.656	169.642	25.590	53.134
364.147	169.894	25.760	53.006
363.931	170.582	25.646	51.848
363.724	170.013	24.441	52.439
363.321	169.864	24.268	52.185
362.889	169.007	23.815	52.826
362.677	168.460	23.432	52.137
362.486	167.887	23.491	52.846
361.533	167.367	23.325	52.869
360.816	167.818	23.832	52.214
359.812	168.590	23.826	51.216
359.209	168.508	24.022	51.100
358.687	168.280	24.176	51.046
357.552	167.608	23.841	51.528
357.153	167.232	23.626	51.293
356.183	167.227	24.022	51.264
355.227	166.196	24.030	52.154
354.563	166.265	24.309	51.710
353.559	166.521	24.105	51.048
352.687	166.821	24.602	50.858
352.163	167.482	24.361	49.858
351.246	167.386	23.868	49.693
351.090	166.952	23.835	50.083
350.006	165.862	23.590	50.212
349.631	165.236	22.833	51.007
348.857	165.041	23.117	50.855
347.768	164.294	22.587	52.306
346.257	164.683	23.374	51.139
344.641	164.686	22.723	51.381
343.843	165.626	22.941	50.264
343.099	165.242	22.793	50.123
341.670	165.610	22.730	49.177
340.753	164.864	22.766	49.629
340.297	166.223	22.019	48.208
339.423	164.497	21.622	49.765
338.324	165.348	22.260	49.270
337.451	166.135	22.521	48.120
335.952	164.532	22.736	49.157
334.917	165.555	23.090	47.534
333.807	166.118	23.011	46.882
333.176	165.945	22.569	46.988
332.150	164.850	22.888	48.271
331.395	164.668	22.138	48.041
330.633	164.816	21.560	47.118
329.196	165.400	21.965	46.772
328.291	165.272	21.967	46.705
327.249	165.978	22.551	45.999
325.522	163.794	22.325	48.657
325.214	163.934	21.952	48.197
323.745	162.847	22.202	48.988
322.780	164.273	21.932	46.926
322.026	163.172	22.029	47.891
320.411	161.812	22.312	50.139
319.671	162.607	22.958	49.384
318.509	162.534	22.019	48.773
317.688	162.868	22.085	48.531
316.428	162.651	22.284	48.457
315.679	162.685	21.209	48.113
314.923	162.052	21.280	48.795
313.633	161.150	20.881	49.846
312.625	161.213	21.263	49.524
311.752	160.610	21.160	49.410
310.381	160.989	21.276	49.345
309.282	161.538	21.656	49.023
307.636	162.666	21.756	47.666
306.595	162.002	21.682	48.053
306.134	162.322	21.494	47.535
304.826	161.712	21.420	47.739
303.950	160.389	21.352	48.689
302.438	159.428	21.756	49.960
301.399	159.675	22.067	49.645
300.992	159.845	21.643	49.316
299.232	160.709	22.087	48.204
298.367	161.106	22.228	47.665
297.409	161.027	22.287	47.523
296.244	160.746	22.137	48.089
295.452	159.752	22.245	48.182
294.338	159.306	21.930	48.510
293.423	158.513	21.869	49.282
292.966	158.298	21.491	49.259
291.368	159.016	22.048	48.495
290.564	159.571	21.904	47.670
289.553	159.959	22.356	47.250
288.320	159.403	21.867	47.937
287.353	159.208	22.339	47.671
286.179	158.662	21.842	47.475
285.650	157.901	21.187	48.242
283.881	157.343	21.670	49.203
282.838	157.818	22.176	48.002
282.217	157.870	22.009	47.807
280.853	158.949	21.870	46.991
279.884	159.023	22.399	46.859
279.774	158.303	21.330	47.363
278.683	157.795	21.091	47.526
277.690	156.545	21.491	48.107
276.678	156.485	21.015	48.385
275.581	156.518	21.161	48.042
274.936	156.780	21.144	47.979
273.311	157.200	21.431	47.316
272.572	157.644	21.483	46.785
271.807	157.404	21.305	47.056
270.371	157.073	21.285	47.097
269.345	156.749	21.510	46.732
268.047	155.614	21.444	47.889
266.990	154.799	21.562	48.562
265.864	155.468	22.247	48.078
264.577	155.799	22.260	47.972
264.037	156.565	22.074	46.947
263.493	156.484	22.387	46.538
262.288	156.174	21.745	46.697
261.929	156.009	21.754	46.815
261.413	155.171	21.099	46.634
260.158	154.378	21.191	47.683
259.041	154.027	21.544	47.642
257.869	154.375	21.285	47.473
256.627	154.612	22.005	47.122
255.936	154.975	21.972	46.842
254.441	154.994	22.119	46.674
253.706	155.120	22.152	46.440
252.753	154.004	21.758	47.011
251.941	154.329	21.939	46.387
251.155	152.886	22.463	47.660
250.061	153.282	21.935	47.758
249.079	152.410	22.587	48.424
248.165	153.621	21.891	47.023
247.426	154.041	22.191	46.086
246.371	153.536	21.765	46.416
245.943	152.944	21.489	46.988
245.374	151.750	21.822	48.160
244.190	152.093	21.533	47.174
243.586	151.778	21.495	47.435
242.263	152.327	21.370	46.991
241.466	152.393	21.589	46.561
240.655	153.354	21.287	46.055
239.244	153.761	21.704	45.469
238.717	153.224	21.668	45.649
237.828	153.405	21.907	45.451
236.924	152.642	21.561	45.592
235.991	152.128	21.618	46.207
235.633	151.536	21.703	46.682
234.328	151.925	21.591	46.441
233.633	152.203	21.985	46.015
232.599	153.046	21.734	45.494
232.282	152.652	21.252	45.599
231.683	152.683	21.401	45.379
231.043	151.657	20.502	45.904
230.109	151.522	21.277	45.768
229.217	150.967	20.755	45.948
228.487	150.960	21.221	45.685
227.788	151.149	21.247	45.412
226.781	151.829	21.385	44.712
226.175	151.553	21.583	45.051
225.617	151.935	21.393	44.627
224.584	151.124	21.224	45.357
224.469	151.086	20.590	44.915
223.652	151.038	21.454	45.137
222.626	149.833	20.831	45.833
221.630	149.737	21.883	46.118
220.862	150.156	21.202	45.468
220.358	150.859	21.627	44.849
219.510	150.788	21.157	44.939
218.734	150.474	21.673	45.171
218.334	150.492	21.604	45.154
217.496	150.023	20.977	44.590
217.509	149.109	20.647	45.632
217.129	149.251	20.504	45.695
215.781	148.720	20.676	45.899
215.713	149.190	20.396	45.671
214.839	149.934	20.143	44.726
214.097	150.103	20.187	44.585
212.956	149.862	20.468	44.496
212.726	149.602	20.350	44.226
211.892	149.057	20.557	44.913
211.293	148.617	19.852	45.206
210.818	148.632	20.258	45.515
210.317	148.919	20.015	45.013
209.410	149.571	19.890	44.688
209.119	149.229	19.640	44.923
208.382	149.381	19.305	44.633
207.746	148.394	19.744	44.720
207.464	148.048	19.436	44.939
206.681	147.497	19.396	45.455
206.687	146.852	19.096	45.546
205.610	146.920	19.419	45.383
204.321	147.385	20.151	45.034
204.018	148.223	20.075	44.114
203.177	147.982	19.941	44.137
202.838	147.946	20.131	44.108
202.430	147.687	19.469	43.864
202.139	147.573	19.339	44.071
201.630	147.316	19.858	44.268
200.718	146.561	19.832	44.599
200.259	147.097	20.045	44.372
199.731	147.259	19.479	44.183
199.222	147.705	19.788	43.737
198.884	147.738	19.964	43.403
198.663	147.558	19.513	43.404
198.210	147.276	19.497	43.235
197.674	146.065	19.530	43.837
197.814	146.544	19.149	43.755
197.219	146.148	19.787	43.696
196.240	146.646	20.040	43.327
195.623	146.947	20.411	43.295
195.486	147.676	20.099	42.558
194.642	147.336	20.618	42.859
194.388	147.673	21.226	42.071
193.925	146.724	21.411	42.570
194.012	146.544	20.932	43.148
193.891	146.142	20.558	43.309
193.510	146.366	20.729	42.946
193.190	146.661	20.780	42.711
193.233	147.124	20.401	42.248
192.557	147.577	21.176	41.954
193.222	146.768	19.954	43.075
192.626	145.901	20.332	43.491
193.195	145.503	19.629	43.123
193.337	145.410	19.051	43.440
193.131	144.849	19.072	43.491
192.599	144.978	19.169	43.258
192.384	145.633	19.293	42.843
191.503	145.621	19.600	42.607
191.113	145.917	20.075	42.041
190.616	146.271	20.060	41.646
190.491	146.257	19.980	41.428
189.882	144.629	20.092	43.210
189.508	144.638	20.598	43.063
188.748	144.995	21.004	42.021
188.935	145.209	20.385	42.025
188.849	145.315	20.157	41.479
188.755	145.942	19.785	41.227
188.845	145.725	19.686	41.293
188.746	145.853	19.953	40.523
189.065	144.966	19.637	40.730
189.001	144.057	19.617	41.759
188.636	144.045	19.870	42.203
188.956	143.909	19.398	42.208
188.962	144.790	19.400	41.262
188.469	144.781	20.119	40.773
188.338	145.252	20.264	40.537
188.244	145.302	20.024	40.697
188.550	144.469	19.351	40.786
188.281	144.576	19.483	40.658
188.299	144.356	19.604	40.782
188.391	144.189	19.019	41.178
188.302	143.937	19.088	41.412
188.337	143.633	18.935	41.902
188.817	144.153	18.387	41.061
189.275	144.401	17.667	40.943
189.355	144.850	18.038	39.761
189.527	145.205	18.191	39.217
189.277	144.116	18.245	40.239
189.159	142.376	18.542	41.926
189.159	143.356	18.560	41.108
189.313	142.880	18.660	41.194
189.580	143.286	18.229	40.833
189.514	144.065	18.391	39.957
189.243	144.847	19.051	39.372
189.488	143.865	18.830	40.261
189.547	142.712	18.289	40.536
189.428	142.557	18.386	40.588
189.630	141.785	18.366	41.584
189.601	141.581	18.296	41.481
189.633	142.223	18.155	40.523
189.921	143.168	17.807	39.995
190.045	142.457	17.728	41.029
190.383	142.933	17.453	39.917
190.150	142.970	17.729	39.363
190.466	142.758	17.007	39.885
190.648	142.518	17.016	39.765
190.475	142.087	16.852	40.028
190.051	141.294	17.214	41.020
190.669	141.764	16.484	40.427
190.131	142.706	16.970	39.063
190.231	142.992	16.836	38.698
190.006	142.736	17.013	39.074
189.786	143.012	17.217	38.352
189.678	142.676	16.930	38.094
189.168	143.310	17.441	37.580
188.677	142.732	17.995	38.708
188.316	143.195	18.348	38.259
188.207	143.457	18.463	37.798
187.968	143.995	18.463	37.059
187.407	143.707	18.946	37.489
187.614	144.045	18.794	36.289
187.634	143.375	18.795	36.576
187.884	143.446	18.626	36.058
188.067	143.182	18.540	36.287
188.178	142.762	18.340	36.982
188.506	141.538	17.916	38.455
188.580	142.020	17.445	37.400
188.384	142.332	17.672	37.155
188.518	142.725	17.517	37.089
188.346	141.943	17.432	37.612
188.346	142.008	17.284	37.320
188.228	141.304	17.486	37.538
187.764	141.523	17.617	37.187
187.978	140.640	17.251	37.898
188.044	140.110	17.357	38.620
188.473	139.816	17.220	38.622
187.987	141.307	17.715	37.829
188.159	140.138	17.395	38.441
188.908	140.809	16.520	37.702
188.505	139.509	17.290	38.583
188.237	139.685	17.961	38.573
188.334	138.940	18.029	39.447
187.866	138.795	18.634	39.438
188.222	138.709	18.170	39.606
188.335	138.855	18.491	39.338
188.655	138.910	18.501	38.922
188.612	139.459	18.847	38.349
188.479	139.223	18.928	38.676
188.127	139.328	19.040	38.231
188.533	138.540	18.824	38.716
188.192	138.110	19.612	38.582
188.233	138.704	19.486	37.989
188.623	137.849	19.204	38.915
188.336	138.470	19.613	38.330
188.294	138.755	19.673	38.117
188.537	139.107	19.197	37.550
188.657	138.681	19.069	37.822
188.742	138.281	18.961	38.026
188.754	138.551	18.879	37.550
188.547	137.281	18.828	38.668
188.612	137.120	18.779	38.605
188.312	138.351	19.776	37.226
188.409	138.254	19.581	37.150
188.182	138.086	19.744	37.527
188.203	138.214	19.009	37.292
187.928	138.519	19.553	36.569
187.950	138.384	19.138	36.411
187.941	138.753	18.804	35.718
187.682	138.465	19.092	35.865
187.703	138.359	18.579	36.111
186.971	138.195	18.070	35.951
187.179	137.857	18.056	35.869
186.984	138.422	17.929	35.678
186.412	138.885	18.409	35.282
186.401	138.734	18.400	35.262
186.743	138.241	17.998	35.426
186.198	138.673	18.203	34.242
186.189	137.973	18.086	35.236
186.442	137.650	17.679	35.716
186.034	137.905	18.155	35.180
185.764	138.046	18.189	35.231
185.815	137.932	17.721	35.297
185.650	138.095	17.914	35.060
185.328	138.763	18.293	34.487
185.495	138.334	18.091	35.204
185.721	137.850	17.442	35.230
185.392	138.160	17.673	34.867
185.398	137.234	17.746	35.538
185.285	136.528	17.484	36.171
184.879	136.579	18.013	36.241
184.847	136.317	17.996	36.631
184.201	137.107	18.405	35.516
183.958	137.650	18.424	35.316
183.567	136.946	18.618	36.020
183.411	136.854	18.602	35.975
183.018	135.466	18.754	36.697
182.726	135.174	18.507	36.890
182.400	135.520	18.928	35.950
181.879	135.606	19.336	36.119
181.714	135.058	18.841	36.599
181.172	134.714	19.387	36.673
180.950	135.421	19.331	35.848
180.805	135.109	18.678	36.548
180.415	135.046	18.692	36.594
179.828	135.122	18.992	36.282
179.669	133.897	18.306	35.541
179.334	134.120	18.620	35.647
179.179	133.459	18.337	36.333
178.189	133.345	18.593	36.414
177.743	133.001	18.551	37.183
176.988	133.683	18.934	36.654
176.760	133.633	18.206	37.015
176.097	134.046	18.723	36.628
175.657	133.323	17.992	36.679
175.393	132.600	17.969	37.478
175.287	133.122	18.028	36.366
174.597	132.223	17.654	36.874
174.557	131.117	17.768	38.146
174.196	130.649	17.414	38.901
173.099	130.361	18.571	39.016
173.267	130.068	17.995	39.085
172.503	131.088	18.141	38.208
171.707	131.244	18.255	37.940
171.649	131.351	18.378	37.617
171.563	130.862	18.033	38.094
171.323	130.453	18.021	38.193
170.746	131.134	18.401	36.678
171.006	129.950	17.986	37.666
170.779	130.507	17.906	37.351
170.455	130.304	18.515	37.956
170.023	130.386	17.486	37.708
169.747	130.944	18.089	36.509
169.370	130.812	17.891	36.933
169.087	131.255	18.364	36.128
168.660	131.254	18.304	36.026
168.358	131.469	18.773	35.626
168.240	129.897	18.234	36.770
168.037	130.001	18.087	36.332
167.590	129.905	18.751	36.585
167.541	130.360	18.746	36.544
167.422	130.582	18.663	35.403
167.267	130.905	18.249	35.159
167.264	130.191	17.731	35.894
167.484	130.386	17.839	35.513
167.177	130.081	17.914	35.109
167.147	129.428	17.530	35.314
167.441	128.241	17.307	36.343
167.436	129.129	17.541	35.530
167.133	128.762	17.351	35.970
167.085	129.322	17.494	35.938
166.937	129.115	17.793	35.497
166.754	129.945	17.546	34.856
166.876	128.931	17.369	35.633
166.712	129.683	17.321	34.600
166.626	129.265	17.568	34.699
166.752	128.607	17.483	35.539
166.691	128.026	17.499	35.634
166.627	128.659	17.662	35.226
166.870	128.433	17.545	36.378
166.915	129.215	17.667	34.882
167.089	128.899	17.066	34.862
167.358	128.863	17.184	34.877
167.211	129.091	16.953	34.600
167.169	127.751	17.257	35.676
167.273	127.366	17.161	35.588
167.212	127.486	17.226	35.296
166.978	127.653	17.830	35.310
166.909	127.613	17.871	35.439
167.313	127.428	17.294	35.805
167.212	128.427	17.556	34.104
167.650	127.603	17.223	34.795
167.825	126.366	17.054	35.614
167.898	127.543	17.103	34.403
167.781	126.721	17.342	34.959
168.385	125.841	17.030	36.044
168.402	125.202	17.139	36.447
168.560	125.723	16.975	36.027
169.030	126.416	16.614	35.200
169.348	126.567	16.358	35.336
169.408	126.483	16.227	35.158
169.671	126.459	16.049	35.231
169.614	126.409	16.203	35.433
169.678	125.069	16.501	36.328
169.753	125.097	16.788	36.150
169.781	125.134	16.781	36.046
170.013	125.736	16.819	35.950
170.333	125.619	16.310	36.126
170.358	126.127	16.460	35.068
170.848	125.372	16.275	36.071
170.421	126.151	16.674	35.028
170.762	125.933	16.457	34.465
170.939	125.060	16.702	35.774
170.993	125.304	16.745	35.477
170.993	124.867	17.070	35.283
171.492	124.875	16.206	35.584
171.706	124.671	16.256	35.970
172.225	125.422	15.674	35.303
172.607	125.546	15.318	34.932
172.363	125.921	15.813	34.486
172.763	124.988	15.738	34.925
172.957	123.938	15.587	35.869
172.710	124.710	16.438	34.833
172.995	124.222	16.285	35.412
173.323	124.423	15.836	35.120
173.430	124.570	16.169	34.763
173.889	124.618	16.111	34.524
174.306	124.353	15.716	34.804
174.152	124.122	15.945	35.180
175.074	124.032	15.725	34.762
174.957	124.050	15.949	34.439
175.734	123.416	15.673	35.311
175.764	123.280	15.915	35.355
176.144	123.270	16.250	35.256
176.795	123.733	15.574	34.696
177.342	123.638	15.512	34.915
177.716	123.606	15.093	35.049
177.694	123.986	15.444	34.538
178.574	123.882	15.318	34.545
178.859	123.900	15.262	34.441
179.105	123.371	15.944	34.426
179.017	124.061	16.538	33.793
179.326	123.747	16.831	34.188
179.688	123.731	16.435	33.928
179.773	124.296	15.922	33.478
179.857	124.511	16.309	33.140
180.904	124.519	15.507	33.616
180.900	124.552	16.066	33.419
181.141	124.194	15.609	33.477
181.501	124.637	15.722	32.313
181.871	123.431	15.773	33.633
182.068	122.454	16.474	34.560
182.059	123.536	16.661	33.206
182.213	123.334	16.269	33.533
182.895	123.769	16.130	33.006
183.316	123.474	15.714	33.184
183.688	124.298	15.832	32.483
183.995	124.364	15.780	32.174
183.995	123.664	16.272	33.063
184.106	122.776	16.466	33.369
184.124	122.886	16.488	33.568
184.317	122.824	16.759	33.900
184.847	122.490	16.631	34.225
184.679	124.078	17.105	32.336
184.728	123.642	16.827	32.768
185.173	123.719	16.894	32.613
185.197	123.163	17.287	32.782
185.479	123.484	17.648	31.941
185.708	122.825	17.093	32.618
185.609	122.769	17.244	32.543
185.668	122.069	16.957	33.195
185.483	121.558	16.922	34.013
185.679	121.872	16.941	33.706
185.592	122.641	17.212	32.949
186.614	121.905	16.526	33.147
186.469	121.795	16.277	33.625
186.937	121.542	16.494	33.397
187.344	121.365	16.251	33.238
187.173	121.132	16.478	33.425
