330.000	78.000	18.000	31.000
330.004	78.038	17.074	30.979
329.441	78.389	16.803	30.933
328.942	78.105	17.109	30.984
328.254	78.566	17.016	31.005
327.808	78.179	17.138	31.727
326.586	78.417	17.523	31.901
325.761	78.801	17.070	31.495
324.929	78.648	17.801	31.650
324.374	79.156	17.548	31.837
323.500	78.935	17.620	32.362
323.175	79.186	17.698	32.172
322.608	79.296	17.664	32.280
321.785	79.106	17.861	32.577
321.044	79.560	17.558	32.461
320.303	80.106	17.344	32.024
320.050	80.066	17.212	32.322
318.795	80.336	17.865	32.083
318.154	80.517	17.847	31.939
317.704	80.163	17.841	33.154
316.958	80.099	17.520	33.170
316.453	79.972	17.869	33.402
315.626	80.267	17.435	33.319
314.712	80.902	17.658	32.845
314.196	81.154	17.716	32.798
313.299	81.174	17.690	33.237
308.949	82.443	18.314	32.493
307.112	82.376	18.273	32.570
305.131	83.024	18.026	32.866
304.056	82.701	18.097	33.726
302.723	82.952	18.722	33.772
301.850	83.080	18.050	33.615
301.053	83.429	18.490	33.472
300.229	83.865	18.514	32.909
299.760	83.862	18.583	33.142
298.815	83.516	18.276	33.745
298.221	83.724	18.177	33.995
297.240	84.276	18.475	33.609
296.514	84.469	18.192	33.855
295.571	84.781	18.274	33.623
294.850	84.913	18.365	33.948
294.078	85.052	18.471	33.740
293.412	85.319	18.275	33.806
292.750	85.375	18.238	33.933
292.286	85.210	18.123	34.708
291.289	85.521	18.526	34.189
290.968	85.935	18.393	34.412
289.526	86.156	19.082	34.493
289.523	86.244	18.451	34.555
288.462	86.013	17.996	34.973
286.844	86.683	18.657	34.320
286.359	86.486	18.275	34.708
285.231	86.304	18.358	35.559
284.262	86.932	18.823	34.701
282.345	87.707	19.408	33.976
280.991	88.247	19.440	34.152
280.352	87.839	19.261	34.646
274.058	89.295	19.398	34.297
273.100	89.589	18.941	34.064
271.593	89.427	18.880	34.625
270.232	89.289	18.529	35.016
268.986	90.037	18.542	34.696
268.312	89.905	18.798	35.016
266.571	90.134	19.281	35.192
265.359	90.458	19.632	34.713
264.821	89.800	19.757	35.233
263.479	90.427	19.603	35.389
262.811	90.358	19.540	35.447
260.702	90.340	18.820	35.788
259.412	90.820	18.866	35.874
258.818	90.905	18.097	35.974
257.998	91.018	18.692	35.803
256.758	91.705	18.390	35.088
255.032	91.842	18.798	35.374
250.403	92.330	19.064	36.158
248.776	92.698	18.512	36.307
247.346	93.358	18.431	36.068
246.964	93.131	18.553	36.653
245.561	93.563	18.129	36.328
244.494	94.132	18.601	35.925
243.657	94.425	18.714	36.010
242.832	94.805	18.716	35.922
241.716	94.800	18.843	36.363
240.309	94.316	18.850	37.229
239.700	94.507	18.514	37.386
238.348	94.380	18.848	37.936
237.060	95.217	19.790	37.281
236.643	95.101	20.098	37.105
235.009	95.239	19.525	37.320
233.873	95.177	19.487	37.646
232.613	95.125	20.205	38.123
231.373	95.824	20.031	37.916
230.549	95.715	20.044	38.260
229.157	95.755	19.491	38.572
227.448	96.029	19.942	38.610
220.851	97.933	20.299	38.250
217.592	97.860	19.880	39.285
215.409	98.105	20.518	39.172
213.467	98.348	20.712	39.577
212.608	98.438	20.380	39.212
210.982	98.971	20.106	39.252
209.510	99.092	20.493	39.204
208.049	99.077	20.343	39.866
207.392	98.952	20.185	40.248
205.848	99.306	19.983	39.800
204.716	99.656	19.372	39.963
202.898	100.105	19.558	39.617
201.874	100.238	19.741	39.766
200.235	101.010	19.756	39.251
199.537	101.185	19.737	39.184
197.833	101.220	19.624	39.795
197.107	101.563	19.745	39.773
195.222	101.756	20.101	39.761
193.301	102.286	20.538	39.587
192.277	102.425	20.732	39.610
190.716	103.233	20.696	39.508
189.197	103.414	20.369	39.975
188.788	103.707	19.999	40.201
187.204	103.315	19.828	41.161
186.352	103.364	20.058	41.427
184.762	103.846	20.339	41.032
183.773	104.058	19.935	40.933
182.801	103.848	20.263	41.656
181.019	104.651	20.988	40.856
180.390	104.942	20.846	40.936
179.353	105.207	20.347	41.588
178.786	105.057	20.649	41.456
177.221	105.547	21.164	41.475
176.618	105.549	21.098	41.236
175.972	105.633	21.362	41.642
172.669	106.971	20.963	42.245
170.979	107.413	21.421	42.893
170.443	107.615	21.380	43.218
169.526	107.755	21.323	43.097
168.672	107.965	21.544	43.074
168.207	107.965	21.781	43.905
167.363	108.663	21.682	43.542
166.965	108.706	21.819	43.444
166.032	108.958	21.891	43.496
162.325	110.658	22.379	44.234
160.621	111.912	23.045	43.519
159.126	112.651	23.038	43.294
157.837	112.630	23.034	43.241
157.221	112.683	22.982	44.005
155.993	112.828	23.128	44.209
154.574	113.455	22.848	44.531
154.010	113.705	22.677	44.239
152.245	113.829	22.465	44.317
150.851	114.250	22.265	44.437
149.951	114.711	22.639	44.472
148.096	115.146	22.780	44.124
146.294	115.428	22.701	44.385
144.245	115.543	23.042	45.047
143.862	115.327	21.948	45.998
143.420	115.941	20.954	45.948
142.291	117.041	20.595	44.752
139.871	115.296	22.185	46.620
138.884	116.509	21.315	46.007
136.249	117.102	22.021	46.262
135.472	117.218	21.961	46.221
133.278	117.770	23.173	46.357
132.383	117.693	23.871	46.402
130.999	118.232	23.808	46.052
124.576	120.621	23.732	46.627
121.907	119.981	23.071	48.368
120.900	120.690	22.083	47.913
118.962	121.614	22.106	47.203
118.023	121.944	22.127	47.292
116.073	122.799	22.308	47.138
115.496	122.901	22.157	47.173
113.634	123.533	22.495	47.830
113.037	123.929	22.312	47.245
110.754	124.454	22.602	47.751
109.009	124.783	22.870	47.479
108.150	124.848	22.753	48.013
122.637	126.419	29.176	44.106
141.607	126.213	26.249	48.266
180.984	126.761	28.003	46.295
203.680	125.555	25.192	46.377
238.330	127.041	24.664	45.029
230.137	130.792	37.078	38.820
203.272	139.375	41.300	44.565
196.594	132.426	27.307	50.773
201.829	131.938	34.014	46.030
203.079	131.590	30.890	41.106
203.644	131.844	30.083	42.472
211.445	125.058	31.432	43.938
208.964	129.453	31.374	44.908
209.137	128.448	28.447	47.307
218.293	128.142	29.210	45.235
216.768	125.350	27.886	47.892
212.604	124.497	31.578	49.181
220.659	125.119	26.781	50.629
224.745	130.799	27.644	51.655
219.903	123.418	27.526	48.238
219.002	126.452	27.334	47.653
216.055	121.422	27.585	47.488
208.158	129.643	29.635	46.574
204.822	129.830	28.630	49.509
200.068	130.209	26.202	48.232
207.555	127.949	28.105	49.250
203.723	134.583	26.482	45.994
201.600	134.301	27.710	45.759
208.781	131.803	23.913	46.719
206.777	129.487	25.015	45.445
210.319	126.417	29.002	46.132
204.945	130.434	28.392	49.531
201.657	129.696	24.133	47.989
202.961	129.261	25.931	47.080
209.587	126.449	27.731	47.785
213.973	125.463	25.135	45.059
208.838	127.188	26.915	45.261
203.697	135.850	28.024	45.575
214.256	126.481	25.650	44.997
220.916	124.735	24.425	44.217
213.887	128.479	26.172	46.117
219.271	130.270	22.955	47.710
212.757	131.250	26.350	45.978
218.872	129.824	25.934	49.476
216.756	126.710	25.881	47.711
214.741	123.539	25.175	46.413
209.778	128.478	27.558	47.734
219.928	132.468	24.457	47.781
216.233	130.070	24.208	45.969
210.044	125.381	25.627	43.818
213.668	131.127	27.127	46.887
203.628	133.947	23.142	46.940
199.009	131.852	25.482	46.073
198.671	134.398	23.178	44.758
204.300	126.024	24.085	46.462
211.673	128.930	25.083	46.276
217.844	127.494	27.650	48.304
215.706	126.461	26.313	48.866
219.346	124.484	27.745	44.484
227.726	123.601	24.959	47.494
237.255	123.804	20.626	45.482
230.840	127.831	22.574	47.107
223.527	135.773	23.624	46.186
219.171	126.172	24.202	47.337
213.434	128.974	28.376	45.271
210.645	122.727	27.739	49.236
203.090	129.377	28.324	48.280
209.008	123.176	30.235	49.963
202.292	132.626	29.064	47.392
196.515	125.355	30.022	51.927
207.360	127.505	28.167	51.314
216.320	124.352	28.523	48.998
223.859	128.662	25.474	47.589
218.544	126.946	27.255	49.690
226.277	127.089	25.640	49.493
232.472	126.217	22.290	48.822
242.128	130.901	20.216	49.190
242.748	132.200	18.963	45.889
235.931	133.058	22.157	46.068
238.734	130.027	19.928	45.231
230.184	134.954	21.128	45.158
221.727	126.524	24.277	46.791
215.137	125.025	27.402	47.599
223.702	125.391	26.441	45.937
203.535	134.645	24.049	42.356
210.978	126.316	23.810	41.333
205.805	129.564	24.961	44.529
210.181	123.696	28.344	45.748
217.585	127.811	27.804	45.923
212.586	123.214	28.490	50.246
204.272	128.596	29.820	47.022
213.448	129.032	26.342	43.591
215.248	123.743	26.927	47.379
209.561	129.821	27.898	45.500
208.287	132.250	25.165	46.878
203.619	132.221	26.563	44.057
209.003	126.805	28.844	48.068
214.674	128.483	25.555	48.278
210.254	126.808	28.266	50.629
204.046	130.087	27.810	48.318
208.100	127.664	29.135	48.912
214.767	126.683	27.425	48.827
208.011	123.859	29.889	47.866
215.249	127.852	30.010	47.599
209.878	120.418	27.231	50.015
203.746	130.826	27.144	47.591
198.136	131.918	24.217	47.412
204.984	126.727	24.068	45.530
209.880	126.311	28.226	46.744
203.832	132.251	28.429	46.567
199.918	128.146	26.297	50.270
209.813	127.311	24.401	47.455
207.116	123.403	25.561	48.970
212.720	123.920	31.197	48.079
236.900	102.883	22.490	47.016
241.983	111.536	20.325	38.914
246.038	112.673	18.249	39.213
248.700	114.425	17.181	34.701
250.468	112.802	17.418	37.277
253.270	114.145	16.919	38.198
256.196	115.865	16.150	36.152
257.886	115.246	17.059	37.526
260.531	117.847	16.453	36.579
260.428	118.195	17.976	36.086
262.767	118.519	19.040	36.340
264.480	118.052	18.576	37.195
264.530	118.731	19.229	36.586
269.186	119.508	17.444	36.697
269.472	118.581	17.852	35.864
274.581	119.167	16.558	36.088
274.707	120.539	17.336	35.663
274.249	119.962	17.935	35.552
277.897	119.951	16.641	36.091
279.442	120.871	16.177	35.069
280.848	119.707	16.481	35.707
279.769	120.405	18.355	34.421
283.961	120.436	18.020	34.265
282.657	120.453	19.217	35.064
289.523	121.878	16.961	36.214
287.995	119.473	18.753	38.175
290.586	122.817	17.654	35.840
290.781	115.470	17.486	40.317
290.843	116.469	18.914	40.173
293.096	119.042	18.492	40.786
295.169	121.461	17.980	40.065
297.118	121.378	17.645	40.503
299.118	124.452	17.078	38.374
300.441	123.932	16.731	38.367
301.044	123.732	17.402	38.964
301.845	124.825	17.594	38.051
304.283	124.897	16.715	38.694
305.869	125.515	16.681	38.737
307.063	125.967	15.639	38.718
307.299	125.809	17.242	39.048
309.741	126.137	16.653	39.904
310.996	128.365	16.209	38.287
308.953	122.369	17.551	42.827
311.007	125.990	17.627	40.134
312.298	124.606	16.781	42.178
313.251	125.781	16.762	39.663
313.195	123.152	16.294	40.255
