173.000	66.000	14.000	35.000
173.266	65.663	15.384	35.285
173.904	66.300	16.047	34.926
174.777	65.673	15.721	35.817
176.098	65.043	15.356	36.057
177.291	64.965	15.142	36.176
178.110	65.309	15.198	35.840
179.187	65.177	15.100	36.106
180.031	64.876	14.848	36.021
181.832	65.084	14.332	35.538
182.177	64.984	14.649	35.806
183.472	65.594	14.706	34.707
183.947	65.508	15.119	34.376
185.836	65.254	14.898	34.069
187.381	64.856	15.000	33.397
187.734	64.970	15.850	33.817
188.635	65.432	16.038	33.515
188.671	65.427	16.921	33.176
189.039	65.947	16.540	32.588
189.933	65.521	16.284	32.982
190.538	64.896	16.277	34.040
191.538	65.032	16.096	34.031
191.898	65.303	16.423	34.093
192.364	65.209	16.743	34.267
192.478	65.302	17.209	34.019
193.713	65.238	16.962	34.153
194.540	65.541	17.297	34.036
194.971	65.334	17.748	34.562
196.157	65.269	17.905	34.568
196.762	64.887	18.273	35.421
198.684	64.671	17.822	35.180
199.331	64.502	18.392	35.305
200.708	64.386	18.515	35.967
201.413	64.553	18.477	35.785
202.813	64.564	18.301	35.139
204.556	63.933	17.484	36.083
204.915	63.871	17.639	35.679
206.535	63.869	16.743	35.697
207.074	63.772	16.737	35.994
208.355	64.183	16.287	34.802
209.003	63.786	16.059	35.099
210.125	64.434	16.206	34.168
210.703	64.465	16.536	34.278
212.783	64.724	16.206	34.230
214.618	65.077	16.260	33.128
215.271	64.560	15.876	33.378
216.430	64.159	15.879	32.861
216.632	63.692	15.808	33.474
217.572	63.548	15.852	33.359
217.212	63.583	16.639	33.648
218.610	63.777	16.273	32.967
218.173	64.086	16.876	33.519
219.468	64.030	16.791	33.251
219.993	63.892	16.936	34.203
220.020	64.112	17.128	34.350
221.163	64.120	16.370	33.655
221.677	63.818	16.583	34.254
222.029	63.996	16.409	33.862
222.616	63.960	16.562	33.740
223.038	63.639	16.705	35.058
224.386	64.223	16.426	34.158
225.545	64.456	16.237	34.526
226.011	64.666	16.732	33.926
227.581	64.426	16.408	34.196
228.896	64.651	16.339	33.355
229.473	64.214	15.958	33.937
230.422	64.214	16.286	34.254
231.767	63.441	16.090	33.803
232.297	63.217	16.174	34.478
233.334	63.253	17.110	34.745
233.583	63.581	17.102	34.174
234.705	63.809	16.728	34.523
235.258	63.458	16.521	34.098
235.589	63.257	16.773	34.680
236.414	63.376	16.585	34.806
237.762	63.525	16.324	35.103
238.232	63.769	16.831	34.823
239.976	64.003	16.462	34.817
240.938	63.717	15.821	35.513
242.859	63.900	16.355	34.261
243.605	63.146	16.393	35.091
245.814	62.309	17.794	36.557
267.686	59.706	18.449	36.797
249.783	62.105	22.044	36.352
249.356	62.316	19.550	35.805
249.863	61.724	18.226	33.055
251.251	62.824	17.541	34.658
252.121	62.788	17.750	34.754
252.764	62.726	17.756	33.552
254.437	62.964	17.900	33.862
255.554	63.096	17.407	33.348
257.513	62.949	16.742	33.596
257.415	63.285	16.685	34.264
260.032	64.028	16.210	33.271
261.002	63.661	16.099	32.646
261.842	62.344	15.153	32.954
263.233	61.902	16.844	33.082
262.930	61.558	16.208	33.822
264.246	60.978	15.508	35.294
264.591	61.232	15.627	34.641
266.344	60.942	16.171	34.033
266.363	60.604	17.303	34.749
267.883	60.710	17.155	34.768
269.487	61.958	16.542	34.422
269.451	62.100	17.418	34.281
270.589	62.664	17.711	34.107
271.242	62.603	18.503	34.251
272.322	62.877	18.160	33.820
274.805	63.221	17.562	33.326
274.692	63.239	17.734	33.431
276.292	63.672	16.978	32.930
277.823	61.722	17.020	33.866
278.161	61.414	17.393	33.896
279.437	62.167	16.977	33.958
280.418	62.273	17.092	33.837
280.612	62.362	17.235	33.445
281.624	61.985	16.715	32.937
283.437	61.913	16.106	33.700
284.348	62.145	15.974	33.755
285.674	62.409	15.988	33.491
287.121	61.640	15.944	34.011
287.729	60.638	15.623	34.632
288.750	60.604	16.236	34.218
289.679	60.628	16.515	33.894
290.389	60.697	16.292	34.318
290.455	60.122	16.662	33.991
291.623	59.855	16.859	34.239
292.400	60.204	17.431	34.017
293.635	61.116	17.768	33.313
294.155	61.389	18.019	32.850
294.726	61.319	18.455	33.009
296.135	61.027	19.413	32.695
298.918	60.387	18.336	33.465
299.583	61.062	18.797	33.303
300.458	61.076	18.791	32.823
302.658	60.555	17.504	33.164
305.345	60.410	16.145	32.566
306.415	60.572	16.258	32.219
308.167	60.691	15.506	32.553
309.639	60.851	15.357	32.632
310.332	60.761	15.326	32.643
311.814	60.231	15.050	33.508
311.712	60.057	15.196	33.382
312.635	60.092	16.119	34.310
314.573	60.383	17.040	33.346
315.934	60.135	19.074	33.581
318.820	58.522	22.135	34.813
318.051	58.374	20.234	35.279
322.628	56.685	21.417	36.351
321.040	59.192	17.740	35.195
322.390	59.329	17.274	32.727
322.907	58.869	16.705	33.890
323.343	56.877	19.463	35.436
323.085	57.185	17.096	35.168
323.598	57.127	17.692	34.533
324.830	58.053	19.495	34.722
338.756	57.686	17.350	34.805
330.597	58.897	20.845	36.316
339.688	57.260	18.599	35.799
326.259	56.290	15.475	34.577
327.471	57.920	16.671	33.627
326.740	57.824	17.863	33.677
328.270	57.860	17.980	32.851
330.358	58.121	17.238	32.878
331.249	57.932	17.189	34.491
332.057	58.210	17.546	34.259
333.135	57.796	17.341	34.878
335.439	57.508	16.008	34.061
336.663	58.575	15.611	33.042
336.982	59.083	15.924	32.220
338.477	57.289	14.958	33.491
340.145	56.609	14.434	34.636
341.037	58.459	15.462	32.722
342.111	59.177	14.567	33.559
342.746	58.063	15.321	33.232
343.729	57.987	15.983	33.209
344.269	57.641	15.934	33.069
345.918	57.482	15.768	33.575
345.485	58.007	16.707	33.676
347.130	58.123	16.761	33.174
347.955	57.628	17.437	31.618
350.254	57.354	16.338	30.997
350.882	58.613	17.133	32.773
351.224	58.590	17.879	32.814
351.919	58.579	17.791	33.589
355.240	58.187	15.858	31.828
357.227	57.403	15.424	30.915
358.321	57.069	14.962	32.157
358.613	60.623	16.547	29.869
360.016	60.218	15.613	29.807
361.793	57.284	14.927	31.598
363.439	57.392	14.610	32.485
364.616	56.676	14.720	32.488
364.852	57.206	15.039	32.563
364.686	57.505	14.775	32.195
366.302	58.192	14.825	31.375
367.771	57.510	15.056	31.389
369.156	57.722	15.789	32.291
369.988	57.615	15.996	31.107
370.856	57.619	15.887	31.743
372.879	57.177	14.722	31.076
374.498	57.007	14.569	30.832
375.691	56.681	16.915	31.803
377.314	56.500	16.236	31.924
378.379	56.418	15.791	33.135
379.169	55.858	15.462	32.129
379.876	55.930	15.066	33.117
381.167	57.055	16.208	33.048
382.105	58.088	15.603	32.454
383.195	57.215	14.957	32.944
383.995	56.048	15.166	33.693
385.100	54.385	14.512	32.866
386.224	54.712	13.894	30.895
384.672	55.551	15.662	31.634
387.195	56.006	16.088	30.744
391.365	55.575	15.679	32.535
393.348	54.545	19.354	32.867
391.321	53.109	16.136	35.084
391.922	54.726	15.600	33.423
393.979	55.232	14.872	32.417
394.009	56.144	15.182	31.936
394.439	54.995	15.010	32.437
395.213	55.676	15.205	32.337
396.417	55.911	15.812	32.892
397.669	56.115	15.953	33.255
399.450	55.955	15.371	32.959
401.604	56.047	14.692	33.608
402.366	54.685	15.489	33.124
404.011	54.150	14.994	32.479
404.439	54.684	15.512	34.020
406.069	55.627	14.747	34.156
406.519	56.146	14.673	33.452
406.746	55.947	15.311	33.746
407.430	55.996	15.373	33.941
407.581	55.711	15.895	34.282
408.663	53.784	15.328	34.073
409.607	57.081	16.884	34.696
410.384	57.493	17.035	35.198
411.058	57.471	16.963	35.060
412.410	57.155	16.976	35.145
413.663	55.229	16.462	36.334
415.729	54.699	16.313	33.943
416.574	54.114	17.067	35.508
415.303	53.770	18.916	37.327
417.869	53.803	17.795	34.842
418.924	54.000	17.887	36.778
420.893	54.225	17.695	34.621
422.787	55.365	16.807	33.026
425.035	54.802	16.006	30.992
426.082	54.843	16.239	32.126
427.518	54.674	15.834	32.207
429.477	55.046	15.727	30.742
429.659	55.270	16.449	32.521
430.895	54.984	16.034	33.324
431.966	54.583	16.080	34.513
431.998	54.462	16.537	34.207
434.319	54.474	15.633	33.426
435.009	54.629	15.671	33.679
436.171	54.722	15.696	33.883
436.230	55.064	16.837	34.694
437.811	54.533	16.616	33.643
439.233	53.942	16.295	33.956
440.141	54.028	16.164	34.375
442.398	53.426	15.493	34.988
443.445	52.687	16.031	35.985
443.907	51.880	15.976	35.909
445.369	52.155	16.096	34.937
446.218	52.678	16.422	34.471
447.688	53.591	16.570	33.919
448.248	53.453	16.560	35.080
448.863	52.481	16.659	35.531
450.096	52.631	16.257	36.261
451.223	52.812	16.150	35.920
452.202	53.257	16.276	36.747
453.346	53.735	15.900	37.043
453.787	53.611	15.714	36.787
454.840	52.798	15.738	35.868
455.403	53.007	15.563	34.846
456.539	52.663	15.745	34.220
457.574	53.168	15.576	33.825
458.430	53.133	16.091	34.128
458.409	52.954	16.092	32.844
458.330	51.217	16.709	33.437
459.698	51.025	16.657	34.746
459.600	51.862	17.956	34.696
461.102	52.041	17.891	36.126
461.953	52.216	18.266	39.498
461.914	52.662	19.312	40.944
463.820	52.509	18.648	41.101
465.347	52.718	18.531	40.467
465.611	52.808	18.586	41.935
467.664	52.139	18.684	42.709
468.278	50.956	18.337	43.100
469.493	49.529	19.002	45.576
469.687	50.456	19.120	43.864
469.769	51.328	20.957	43.683
469.668	50.539	21.806	44.721
469.965	50.208	21.695	44.557
468.669	49.054	21.257	44.960
467.219	48.836	22.290	46.121
466.889	49.236	20.743	44.573
465.721	49.870	18.616	45.623
465.613	49.363	19.976	44.939
465.736	49.270	20.472	45.736
464.787	48.926	19.675	45.162
476.474	50.106	21.109	46.786
466.760	51.095	29.049	45.110
465.942	49.104	22.245	44.742
467.792	49.828	21.383	45.140
469.121	49.899	21.227	45.127
469.982	49.752	19.801	43.695
469.522	50.667	19.969	43.047
470.363	51.040	19.693	44.069
470.055	50.905	18.564	44.392
470.161	50.155	19.844	43.226
469.377	49.618	18.083	44.778
469.360	48.986	20.162	44.864
489.003	50.924	20.449	45.479
468.179	50.496	19.766	44.479
490.589	49.635	21.020	45.153
467.677	49.139	19.087	46.995
493.475	50.412	19.980	45.130
468.809	50.436	20.332	43.883
469.697	50.740	19.939	43.910
470.130	51.964	20.816	43.090
470.673	50.258	20.221	44.194
470.351	50.110	19.548	43.559
469.970	49.808	19.241	43.356
469.850	50.199	18.532	44.464
469.251	50.738	18.039	44.334
469.223	50.226	18.248	45.701
503.617	50.538	17.615	46.725
503.866	50.090	16.924	45.928
504.904	51.171	17.178	43.899
506.010	51.528	16.011	42.300
506.602	50.504	16.042	40.234
507.027	48.650	15.872	40.964
507.423	49.399	16.652	41.139
508.382	50.205	16.830	41.478
508.477	50.369	17.427	42.868
509.805	50.517	17.704	44.140
510.060	50.639	18.202	43.784
510.777	50.272	19.149	44.546
511.795	48.613	20.572	46.132
512.882	48.075	23.307	48.300
515.994	45.489	29.759	51.699
513.479	47.888	22.826	51.163
514.800	47.838	23.210	50.599
532.481	50.520	24.233	47.928
517.851	48.430	23.005	48.054
517.386	48.311	28.622	50.040
528.406	48.051	27.140	50.091
519.384	48.084	21.058	46.997
521.282	47.656	18.713	47.990
522.307	48.203	18.541	47.357
526.692	50.103	21.538	46.509
524.361	47.732	17.074	43.725
525.384	50.130	19.374	40.929
526.221	49.979	18.162	39.581
527.552	48.593	17.229	39.593
527.790	48.956	17.754	38.132
528.804	48.490	17.026	37.711
529.800	49.195	18.803	39.769
530.118	50.842	18.139	44.864
530.710	51.469	19.580	44.130
531.216	50.947	19.248	44.636
531.752	51.307	19.364	44.423
531.674	50.804	21.832	45.877
533.787	51.144	20.118	43.798
532.729	54.944	22.712	41.387
535.767	51.708	20.544	41.975
534.017	51.081	23.125	44.598
539.555	49.953	19.798	44.277
540.403	50.148	18.781	42.771
540.319	49.599	19.832	40.508
541.597	47.994	18.770	41.335
542.772	46.720	18.665	43.610
541.525	46.323	19.969	41.917
542.945	45.912	19.370	40.844
545.322	45.072	18.405	42.798
545.489	47.128	18.708	42.384
547.957	46.294	17.566	43.711
549.321	47.625	17.271	45.519
550.665	47.687	16.887	45.985
551.048	47.595	17.551	45.234
552.493	47.319	16.780	45.148
553.724	47.053	16.747	44.449
554.181	47.003	16.313	44.438
555.319	47.532	17.825	42.852
555.948	47.908	15.913	44.100
556.940	48.749	16.429	42.891
556.930	45.383	16.218	43.229
558.008	45.826	16.475	44.077
558.936	47.009	16.942	44.081
559.897	47.454	17.513	43.315
560.288	47.616	18.168	41.735
561.288	47.938	18.726	43.799
562.331	47.504	19.296	43.131
562.771	46.112	18.267	43.848
564.533	44.781	18.728	45.330
566.078	45.720	18.620	42.747
567.753	46.288	17.213	42.683
568.360	44.892	17.569	42.904
569.071	44.730	16.871	42.906
570.184	46.050	17.101	40.155
571.770	45.739	16.681	38.214
572.349	45.164	16.631	40.248
572.721	45.345	17.016	39.279
573.645	44.192	16.314	37.145
575.118	43.047	15.935	39.091
575.690	44.247	16.257	42.230
576.523	45.314	15.682	40.643
577.623	42.872	16.269	38.757
578.531	43.599	14.852	39.744
579.788	43.577	15.470	41.204
580.822	44.412	15.251	41.662
581.926	43.918	15.944	40.178
583.048	43.627	15.340	40.352
583.673	41.680	14.618	41.423
584.350	42.196	15.056	39.507
584.591	42.907	15.334	40.116
585.502	42.693	15.489	42.688
585.541	44.487	16.425	41.471
585.374	43.721	17.162	40.791
586.018	42.740	17.686	41.042
586.772	43.003	18.337	43.113
587.014	43.540	18.696	42.181
588.361	44.507	19.242	39.949
589.978	44.137	19.249	41.303
590.694	44.577	19.203	39.098
592.270	43.723	19.062	40.440
592.915	43.760	18.546	39.377
594.311	44.704	18.900	37.490
594.734	44.230	18.511	37.893
596.048	42.192	17.940	37.893
596.965	41.292	17.372	39.258
597.719	40.683	17.642	37.991
598.619	42.020	17.210	38.777
598.737	41.233	17.474	38.633
599.592	43.516	18.309	40.351
600.219	41.525	17.149	38.680
615.546	45.319	14.454	40.738
618.457	45.977	11.543	37.578
617.304	46.627	12.578	33.767
619.122	46.837	10.878	35.427
618.281	47.478	11.687	33.868
617.745	48.026	12.084	33.834
619.637	47.184	10.363	31.360
618.794	47.424	11.206	32.099
608.459	47.896	15.414	32.847
608.182	42.969	16.300	36.125
608.696	45.705	17.284	36.740
609.612	44.260	16.053	36.882
609.793	44.060	17.268	38.931
