59.000	372.000	41.000	36.000
76.813	370.940	41.476	37.665
95.012	369.680	41.987	38.410
103.536	368.640	39.527	38.446
122.847	368.323	41.138	38.484
135.915	367.711	43.639	38.669
147.443	366.755	43.503	36.358
163.735	364.604	38.292	36.617
176.603	363.844	41.304	38.738
184.652	361.549	39.214	39.561
239.280	356.403	37.889	41.870
243.767	356.872	37.774	40.896
252.810	356.729	35.095	39.454
261.053	356.805	39.190	38.751
279.378	355.850	38.259	38.540
284.377	354.683	37.646	39.787
294.671	354.378	32.122	38.964
302.545	355.088	31.324	37.561
315.489	353.794	27.933	40.659
323.733	353.418	28.639	38.334
370.667	349.808	34.188	36.807
366.044	349.881	33.145	37.717
380.686	348.998	26.879	36.740
394.712	347.761	37.343	37.087
404.716	346.678	37.609	35.862
406.419	345.576	32.434	37.170
416.503	344.714	30.952	35.210
426.454	344.005	38.129	36.042
432.134	342.909	27.175	36.834
436.535	342.017	30.106	35.858
441.761	341.578	29.002	35.756
454.033	339.924	30.434	35.985
461.454	339.214	34.619	34.971
468.697	338.883	35.079	35.241
468.678	338.986	30.811	37.175
476.699	338.551	31.228	34.967
513.235	332.024	27.927	38.172
542.663	330.524	24.127	38.897
547.348	330.077	22.221	37.327
558.603	330.126	34.849	33.023
563.366	327.685	30.689	37.611
573.873	326.983	25.304	38.776
582.224	326.568	27.012	35.190
585.711	325.677	30.572	37.025
596.436	324.959	22.835	37.588
