208.000	218.000	37.000	37.000
211.349	215.863	36.565	40.155
213.026	214.757	35.432	42.119
214.711	213.711	33.901	38.743
217.303	214.590	31.642	39.005
219.281	215.474	34.148	39.092
221.112	210.563	33.931	41.323
221.257	212.773	34.176	40.700
224.725	213.704	34.224	38.648
227.744	210.442	32.262	38.451
229.968	210.580	33.022	38.034
231.351	207.956	34.298	40.258
231.903	208.626	35.237	38.963
234.842	209.870	34.451	37.482
236.104	209.520	32.650	37.592
237.981	208.245	31.853	37.806
240.042	207.505	31.800	39.420
240.317	207.041	33.514	38.591
241.442	206.363	34.032	37.833
244.316	205.472	33.919	38.470
247.365	203.855	32.977	39.886
249.411	203.195	32.660	41.102
250.762	203.391	32.345	39.977
251.483	203.740	32.460	40.053
251.976	203.504	31.322	40.071
252.874	204.247	29.729	38.348
254.850	202.832	32.360	39.018
256.247	201.812	30.309	37.817
257.688	201.577	30.702	36.653
258.812	202.055	31.498	37.839
259.321	201.921	32.475	38.344
259.578	202.061	34.049	37.616
260.887	201.945	34.316	38.417
261.976	200.779	36.355	38.601
263.543	200.919	34.298	35.408
265.183	200.290	33.305	35.478
267.156	199.370	31.902	35.700
269.289	199.112	32.547	37.162
269.919	200.002	33.599	36.785
270.537	199.669	34.779	37.302
273.210	199.316	34.110	36.991
275.454	197.801	31.087	36.702
276.734	197.861	34.423	36.649
278.155	197.247	32.505	35.553
278.817	197.200	33.424	35.659
279.706	197.736	34.558	35.516
279.494	198.576	39.515	34.966
281.706	199.353	39.256	33.089
284.241	199.019	36.729	33.066
285.979	199.767	36.261	31.925
288.152	198.408	37.013	32.183
288.738	197.043	35.641	32.686
290.431	197.158	35.458	33.045
291.882	196.663	36.295	33.711
292.986	196.570	35.176	34.644
295.350	198.870	33.385	33.064
298.149	197.318	32.585	33.833
299.818	194.672	31.253	35.496
300.757	194.127	31.856	36.345
301.522	191.818	33.144	37.178
301.040	193.040	36.540	35.941
302.057	195.918	38.866	33.491
303.134	196.727	37.654	32.011
304.231	196.231	37.881	32.536
305.380	197.334	37.964	31.941
307.323	195.327	36.445	32.765
308.038	195.622	35.272	31.758
308.938	194.136	36.034	33.174
309.267	193.746	36.132	31.378
309.388	195.014	35.356	31.037
310.215	193.877	35.041	32.017
309.543	194.869	36.203	30.884
310.400	193.904	36.892	32.181
311.781	193.872	34.340	32.460
311.870	192.232	33.760	33.794
313.465	190.341	31.758	34.670
313.514	188.609	34.762	36.356
313.279	190.561	33.566	34.482
312.897	192.000	33.669	33.171
312.207	192.582	36.608	32.063
313.678	192.282	34.902	32.625
313.246	191.774	35.211	32.623
314.189	192.332	34.214	32.680
313.103	191.540	35.655	32.667
313.737	190.717	35.231	32.846
313.398	189.608	36.507	34.320
313.635	189.939	35.609	34.098
313.313	189.753	36.101	34.279
313.813	190.380	34.856	33.514
313.538	190.315	35.818	33.609
313.451	189.430	36.092	34.603
313.251	189.069	36.792	35.049
312.971	188.396	36.782	34.931
313.020	188.169	37.130	35.144
313.313	188.731	37.628	34.776
313.193	188.458	38.127	35.637
313.435	189.207	38.230	35.066
313.463	189.531	38.060	34.893
313.284	188.902	38.297	35.018
313.181	188.764	38.634	34.728
313.207	187.692	37.780	35.915
313.063	188.116	38.305	35.298
312.910	189.112	38.204	34.870
312.757	189.957	38.396	34.287
312.812	189.421	38.684	34.812
313.113	189.841	38.001	34.674
312.501	189.311	38.936	34.810
312.936	189.152	39.188	34.481
313.023	189.335	38.254	34.232
313.042	189.710	38.103	34.290
313.343	190.358	38.767	34.057
313.514	190.601	38.874	33.891
313.527	190.708	38.099	34.234
312.606	190.347	38.792	34.662
313.483	190.384	37.889	33.797
313.367	189.806	38.263	33.581
313.469	190.252	37.416	33.820
314.247	191.001	37.176	33.495
312.984	190.974	38.750	33.744
313.736	190.676	37.351	33.430
313.707	192.002	37.526	32.400
313.618	191.558	36.815	32.456
313.990	191.803	36.386	31.483
313.955	191.210	36.876	32.167
314.619	191.299	36.536	32.163
313.705	191.145	37.099	32.339
314.321	193.151	36.251	31.783
314.495	192.693	36.502	32.058
314.270	191.929	36.717	32.775
313.584	191.889	37.552	32.464
313.440	191.558	37.475	32.719
313.338	191.467	37.700	31.978
313.378	190.309	37.887	33.132
313.402	190.493	38.367	33.567
313.596	191.459	37.649	33.382
314.080	191.479	37.115	33.337
313.306	192.460	36.934	32.658
313.126	191.011	36.735	33.879
313.313	188.933	35.840	34.759
312.288	189.027	37.522	34.249
312.798	189.506	37.102	34.087
312.881	189.420	36.868	33.994
312.957	190.519	38.163	34.317
313.374	191.180	36.295	34.327
312.681	190.579	36.673	34.516
312.599	190.132	37.093	34.777
312.486	189.582	36.678	34.789
311.845	188.441	37.376	35.248
312.329	190.245	36.037	34.019
312.327	189.695	38.101	34.514
312.865	192.504	36.917	33.084
312.542	191.290	37.977	33.448
312.981	190.589	36.355	33.671
312.992	190.787	36.454	33.465
312.348	189.438	37.933	33.222
312.065	190.444	37.363	31.986
312.378	191.337	36.981	32.784
312.352	191.136	36.747	32.620
312.797	191.059	37.622	33.691
313.145	192.427	36.678	32.727
312.861	191.048	36.903	33.238
313.313	189.438	37.358	34.532
313.986	190.147	35.207	33.179
313.150	189.538	36.354	33.227
313.626	189.683	36.126	33.508
313.870	190.564	37.014	33.597
314.260	190.327	36.360	34.179
314.354	191.792	35.854	33.161
313.608	190.767	36.606	34.226
313.680	189.436	35.873	34.371
313.895	188.309	35.889	34.813
314.051	187.884	35.549	34.659
313.927	188.220	35.839	34.825
314.362	188.956	36.077	35.287
313.862	188.993	36.337	34.997
313.910	190.061	37.143	34.399
313.964	189.371	36.942	35.126
313.596	188.734	37.064	35.682
313.590	187.938	37.323	35.011
313.443	187.303	36.543	35.539
313.950	188.323	36.253	34.534
314.069	188.949	36.222	35.057
314.371	189.621	36.104	34.974
314.793	189.635	35.548	35.191
314.443	189.609	35.025	35.488
315.204	187.544	34.072	37.795
315.607	186.579	33.562	37.746
315.262	186.957	33.108	37.038
315.244	187.640	33.879	36.415
315.027	187.684	35.215	36.823
314.882	188.240	35.223	37.216
315.249	189.096	34.564	36.856
314.777	189.013	35.339	36.399
314.648	189.316	35.238	36.283
314.388	187.204	35.666	37.881
313.754	186.808	36.234	36.869
313.942	187.689	35.704	36.721
314.089	186.343	35.534	38.417
314.225	187.727	34.724	37.411
314.403	188.457	35.750	37.327
314.503	188.361	35.078	37.267
314.237	187.991	35.597	37.200
313.996	188.111	36.051	36.913
313.958	186.521	35.480	37.311
313.559	187.470	36.650	36.156
313.469	189.094	36.843	35.045
313.794	189.564	36.917	34.577
314.002	190.003	36.999	34.299
314.051	190.698	36.943	34.133
314.182	190.353	36.446	34.473
313.424	189.201	36.917	34.405
313.302	188.609	36.994	35.106
313.767	188.950	35.824	34.665
313.187	188.289	36.269	35.010
313.612	189.887	37.157	34.559
314.334	190.393	35.994	34.886
313.195	189.387	36.667	35.465
313.932	189.089	36.573	35.982
314.200	190.091	36.382	34.233
313.012	188.455	37.232	34.981
313.952	189.534	36.237	33.858
313.757	189.664	37.512	34.357
313.672	190.025	36.820	33.817
313.999	190.951	36.452	33.394
314.160	191.801	36.527	33.036
312.870	189.735	38.090	34.301
313.294	191.142	37.485	32.801
312.465	189.457	38.363	33.985
313.119	188.858	37.861	34.556
313.368	190.228	38.128	33.915
312.899	189.637	38.481	34.777
313.188	189.310	38.023	35.205
313.288	190.022	37.904	34.984
312.709	189.146	38.564	35.039
313.012	188.993	37.754	35.362
313.238	189.240	37.973	35.263
313.138	188.350	38.269	35.625
313.511	189.478	37.853	35.019
313.284	189.531	38.317	35.185
313.288	189.328	37.728	34.735
313.202	188.221	37.529	35.567
313.541	189.180	37.196	35.090
313.164	188.418	37.896	35.420
313.426	188.848	37.211	35.009
313.827	189.452	36.929	34.671
313.346	189.480	36.668	34.340
313.387	188.706	37.314	34.994
313.771	189.726	36.468	34.634
313.535	189.571	36.336	34.925
313.107	187.612	36.740	35.942
313.522	188.574	36.563	35.469
313.895	187.495	36.158	36.446
314.274	186.501	34.515	36.641
314.862	188.061	34.621	36.788
314.619	185.927	33.226	38.700
314.223	187.265	34.148	36.246
315.355	187.271	34.247	37.664
313.831	186.725	35.149	36.912
314.114	186.722	34.865	36.938
314.937	187.364	34.702	37.353
314.361	186.346	35.616	37.990
314.915	186.502	34.481	38.667
314.281	187.966	35.863	38.226
314.515	186.970	35.535	39.122
313.989	186.051	35.734	39.090
313.750	186.569	35.955	39.125
313.488	185.031	35.816	39.481
312.958	185.609	35.993	38.381
313.570	185.030	36.468	40.003
313.582	185.394	36.065	38.871
314.383	184.336	35.052	41.305
314.315	185.613	35.483	41.064
314.035	185.518	34.855	39.367
313.982	184.929	34.811	40.023
313.441	185.191	35.180	40.924
313.291	183.661	35.962	40.651
313.353	185.289	36.334	39.840
313.365	185.739	36.997	40.315
312.742	185.914	37.420	39.678
312.954	184.948	37.280	40.545
313.376	185.837	37.166	40.915
312.470	185.089	36.953	39.992
312.582	184.488	36.767	40.299
313.015	185.954	36.906	39.164
313.097	184.045	37.215	40.543
313.066	186.281	37.285	38.599
313.105	187.270	37.775	38.177
313.556	185.299	37.717	40.013
313.399	186.359	37.769	38.991
313.642	185.061	38.111	40.000
313.093	186.036	38.389	38.111
313.189	186.029	39.479	37.535
313.239	186.358	38.475	37.480
313.335	186.924	39.329	37.240
313.452	187.262	37.917	37.524
313.604	188.115	37.787	36.874
313.785	186.879	37.374	38.065
313.958	186.885	35.772	38.642
313.678	185.727	36.214	38.790
313.536	186.118	36.013	38.297
313.372	186.459	35.948	37.874
313.913	186.511	35.128	38.213
313.803	186.785	35.489	38.614
313.895	186.601	35.147	38.890
314.697	186.902	35.082	38.436
314.462	185.185	34.643	40.661
314.292	185.173	35.053	39.418
313.674	185.260	36.503	39.469
313.345	187.153	37.238	37.690
313.731	186.366	36.983	38.151
313.535	185.879	36.919	38.712
313.946	187.837	37.426	37.727
314.056	187.413	38.710	37.410
313.498	189.098	42.617	36.169
314.281	187.936	41.735	36.249
313.726	188.604	43.724	35.624
315.730	188.357	44.087	36.237
316.821	189.685	41.880	34.576
316.957	188.400	45.049	36.012
320.878	188.872	40.718	35.086
323.032	187.652	39.965	35.532
325.948	188.095	40.499	35.447
327.712	189.782	40.756	33.896
327.112	189.536	41.984	33.126
329.725	189.939	43.932	33.700
330.306	189.817	45.942	33.892
332.142	189.887	46.384	33.045
335.916	190.859	44.754	31.972
339.341	189.854	43.450	32.323
341.569	189.915	43.256	31.618
341.955	189.988	43.806	32.170
343.396	189.704	43.375	31.694
345.153	189.170	43.127	31.898
346.719	188.921	44.374	32.649
349.425	188.719	43.353	32.113
353.058	188.401	39.130	32.390
354.672	188.376	40.455	33.033
356.213	187.841	41.096	33.339
357.707	186.802	41.647	34.457
359.259	186.762	42.386	34.515
361.993	186.165	40.385	34.436
365.216	185.975	38.301	33.514
366.361	186.252	38.836	33.567
367.715	185.366	38.022	33.866
369.564	184.803	39.263	34.457
371.421	184.199	40.809	35.021
372.806	184.774	40.446	32.742
376.396	184.680	37.750	33.904
378.376	185.648	37.605	33.170
379.609	184.055	38.263	34.832
382.325	183.837	38.398	34.788
383.942	183.146	38.437	35.082
385.659	182.196	38.951	35.581
388.748	181.233	38.365	35.926
391.324	181.351	36.406	36.142
391.965	182.037	37.362	35.154
393.033	180.932	37.206	36.144
393.615	179.925	38.217	37.249
395.191	179.529	38.247	37.295
395.983	178.944	38.454	37.140
397.582	178.632	38.442	37.190
399.545	178.022	37.728	37.643
401.579	179.082	37.196	36.643
403.042	179.491	38.150	36.402
404.295	178.959	38.340	37.101
404.785	177.719	39.535	38.249
406.818	178.606	37.507	36.904
409.582	177.390	35.064	37.692
414.105	175.614	31.124	40.118
415.337	175.452	30.725	39.647
417.127	175.701	31.132	39.869
419.703	174.957	30.523	39.447
422.104	174.327	30.611	40.379
423.718	174.229	29.113	40.077
424.937	173.530	27.890	38.325
427.123	172.297	27.512	39.335
428.582	173.671	26.552	38.109
430.944	170.724	24.500	40.165
432.491	172.018	24.176	38.390
433.964	172.451	24.081	37.652
435.454	171.893	23.131	37.263
436.575	171.458	22.588	36.758
437.313	171.187	21.792	36.745
437.941	169.415	21.422	36.689
438.955	170.651	21.340	34.914
441.177	169.906	19.464	35.745
441.465	169.121	19.918	36.041
442.815	169.341	19.166	35.988
443.816	169.241	18.991	35.154
444.689	169.134	19.037	34.533
445.924	167.494	18.964	36.238
446.445	164.945	19.059	37.303
447.652	165.445	18.811	36.178
447.601	164.811	19.766	35.231
448.959	160.992	19.290	38.256
449.412	164.133	19.453	34.838
449.954	161.469	19.460	38.153
450.053	163.874	20.438	34.406
450.163	162.134	20.846	35.214
451.281	161.835	20.161	35.597
451.997	158.930	20.470	37.310
451.619	161.191	21.639	34.573
452.637	159.044	21.899	35.333
453.439	160.198	22.098	34.439
455.260	158.959	21.889	35.659
455.582	157.715	22.693	36.553
455.933	156.223	22.819	37.298
457.718	158.585	22.377	33.655
458.351	157.824	22.988	33.948
460.371	156.964	21.975	34.328
461.472	156.314	22.772	34.514
462.743	155.351	22.386	33.974
463.174	156.550	21.436	33.198
465.128	154.973	20.335	33.722
465.447	156.010	19.440	33.203
467.969	155.351	19.860	33.425
469.853	151.987	23.172	34.061
470.579	153.958	23.725	33.454
474.573	151.962	21.007	32.956
476.179	148.659	19.268	34.440
474.009	154.070	20.841	30.555
475.878	154.542	19.377	28.949
476.899	146.436	23.973	34.737
479.921	144.301	26.379	36.099
480.660	145.374	27.057	33.741
489.466	143.870	21.477	32.941
489.455	142.899	23.210	33.634
489.172	143.612	24.886	32.476
490.060	143.039	25.068	32.796
491.279	141.435	25.874	34.557
492.884	140.235	25.501	35.436
494.293	141.229	26.079	34.393
496.469	141.772	26.651	32.816
498.784	142.768	28.667	31.516
501.471	140.517	28.334	30.579
504.130	138.704	26.959	32.056
506.948	139.027	24.254	32.160
508.511	138.399	24.769	32.350
509.010	136.402	26.387	34.440
510.813	136.487	26.049	31.869
512.448	136.208	26.846	31.082
515.173	134.647	27.249	32.841
516.848	133.449	27.363	32.672
518.769	133.893	27.338	30.981
521.398	132.017	26.875	32.810
523.026	132.777	26.035	31.519
524.352	132.015	25.340	31.476
526.232	130.455	27.034	32.324
528.946	130.625	25.608	30.584
531.216	128.449	26.588	32.736
532.610	126.797	27.087	33.574
534.079	127.698	25.877	31.493
535.331	127.849	26.812	31.729
532.701	128.409	30.286	30.707
501.138	124.905	32.806	32.628
486.866	123.585	33.195	31.883
462.045	123.667	34.646	33.344
445.101	123.317	37.951	32.983
421.626	119.261	34.293	35.124
403.565	118.650	35.387	35.084
396.835	115.411	34.053	36.582
405.959	118.088	31.552	34.851
405.170	118.323	31.558	34.217
409.498	117.665	31.040	31.213
410.473	118.808	30.899	30.287
413.373	117.207	29.639	32.449
415.673	114.897	28.464	32.866
417.815	114.893	26.995	32.794
421.914	117.142	27.374	32.247
421.366	113.517	26.578	34.218
424.179	112.019	26.123	33.917
424.882	113.563	25.932	33.291
427.470	111.379	27.262	33.580
423.569	113.402	30.869	29.131
389.632	115.015	38.680	28.155
377.980	112.044	36.254	28.014
354.040	115.246	34.098	27.748
339.844	113.913	35.095	29.106
312.872	111.687	35.515	27.914
314.317	112.060	33.550	27.119
316.989	114.891	30.400	26.462
320.981	110.297	28.754	28.952
320.786	107.187	28.582	30.770
325.898	110.090	27.260	29.296
327.261	109.147	25.856	28.806
330.348	107.026	24.991	30.577
331.740	109.503	26.081	28.984
333.682	107.580	25.850	28.998
334.641	105.540	27.362	28.972
337.366	107.184	26.149	28.102
337.583	104.982	27.901	29.980
338.593	103.538	28.033	29.769
341.386	105.576	28.315	29.542
343.314	103.851	26.480	30.634
344.385	103.024	27.241	29.598
344.508	103.639	29.557	29.962
348.835	102.865	26.696	28.958
350.186	100.691	27.027	29.851
352.817	100.693	26.040	28.965
355.251	100.475	26.000	27.826
356.240	99.157	25.729	28.468
358.491	100.080	25.399	28.122
359.462	99.042	25.686	28.750
361.021	98.090	25.750	28.686
363.070	99.343	25.484	27.610
364.103	97.203	26.257	28.742
365.535	95.533	25.639	29.083
366.561	96.775	26.086	26.622
368.927	96.254	26.175	27.200
371.967	94.401	24.310	28.454
372.544	94.094	24.636	28.824
374.370	94.210	25.110	28.607
376.501	93.606	25.140	28.005
378.209	95.173	24.317	26.018
371.050	91.968	30.527	28.185
339.275	92.247	24.230	27.269
323.662	92.693	31.949	25.390
300.430	93.983	28.302	25.751
283.443	90.519	31.216	28.078
260.577	88.304	28.048	30.096
251.152	90.626	23.434	27.184
257.767	90.286	23.234	24.998
257.236	90.318	22.406	26.646
260.780	86.111	22.271	26.779
259.936	86.489	21.401	28.107
265.995	87.536	20.195	27.653
264.845	85.004	21.050	28.249
267.271	83.727	21.309	28.653
267.191	85.668	24.290	27.377
268.412	82.676	23.883	28.070
271.237	82.682	22.631	26.082
274.614	83.258	20.529	26.228
276.996	79.871	20.169	30.056
277.431	76.970	20.466	31.169
280.057	78.229	21.127	29.659
282.164	76.647	21.679	29.499
284.227	76.542	21.308	27.399
286.114	77.460	21.427	27.156
288.386	76.998	20.700	27.407
290.578	73.144	19.699	29.256
291.235	74.045	20.573	28.178
292.691	74.217	21.393	28.308
295.244	72.056	20.874	29.454
295.718	70.780	21.430	30.252
296.722	70.399	22.368	29.269
299.998	72.699	21.040	25.415
302.292	72.827	20.746	25.710
306.099	71.316	18.628	26.468
306.995	69.861	19.704	27.274
309.239	70.036	19.719	27.992
311.159	68.138	19.412	27.811
311.950	69.196	20.937	24.594
315.397	68.792	19.820	26.380
316.881	66.319	19.596	26.704
319.467	65.489	19.673	27.260
322.509	65.420	19.018	27.774
323.882	65.265	19.709	27.152
326.298	61.913	19.588	28.405
327.767	64.364	21.790	26.165
329.389	64.767	20.974	23.901
331.369	62.125	19.333	24.611
338.616	60.473	17.065	27.533
340.426	57.919	17.466	27.919
341.570	58.139	18.550	28.011
342.786	57.123	18.781	28.886
343.930	57.256	19.342	25.197
345.326	57.128	19.387	25.153
347.870	58.210	19.021	23.923
348.393	54.445	20.539	26.862
349.586	55.005	20.462	26.604
351.049	60.164	19.360	25.358
351.866	92.686	21.599	25.873
353.492	129.057	20.780	25.000
355.484	147.101	19.616	27.633
358.166	175.996	20.485	27.967
359.866	177.757	21.566	24.938
360.303	173.134	22.217	28.066
361.459	175.957	23.870	25.285
363.959	175.278	21.524	27.478
363.522	171.489	22.431	28.224
363.891	172.890	22.772	27.855
365.773	174.590	22.875	26.983
366.358	172.633	23.341	25.583
367.947	173.592	22.479	24.936
371.134	174.210	20.619	25.750
371.602	170.737	20.297	26.231
371.955	170.386	21.406	27.498
373.951	173.840	21.716	25.334
373.183	172.572	22.031	23.677
374.320	171.585	21.489	23.437
375.497	172.530	22.716	25.413
375.744	171.103	22.423	24.186
376.163	169.793	23.226	25.446
377.077	170.706	24.171	25.911
377.779	169.417	23.958	24.690
379.313	168.427	23.590	26.541
380.706	169.733	22.742	25.972
381.217	168.960	22.868	25.246
382.699	168.334	22.025	25.680
383.244	169.274	22.570	25.510
384.624	167.979	21.714	26.587
385.320	167.555	22.253	26.154
385.827	167.501	22.960	25.972
386.012	168.037	23.964	25.284
387.137	168.088	23.490	24.912
389.023	167.803	23.276	24.795
389.660	168.464	23.702	23.932
389.945	167.955	23.880	25.316
390.723	167.063	24.126	25.633
391.009	165.999	23.782	25.254
392.058	165.559	23.682	26.605
393.186	165.450	23.211	26.709
393.668	165.645	23.158	26.274
394.009	165.609	24.222	26.893
394.469	165.266	23.734	26.989
395.276	164.930	23.176	27.472
395.897	165.505	23.158	27.798
395.779	164.390	23.587	28.064
395.520	164.195	24.115	27.097
395.596	164.684	23.888	27.217
395.343	164.001	24.557	27.135
395.658	163.756	24.821	27.003
396.095	164.590	24.575	27.446
395.909	163.997	25.326	27.995
396.228	163.042	24.352	27.387
396.557	163.710	24.600	27.644
396.711	164.435	23.983	27.572
396.756	162.732	23.601	27.935
396.802	163.550	23.657	27.648
396.279	164.036	24.687	27.680
396.219	162.793	24.687	28.184
396.244	163.670	24.609	27.893
396.685	164.455	24.284	28.088
396.422	163.064	24.116	27.726
396.203	163.693	24.535	27.833
396.531	163.249	24.058	28.471
396.239	162.680	24.015	28.428
396.349	163.400	24.146	28.142
396.352	164.047	24.190	27.902
396.041	163.501	23.901	27.498
396.483	163.763	23.276	27.448
396.692	164.869	22.991	27.046
396.325	163.231	23.193	27.589
396.373	163.156	23.070	27.852
396.472	164.325	22.956	26.894
396.758	163.847	22.274	26.591
397.112	164.708	22.547	26.725
396.830	164.225	22.991	27.304
396.825	163.758	22.621	26.938
396.589	163.998	22.955	26.928
396.796	163.890	22.255	26.830
396.292	164.081	22.918	25.997
393.535	163.734	25.379	26.940
395.182	163.845	24.273	26.321
395.885	164.052	23.740	26.886
398.894	163.854	21.095	27.111
398.408	163.162	20.820	26.738
399.263	163.649	19.534	26.778
399.537	162.043	20.120	28.936
398.012	163.507	21.065	26.807
397.963	163.468	22.071	27.060
399.676	163.243	20.268	27.043
400.432	162.655	19.473	28.116
400.667	163.468	19.184	27.100
400.462	162.436	19.466	28.247
401.347	162.509	18.139	28.347
401.162	162.053	18.549	28.764
399.938	159.665	20.375	29.585
397.932	160.302	22.581	26.576
398.071	159.297	22.345	27.907
398.887	155.966	22.016	30.379
399.561	156.299	21.150	34.111
396.247	154.957	22.181	34.575
397.919	155.034	22.450	35.648
397.133	154.210	21.290	37.113
397.064	155.773	22.031	34.598
396.553	155.386	21.450	37.876
397.657	157.567	21.289	35.290
396.760	160.664	24.802	30.384
397.721	158.624	24.395	31.669
396.715	165.099	25.060	25.610
396.525	166.362	22.329	24.717
396.832	165.431	23.070	24.906
396.302	167.333	22.535	22.990
397.187	166.441	21.918	24.813
397.317	166.549	21.639	24.872
396.905	165.490	22.296	25.129
397.132	165.840	21.776	25.155
397.303	166.106	21.851	25.376
396.850	165.565	22.769	25.556
397.300	165.508	22.999	25.621
397.493	165.395	22.454	25.416
397.288	165.142	23.958	25.458
397.546	165.437	24.095	25.358
397.606	165.151	24.510	25.730
397.817	164.543	23.946	26.648
397.881	165.448	23.055	26.267
397.891	165.227	23.282	26.336
397.703	164.167	23.286	26.853
397.687	164.942	23.498	26.285
397.703	164.940	22.756	26.080
397.731	164.861	22.788	25.546
397.848	164.547	22.695	26.136
398.321	165.228	22.296	26.114
398.288	164.755	22.710	26.422
398.175	164.767	22.742	26.270
397.936	164.636	23.447	26.465
397.656	164.013	22.814	26.850
397.516	163.808	22.762	26.444
397.650	165.135	22.640	25.604
397.417	165.123	22.181	25.534
397.716	165.602	21.689	24.914
397.866	165.086	22.086	26.082
398.205	164.681	20.822	25.976
398.315	165.131	21.109	25.402
398.275	165.321	21.554	26.146
398.313	164.435	21.571	26.847
398.947	164.702	21.877	26.422
399.947	165.045	20.491	26.079
401.341	164.806	19.859	26.178
401.678	164.107	19.355	26.049
402.422	164.441	19.312	26.288
402.750	164.025	18.837	26.597
402.831	163.855	18.830	26.688
403.546	164.010	18.468	26.406
403.587	163.530	18.117	26.797
403.740	162.231	18.036	27.365
403.909	163.665	17.743	25.444
404.951	164.057	16.896	25.604
404.981	163.603	17.010	25.745
405.248	163.866	16.916	25.736
405.535	165.746	16.746	24.176
405.631	162.669	17.028	26.701
406.078	162.660	16.667	25.126
406.594	163.383	16.456	24.910
406.565	163.313	16.279	25.239
406.576	162.906	16.893	24.871
407.062	162.712	16.463	24.949
406.904	162.508	16.602	25.164
407.309	162.653	16.244	24.934
406.964	162.713	16.839	24.754
407.607	162.677	16.051	24.489
407.383	162.266	16.486	25.021
407.844	161.553	16.290	25.779
407.993	161.600	16.163	25.260
408.272	163.141	16.178	23.343
408.675	162.266	15.652	24.133
408.770	162.208	15.583	23.725
408.961	162.637	15.881	23.334
409.440	162.244	15.751	23.590
409.345	161.789	15.374	23.306
409.978	161.326	14.842	23.370
409.611	163.221	15.574	21.562
409.569	163.056	15.153	21.013
409.897	162.142	15.127	21.959
410.378	162.303	15.554	21.797
410.233	161.444	15.792	22.082
410.765	161.093	16.434	22.231
410.549	161.181	16.535	22.270
411.389	160.197	17.491	22.358
413.306	158.729	16.755	24.251
412.778	158.324	15.409	24.579
412.845	155.574	16.917	26.159
413.047	157.660	17.333	23.526
414.699	154.179	19.069	27.826
414.479	149.956	20.723	31.788
413.960	141.511	24.968	41.409
412.148	141.784	28.310	41.747
415.456	138.935	28.056	43.574
451.070	113.782	25.352	61.100
452.382	108.921	24.563	63.561
452.336	107.980	25.088	65.771
452.584	107.551	25.386	66.388
453.153	108.948	25.383	67.022
453.146	109.101	26.261	66.820
454.273	109.678	26.427	66.605
455.046	106.911	26.329	65.696
455.608	105.300	26.676	67.107
455.417	104.353	27.144	63.981
455.202	102.446	29.098	60.522
456.219	103.743	28.332	64.747
457.280	103.376	28.303	58.066
455.869	104.465	30.182	65.380
456.940	106.344	29.528	59.766
456.223	104.425	29.596	63.666
457.750	103.813	27.982	59.432
456.154	103.816	30.031	65.527
455.864	102.829	30.295	61.597
456.912	103.506	28.811	61.043
458.815	107.076	27.423	55.177
459.077	101.753	27.555	43.632
460.040	111.586	24.622	44.640
423.057	146.523	22.886	28.257
424.873	146.028	21.430	28.173
426.371	145.077	20.921	27.589
427.054	145.231	21.215	26.964
426.895	147.525	19.966	24.928
428.097	146.769	19.042	25.653
429.242	149.117	18.336	24.113
429.146	147.079	19.429	24.937
429.768	149.591	18.756	23.955
430.598	148.662	17.662	23.678
430.723	148.489	17.657	22.948
431.431	146.898	17.419	24.337
431.128	147.974	17.228	22.866
432.295	146.692	16.497	24.133
432.676	148.083	16.370	22.939
433.077	147.407	16.224	23.365
433.532	147.682	16.111	22.873
433.714	146.937	16.091	23.789
433.507	143.675	16.715	25.022
433.793	146.647	15.998	22.385
433.570	143.871	16.648	25.596
434.313	143.174	16.015	25.603
435.028	146.007	15.939	23.288
435.468	145.138	16.072	24.847
435.381	144.586	16.854	24.503
436.629	144.460	15.517	23.911
436.188	144.683	16.023	23.542
435.106	144.206	16.323	23.348
436.275	143.719	15.377	23.406
436.099	144.090	15.809	23.600
436.477	143.941	15.340	24.145
436.772	144.229	15.620	23.873
437.027	144.138	16.337	24.039
437.317	143.484	16.247	23.873
437.212	143.017	15.504	24.342
437.763	143.022	15.204	23.470
437.069	143.231	15.786	23.035
438.045	142.831	14.968	23.095
438.347	143.851	14.711	22.636
438.641	143.310	14.804	23.077
438.214	142.416	15.288	23.296
438.455	142.986	14.542	22.418
438.946	142.562	14.788	22.453
438.290	141.312	14.578	22.889
439.658	140.926	13.752	23.007
439.025	141.216	14.375	22.715
439.200	141.379	14.506	22.949
439.109	140.013	15.062	24.205
439.757	141.679	15.295	23.086
439.232	138.355	14.853	25.536
439.635	139.547	15.140	23.774
440.267	138.614	14.287	24.174
440.683	138.324	14.366	23.685
440.576	139.038	14.498	23.206
440.330	140.647	14.401	21.898
441.098	141.223	14.296	21.603
441.395	139.617	14.898	23.156
441.913	139.359	14.753	23.232
441.591	139.665	15.240	22.599
441.921	139.422	14.688	22.161
443.395	140.873	13.691	20.668
444.414	139.039	13.083	21.775
443.464	139.099	13.801	21.873
444.515	140.347	13.331	20.471
444.068	140.427	14.175	20.540
443.024	138.044	15.376	21.586
445.076	138.804	15.541	21.945
444.691	136.651	14.330	22.157
444.312	139.127	14.951	20.006
444.485	137.875	14.577	21.249
443.028	137.186	16.281	22.164
442.943	136.003	16.607	23.142
444.488	135.101	15.505	24.083
443.752	135.547	16.723	23.310
445.192	134.619	15.361	23.512
443.865	133.577	15.836	24.489
442.841	132.985	17.445	24.281
444.706	132.375	17.060	24.841
445.477	136.071	15.692	22.346
444.582	133.802	16.563	23.433
445.320	132.201	16.016	24.841
444.650	126.644	15.984	28.929
443.558	130.916	17.966	25.491
444.658	128.331	17.549	27.890
443.849	121.922	20.406	32.264
444.720	121.283	20.195	34.998
445.806	127.495	16.904	28.321
445.162	122.869	21.394	32.369
444.680	124.374	19.629	31.589
443.254	129.469	20.637	26.740
446.699	121.935	20.265	32.563
445.893	130.142	18.940	26.155
446.708	120.236	21.028	33.180
473.916	91.094	24.232	49.098
474.669	91.377	24.007	57.806
475.021	85.579	24.310	62.311
473.657	88.401	25.889	60.987
473.553	88.439	26.445	60.130
474.210	87.160	25.862	61.948
474.051	86.917	26.926	63.137
475.837	86.125	25.919	59.681
474.677	86.202	25.974	60.341
475.514	87.039	25.625	60.517
475.926	86.872	25.357	61.957
475.876	83.016	25.068	63.034
475.431	83.155	24.105	61.117
476.970	85.821	23.209	57.797
477.683	85.149	23.180	59.259
477.357	85.519	23.055	59.389
477.672	84.410	22.624	59.793
478.097	83.217	22.627	61.380
478.567	85.858	23.936	58.083
479.099	84.482	23.834	60.639
478.388	82.288	24.880	60.639
478.350	82.956	25.514	60.015
527.006	74.167	24.104	34.741
528.217	62.931	30.428	37.131
545.278	46.243	23.804	49.471
546.040	43.375	23.305	40.306
546.384	46.123	22.722	42.428
545.210	45.541	22.314	43.630
545.046	45.809	24.709	40.194
544.175	45.637	24.895	43.196
544.394	46.559	23.596	40.944
544.365	43.595	24.527	38.397
546.069	45.875	23.136	39.908
545.007	43.209	23.710	43.104
545.541	42.906	22.789	35.851
544.864	43.864	23.466	37.825
545.593	46.824	23.750	40.750
544.292	42.560	24.808	44.705
545.272	46.022	22.473	41.693
545.180	42.215	23.116	41.184
545.312	48.250	22.541	42.312
545.271	44.957	22.152	39.941
545.209	47.442	23.250	43.382
545.297	45.057	22.152	36.891
545.538	42.671	22.807	35.519
547.697	45.185	21.639	34.203
547.171	44.909	23.143	42.600
546.475	39.910	21.932	38.644
546.187	45.205	22.486	44.198
546.614	41.249	23.111	47.486
546.723	46.896	21.591	40.009
546.957	42.221	21.537	39.446
545.802	41.952	21.895	38.474
547.394	45.306	20.840	43.672
546.804	43.675	20.802	46.325
547.713	41.704	19.083	39.694
547.098	45.209	20.640	40.867
547.007	46.586	20.562	51.134
547.327	44.667	21.529	40.416
547.446	44.228	21.275	47.399
546.755	47.318	20.830	49.352
547.227	52.293	21.992	50.229
548.377	53.804	21.120	50.181
548.576	53.794	20.273	49.254
548.648	54.682	20.024	47.473
548.189	52.311	21.529	43.100
548.198	54.366	21.403	43.055
548.358	54.354	20.991	41.967
548.750	52.846	20.529	43.085
549.439	54.533	20.832	41.183
548.433	49.700	21.648	46.782
549.518	49.549	22.301	35.439
547.523	45.534	23.771	44.688
548.685	48.952	23.918	45.569
548.650	52.945	23.905	45.720
547.519	48.023	22.970	47.127
548.697	52.747	23.090	49.987
550.220	51.586	22.364	37.376
550.932	47.579	21.091	44.751
549.526	51.963	21.810	50.306
550.369	53.621	22.626	44.462
548.085	51.228	24.542	48.925
549.676	49.234	22.184	41.268
549.821	52.421	21.915	43.351
551.723	47.834	20.685	42.905
551.126	51.351	21.488	40.980
551.994	54.679	21.042	47.126
552.278	54.569	22.107	42.262
552.207	51.751	20.643	42.105
552.872	52.605	21.256	43.613
552.436	54.642	21.417	44.105
552.669	53.322	21.112	41.126
553.693	50.322	20.704	42.373
555.227	51.222	20.240	41.522
554.660	49.568	20.695	44.692
554.172	45.130	20.727	44.728
553.945	49.581	23.072	44.422
556.380	47.932	20.537	46.004
