216.000	143.000	15.000	22.000
217.922	142.661	13.946	24.772
218.045	142.526	13.855	24.576
218.095	142.336	14.017	25.084
218.007	142.729	14.596	24.789
219.003	142.730	14.321	25.008
219.018	142.683	14.326	25.445
218.648	143.148	14.713	24.901
219.228	143.434	14.669	25.105
219.234	143.398	14.917	25.525
219.609	143.794	15.341	25.811
220.099	144.157	15.520	26.038
221.399	144.641	15.481	26.576
222.194	144.933	15.399	26.478
222.789	144.923	15.652	26.372
223.621	144.966	15.972	27.077
226.004	145.487	15.732	27.860
226.383	145.989	15.901	28.194
227.794	146.133	15.739	28.360
229.774	146.334	15.330	28.922
230.720	145.709	15.350	33.170
231.660	146.074	15.194	33.032
232.499	146.484	15.276	32.410
233.677	146.836	15.167	32.715
235.275	147.472	15.211	30.740
237.962	147.409	14.429	32.839
240.165	147.706	14.193	32.253
241.832	147.893	14.937	32.723
243.549	147.761	14.971	32.486
245.947	147.596	14.976	30.594
246.150	147.824	16.240	32.579
247.280	148.126	15.791	33.498
250.436	148.552	15.454	35.238
251.306	148.842	16.746	34.829
254.711	148.988	14.663	34.421
254.589	149.583	14.796	34.092
255.833	149.222	14.453	34.195
256.947	149.331	14.750	34.204
258.801	149.862	14.061	34.134
260.985	149.848	15.120	33.630
263.202	150.006	16.135	34.113
265.589	150.241	17.895	33.675
266.749	150.147	17.678	32.977
269.059	151.054	17.338	34.821
271.717	151.260	16.872	35.797
272.843	151.252	17.722	36.481
274.998	151.165	16.566	36.872
276.749	151.760	16.489	36.914
277.287	151.874	17.039	36.195
279.204	152.121	17.108	36.311
280.441	152.026	17.096	36.673
281.537	152.192	17.399	37.004
282.775	152.832	17.705	36.813
283.716	152.770	17.480	37.196
285.328	153.048	18.539	37.450
287.084	153.083	18.016	37.355
288.340	153.297	18.836	38.039
289.714	153.300	18.027	38.369
290.523	153.867	18.530	37.942
291.920	153.859	19.217	38.608
293.081	154.185	19.793	38.473
293.877	154.470	19.953	38.620
294.629	154.808	19.537	38.314
295.276	155.693	19.644	37.748
295.770	155.693	20.001	38.567
295.999	156.159	19.785	38.197
296.383	156.392	19.748	38.032
296.493	156.857	19.997	38.913
296.623	157.079	19.886	38.687
296.619	157.208	20.076	39.396
296.566	157.348	20.328	39.428
296.649	157.919	19.973	40.120
296.606	158.496	20.192	39.802
296.411	158.712	20.219	40.237
295.989	159.171	20.307	40.048
295.624	159.994	20.372	39.615
295.666	159.981	19.936	40.411
295.173	160.576	20.674	39.941
295.080	160.941	20.103	40.696
294.600	161.157	20.278	40.709
294.124	161.672	20.286	40.827
293.828	162.654	20.112	41.737
293.429	163.169	20.158	41.241
293.136	163.467	20.108	41.756
292.491	163.915	19.933	41.985
292.053	164.497	19.738	42.442
291.624	164.818	19.939	42.738
291.554	164.410	19.951	43.260
290.886	165.660	19.822	42.714
290.346	166.436	19.789	42.938
289.826	167.963	20.180	41.926
289.228	168.025	20.429	42.724
288.323	168.077	20.664	43.515
287.307	169.237	20.853	42.873
286.668	169.937	20.658	43.545
285.641	170.596	21.256	44.629
285.366	171.009	21.092	43.908
284.627	171.313	20.425	44.856
283.345	172.071	21.086	44.772
282.116	174.004	21.477	44.212
281.187	174.575	22.219	43.629
278.059	177.757	22.559	44.442
276.680	178.867	22.830	45.494
275.679	180.476	22.978	46.020
274.695	180.311	23.371	47.625
273.779	182.313	24.494	46.765
272.736	184.806	25.233	46.670
272.678	185.475	25.486	46.501
272.399	185.398	24.840	47.948
272.495	186.801	24.756	47.984
272.661	189.123	23.942	46.277
272.243	189.661	24.152	46.711
271.413	190.125	25.120	47.749
271.242	190.074	25.361	47.808
271.012	190.545	25.237	50.190
270.305	192.579	25.956	48.628
269.577	194.231	26.662	48.095
269.349	195.355	26.178	47.807
268.891	195.904	26.441	48.359
268.641	196.279	26.568	48.373
267.790	197.185	26.354	49.100
267.316	197.489	26.591	49.435
266.874	198.038	26.896	49.490
266.424	198.485	26.703	50.692
265.728	200.036	27.026	49.755
264.934	201.270	26.504	49.900
264.217	202.337	26.670	50.139
263.479	202.495	27.183	50.530
262.745	203.548	26.738	51.405
261.627	203.736	26.456	53.770
260.415	205.709	27.467	53.251
259.735	205.831	27.496	54.805
258.556	206.125	28.015	56.198
257.923	206.287	28.658	56.247
256.659	207.328	28.679	56.690
256.268	207.419	28.791	57.274
255.202	208.481	28.446	57.923
252.619	210.661	29.549	59.207
251.390	211.286	29.372	60.007
250.327	212.625	28.988	60.373
247.729	214.270	30.309	60.772
246.906	214.939	30.828	61.675
245.925	215.472	31.196	61.991
244.604	216.642	31.108	62.763
