220.000	235.000	15.000	45.000
220.375	234.908	16.119	45.310
220.184	235.111	15.732	44.892
220.128	234.559	16.025	46.004
220.061	235.088	16.269	45.137
220.142	234.925	15.734	45.874
219.912	234.382	15.747	46.202
219.928	234.519	15.589	46.676
219.649	234.479	16.140	46.125
219.774	235.057	15.802	45.870
219.975	234.848	15.830	45.696
219.926	235.111	15.667	45.380
220.359	234.651	15.627	45.991
220.655	234.856	15.221	45.864
220.828	234.291	15.559	46.614
221.099	234.193	15.797	46.693
221.056	234.273	15.894	47.053
221.109	234.263	16.075	47.121
220.909	234.506	16.555	46.504
220.846	234.616	17.039	46.446
220.563	235.275	16.971	46.682
220.267	235.509	17.177	47.112
220.433	234.754	16.473	47.580
219.238	235.759	16.066	47.634
219.026	235.277	14.511	47.520
218.226	234.390	15.331	48.941
217.852	235.427	14.982	47.885
217.957	234.742	15.325	48.752
216.633	235.491	15.042	48.933
215.544	235.946	15.968	48.618
215.743	236.165	15.429	49.251
214.790	237.576	15.098	48.081
213.917	238.493	15.397	47.666
213.105	237.919	15.490	48.332
213.154	237.587	15.074	48.639
213.087	237.687	15.553	48.239
212.619	237.212	15.550	47.675
212.408	238.114	15.185	47.553
211.948	238.217	15.813	47.700
211.968	238.591	15.737	47.775
211.500	237.580	16.553	48.960
211.730	237.509	16.661	49.501
212.185	238.398	16.055	48.896
211.653	237.758	16.039	49.564
211.311	239.196	15.669	48.034
209.762	239.677	16.935	47.601
209.365	238.606	17.124	48.996
209.031	239.268	17.101	48.670
209.248	238.668	17.725	49.014
210.321	239.089	17.394	48.757
211.718	238.410	16.356	50.778
212.328	238.980	16.352	50.674
213.139	238.963	15.446	50.106
213.623	238.637	15.519	50.626
213.842	239.167	15.686	50.216
213.917	240.175	15.435	49.595
213.796	240.069	15.404	50.173
213.388	239.802	15.287	50.911
213.316	240.235	15.221	50.148
213.206	239.142	14.914	51.727
213.346	238.921	15.066	51.704
213.860	240.440	14.833	50.501
214.408	240.360	14.430	51.048
214.315	240.075	15.105	50.857
215.222	240.354	16.444	51.468
215.324	240.590	17.914	51.563
215.398	240.565	17.016	51.064
214.806	240.329	19.129	51.327
215.267	242.972	20.593	48.819
214.805	243.085	20.398	49.337
217.251	242.393	19.248	49.354
217.946	242.878	18.761	49.030
222.679	241.973	17.412	51.188
224.113	242.130	17.954	52.322
223.842	242.355	18.038	51.917
223.842	242.548	18.906	52.063
224.140	243.091	18.473	52.258
224.833	243.311	18.711	51.925
225.559	243.083	17.604	52.097
226.271	242.824	17.447	52.205
226.330	242.480	17.020	52.056
226.733	242.588	16.722	52.260
227.291	242.952	17.317	51.603
227.588	243.549	16.958	51.024
227.554	243.624	17.095	51.565
227.542	244.061	17.873	51.345
227.188	244.003	18.942	51.381
227.203	244.752	19.240	51.410
226.324	245.045	19.779	49.996
225.917	244.777	20.335	49.378
226.096	245.108	20.181	50.203
225.639	246.123	20.284	49.506
224.948	246.326	20.311	48.663
226.567	245.863	19.743	50.611
225.166	245.992	20.301	49.757
225.270	245.673	20.162	51.009
225.168	245.575	19.595	50.986
225.656	245.329	19.820	51.696
225.623	245.056	19.434	51.061
225.660	245.340	19.435	51.375
225.505	245.435	19.321	50.689
225.686	245.847	19.876	51.020
226.322	245.693	19.144	51.084
226.065	245.681	19.510	51.929
226.544	246.520	19.559	51.570
226.920	245.881	19.088	51.405
227.367	246.219	19.510	51.426
227.935	246.063	19.309	51.521
228.185	245.614	19.083	52.155
228.282	245.237	19.226	53.496
228.768	244.871	19.423	53.840
228.865	245.038	19.332	53.386
229.393	244.276	18.949	54.260
229.306	244.727	18.760	53.366
229.807	245.163	18.966	53.541
229.901	245.945	19.016	52.901
230.625	245.703	18.479	53.258
230.274	246.398	19.399	52.688
230.672	245.674	19.227	53.719
230.777	246.258	18.410	53.075
230.581	246.772	19.256	52.054
230.663	246.200	19.172	53.196
230.882	246.215	18.986	52.956
231.074	245.270	19.523	53.886
231.116	245.631	18.981	53.834
231.822	245.427	18.368	54.370
232.117	244.911	18.266	54.793
232.590	245.769	18.473	54.381
232.967	244.850	17.694	54.616
232.938	245.750	18.004	54.056
233.215	244.546	17.871	55.285
233.691	245.933	18.398	54.318
233.821	245.515	18.197	55.179
234.402	245.245	18.104	55.525
234.912	244.590	18.185	55.835
234.783	244.559	18.555	56.259
235.039	244.250	18.251	56.435
235.124	243.949	18.555	56.873
235.007	244.200	18.378	56.864
235.111	243.875	18.580	57.715
234.890	244.258	19.111	57.200
235.008	244.639	18.867	56.431
234.613	244.937	18.773	57.207
234.516	245.401	19.485	56.216
234.564	245.825	19.164	56.082
234.274	246.012	19.493	56.053
234.565	246.384	19.165	55.866
234.168	245.912	19.573	56.249
234.380	245.790	19.389	56.184
234.424	245.825	19.205	55.985
233.910	245.762	19.985	56.168
234.077	245.664	20.293	56.406
234.949	246.784	19.740	55.695
235.173	246.843	19.703	55.133
235.207	247.040	19.996	55.236
235.570	247.589	19.848	55.731
236.123	247.099	19.599	56.134
236.211	247.590	20.026	56.065
236.570	247.105	20.122	56.678
237.122	247.688	19.393	56.385
237.661	247.891	19.935	55.967
238.371	247.678	19.981	56.632
238.589	247.423	19.557	56.979
238.751	246.595	19.453	57.473
238.872	246.948	20.417	57.822
239.174	245.657	20.171	58.876
239.687	246.534	19.763	58.191
239.901	246.734	20.364	58.006
240.070	247.545	20.329	57.471
239.924	247.579	20.773	57.291
239.974	248.806	21.038	56.666
239.653	248.639	21.305	55.930
239.708	249.350	21.979	54.543
240.089	249.774	22.196	54.893
240.467	249.274	21.863	54.529
241.362	247.978	21.065	55.083
241.631	249.211	21.282	54.557
242.047	248.093	20.890	55.197
242.844	248.766	20.120	54.546
243.702	248.070	19.956	56.572
243.609	247.716	20.901	57.484
244.192	248.060	20.976	57.895
244.755	248.397	21.330	57.069
245.250	249.324	20.769	54.889
246.132	249.319	20.620	56.119
246.890	249.079	20.509	57.582
247.569	249.428	20.229	57.344
248.154	249.360	20.532	58.371
248.832	248.432	20.324	58.354
249.570	248.744	20.348	58.417
250.135	249.061	20.186	59.241
250.281	249.358	20.468	59.101
249.954	248.859	20.900	58.763
250.140	249.228	20.904	58.214
250.551	249.688	21.761	57.914
250.429	250.897	22.053	55.760
250.581	250.126	22.072	56.369
251.170	251.282	21.601	55.351
251.655	251.464	21.786	55.357
252.275	251.577	21.917	54.670
252.986	251.407	21.140	54.989
253.156	250.967	21.160	56.084
253.341	251.483	22.350	56.483
253.875	250.256	21.446	56.818
254.832	250.646	20.993	56.275
255.755	250.877	20.400	55.830
256.596	250.309	20.674	57.862
256.676	250.646	20.783	57.397
257.051	251.106	20.701	57.261
257.664	251.092	20.960	56.710
258.079	250.659	20.481	57.249
258.479	250.811	20.649	57.176
259.321	250.708	20.376	58.784
259.359	250.703	20.657	58.879
260.285	250.886	20.888	58.477
261.220	250.467	19.742	58.792
261.170	250.440	20.182	59.606
261.068	251.307	19.941	58.456
261.474	251.570	20.893	58.629
261.958	252.291	20.004	57.612
262.012	252.913	20.014	57.290
261.946	253.747	20.724	56.494
262.116	253.086	20.035	57.198
261.956	253.547	20.020	56.971
261.956	253.470	21.042	57.205
262.223	254.732	20.466	57.082
262.034	253.302	21.306	57.250
262.197	254.338	21.610	55.397
262.602	254.198	20.842	56.665
262.914	253.079	19.982	57.676
264.054	253.526	19.910	56.835
264.841	253.716	20.184	58.370
264.841	254.350	19.909	57.627
265.330	253.998	21.057	58.217
265.624	253.309	19.473	57.711
266.205	253.750	20.877	56.984
265.989	253.945	19.831	56.354
267.357	253.715	20.861	57.276
266.848	254.399	20.457	56.868
267.225	253.809	20.580	56.488
267.874	252.750	20.363	58.102
267.357	253.443	20.512	56.615
267.578	253.317	20.955	57.338
267.855	253.665	21.062	58.397
267.484	254.573	21.505	56.593
267.709	256.030	21.550	54.346
267.932	256.211	21.677	54.497
268.335	256.124	21.577	55.191
268.195	256.407	21.608	54.617
268.458	256.009	21.153	54.235
268.734	255.200	20.763	54.550
268.849	255.048	21.273	54.731
269.187	254.861	21.102	55.074
270.259	254.333	20.058	56.037
271.304	254.117	19.387	56.597
271.870	254.209	18.873	55.891
272.550	253.384	19.011	58.735
273.083	253.785	19.288	58.893
273.781	254.537	19.510	58.237
274.078	254.087	18.996	58.294
274.563	253.725	19.812	58.307
275.021	253.658	19.924	59.321
275.687	253.467	19.308	59.545
276.287	253.681	19.624	59.518
276.307	253.990	20.035	59.124
276.570	253.859	20.348	59.884
277.519	252.851	19.791	61.023
277.261	253.218	19.381	60.738
277.686	254.120	19.570	60.397
277.635	253.628	19.581	60.785
277.315	254.715	19.891	60.215
277.129	254.906	20.591	59.621
277.192	254.933	20.957	59.737
276.194	254.860	22.262	59.867
275.991	255.851	23.139	57.737
275.500	255.918	24.357	56.993
275.469	255.292	24.634	58.494
275.813	254.764	24.526	59.864
276.730	255.059	24.145	59.390
276.845	255.354	23.165	59.027
276.923	254.943	24.064	58.314
277.170	255.174	23.170	58.188
277.550	255.733	22.878	57.949
277.647	254.881	22.518	58.514
278.147	254.971	22.835	58.135
278.671	255.338	23.192	58.110
278.921	254.920	22.900	59.353
279.423	255.466	23.009	59.297
279.239	254.618	23.562	60.648
279.003	254.622	23.635	60.624
278.410	254.458	23.472	60.934
278.694	254.348	22.385	61.066
279.330	253.340	21.768	62.924
278.742	252.967	21.328	63.811
279.804	253.167	21.895	64.013
278.717	253.618	22.598	63.963
279.517	253.879	22.339	63.814
278.480	253.563	22.586	63.832
279.795	253.450	22.121	64.174
279.760	253.935	22.854	64.200
278.415	254.024	22.383	64.043
279.375	253.361	23.705	64.931
277.449	253.812	22.616	64.040
280.326	253.593	23.564	65.290
278.289	253.435	22.581	64.480
277.429	252.952	22.479	65.203
277.863	252.964	22.607	65.077
277.657	253.167	21.890	63.905
278.219	252.303	22.187	64.967
277.573	253.253	22.261	63.682
276.593	253.335	21.507	62.910
277.338	252.064	22.425	63.245
277.307	253.630	20.785	61.976
277.308	252.406	22.437	63.803
276.454	253.513	22.381	62.426
276.690	252.345	21.814	62.311
276.596	253.436	21.588	61.210
276.759	252.750	22.026	63.503
276.853	252.480	22.668	64.882
277.105	253.509	22.023	64.405
277.004	252.932	24.216	64.781
275.966	253.248	22.060	65.331
276.253	253.010	23.134	64.619
276.662	253.167	24.423	64.851
275.802	254.031	21.950	64.119
276.961	253.709	23.556	64.270
277.224	254.400	24.208	63.052
277.094	254.877	23.100	62.385
276.797	253.854	22.693	63.475
276.956	253.476	23.452	66.825
277.374	253.981	22.333	68.089
277.170	254.084	22.940	68.745
276.893	253.988	21.719	68.680
277.038	254.346	22.960	69.284
276.058	252.547	23.807	71.140
274.643	253.240	25.891	71.273
275.466	253.540	25.076	71.410
275.334	253.809	24.545	70.510
276.012	253.200	23.359	70.744
275.822	253.515	23.036	70.456
276.526	253.579	23.194	69.512
276.454	253.580	23.108	70.278
276.205	253.453	23.283	70.563
277.260	253.608	22.227	69.520
276.783	253.092	22.051	68.377
277.089	253.624	22.118	65.805
277.302	253.026	22.218	66.921
276.799	253.149	23.066	67.553
277.898	253.683	21.901	68.105
277.237	252.927	23.030	68.018
276.916	252.920	23.966	66.892
276.928	252.848	23.830	67.424
276.488	252.628	23.835	68.111
277.273	252.416	23.584	68.042
277.002	253.141	24.602	68.431
277.284	253.549	23.859	68.322
277.321	252.617	24.007	69.316
276.857	253.002	24.477	69.086
277.034	253.104	23.764	69.096
277.362	253.472	23.096	69.899
277.358	254.012	22.528	69.244
276.829	253.061	22.265	69.257
276.917	253.324	23.027	68.580
276.885	254.201	22.769	67.656
277.237	253.417	22.120	68.030
276.936	253.892	22.876	67.375
276.564	253.903	22.913	68.499
276.917	253.402	23.121	68.979
277.168	254.034	22.545	69.253
277.028	252.780	22.358	70.195
277.232	254.398	23.001	68.672
277.488	253.804	23.496	69.242
278.012	253.019	23.119	69.928
277.434	253.849	22.952	69.797
277.171	254.472	23.756	69.703
277.603	254.702	23.504	70.221
277.387	254.234	22.848	71.055
277.764	254.826	22.504	69.710
277.966	252.748	23.862	72.612
277.453	253.589	22.712	71.507
277.542	254.482	23.978	69.308
277.670	253.766	23.313	69.962
276.736	254.078	23.937	69.224
276.952	253.673	23.506	69.653
277.137	253.827	23.943	71.214
276.644	253.092	24.375	72.505
276.768	253.489	24.966	72.096
277.031	254.413	25.001	72.509
277.111	253.725	24.987	73.359
277.666	254.004	24.473	73.761
277.619	254.168	25.345	75.071
277.207	255.575	25.411	73.768
277.639	254.884	25.001	75.319
277.415	255.047	25.329	75.968
277.385	254.293	24.861	75.351
277.462	254.383	24.727	76.557
276.984	254.190	25.514	77.496
276.970	254.220	25.058	77.882
277.039	253.836	25.395	77.600
276.972	253.736	24.909	79.034
277.120	253.940	24.409	78.263
277.186	254.528	24.674	78.573
277.795	254.666	24.881	78.517
277.613	254.943	24.454	78.401
277.730	253.816	25.353	79.676
277.373	255.717	24.864	79.009
277.452	253.736	26.570	82.038
277.300	254.047	26.569	82.122
276.736	254.553	27.278	82.357
276.506	256.072	26.986	80.913
276.355	257.448	26.703	80.797
276.546	254.973	26.992	83.564
276.952	257.040	25.888	82.617
277.995	256.244	24.715	83.380
277.679	257.409	25.233	81.902
278.068	258.014	25.484	82.427
277.550	255.481	25.601	83.560
276.870	259.141	26.225	81.752
276.858	254.781	26.412	85.604
276.573	258.936	25.935	83.035
277.558	257.958	25.560	84.647
277.950	257.791	25.367	84.450
277.261	257.857	25.881	84.470
277.853	260.363	24.128	81.915
278.131	255.112	24.471	86.001
278.513	258.720	24.503	81.849
277.063	256.296	25.547	82.400
277.962	258.202	25.981	83.728
277.203	256.774	25.470	83.902
277.873	257.374	25.059	84.420
278.169	259.360	24.554	81.708
278.624	258.412	25.014	84.324
277.882	256.908	25.293	84.613
277.829	259.073	26.234	84.915
278.088	256.525	25.623	87.300
278.051	260.944	25.182	84.642
276.771	257.770	27.041	86.564
277.501	262.913	26.088	82.209
276.366	256.711	27.449	87.123
277.686	259.292	26.737	85.527
278.487	262.584	25.658	83.178
276.418	257.231	27.167	88.743
277.568	262.462	25.856	85.516
277.657	260.750	27.384	89.348
277.656	262.234	27.369	86.508
277.778	268.223	27.226	81.043
277.649	264.150	28.583	82.306
277.231	264.448	27.585	84.614
277.168	263.812	27.631	85.853
277.572	266.613	28.610	84.358
278.717	264.080	28.054	87.364
279.395	270.130	29.015	82.527
280.317	270.991	28.481	81.747
280.666	268.756	28.621	85.435
282.167	270.232	28.347	84.683
281.149	270.316	29.926	83.606
283.864	275.170	29.797	81.317
282.381	266.457	28.641	88.885
284.280	274.146	29.305	83.536
285.309	274.656	29.300	84.263
285.158	266.773	28.395	89.758
286.482	273.173	28.927	85.046
284.080	267.095	30.300	90.685
286.238	270.747	29.410	88.675
285.608	273.406	29.776	85.510
287.497	272.932	29.391	87.117
289.337	267.930	31.900	93.040
287.849	277.363	29.700	85.950
289.851	267.221	28.449	96.203
288.438	274.243	29.489	90.999
288.068	267.589	27.929	95.978
290.087	275.699	29.129	86.879
290.420	270.520	28.463	93.250
292.354	278.677	29.028	82.477
295.300	282.344	27.875	80.642
296.177	286.249	27.977	76.236
296.823	282.360	27.586	80.797
298.481	282.625	26.621	81.122
299.126	281.237	27.728	80.929
300.749	283.559	26.500	80.627
302.056	287.398	27.498	76.696
302.592	285.392	28.450	80.289
304.780	291.183	29.886	75.642
307.944	291.502	29.417	77.525
309.636	292.336	28.815	76.818
310.529	293.030	29.314	76.210
312.543	294.287	28.836	76.198
314.247	292.416	27.940	78.733
316.024	292.637	27.345	79.572
316.718	294.283	28.615	78.030
317.414	293.295	29.033	79.486
316.672	293.767	29.838	77.988
315.833	296.162	31.332	76.705
318.149	294.634	32.005	79.407
319.172	294.793	29.246	78.181
326.311	298.954	29.725	75.944
328.627	297.690	28.018	77.536
334.789	297.049	33.112	79.882
331.414	298.381	28.791	79.891
332.239	296.440	29.452	83.137
357.650	297.970	27.966	81.085
333.530	298.407	27.956	79.756
334.711	300.711	37.609	77.052
352.470	297.615	33.927	79.099
364.082	295.436	27.927	79.054
335.890	301.157	31.415	76.535
341.582	294.275	34.965	85.020
360.078	292.404	31.585	88.228
340.507	297.185	29.800	83.939
369.631	293.102	30.252	85.798
342.032	300.712	28.884	82.015
370.478	295.455	29.992	84.509
346.022	302.336	28.279	78.168
349.923	300.143	32.269	80.324
373.458	295.414	30.219	84.318
348.161	302.905	31.009	79.608
349.922	300.204	33.861	84.831
378.030	297.808	27.230	88.651
350.326	301.156	31.037	84.644
377.045	299.314	29.146	87.021
384.425	297.874	26.607	87.735
381.221	298.465	28.986	87.926
370.985	298.121	35.723	86.472
365.132	298.516	40.514	84.860
352.113	301.510	32.134	82.900
353.869	304.286	31.556	81.019
355.416	306.315	30.709	79.238
354.332	306.959	29.473	78.107
356.132	306.426	28.379	79.326
357.641	305.578	27.694	81.110
359.144	306.973	27.579	79.728
360.062	307.480	27.966	78.495
361.809	303.875	28.864	79.888
363.162	306.291	29.427	80.162
363.142	304.616	30.388	80.738
364.794	305.927	29.681	79.468
394.959	303.206	33.426	83.980
364.831	304.552	30.939	82.769
365.834	309.626	31.494	78.950
368.496	309.119	32.022	81.150
374.225	307.221	28.164	82.406
376.398	306.227	28.325	83.452
411.225	310.812	32.166	80.596
383.307	310.837	32.068	79.867
386.732	311.141	30.156	81.708
415.578	306.737	31.764	83.921
425.680	308.870	24.643	83.266
420.779	308.644	30.759	83.230
419.243	307.538	32.311	87.150
391.790	314.690	32.681	80.484
390.009	313.385	31.529	82.932
397.808	310.911	27.538	84.304
421.811	311.530	33.370	83.153
399.423	313.076	28.512	85.514
425.596	308.954	30.983	86.851
422.696	308.989	34.672	87.587
407.369	313.203	26.399	85.895
404.856	316.133	30.857	83.716
431.328	309.739	30.621	81.829
430.500	312.580	34.747	83.084
414.097	315.131	31.639	86.488
411.052	316.289	31.020	88.195
411.388	313.946	32.719	88.216
416.450	314.393	30.824	85.039
416.963	314.848	31.033	81.482
417.580	318.871	32.061	75.989
419.602	318.215	31.721	77.155
420.042	321.055	30.233	77.988
419.497	320.218	31.176	77.681
421.535	318.656	30.597	81.049
421.404	318.086	29.873	83.427
422.003	318.138	31.443	83.084
423.988	318.030	30.843	82.738
425.924	317.443	30.260	81.656
430.667	316.324	26.690	82.160
430.765	315.491	27.823	83.396
431.972	310.913	26.879	91.094
433.286	315.578	29.725	84.450
433.986	318.947	31.130	81.546
434.150	319.521	31.367	80.606
434.284	318.047	29.395	84.565
433.802	318.159	32.702	82.827
436.392	320.684	32.436	77.344
439.081	322.157	31.491	78.315
437.146	318.789	33.834	79.860
441.861	322.563	36.717	77.978
441.864	320.604	33.034	80.090
444.263	320.399	32.647	79.446
445.204	320.876	30.235	81.470
441.876	321.078	33.269	81.304
446.307	318.636	33.159	85.943
448.417	319.989	34.314	87.210
449.760	315.395	31.715	93.933
470.554	320.640	31.997	84.194
482.244	320.030	27.450	85.646
469.978	322.603	37.952	86.251
453.806	321.000	30.310	88.442
453.861	320.361	32.378	88.010
454.316	321.548	31.848	89.132
455.733	320.717	31.586	88.146
463.146	328.726	32.026	80.684
462.316	328.282	34.046	77.911
464.528	325.796	30.202	81.993
466.164	323.442	30.158	82.097
467.421	326.887	29.989	79.734
468.314	326.568	31.690	84.923
493.832	331.031	36.224	78.648
471.451	327.682	29.437	84.958
472.216	326.370	36.564	86.711
473.520	324.696	30.732	88.845
473.664	327.770	32.495	83.628
475.823	327.218	31.302	82.041
476.680	329.400	31.396	80.525
477.903	330.673	32.831	81.185
481.373	331.722	32.861	77.239
484.771	332.814	31.809	76.377
512.510	331.706	34.136	78.052
516.096	332.279	29.636	79.127
487.436	335.635	34.412	74.883
487.443	335.354	33.015	76.797
489.525	334.158	31.573	79.053
522.797	334.918	33.283	74.214
521.888	333.666	34.175	75.786
519.951	334.035	35.729	76.998
496.453	338.800	31.642	76.085
497.185	336.739	32.099	79.695
497.494	336.489	33.729	81.749
499.771	333.935	34.939	81.874
502.487	337.073	35.488	76.416
501.095	339.668	37.258	73.948
529.930	334.196	36.689	79.556
507.809	338.837	32.566	78.828
509.826	342.982	33.161	73.139
511.117	342.177	32.477	74.544
510.818	340.556	32.220	74.822
514.138	339.149	29.772	71.862
516.522	342.330	28.148	67.392
518.765	343.248	27.035	69.368
522.542	337.825	27.975	72.206
520.669	342.894	29.000	72.088
553.452	339.591	30.316	76.917
526.004	344.003	29.551	71.629
529.810	344.512	27.762	74.677
531.712	341.859	27.749	78.341
533.678	345.151	30.456	76.256
534.458	343.893	30.827	81.016
570.000	347.470	33.466	85.723
575.482	345.084	33.167	89.572
538.163	347.843	33.513	80.713
573.419	344.976	36.138	88.513
542.000	344.623	33.833	83.636
544.863	346.896	30.923	80.091
546.382	343.370	31.741	85.016
547.814	346.184	32.573	78.512
548.984	347.287	31.675	77.973
550.533	348.428	32.077	83.279
552.212	346.166	35.003	87.725
553.524	348.733	35.001	83.593
557.188	346.542	33.674	83.070
559.332	347.312	33.404	84.177
560.899	347.942	32.589	84.766
563.617	350.209	33.463	79.784
565.918	348.136	31.972	85.404
570.729	348.331	32.735	87.026
570.634	351.160	33.583	85.713
572.794	350.237	33.182	88.499
577.426	353.754	35.052	87.778
592.368	347.936	34.713	96.360
579.406	354.443	33.758	87.528
584.932	350.198	36.916	93.247
581.626	353.575	33.144	89.250
588.587	350.426	35.885	93.836
