199.000	114.000	27.000	73.000
195.376	117.119	32.813	63.872
195.017	117.121	33.560	61.690
196.074	117.191	32.893	61.611
196.921	117.268	32.241	62.450
196.981	116.424	32.216	62.876
197.765	117.034	32.177	65.914
197.748	116.253	31.847	65.868
198.170	117.469	32.023	69.254
198.582	117.718	32.353	68.736
199.712	117.742	31.446	72.320
199.520	117.692	32.900	72.709
200.281	116.841	34.443	76.258
199.796	117.761	36.292	73.214
205.884	116.690	31.780	73.869
204.787	117.985	33.591	72.543
209.405	115.091	29.216	78.501
211.771	113.774	27.852	79.148
212.878	112.115	27.642	81.163
212.512	111.732	28.303	81.764
211.813	111.497	30.169	82.893
213.212	110.976	29.325	83.892
213.558	111.120	29.196	84.539
214.535	111.174	28.940	82.892
215.372	110.977	27.987	83.169
214.452	111.066	29.438	84.044
215.250	110.512	28.971	83.169
216.089	111.561	27.969	81.678
215.697	111.272	29.289	82.200
215.884	111.318	29.596	83.014
217.584	112.001	28.109	81.247
218.650	111.393	27.582	81.885
219.212	111.072	27.848	81.062
220.097	110.620	27.072	83.534
220.702	111.009	28.820	83.429
221.618	111.377	28.006	81.327
221.612	110.778	30.114	83.549
221.980	110.723	30.406	82.233
223.205	110.880	30.526	82.827
223.680	111.143	30.695	81.391
225.530	110.520	29.862	79.722
226.692	110.140	30.989	80.932
229.006	109.516	28.951	82.816
230.449	113.247	29.874	79.758
231.666	114.099	30.072	78.043
234.428	115.270	31.741	75.877
235.323	118.170	30.570	71.195
236.464	118.219	30.989	69.182
237.926	118.470	29.842	66.758
239.655	117.973	28.491	68.383
240.423	119.099	29.679	66.976
239.837	119.791	31.590	66.331
240.246	118.122	31.966	69.053
239.250	116.980	33.210	70.505
241.737	116.039	32.289	73.098
242.317	111.306	31.933	78.390
244.771	111.949	30.596	79.603
246.440	109.924	29.192	81.142
250.005	109.911	28.599	84.678
249.130	112.773	32.278	82.272
250.049	112.612	33.592	79.670
254.761	113.949	30.676	80.267
256.443	112.975	31.790	80.125
256.250	116.940	32.215	74.975
256.246	113.012	32.674	79.666
258.115	111.973	32.287	80.228
262.108	111.170	31.196	80.354
264.309	111.973	28.132	80.399
266.192	111.301	29.168	79.321
267.943	111.465	31.269	81.327
268.190	109.689	30.835	80.553
270.214	110.183	31.253	79.922
270.186	110.874	28.278	77.694
272.512	106.607	28.143	84.150
273.007	110.653	30.109	76.337
273.653	108.035	29.071	79.264
274.906	108.817	27.786	76.537
274.454	109.060	29.739	79.760
276.452	115.405	28.648	73.771
277.116	116.912	28.395	69.881
277.145	117.881	29.475	67.427
277.757	119.008	29.242	66.326
277.885	118.442	28.953	66.276
278.108	118.592	29.268	66.151
278.055	117.675	29.797	67.190
278.879	115.984	29.047	70.063
279.214	115.863	29.038	69.221
279.360	116.961	29.621	69.374
280.214	116.839	29.399	69.339
281.023	119.216	27.554	68.066
282.160	115.436	27.975	69.190
281.634	118.619	28.396	68.719
282.087	117.784	28.297	68.184
280.934	116.824	29.454	67.443
280.720	116.555	30.133	68.812
281.860	117.581	30.597	68.771
281.738	118.764	29.478	67.163
283.210	119.723	28.803	68.022
282.925	114.102	28.081	71.781
282.837	113.943	29.103	73.408
281.003	108.512	30.662	76.121
283.203	110.549	29.400	75.587
283.082	109.219	29.577	76.139
284.046	110.996	30.472	71.278
282.534	111.692	31.318	74.641
285.593	109.823	30.522	76.278
280.502	110.137	36.130	74.810
283.503	110.414	34.268	74.343
282.720	109.870	34.834	74.080
284.707	111.177	33.847	72.869
284.514	110.428	34.606	73.370
284.949	109.954	34.039	74.441
285.008	109.870	33.994	74.737
286.064	110.295	33.586	73.323
284.926	109.446	34.498	74.122
286.113	109.522	33.288	74.238
286.492	110.300	32.267	74.775
286.553	109.618	32.314	75.430
286.193	110.285	31.700	75.316
287.294	110.103	31.292	75.847
283.525	110.593	34.874	71.696
283.482	109.800	34.761	73.348
282.586	110.497	34.789	71.532
281.649	110.302	36.565	71.565
281.281	110.040	36.081	72.059
281.023	110.035	35.173	71.096
280.448	109.836	36.181	70.979
280.416	109.485	36.327	71.581
280.170	109.089	36.276	72.380
280.756	110.037	36.256	71.107
280.257	109.099	36.759	69.871
281.123	109.581	35.893	69.851
280.927	110.082	36.244	69.570
280.119	109.996	37.440	69.817
281.296	110.472	36.625	70.118
280.849	110.462	37.667	70.136
282.216	110.964	37.228	68.478
281.914	110.661	37.688	68.212
283.445	110.590	36.245	67.394
284.279	110.285	36.006	66.046
289.600	110.317	32.225	67.667
294.103	109.088	28.671	68.679
295.317	108.078	27.498	71.065
295.622	108.492	27.455	70.500
297.227	108.494	25.947	70.311
298.188	108.003	25.524	71.503
298.322	108.953	25.576	70.444
298.918	109.242	25.759	69.884
299.911	108.887	26.033	69.653
302.359	110.274	27.253	66.989
302.756	108.946	27.252	67.297
303.761	107.740	27.894	69.555
304.501	108.903	28.149	68.193
304.904	109.669	27.870	67.333
305.559	109.814	27.774	66.233
305.825	109.706	27.996	66.769
306.657	109.236	28.033	67.872
307.346	109.462	27.713	67.601
308.571	109.884	28.676	67.966
309.531	109.573	29.062	66.310
309.683	110.042	29.773	64.962
310.845	109.395	29.030	65.550
311.564	109.892	28.124	63.902
312.286	109.992	27.975	63.799
313.433	109.258	27.752	64.387
314.343	108.693	27.340	64.888
314.874	109.341	27.145	64.421
314.830	109.578	27.828	62.620
315.411	109.486	26.878	62.344
315.167	109.346	27.162	63.029
315.454	109.902	26.718	61.181
315.337	110.098	27.809	62.039
315.828	109.384	27.158	62.650
316.042	111.694	27.434	60.149
316.102	111.534	27.386	59.294
317.258	113.218	26.633	58.595
317.149	114.051	28.049	58.375
318.255	113.591	27.621	58.182
319.436	116.370	28.388	54.924
319.750	116.489	27.829	55.903
319.903	116.468	28.106	54.993
321.600	115.360	29.216	58.117
322.560	113.537	29.296	60.419
324.499	107.309	29.203	63.667
324.333	108.309	28.977	64.202
325.950	105.657	29.150	63.966
327.244	106.239	28.911	67.062
326.619	107.191	28.278	64.157
328.362	107.384	26.972	61.955
327.019	107.646	28.980	65.803
328.474	108.115	28.587	61.211
329.027	107.472	27.687	65.565
329.576	108.259	27.805	64.402
330.669	107.984	28.208	64.891
330.752	108.956	28.489	64.911
332.857	109.259	28.454	65.841
335.021	109.258	26.836	66.106
332.729	108.993	28.916	67.127
335.946	110.958	28.590	65.441
336.642	109.090	28.819	67.810
337.489	109.043	27.717	68.783
339.483	109.228	27.708	69.621
340.073	108.731	26.527	69.180
340.403	109.150	27.256	68.595
340.833	108.637	26.535	66.932
342.888	110.013	26.541	64.861
342.118	109.886	27.027	65.223
342.717	109.529	27.520	66.141
344.826	109.953	27.106	66.029
346.132	109.185	27.520	66.216
348.079	109.595	25.280	65.347
349.302	109.357	25.090	65.887
351.098	109.121	24.430	66.444
352.239	108.788	24.882	66.478
353.287	108.972	25.741	65.660
354.165	109.533	26.483	64.242
356.616	108.212	26.570	65.898
357.398	108.380	26.058	66.405
358.551	108.768	26.676	65.539
359.672	107.472	26.377	64.976
361.025	104.517	27.064	68.571
360.802	104.983	27.235	69.302
363.205	109.615	28.389	66.975
415.323	113.241	29.398	66.853
421.197	114.125	34.172	65.220
366.665	118.412	30.305	58.814
367.147	116.743	29.159	61.960
368.266	117.490	27.648	60.822
368.376	116.794	29.356	61.147
370.125	118.222	26.707	60.435
370.939	115.468	27.102	63.019
369.901	114.347	26.820	65.731
373.899	108.929	27.759	69.260
373.794	108.984	30.215	69.680
376.680	109.136	29.922	69.577
379.813	109.284	29.149	69.553
381.727	109.191	27.968	70.188
382.736	109.218	27.332	71.549
384.667	108.685	27.251	73.656
387.511	108.559	25.343	75.457
388.891	109.202	25.747	75.542
390.911	109.336	26.328	76.714
391.513	109.119	26.148	77.145
392.738	109.431	26.136	75.952
393.438	109.467	25.536	75.071
394.111	109.888	24.904	73.735
395.560	109.743	24.345	74.108
395.724	110.000	24.806	73.538
396.195	109.334	24.601	75.623
396.404	109.167	24.886	76.191
397.041	109.137	24.536	75.766
397.408	108.933	24.144	76.969
398.547	108.687	23.568	75.092
398.920	108.512	23.458	76.475
399.996	110.224	23.026	74.257
400.581	109.727	23.618	74.223
400.368	109.233	24.566	75.232
400.337	109.369	25.325	75.902
400.432	109.611	24.813	75.758
400.899	109.154	24.720	75.541
401.368	108.845	25.137	76.275
401.408	109.006	25.269	76.389
401.079	108.542	26.281	77.857
401.322	108.930	25.802	77.747
401.649	108.057	25.246	77.731
402.016	108.112	25.418	77.945
