471.000	264.000	65.000	186.000
468.831	261.193	66.973	187.666
467.399	259.293	66.121	187.651
465.156	256.924	64.859	183.410
463.487	254.959	66.097	183.323
461.248	253.211	65.846	183.758
460.643	253.297	65.056	182.916
459.734	252.759	66.076	182.595
458.875	254.132	66.144	180.965
458.429	252.925	66.691	182.184
457.905	249.388	69.044	184.261
456.780	249.347	68.859	182.223
456.467	246.895	68.694	178.884
457.059	244.597	64.969	175.863
457.390	242.982	64.741	176.750
456.936	240.744	63.313	178.055
454.987	238.727	64.578	180.759
454.461	240.777	64.903	178.486
453.863	239.208	65.003	180.381
452.322	238.660	62.264	179.308
451.365	237.478	63.616	178.611
448.569	234.274	65.211	176.978
445.721	233.260	66.501	173.264
444.597	232.216	64.864	172.712
443.228	232.859	65.631	171.409
441.802	232.002	67.817	172.025
441.538	233.245	66.492	171.372
441.339	232.173	66.064	172.570
442.015	232.399	65.040	171.809
442.809	229.129	62.741	172.363
442.282	225.018	62.288	172.950
443.007	223.193	60.812	170.942
442.933	222.361	59.823	169.221
442.315	220.869	59.560	169.209
440.967	220.647	60.966	168.350
440.001	219.384	61.268	169.276
438.292	218.883	59.288	169.632
436.300	218.293	57.433	169.518
434.252	216.268	56.955	168.085
432.565	215.225	57.076	167.441
429.352	212.075	58.730	165.854
427.732	211.838	59.217	165.153
425.916	212.694	59.832	163.394
426.043	211.938	58.196	164.441
424.550	212.535	57.081	163.694
422.715	210.617	57.919	164.801
419.879	208.372	58.934	166.462
418.582	207.511	57.437	164.894
415.117	206.432	60.256	160.499
416.479	205.713	57.954	159.323
412.103	202.829	60.048	162.469
409.298	204.023	61.741	160.581
405.523	205.155	62.914	158.794
404.208	202.469	61.229	161.722
401.686	200.966	60.386	161.627
398.486	198.933	60.802	158.833
394.757	195.929	58.376	158.292
393.097	194.270	61.282	159.700
392.229	196.981	64.276	156.204
390.159	195.313	65.562	157.884
390.951	195.331	62.188	156.954
389.956	194.425	63.388	157.989
389.454	192.348	62.645	158.168
390.616	190.876	55.783	156.647
389.122	189.248	54.972	156.905
386.359	187.237	54.122	156.030
385.281	187.608	53.571	154.236
381.835	187.447	54.244	154.100
377.922	187.889	56.501	152.802
374.652	187.136	58.834	153.932
372.874	187.394	58.064	151.816
369.997	184.956	57.695	151.408
367.617	184.186	58.489	150.057
365.694	182.775	54.642	148.463
362.492	181.412	55.329	152.049
360.944	181.325	55.613	150.321
358.606	180.692	57.653	151.394
357.211	181.473	58.085	148.807
355.850	181.488	58.619	148.655
354.482	181.400	58.977	149.822
351.758	179.048	59.110	149.573
349.722	179.150	57.803	146.415
348.323	176.220	55.216	146.887
348.147	175.637	53.351	146.864
346.096	174.382	52.332	147.432
344.734	174.399	51.783	146.087
341.116	174.489	52.318	146.092
339.819	174.655	50.547	145.826
336.451	173.435	49.807	145.533
335.749	172.306	48.890	145.233
331.508	171.379	51.391	144.049
329.063	171.241	51.078	144.443
326.227	168.499	49.453	145.470
324.531	168.991	49.649	143.809
320.670	168.600	51.401	144.528
317.513	167.711	51.660	142.403
316.895	167.554	51.406	141.757
315.213	167.176	51.937	141.309
313.237	166.112	50.754	141.855
313.102	165.797	50.852	142.606
310.307	164.246	50.546	140.504
310.235	163.474	49.195	142.506
307.789	162.253	48.550	141.522
308.168	161.460	49.819	141.346
305.381	160.658	47.770	141.425
301.824	160.429	49.040	141.854
299.876	159.527	49.923	142.181
299.339	160.682	47.724	141.034
297.415	160.409	45.431	142.259
293.186	158.885	48.273	142.163
288.269	158.088	52.657	140.924
282.323	158.995	54.955	139.561
281.232	157.199	50.102	140.449
280.929	156.541	47.330	142.752
275.560	154.927	48.895	144.088
274.799	154.774	46.508	144.022
268.620	155.405	53.460	142.054
265.734	158.270	55.294	139.653
263.437	157.953	54.027	140.395
256.922	155.605	57.228	142.828
250.260	154.318	61.699	145.279
245.708	154.503	56.978	148.635
242.223	154.261	55.354	142.857
236.601	155.549	56.205	141.753
233.803	155.975	55.817	143.420
228.587	153.161	58.494	145.276
224.574	153.643	56.572	148.475
221.992	154.226	54.907	144.945
219.250	153.267	55.074	143.685
214.208	153.266	53.519	145.317
210.865	148.772	56.055	152.757
209.786	159.346	54.431	143.007
204.820	163.176	58.989	135.429
203.371	168.773	62.117	130.563
198.504	174.483	62.236	125.271
185.640	169.982	62.438	124.138
179.649	167.373	49.267	127.630
174.597	165.232	62.184	130.455
170.505	159.048	60.262	139.821
165.570	153.955	65.869	143.838
165.259	152.447	57.911	138.271
154.841	164.195	46.640	131.523
148.923	150.617	49.226	135.146
144.362	157.359	47.867	129.618
137.980	151.501	58.065	135.470
134.383	153.850	62.022	135.135
131.701	153.742	59.808	137.228
127.561	153.188	61.538	138.403
123.810	155.156	62.864	136.916
116.475	152.206	56.180	131.671
111.502	148.743	50.009	135.912
148.522	145.602	55.403	138.060
167.877	147.308	58.753	129.086
208.974	147.376	56.180	128.855
248.133	148.141	57.903	127.994
266.965	146.118	60.351	130.129
308.768	146.006	58.263	127.352
330.836	144.811	54.571	131.346
336.672	142.931	47.660	134.134
336.115	140.634	44.662	138.933
330.623	141.970	47.083	136.587
325.771	140.731	47.487	135.299
319.126	143.069	47.887	135.267
312.294	143.363	47.854	133.943
307.294	141.427	47.870	135.654
302.654	142.904	50.794	132.581
296.406	141.860	51.173	129.169
291.504	142.287	47.906	126.451
288.802	142.131	47.503	129.461
286.066	140.498	45.859	131.106
282.116	140.614	47.687	129.021
279.182	140.949	46.481	126.089
274.997	142.692	45.103	126.918
287.495	144.439	45.102	113.368
311.531	142.120	48.477	116.122
346.185	142.033	50.304	115.264
387.742	139.649	48.771	114.957
427.619	139.116	49.701	115.268
467.856	137.653	52.022	115.884
509.337	136.498	53.168	113.901
518.020	135.436	44.354	120.839
512.186	139.952	45.870	116.014
509.711	143.129	44.195	113.766
504.941	137.877	43.389	116.896
500.129	142.591	44.500	110.054
495.911	138.928	42.603	112.500
492.424	140.829	42.220	109.998
487.640	138.720	44.716	113.190
482.952	137.612	47.520	115.463
479.520	137.841	47.237	115.771
476.734	134.968	51.132	117.576
473.800	132.839	48.208	122.725
467.386	136.819	49.660	119.923
462.313	140.459	49.917	118.703
458.491	138.750	48.144	119.821
452.517	138.525	47.229	114.536
447.613	134.152	47.355	120.834
445.566	134.579	46.839	118.760
441.965	133.898	45.128	117.233
434.713	133.302	45.537	119.135
428.055	134.119	46.677	120.800
425.491	132.478	47.488	124.971
419.791	136.218	43.160	121.831
412.123	128.217	44.733	129.982
406.339	121.014	44.275	138.360
399.951	128.242	44.353	131.587
396.178	128.286	45.210	129.642
392.617	121.996	43.236	138.711
388.083	126.601	42.301	129.260
385.514	129.003	41.915	121.736
381.739	119.403	39.383	125.131
377.074	116.109	38.805	129.532
370.789	121.204	39.496	121.476
347.049	117.326	48.033	121.228
336.240	119.363	40.835	114.602
326.423	119.775	40.990	114.710
321.854	121.722	39.794	113.844
316.096	121.547	41.019	121.294
309.660	120.279	44.629	121.952
306.956	119.494	44.421	124.524
304.929	122.876	41.011	127.521
330.640	127.336	46.692	116.619
369.667	125.714	47.209	123.064
410.933	123.681	52.190	120.685
427.051	127.720	45.048	118.104
446.307	122.001	43.102	130.475
441.461	119.729	42.766	133.066
436.990	115.385	44.063	140.413
431.817	112.221	47.085	143.373
422.372	110.971	52.581	142.829
407.997	109.479	63.469	143.311
408.099	110.203	60.526	138.795
405.213	112.789	54.022	136.622
401.035	113.414	53.877	137.759
396.258	112.491	52.255	139.352
391.805	112.877	54.480	137.855
387.311	112.570	56.303	139.393
385.382	112.305	57.830	139.032
381.192	110.988	51.933	139.928
377.609	110.074	48.977	140.853
373.554	107.645	51.658	144.860
368.449	105.897	53.477	144.632
361.466	106.733	57.528	141.170
353.060	110.934	59.613	130.670
348.036	111.644	51.079	126.446
344.550	111.158	53.414	131.387
335.726	113.145	53.643	131.258
328.386	112.567	56.482	134.023
326.456	110.603	54.617	135.647
325.221	111.231	54.736	135.462
321.332	109.354	53.168	137.641
318.187	108.140	48.215	139.230
311.718	108.672	47.545	140.804
305.648	105.662	51.798	142.863
298.015	108.574	55.435	136.991
290.465	109.712	57.598	137.210
280.021	112.256	60.833	132.283
276.537	111.930	56.128	131.478
272.357	109.104	49.514	128.205
267.646	106.985	51.173	130.873
261.647	107.231	54.959	125.792
255.207	105.110	57.746	129.313
249.340	105.164	54.404	132.345
245.434	105.179	53.375	128.957
235.951	102.805	58.890	128.866
231.782	97.323	56.141	135.099
225.454	98.703	54.266	133.853
218.618	100.037	56.553	133.393
216.105	100.530	58.079	132.384
209.269	100.934	65.594	127.748
204.028	100.077	67.837	129.959
198.032	100.287	67.124	127.472
194.468	99.816	65.305	129.326
191.668	99.727	61.896	127.219
188.888	96.925	53.953	128.326
185.006	96.409	53.238	127.942
182.777	98.312	54.439	126.038
183.835	98.131	51.658	124.802
182.651	97.558	52.433	125.472
176.996	97.591	54.862	128.267
146.738	102.985	58.028	132.613
150.691	97.181	61.302	136.218
