215.000	127.000	55.000	20.000
223.218	125.767	47.448	25.743
226.533	125.170	47.546	26.229
227.561	125.006	48.847	26.580
229.658	123.766	47.839	27.315
232.969	123.527	46.871	24.953
234.916	122.932	46.774	23.550
237.714	122.214	45.551	21.742
238.458	121.235	44.953	21.795
241.150	120.324	43.467	22.302
241.442	119.753	44.155	23.174
243.409	119.591	41.968	22.271
246.488	119.181	39.732	21.179
248.613	118.633	36.915	20.734
250.268	117.695	34.883	22.538
251.869	117.422	33.820	21.352
252.182	116.522	32.650	20.770
252.402	116.364	32.619	21.122
255.014	116.937	29.101	21.283
254.571	116.917	29.275	21.597
254.863	117.682	28.377	20.808
254.259	118.597	28.406	19.911
253.946	119.369	27.756	18.786
253.032	117.272	26.789	22.568
251.827	119.235	25.485	23.760
249.926	122.934	24.812	23.624
249.103	124.832	24.175	23.520
248.830	125.854	23.789	23.301
247.449	127.020	22.779	24.676
246.383	128.861	23.397	23.114
242.490	133.587	24.644	20.983
241.909	135.023	24.227	20.774
240.976	135.828	24.232	19.979
237.861	141.166	25.421	17.592
235.613	141.623	25.156	17.303
232.602	142.322	26.505	18.228
229.184	143.682	28.882	17.381
224.361	144.450	32.677	19.143
226.209	144.303	31.772	18.962
225.749	145.171	31.205	17.511
222.283	144.553	34.613	18.052
221.820	144.112	34.469	17.875
223.959	143.010	33.697	20.988
223.876	141.300	33.963	22.363
222.190	141.391	35.714	25.246
220.786	141.999	36.697	25.795
220.335	142.198	39.314	25.743
219.483	142.079	41.777	25.227
219.973	141.742	42.082	25.890
219.168	141.538	44.350	25.153
219.584	142.447	44.883	23.838
222.224	141.777	44.014	24.557
223.057	141.692	44.768	24.613
223.750	140.851	46.862	25.514
223.312	140.586	46.807	27.793
226.056	139.760	44.640	30.397
231.712	138.209	42.853	29.126
232.721	138.542	41.750	29.218
239.735	138.500	38.133	26.627
237.495	137.416	39.730	26.614
234.246	137.145	43.470	28.467
235.727	137.031	42.937	27.015
235.353	138.237	42.904	28.318
238.238	138.574	40.722	26.800
236.165	139.242	42.057	25.648
236.775	140.420	40.756	24.544
235.185	141.462	42.113	23.230
233.111	143.086	42.413	24.422
238.915	145.040	36.501	20.270
237.520	146.720	36.562	23.750
238.162	147.187	36.122	23.032
237.745	149.118	36.520	23.465
242.165	150.201	31.958	23.578
237.669	152.309	35.897	22.654
237.668	153.043	33.572	23.564
238.465	154.850	31.908	21.522
236.081	157.527	33.916	20.520
234.074	157.464	32.240	22.177
228.922	160.617	36.710	20.143
224.923	162.725	38.950	18.564
225.917	163.442	39.488	18.220
227.536	164.335	39.813	18.010
226.875	163.965	38.061	19.017
228.895	162.945	34.876	22.343
233.068	162.893	32.975	22.137
233.533	164.580	31.348	24.042
234.611	162.925	31.764	24.501
233.289	164.266	32.745	25.804
236.017	163.396	30.959	29.955
238.035	161.556	28.901	31.692
238.088	163.747	28.482	32.126
237.059	162.162	31.004	33.820
238.379	158.697	29.894	36.394
237.635	158.035	30.832	36.823
239.580	160.465	29.812	32.249
236.376	159.850	32.442	36.509
233.634	157.870	35.050	39.005
233.324	158.230	36.474	38.259
235.695	155.119	35.438	39.538
235.432	155.204	36.857	36.618
233.390	154.716	37.852	37.290
237.242	153.579	37.453	36.644
236.523	152.452	38.536	34.390
235.969	152.080	40.879	33.026
238.447	152.903	40.318	28.917
239.378	153.189	39.853	28.697
238.237	150.734	42.152	31.656
241.069	149.060	42.632	34.396
241.467	146.640	43.089	35.836
243.455	145.308	43.027	35.240
244.386	144.926	43.559	35.478
249.416	143.806	41.285	35.834
252.123	143.560	40.196	34.721
258.591	140.750	36.299	29.028
253.511	140.350	41.780	33.897
254.192	141.269	41.498	32.636
254.641	140.005	42.709	30.438
260.236	139.634	39.541	30.134
262.718	139.761	38.143	30.545
269.621	137.033	34.014	24.965
271.945	134.734	34.852	25.808
272.937	134.188	36.388	26.595
272.208	132.972	41.188	28.653
274.343	131.743	40.527	29.643
277.040	131.320	40.268	28.620
277.553	129.874	44.021	27.630
278.356	129.288	45.404	26.473
277.290	127.793	48.898	29.439
281.912	125.291	47.543	27.352
284.576	125.333	48.110	27.917
286.011	124.809	49.160	25.535
292.368	121.041	46.562	25.360
293.622	119.228	47.787	28.015
300.134	118.081	43.222	28.201
300.974	116.845	43.175	30.598
301.001	115.114	44.024	29.632
302.419	113.799	43.806	30.039
304.839	112.267	43.988	28.629
307.264	112.248	43.262	26.303
309.293	110.104	41.949	26.972
312.273	107.886	41.131	27.361
314.194	107.880	39.769	26.723
316.922	107.128	37.708	25.349
318.421	106.625	37.510	25.025
321.951	104.376	34.541	25.967
323.264	103.079	33.932	26.280
325.161	101.609	32.290	26.935
325.457	100.048	32.078	27.610
328.622	97.716	29.495	29.659
331.106	96.864	27.421	29.849
331.792	95.847	26.687	30.193
331.068	94.534	27.435	29.254
331.384	92.734	26.819	30.529
331.108	91.798	26.437	31.799
330.780	90.996	27.357	31.901
331.839	89.311	24.946	32.610
331.291	89.154	25.326	32.508
331.278	88.761	24.283	32.269
330.818	88.241	24.710	32.431
329.639	87.174	25.194	33.309
327.777	86.463	27.057	33.469
326.645	86.352	27.744	32.533
324.488	87.424	28.011	30.767
323.489	86.701	27.692	30.507
321.576	87.258	26.954	29.765
319.211	86.991	28.252	29.753
317.317	86.741	28.946	30.053
315.529	86.225	29.304	28.835
314.703	87.220	28.393	26.121
312.925	87.936	30.244	24.389
309.770	88.039	30.651	24.237
309.097	88.405	30.359	23.241
307.814	87.833	30.360	23.603
305.034	87.763	31.245	23.162
303.590	87.600	31.373	22.742
302.799	88.021	31.278	22.011
300.584	87.651	35.913	22.628
298.764	87.627	33.456	22.710
297.969	87.157	36.151	22.970
294.494	86.898	35.686	22.752
293.902	86.077	34.798	23.636
291.950	86.136	35.044	23.303
290.594	85.819	34.511	23.711
287.650	86.279	34.631	23.360
286.078	85.964	34.187	23.524
282.233	85.702	33.417	23.570
280.837	85.261	36.427	23.743
279.100	85.335	32.120	23.883
276.842	85.504	36.129	22.828
273.042	86.834	34.342	21.363
269.065	86.887	33.730	21.190
267.030	86.811	35.252	20.790
265.597	86.182	36.126	21.585
263.958	86.534	36.195	20.083
263.974	86.234	33.645	20.342
262.317	86.745	34.853	19.291
260.077	86.181	31.300	20.323
258.495	86.832	29.461	18.656
255.988	85.254	29.635	20.279
255.043	83.325	30.087	22.992
251.381	82.676	31.109	23.096
249.652	83.771	29.648	22.225
250.420	85.220	28.172	20.954
249.172	86.641	26.613	21.593
248.375	89.676	25.229	19.910
245.682	91.529	25.338	19.723
242.195	93.108	27.285	18.444
239.561	94.286	27.241	19.766
237.985	94.441	27.797	20.378
236.396	94.385	27.590	21.373
234.030	94.910	28.997	21.791
231.746	95.019	30.164	23.058
230.528	95.115	30.406	23.949
228.182	95.449	32.804	23.258
224.897	95.120	35.293	23.784
223.932	94.742	35.967	24.996
223.342	94.399	36.021	25.993
222.409	92.637	37.680	27.783
222.318	92.592	38.236	27.431
221.090	92.574	40.400	27.493
219.141	92.947	43.010	26.373
219.023	93.074	44.193	27.342
218.583	93.947	46.820	27.476
219.278	94.426	46.508	27.382
220.126	95.500	48.562	25.623
222.662	98.178	49.053	22.058
223.334	99.163	50.233	20.799
224.535	102.662	51.016	18.114
224.957	103.565	51.746	19.105
225.922	104.288	51.774	20.016
228.157	105.411	49.609	20.391
228.856	106.157	49.980	21.007
233.984	108.953	47.612	22.587
236.344	111.825	47.114	22.008
239.138	114.211	46.017	21.553
242.223	119.723	47.216	20.280
245.175	122.816	48.084	19.928
245.632	124.242	49.077	19.902
247.104	126.381	50.331	19.757
249.354	129.398	49.591	18.211
251.503	135.155	51.637	15.031
251.403	136.765	53.469	14.646
259.062	136.793	47.458	15.166
256.443	137.066	52.876	16.293
259.786	137.431	51.556	16.461
266.261	136.236	47.997	18.994
269.324	136.056	46.512	20.204
271.430	134.051	45.716	23.516
271.377	134.490	46.471	24.915
277.665	129.407	42.159	30.635
280.902	127.618	38.761	34.160
293.089	122.787	26.679	35.369
292.887	121.255	26.090	31.086
289.426	118.888	28.794	33.295
290.231	115.490	27.624	33.871
287.525	113.721	30.827	35.240
286.769	112.574	31.828	34.118
285.024	110.626	34.269	35.056
286.536	110.376	33.711	35.999
285.567	107.430	36.815	35.731
286.001	106.865	38.554	34.642
288.901	104.612	37.685	35.382
288.207	103.880	39.927	34.008
291.455	101.198	39.831	35.039
290.811	99.705	41.780	36.113
291.141	98.656	42.769	37.231
290.381	97.912	46.085	36.636
293.155	96.977	46.551	36.712
293.952	95.968	47.166	37.089
296.527	94.300	49.060	37.779
312.430	90.133	48.041	32.423
319.322	87.924	45.976	35.295
321.782	86.482	46.590	34.403
326.585	84.900	45.329	34.329
329.117	83.917	44.047	33.409
331.224	83.085	43.450	34.560
337.180	81.339	38.128	35.806
338.746	80.307	37.336	36.249
340.768	79.204	35.019	37.274
341.569	79.590	32.229	34.788
340.154	81.646	32.809	30.098
340.545	83.061	30.789	28.469
340.250	85.207	28.798	26.229
339.292	85.009	27.226	26.456
338.711	86.671	26.378	24.947
335.338	91.215	27.077	22.011
332.574	94.100	27.416	22.421
331.773	97.653	26.082	26.069
326.968	106.766	28.879	23.843
323.866	111.779	30.067	23.688
321.416	118.194	29.906	24.903
318.865	120.766	30.316	26.337
316.217	126.587	31.239	25.133
313.996	130.379	32.120	27.214
307.533	142.604	36.292	24.520
303.758	147.159	36.280	24.165
301.894	152.214	35.655	20.414
297.088	155.423	34.500	19.009
294.395	156.670	31.540	19.284
291.586	158.601	30.004	18.656
288.589	159.757	29.821	19.795
285.773	160.152	27.663	20.343
282.381	160.469	29.032	20.691
281.326	160.039	27.854	21.636
280.438	159.382	27.875	22.939
278.429	158.704	26.936	24.564
275.542	158.868	28.516	25.319
273.344	158.818	30.019	25.985
270.715	157.723	32.905	28.045
268.977	157.375	35.285	28.952
265.790	155.902	38.497	30.075
265.336	155.437	40.486	28.798
265.907	154.958	40.789	27.319
265.562	155.008	42.091	25.826
264.400	155.183	44.975	24.357
265.056	155.947	46.044	24.112
263.547	155.499	48.408	24.706
263.499	155.826	50.796	25.264
264.176	155.043	50.678	25.797
265.502	154.738	50.652	25.543
268.011	154.813	50.978	25.745
269.468	155.652	51.730	26.813
271.236	156.361	52.240	26.494
275.699	161.516	50.940	25.669
278.231	163.212	50.820	24.882
279.547	164.162	50.932	24.676
282.198	165.276	51.143	25.133
285.032	164.753	50.995	24.921
289.151	162.297	49.584	26.797
292.319	160.900	48.196	29.130
295.927	158.877	47.005	30.641
298.832	157.636	44.403	31.511
299.580	155.884	43.614	33.024
303.566	155.000	40.403	31.394
305.002	153.761	38.808	31.439
304.544	153.014	38.841	32.407
305.289	151.710	38.099	32.462
305.754	150.883	37.033	33.115
306.744	151.222	34.259	27.020
307.528	151.198	32.519	23.800
307.557	150.631	30.839	23.438
308.296	150.795	26.351	23.391
307.302	151.824	26.245	22.290
304.587	151.912	27.461	21.372
300.701	151.663	29.732	21.336
297.693	152.118	30.248	22.060
294.138	152.735	32.692	21.333
289.495	154.547	33.789	20.262
286.577	155.654	33.786	19.325
284.355	156.754	33.247	19.626
280.949	158.003	34.652	18.413
278.134	158.543	35.208	19.232
270.102	158.943	39.774	19.926
268.778	160.275	38.690	19.416
263.636	161.227	40.082	19.681
264.118	161.787	37.814	21.110
260.540	161.499	37.870	22.760
256.096	162.043	38.644	22.771
251.651	162.183	40.407	23.172
243.199	162.624	41.921	22.763
240.009	162.230	36.509	23.803
237.131	162.437	34.480	23.350
233.780	162.653	34.712	24.193
230.687	163.576	35.696	23.867
228.172	164.260	34.882	24.660
224.247	164.218	35.534	24.304
218.876	165.696	34.969	24.773
215.900	165.956	34.977	25.647
213.249	167.079	34.932	25.697
209.883	167.891	36.078	24.994
207.020	167.975	36.907	26.024
199.648	169.166	40.375	26.396
198.992	170.404	38.737	24.034
192.184	171.635	41.009	23.260
189.195	172.495	40.464	23.048
187.173	173.106	40.036	22.515
182.852	174.945	39.928	21.492
179.573	175.685	39.506	20.589
176.047	176.969	42.034	18.933
173.498	177.804	42.637	17.804
170.715	178.530	41.554	19.103
168.620	178.977	42.173	19.091
162.456	180.640	45.177	19.203
159.380	181.218	46.419	19.099
157.729	182.430	45.759	18.540
157.237	183.532	45.095	17.828
157.052	183.137	44.479	18.044
157.241	181.396	44.114	19.716
157.763	179.123	42.510	21.846
157.957	178.270	41.269	21.765
157.109	177.447	40.851	22.183
156.999	176.922	41.120	23.263
157.829	176.780	40.156	23.911
159.014	174.745	39.640	27.804
159.338	174.387	38.884	27.095
160.665	172.729	38.174	28.136
158.896	172.303	39.617	29.441
157.954	171.248	41.157	31.121
158.606	169.512	42.111	33.888
158.676	167.233	42.773	36.084
159.386	166.976	42.825	36.341
159.756	164.690	43.741	37.896
160.516	160.726	44.444	40.122
161.687	159.535	44.858	39.513
164.249	158.014	43.681	38.936
165.096	154.748	44.926	38.323
165.712	154.003	45.359	36.512
166.710	151.415	45.365	35.801
168.892	150.979	44.591	35.454
171.226	146.707	44.217	36.863
171.963	145.420	44.941	35.674
173.278	142.774	44.580	31.931
174.671	141.127	43.074	34.014
176.320	140.454	41.573	33.040
178.966	137.628	38.696	34.955
180.065	135.847	36.528	36.599
182.447	132.368	34.200	37.892
183.853	130.726	31.809	38.051
184.481	128.344	30.257	36.554
184.501	126.895	29.130	36.098
181.124	123.736	30.853	32.686
179.674	122.509	31.094	28.202
176.187	120.222	32.720	25.166
176.639	118.852	30.247	26.564
175.469	118.240	29.220	25.784
174.184	116.775	30.055	25.068
174.930	116.357	28.004	23.467
173.847	115.076	26.509	23.502
173.244	114.803	25.586	22.243
169.123	114.776	25.376	20.949
167.877	114.919	24.179	20.728
167.176	115.433	23.083	19.678
166.204	117.066	21.777	21.767
160.558	119.991	21.101	27.958
157.393	122.548	23.184	28.948
154.574	125.648	25.006	28.951
151.563	128.674	24.283	30.224
148.847	132.712	24.783	30.149
146.394	136.213	24.598	28.938
140.921	139.132	23.748	30.238
137.546	141.464	25.068	31.542
134.423	141.754	25.769	32.763
128.668	144.145	26.361	35.202
123.894	144.803	26.286	37.805
122.353	149.028	25.072	36.293
119.197	156.279	25.066	31.560
116.713	161.397	22.827	29.567
115.422	163.070	21.642	29.691
109.777	171.881	23.520	23.451
107.080	174.165	24.862	23.169
104.181	175.325	26.189	22.838
99.725	178.094	28.656	20.467
94.743	180.074	29.943	21.419
92.922	181.199	29.850	23.860
93.042	182.612	27.347	25.126
91.855	187.199	27.344	26.872
89.145	191.802	29.658	22.100
85.237	193.895	32.622	23.013
80.416	195.057	35.777	23.444
77.732	194.767	36.366	23.955
76.864	194.097	37.384	24.584
75.501	192.084	39.392	25.134
75.414	190.865	39.486	25.713
72.586	188.899	43.257	26.890
71.138	187.135	46.039	26.262
72.127	187.082	44.933	25.852
73.988	185.218	45.732	25.805
74.460	183.627	46.139	26.663
75.772	182.379	47.010	25.048
76.491	182.142	46.862	23.975
76.924	182.113	47.225	23.908
78.819	181.627	47.267	24.521
81.640	182.059	46.381	21.333
81.546	180.573	48.159	22.078
83.916	181.456	46.400	20.253
84.647	180.340	46.165	20.530
85.522	180.367	46.438	20.155
85.954	180.367	48.568	19.415
86.782	180.746	48.751	19.435
89.085	180.568	47.571	19.915
90.482	180.737	47.859	19.579
91.643	181.028	48.219	19.351
93.500	180.762	48.556	20.627
95.646	180.486	47.825	21.383
96.613	181.423	48.380	20.393
99.200	181.356	47.460	23.082
100.333	181.028	48.075	23.245
101.522	180.557	48.354	24.894
102.694	180.074	48.856	24.918
105.224	179.398	47.083	25.943
104.432	178.456	48.608	27.309
107.516	176.896	46.376	28.433
108.324	176.637	45.221	28.748
108.458	176.375	45.219	28.191
108.489	175.181	45.582	28.179
110.223	174.375	43.194	27.696
111.684	173.582	40.785	26.284
111.726	173.338	39.573	25.330
113.648	172.748	35.987	25.155
115.656	172.498	32.956	24.263
116.835	172.829	30.595	23.090
117.302	172.839	28.406	21.357
117.455	173.318	26.105	21.056
118.430	173.708	23.567	20.702
118.060	174.108	22.473	20.770
117.548	174.657	21.484	20.386
116.421	175.902	21.614	20.355
115.519	175.410	21.537	20.407
112.360	175.361	23.688	20.621
108.522	175.050	25.280	20.714
106.044	175.053	26.652	21.161
103.289	174.930	28.756	20.841
100.556	174.267	30.007	21.122
99.672	173.142	30.501	21.020
98.920	171.307	30.193	22.354
98.690	169.606	30.426	22.958
98.673	168.346	30.637	22.973
97.740	167.716	31.465	22.981
96.635	166.381	33.059	24.629
95.260	165.366	38.240	23.207
94.191	164.637	37.694	22.643
98.637	163.904	37.309	21.925
103.174	163.131	39.153	23.024
104.737	162.327	42.830	23.226
107.794	160.810	43.847	24.058
109.028	159.606	46.126	22.514
109.830	160.041	45.470	21.495
109.384	159.809	47.111	20.437
110.144	159.511	46.858	19.712
112.350	159.834	45.577	18.190
113.489	159.486	44.939	18.419
113.578	159.590	46.429	18.234
116.697	159.700	45.946	18.353
125.523	160.078	45.137	19.883
133.769	161.379	42.359	20.366
139.133	162.091	41.420	21.321
143.059	162.301	42.561	22.694
146.076	161.884	40.933	25.004
145.838	163.448	41.913	25.249
147.287	164.654	41.703	27.189
148.310	168.595	42.497	25.632
148.669	169.514	42.931	25.767
149.768	173.635	43.424	23.160
149.805	175.056	44.391	22.530
149.998	176.990	46.127	21.467
156.144	179.644	43.216	19.828
163.810	178.894	42.839	20.723
172.770	178.285	39.624	22.797
174.037	177.999	40.298	23.271
172.727	176.985	41.668	24.739
170.726	175.457	41.461	25.804
172.185	174.555	39.861	25.983
171.922	175.249	38.188	23.139
173.988	174.359	36.449	22.331
174.391	175.009	34.271	20.322
177.329	174.264	29.449	20.191
176.336	174.704	27.087	19.818
175.185	175.669	25.147	21.519
174.312	175.157	25.582	22.239
173.724	176.191	25.511	21.987
172.121	176.300	25.497	22.411
170.298	176.533	26.691	22.296
172.350	176.896	23.498	21.023
167.342	179.004	26.188	19.049
165.267	179.377	26.607	18.238
163.475	181.952	29.625	15.137
161.431	181.791	32.895	16.858
165.934	180.041	38.213	19.115
168.459	178.736	39.643	19.822
174.067	175.866	44.794	21.494
180.739	175.180	41.881	21.656
186.199	173.758	40.567	22.519
189.675	172.922	41.463	22.745
193.109	172.120	44.999	22.316
197.470	171.376	45.956	22.770
208.453	170.142	43.768	22.420
214.635	169.122	43.779	22.008
218.642	169.288	46.976	21.395
227.882	168.032	49.160	21.014
231.774	168.732	49.546	20.131
237.735	168.516	50.772	20.154
242.026	168.757	50.479	20.278
248.879	168.576	49.470	20.438
255.790	168.255	47.458	21.399
260.883	167.448	47.796	23.540
262.177	165.354	48.226	25.563
262.976	163.829	49.353	25.214
264.007	163.025	50.615	25.672
262.968	162.355	51.986	26.265
266.939	162.200	50.635	25.221
268.240	159.896	50.409	25.156
270.848	159.709	49.800	23.384
272.600	157.136	47.696	24.153
274.862	156.364	46.921	24.519
276.540	155.100	44.187	25.000
279.092	151.757	41.471	26.321
280.383	150.765	40.117	26.318
281.980	150.234	38.051	26.777
284.601	148.376	33.415	26.903
284.666	147.856	32.800	24.581
284.471	147.577	32.160	21.069
285.479	147.400	30.810	19.482
283.426	146.876	30.600	18.850
283.486	146.182	29.330	19.855
281.396	144.212	30.727	21.159
281.210	144.590	28.373	21.315
280.304	144.819	27.105	21.799
278.827	145.888	25.287	22.372
279.036	147.090	23.402	21.921
277.543	146.165	23.112	23.536
276.372	146.654	22.722	24.724
274.973	147.816	22.121	23.978
271.326	148.999	24.352	23.286
267.906	149.860	24.155	23.263
264.482	151.006	25.866	22.465
263.413	152.499	24.714	21.503
261.121	153.449	25.718	21.377
258.535	155.728	26.796	19.879
256.297	157.747	27.930	19.025
253.780	157.081	29.483	19.375
254.770	157.490	27.833	20.451
252.723	157.649	29.231	20.790
252.032	157.654	29.105	20.904
251.571	158.718	28.925	20.564
250.283	159.866	29.547	19.520
246.396	157.317	33.869	22.025
245.703	156.173	34.781	23.124
245.272	155.106	35.468	24.427
245.093	153.678	37.353	25.117
245.677	153.241	37.537	24.130
245.014	153.368	38.971	24.484
241.651	153.702	43.526	25.503
240.200	153.445	45.363	25.187
238.967	153.232	49.570	23.038
239.660	153.094	49.196	22.499
241.491	153.429	47.733	20.180
240.696	153.912	49.523	19.119
241.371	153.815	48.968	18.290
244.122	154.022	47.366	18.001
245.074	153.763	47.481	18.328
246.319	154.018	47.209	17.861
247.333	152.826	46.990	19.219
247.899	153.427	47.760	18.346
248.815	153.427	47.916	17.939
249.347	153.247	48.401	18.042
251.622	152.906	47.737	18.734
253.086	152.712	47.538	18.918
257.420	152.417	43.852	19.260
257.240	151.626	44.203	20.036
261.087	151.006	43.221	21.504
260.416	148.777	43.749	24.410
260.760	148.922	44.892	23.750
261.086	148.083	46.241	24.305
264.701	147.828	43.743	24.053
265.889	146.182	46.174	25.660
264.679	144.531	48.187	28.144
267.024	142.817	47.964	28.958
269.642	140.075	44.796	30.364
270.604	138.921	44.664	31.368
270.875	138.221	44.643	29.728
271.038	137.573	45.056	29.636
271.541	136.810	44.046	28.189
273.061	135.813	42.296	22.569
274.837	136.169	41.112	20.115
274.711	135.492	39.455	19.487
277.544	134.609	35.365	20.050
277.056	133.872	34.810	20.203
279.675	133.455	30.206	20.145
279.294	133.044	28.600	19.494
280.871	132.764	26.461	20.286
282.303	132.834	23.664	20.338
281.182	132.708	22.112	20.767
277.926	133.871	23.199	21.082
277.190	133.715	22.509	21.213
275.784	134.943	22.062	21.951
273.610	135.669	23.035	21.372
269.851	137.790	24.829	20.509
267.240	139.505	26.046	19.161
265.381	140.908	26.586	17.946
260.094	141.235	29.753	17.259
258.467	141.956	31.382	15.797
259.027	141.458	30.225	16.944
256.603	141.222	31.671	16.851
256.499	140.403	32.017	17.923
257.852	140.014	29.961	18.961
257.565	136.260	30.383	23.670
255.921	135.836	32.617	24.103
253.885	134.188	34.644	26.101
250.124	131.846	39.551	28.492
249.766	130.448	41.192	29.256
248.896	129.443	42.592	31.082
245.361	128.977	47.186	27.839
243.630	127.978	49.359	28.429
245.711	126.464	49.890	29.513
247.093	124.887	48.334	30.604
248.284	123.949	48.073	29.949
249.135	123.602	48.002	30.140
250.946	121.923	47.426	31.671
253.777	118.928	46.941	34.816
255.214	117.411	45.218	35.249
256.738	115.372	45.028	35.956
259.110	113.956	43.657	36.564
259.823	112.009	43.961	36.543
259.441	108.130	45.819	37.068
260.873	106.933	44.607	36.148
259.916	105.494	45.935	35.471
261.591	103.643	44.980	35.520
261.714	102.866	46.682	32.425
263.832	100.095	45.520	33.185
264.209	98.701	46.467	34.164
266.643	96.919	44.055	32.073
268.633	94.689	43.490	31.470
270.088	92.714	42.500	31.695
270.836	91.839	42.332	29.348
272.945	89.132	42.865	27.456
273.083	87.526	43.670	26.472
273.373	86.174	43.998	26.809
275.828	84.761	40.590	27.800
278.105	83.197	40.723	27.246
278.899	81.312	42.412	24.168
280.274	79.158	41.339	24.849
280.949	78.372	41.139	25.635
280.980	77.280	42.956	24.894
281.158	75.874	42.943	24.862
281.648	73.276	44.284	26.510
281.219	72.496	45.470	27.177
280.107	71.862	47.731	27.049
280.067	71.008	48.516	26.870
280.175	70.749	49.025	25.395
278.992	69.506	51.696	26.094
279.720	68.810	51.700	25.460
281.499	68.617	51.113	25.328
283.313	68.168	51.932	25.052
283.918	67.455	52.008	25.355
284.769	66.962	52.859	24.400
286.290	66.057	52.510	24.328
288.141	63.304	52.756	26.262
288.991	62.343	52.930	25.332
289.789	61.102	53.061	26.687
289.690	60.223	54.567	26.620
293.465	59.391	53.658	27.573
294.206	58.396	54.768	28.290
296.737	58.165	53.894	28.236
298.460	57.129	53.882	28.600
300.743	56.526	52.256	28.990
303.462	55.969	50.930	28.933
302.381	55.213	52.816	28.262
304.700	54.515	52.430	24.371
308.032	53.785	52.462	25.065
307.629	52.891	53.725	24.928
308.912	52.694	53.721	25.116
310.516	52.507	54.522	25.249
313.390	51.389	52.424	25.482
314.178	49.929	52.243	26.562
317.469	48.635	49.978	26.997
317.565	47.507	50.290	28.414
319.454	46.854	48.458	27.669
320.730	46.145	48.150	28.123
322.129	46.403	46.932	25.675
323.974	46.117	44.785	24.727
326.478	46.087	42.022	23.209
325.556	46.588	42.895	22.575
327.329	46.185	40.385	23.056
326.429	47.500	40.493	20.420
324.386	49.774	43.483	18.458
325.114	51.647	40.679	18.438
325.151	54.220	41.692	19.185
325.800	56.090	39.199	19.487
324.293	60.622	40.719	16.906
324.808	63.034	39.470	17.479
325.048	69.092	38.650	15.966
326.519	71.043	36.505	16.975
327.045	73.689	37.466	17.169
327.306	76.226	37.061	17.392
327.164	81.581	37.981	16.084
328.661	83.051	37.257	17.124
328.090	85.362	37.056	17.235
328.191	90.381	37.770	18.861
327.385	92.302	37.795	19.421
326.384	98.408	39.821	18.376
325.493	100.059	40.852	20.298
325.191	104.845	41.561	22.296
324.232	107.903	41.645	21.064
322.176	110.766	42.846	21.742
322.533	115.616	45.037	21.450
321.721	117.885	45.177	21.465
322.561	119.794	45.429	20.508
320.923	123.931	46.946	22.313
320.386	130.890	48.395	20.657
320.270	132.339	45.960	20.705
319.480	135.412	47.618	22.332
317.340	139.099	48.113	23.594
315.725	144.378	48.131	23.031
313.074	152.152	48.358	23.972
311.377	161.430	46.861	22.127
309.672	166.655	45.830	21.828
310.467	172.416	46.311	22.779
305.685	179.568	49.586	22.054
305.228	185.132	49.060	20.394
306.737	190.890	47.379	26.865
302.756	197.226	49.496	25.716
304.407	202.931	47.288	23.476
302.364	205.028	48.217	23.972
302.194	204.753	47.693	26.556
301.011	204.065	48.753	27.500
302.512	206.109	46.454	28.208
300.959	205.543	46.368	28.179
299.715	206.838	46.945	28.395
300.317	207.398	45.750	28.305
299.775	210.204	47.241	27.503
300.524	211.257	46.149	27.432
300.386	214.616	47.061	25.566
299.942	219.596	46.172	23.572
298.444	220.255	45.904	23.672
298.248	223.792	44.388	21.417
298.324	227.241	42.767	19.273
299.624	231.770	40.000	16.314
302.683	233.224	36.108	17.207
307.058	234.219	30.620	18.994
307.635	234.883	28.922	18.719
306.756	236.059	28.089	19.714
303.112	240.274	30.941	18.530
300.919	240.994	32.432	20.299
299.437	241.044	32.708	21.574
293.791	240.811	37.833	20.588
289.071	240.353	41.321	20.885
288.096	240.209	44.129	22.595
287.430	239.764	45.531	23.435
288.399	239.388	45.685	23.184
288.875	237.711	47.942	24.547
287.862	237.248	50.758	23.622
286.216	236.353	55.800	22.676
285.803	236.429	57.971	21.172
289.565	235.343	56.956	21.469
291.072	235.166	56.764	21.286
295.060	234.719	55.687	21.070
295.901	234.440	56.754	21.142
299.566	234.948	56.124	21.311
299.976	235.565	57.557	20.935
305.129	237.336	57.009	20.342
308.027	238.180	56.299	20.320
311.449	239.024	55.126	20.120
316.340	242.018	54.790	18.498
318.339	242.525	54.940	18.978
319.115	242.488	56.436	20.519
322.613	242.467	57.905	23.256
325.309	243.118	57.067	23.714
329.258	245.902	57.995	23.423
335.274	250.711	56.455	21.358
338.264	252.699	55.956	20.662
340.787	254.916	58.073	21.274
346.709	257.897	57.191	20.029
351.358	259.986	55.400	19.141
357.105	259.517	53.737	22.111
358.503	259.391	54.191	23.897
361.943	258.881	53.747	25.894
365.510	257.960	51.414	27.664
372.053	257.352	46.692	27.452
378.277	256.793	42.614	28.073
385.230	256.072	36.667	30.157
386.988	256.398	35.971	30.233
392.567	257.194	30.928	29.149
398.047	257.649	25.693	25.791
398.740	257.000	23.253	25.326
400.414	258.360	22.166	23.254
399.557	258.992	22.651	22.986
398.530	260.201	23.432	22.225
398.102	261.070	23.444	21.957
396.308	262.133	25.060	21.700
396.069	262.746	24.887	22.608
395.358	263.460	24.737	24.331
394.799	264.227	25.037	25.456
393.949	264.487	25.839	26.621
392.845	265.788	26.618	26.873
389.573	266.492	29.981	27.446
391.207	267.623	29.181	26.593
390.341	267.217	30.570	26.968
387.029	268.725	34.806	27.338
389.412	269.113	33.373	26.673
386.369	271.519	38.564	22.995
384.547	272.396	42.427	23.276
384.062	274.164	46.432	24.492
384.046	275.471	48.146	24.028
382.044	277.040	52.312	23.436
383.581	279.308	55.352	23.458
383.677	281.058	56.763	22.996
385.744	283.841	60.124	22.182
386.158	285.244	62.862	21.542
387.681	286.902	64.221	21.566
392.946	290.513	64.025	21.034
395.249	291.213	64.332	22.161
398.895	292.972	65.442	22.353
402.090	295.288	64.718	21.910
410.241	298.227	63.530	21.929
411.427	299.736	63.535	22.819
413.709	301.527	63.843	23.282
414.395	305.404	62.250	23.643
413.651	307.016	61.393	23.366
412.924	309.245	58.885	25.051
414.724	308.915	57.274	27.541
414.620	310.112	50.921	28.230
411.516	309.051	47.460	31.119
410.159	309.212	42.752	30.737
408.278	309.509	41.513	29.843
402.242	310.417	36.990	28.920
395.939	310.345	38.149	28.352
386.407	311.261	38.954	25.197
380.350	311.703	39.253	25.537
369.824	315.291	40.930	23.071
368.637	316.816	37.314	22.556
362.479	319.458	35.344	23.127
360.569	320.300	34.454	24.179
358.298	320.849	32.975	27.179
354.752	323.620	33.643	28.523
349.484	328.720	36.906	28.809
345.981	329.894	38.336	30.398
340.695	336.052	40.030	29.095
337.140	342.219	37.441	27.276
332.819	352.670	38.078	23.062
330.582	355.181	37.276	20.468
327.957	353.663	35.259	22.776
322.721	349.861	28.781	24.553
321.485	345.309	25.856	26.185
321.521	343.740	25.178	27.206
319.919	339.231	26.738	31.030
318.429	333.334	28.881	34.474
317.611	328.619	30.769	36.746
314.763	323.047	34.852	40.175
314.129	320.312	36.401	41.636
312.249	316.824	39.372	40.575
311.360	315.079	41.402	38.936
313.517	300.672	54.337	26.733
319.126	295.779	57.704	25.604
327.719	289.464	55.775	26.594
329.637	291.009	55.995	26.465
334.740	285.796	54.910	30.163
345.716	278.173	47.868	34.100
352.661	276.202	44.611	33.309
354.333	275.511	44.502	34.432
368.249	266.084	32.868	35.345
374.642	218.651	30.484	40.636
374.831	211.460	30.285	39.739
378.179	201.800	27.755	43.899
377.395	193.084	28.300	41.514
377.690	184.731	27.295	39.935
376.355	182.991	28.740	34.552
375.812	179.568	28.971	35.781
375.727	176.252	28.635	33.843
374.487	169.427	29.258	33.542
372.551	164.608	30.402	34.922
370.559	160.589	32.375	35.879
368.408	157.874	33.622	32.177
367.666	158.622	34.474	29.653
366.501	157.991	34.881	30.736
364.674	158.287	35.841	27.496
361.886	157.603	38.387	29.143
360.384	157.782	39.592	28.752
359.298	158.756	36.304	25.803
356.532	158.729	38.049	25.561
352.844	158.994	40.438	24.757
353.370	158.246	37.887	24.509
352.678	159.130	35.590	22.152
349.723	157.738	35.856	23.117
347.109	157.924	34.216	22.794
345.974	156.378	32.430	23.950
345.756	155.770	30.728	24.726
344.713	154.627	29.942	25.354
343.533	154.915	32.331	24.878
343.596	155.945	34.265	24.625
343.612	155.705	35.244	25.374
342.380	156.528	37.984	27.656
341.935	156.041	39.783	28.483
341.438	156.429	43.950	29.309
342.039	156.957	45.850	28.867
343.652	157.277	46.927	28.020
345.505	156.696	47.215	27.875
349.235	156.591	47.582	27.903
351.111	156.857	48.349	27.441
352.766	155.966	49.226	26.640
356.383	154.097	48.625	27.024
357.061	153.610	48.455	27.736
358.526	151.903	49.390	30.288
358.796	149.584	48.838	32.244
359.602	148.062	48.397	32.710
364.805	144.399	43.408	34.549
365.362	143.375	42.528	34.353
368.300	143.112	39.529	34.687
370.729	142.586	36.960	34.700
373.216	141.277	34.173	35.595
374.702	140.772	31.700	34.646
376.399	140.142	29.004	31.796
377.815	138.654	27.844	28.861
378.719	137.140	26.865	28.867
377.534	136.289	28.007	26.832
376.663	132.148	27.130	28.913
374.966	129.922	26.881	30.435
375.447	129.938	26.485	29.801
374.069	130.394	27.042	30.122
373.826	131.341	25.835	30.110
372.406	133.633	26.120	30.872
371.348	134.746	26.283	30.313
370.274	136.671	25.875	29.817
369.529	137.327	26.451	28.442
368.953	137.426	26.048	28.468
368.280	138.564	26.876	28.633
368.529	140.663	26.384	29.165
367.224	141.766	27.341	29.632
367.195	143.139	27.095	30.877
365.922	143.941	28.226	31.891
367.034	144.701	27.292	32.550
365.361	143.702	29.591	34.963
365.751	142.407	29.869	37.887
365.386	140.591	30.531	40.311
367.052	137.746	29.386	39.936
367.326	137.505	30.245	36.540
366.007	138.945	32.875	34.378
364.869	140.481	35.540	36.304
366.060	141.452	35.344	37.121
366.767	143.779	37.545	37.194
364.701	146.409	41.657	36.663
363.853	147.389	42.814	35.640
362.624	149.371	45.290	37.436
364.937	151.227	44.774	36.203
366.335	150.159	47.061	36.622
366.543	148.405	48.928	35.871
369.334	146.338	51.607	37.015
370.079	145.330	53.200	38.115
372.259	145.072	53.741	38.512
376.130	145.849	56.230	34.459
377.740	147.836	58.514	31.431
380.610	149.608	57.804	28.326
384.308	155.252	60.247	24.942
390.624	160.557	58.977	23.363
393.148	161.896	58.651	22.757
400.470	161.112	56.481	25.401
404.635	160.659	55.176	24.692
411.363	157.870	52.585	28.915
415.756	156.411	50.591	30.623
423.093	153.700	45.112	33.375
427.128	154.352	42.965	31.999
430.201	156.091	41.391	30.770
436.540	160.490	36.938	31.122
441.212	163.264	33.466	31.420
441.586	163.002	34.143	31.752
441.068	163.356	35.607	26.469
442.612	163.659	34.459	25.504
442.329	163.457	35.271	23.456
443.479	162.864	35.895	23.246
445.305	160.703	35.807	23.180
447.107	158.689	36.709	24.667
451.255	155.245	35.627	24.858
451.803	152.099	38.063	26.702
450.201	149.842	42.769	28.584
452.134	147.199	44.603	30.195
447.997	145.849	49.596	29.644
447.899	144.514	49.790	30.249
443.394	142.960	51.415	30.592
437.630	143.520	52.552	30.196
430.912	141.965	55.558	31.005
433.943	142.419	50.741	30.981
427.989	143.737	51.527	29.878
426.660	145.303	47.977	27.525
418.754	147.707	49.593	25.039
410.825	148.783	51.364	24.287
408.551	148.900	49.033	23.979
401.931	150.035	47.221	23.628
390.868	150.241	50.570	23.450
383.877	150.807	55.172	22.418
383.709	149.731	50.221	23.710
381.725	150.644	50.434	22.449
370.779	148.903	53.327	23.028
366.737	150.089	55.025	20.469
362.867	148.082	54.970	21.207
361.001	148.354	52.787	20.234
357.584	147.567	53.726	21.116
353.541	145.203	52.458	22.191
353.364	145.949	47.837	21.300
349.799	144.246	45.506	23.264
342.177	147.014	43.276	22.435
333.690	149.292	42.779	21.765
332.432	150.457	39.771	20.639
328.445	150.894	37.387	22.036
324.809	150.652	38.183	21.251
320.876	150.123	38.972	22.457
314.707	148.343	36.670	26.088
312.152	149.132	35.533	25.330
305.687	148.770	35.308	26.631
302.959	147.944	34.001	27.554
294.165	147.306	34.101	28.192
291.545	147.531	31.795	27.961
289.121	147.338	29.577	27.896
279.382	146.828	30.777	26.238
272.079	147.072	33.136	25.315
260.918	146.360	33.928	26.792
257.267	145.712	35.028	26.711
247.921	145.209	34.043	26.560
234.347	144.360	34.078	25.980
224.586	142.686	37.115	27.464
212.763	142.228	38.075	25.517
203.553	141.529	41.948	25.915
199.987	141.082	34.028	27.123
191.341	140.665	36.744	27.050
187.517	139.564	30.920	27.801
186.371	138.634	31.234	27.500
185.277	137.210	31.870	26.859
183.463	136.037	33.742	26.609
183.305	135.173	34.012	25.500
181.698	133.370	36.200	25.538
180.484	132.060	38.352	26.422
181.076	130.880	38.888	26.241
181.346	129.694	39.633	25.814
181.018	129.410	40.696	26.081
179.827	128.829	44.742	26.570
179.699	128.352	46.302	27.510
181.436	126.932	47.738	29.111
182.527	126.675	46.451	28.337
185.380	124.101	47.478	30.451
187.512	122.832	46.328	31.744
189.892	121.355	44.570	32.018
195.364	118.419	42.790	33.296
197.160	115.660	41.894	34.047
199.437	113.983	40.484	33.601
201.030	113.164	39.134	31.219
203.413	110.076	39.171	30.629
205.464	109.136	37.481	26.487
207.478	107.512	36.169	25.882
209.591	104.893	33.981	27.849
212.089	102.953	31.204	27.251
213.278	101.511	29.760	26.599
215.664	100.051	27.044	26.974
214.930	98.322	27.335	26.713
213.260	97.566	28.323	25.943
212.886	96.221	26.842	24.271
209.953	95.103	28.730	22.908
207.062	95.950	30.315	19.737
203.771	96.068	31.588	19.000
202.642	96.332	31.633	19.132
198.611	97.018	33.396	18.776
196.803	97.584	34.571	18.414
193.020	98.704	35.933	18.083
189.857	99.637	38.382	16.994
189.382	100.208	39.182	17.441
187.062	100.229	38.516	18.039
184.107	100.920	39.127	17.959
179.277	102.042	41.458	17.955
176.135	104.035	42.411	16.546
170.896	105.899	42.245	15.494
165.327	105.287	39.123	17.140
163.300	104.613	35.309	18.095
162.621	104.285	32.917	18.116
158.793	102.505	30.450	21.588
157.389	101.772	29.029	22.472
155.131	99.827	27.435	22.060
153.507	96.852	27.124	22.980
150.512	94.449	29.315	21.779
149.585	92.994	29.780	21.463
148.801	92.203	29.662	21.588
146.317	90.699	31.527	21.498
145.774	90.300	31.347	20.996
139.323	90.349	36.213	20.981
139.351	90.040	35.318	21.489
137.812	88.443	35.174	22.870
135.780	87.848	36.487	23.715
135.252	87.179	37.155	25.265
132.690	85.577	39.032	24.292
131.868	84.017	40.352	26.220
131.562	81.677	40.115	28.711
131.586	80.717	40.705	29.765
131.124	79.848	41.891	29.013
127.884	78.867	49.012	29.726
127.370	77.661	50.114	29.761
128.670	76.697	53.232	25.839
129.551	76.347	53.699	24.851
129.837	75.728	55.463	23.706
133.316	75.005	56.766	20.723
134.325	74.542	58.086	19.675
137.209	74.328	58.985	18.674
146.373	74.290	58.550	17.138
151.191	73.711	61.871	17.649
158.325	73.120	62.285	17.702
162.902	74.027	61.250	17.190
172.532	72.841	62.190	17.620
174.957	72.768	60.056	18.095
177.724	72.209	59.934	18.527
180.374	72.161	59.547	18.329
180.475	71.746	62.406	17.276
191.610	70.579	61.492	17.614
204.305	70.788	57.983	16.558
210.619	71.603	54.931	16.401
213.551	70.525	55.122	17.057
214.444	69.571	53.473	18.466
215.812	67.293	52.442	20.181
216.867	67.910	51.800	19.524
219.609	68.164	50.733	19.388
226.059	66.774	51.132	20.484
231.428	65.088	46.589	22.250
233.855	63.505	47.921	22.996
237.684	61.799	45.189	24.139
237.970	61.836	42.803	23.458
239.353	61.178	40.643	23.780
240.510	61.365	38.680	25.192
240.290	61.549	38.251	24.972
241.206	60.807	36.457	26.291
241.107	61.027	36.027	26.434
241.046	61.311	35.292	26.184
240.369	62.046	35.967	25.937
240.347	62.247	35.200	26.000
239.318	63.481	35.124	25.588
239.259	65.220	33.804	24.520
237.990	66.907	34.393	24.100
236.069	71.989	34.657	24.238
235.126	75.316	33.758	23.623
231.682	83.395	36.456	20.451
230.005	91.927	37.580	19.760
227.087	98.107	41.964	18.167
226.187	99.986	42.948	18.062
225.881	101.097	43.579	18.170
225.006	99.496	44.993	19.203
226.497	98.933	45.122	19.188
227.901	97.154	44.476	20.210
229.707	93.879	43.127	23.224
231.173	92.151	41.317	24.700
232.955	91.106	40.362	25.764
236.253	87.866	38.019	29.985
236.754	86.261	38.205	29.978
236.757	85.414	38.844	27.365
237.420	82.849	38.327	28.630
240.669	80.418	35.463	27.799
241.332	78.331	34.522	28.732
244.178	78.269	31.728	28.387
244.940	78.105	30.860	29.071
245.702	79.655	30.015	28.744
244.974	81.585	30.392	28.077
243.875	82.572	31.304	28.040
243.965	83.507	30.982	27.069
243.126	84.149	31.958	25.989
242.896	85.376	32.149	26.021
242.345	86.267	32.877	24.512
241.830	87.187	33.776	24.400
242.769	88.788	33.317	24.406
242.302	89.188	33.824	24.126
243.937	90.919	32.611	22.198
244.025	91.094	33.154	23.907
245.035	91.304	33.890	21.931
245.490	90.160	33.556	23.380
244.888	85.374	34.483	26.554
245.233	80.367	34.311	29.340
246.147	78.334	32.979	30.841
246.707	74.484	32.233	31.877
243.887	71.613	34.001	33.482
244.366	69.714	33.095	33.624
244.663	67.853	33.033	33.824
243.599	63.456	33.065	31.489
242.797	60.279	32.628	31.726
237.595	56.479	35.691	30.513
234.669	52.422	35.869	32.039
234.806	51.133	34.747	31.426
233.253	48.004	33.276	29.840
233.198	45.779	31.124	28.938
230.766	42.645	31.344	27.396
227.932	39.159	31.314	27.121
226.213	36.285	29.562	26.291
221.274	32.839	30.233	26.174
219.623	31.889	29.042	25.990
217.345	29.409	27.429	26.416
211.454	27.442	30.445	27.621
203.902	25.421	37.450	29.558
198.615	25.203	41.136	28.833
194.485	24.047	42.724	30.208
195.592	22.506	39.940	31.667
185.103	21.171	45.260	33.014
177.037	18.986	45.309	35.622
176.073	16.527	45.080	38.008
165.537	11.897	46.354	43.017
162.646	11.185	46.288	44.476
159.817	12.058	44.900	43.766
148.811	11.887	44.810	45.193
149.684	12.199	40.691	45.172
142.258	12.038	44.546	46.235
130.779	15.373	50.598	45.737
121.582	17.958	57.529	44.268
112.953	21.271	57.781	44.595
107.508	22.322	59.422	45.528
103.147	22.953	58.148	46.920
93.022	25.543	56.153	48.736
82.774	29.446	57.726	51.570
78.137	30.763	56.820	53.103
73.100	32.593	55.985	53.476
64.787	37.086	47.614	55.552
59.868	39.862	46.265	55.936
50.112	44.310	43.857	57.498
46.123	47.248	45.514	57.889
41.377	48.513	45.799	60.488
36.667	52.087	45.135	60.219
31.103	55.269	45.109	61.252
21.220	62.448	43.220	61.758
19.802	66.016	41.929	61.516
15.249	73.833	44.584	58.181
9.406	80.962	48.546	58.998
9.633	85.768	47.675	57.967
8.944	100.088	51.620	53.001
9.244	105.471	54.820	51.623
12.175	109.962	57.842	49.043
21.287	125.345	58.124	39.832
25.480	131.146	58.447	37.125
27.171	137.069	59.943	33.841
35.110	142.889	57.827	34.438
45.248	151.680	58.952	33.329
50.845	152.304	54.886	35.390
61.320	158.047	53.759	33.299
67.407	157.111	51.515	36.326
73.066	160.328	52.863	35.685
81.793	168.156	57.569	31.591
86.210	171.831	56.650	28.027
96.809	183.843	58.709	20.066
110.640	188.246	55.574	18.088
120.087	189.336	51.738	18.979
129.392	192.129	52.200	20.693
137.505	190.589	49.686	23.934
146.974	194.219	51.233	26.540
154.634	197.594	48.815	26.593
165.905	201.853	50.328	28.857
168.960	202.678	51.442	29.828
176.839	205.191	55.782	30.988
180.803	210.596	56.924	28.024
181.503	221.044	57.873	22.467
182.324	223.307	57.847	21.444
190.502	225.612	52.232	21.578
194.017	226.883	50.239	22.235
201.070	228.625	47.534	24.808
204.527	231.335	45.528	25.318
205.554	230.314	46.302	30.131
205.544	233.118	47.462	29.509
208.882	238.907	48.067	30.074
207.910	240.529	52.528	29.987
208.734	248.094	55.663	25.538
209.436	248.413	57.063	26.126
209.477	252.328	58.927	22.874
212.822	253.488	56.947	25.049
215.775	253.870	54.388	25.463
219.188	254.109	51.532	26.156
229.645	256.789	39.765	22.109
232.648	256.565	36.692	22.453
234.909	257.902	33.169	23.380
239.408	257.227	33.282	24.955
241.176	256.306	35.564	26.474
244.816	256.365	36.491	27.097
252.157	255.687	36.004	28.058
254.009	256.432	40.086	28.697
255.498	259.139	44.039	26.023
259.721	259.714	47.854	25.893
268.081	258.668	50.576	27.834
278.682	257.262	41.424	28.467
288.153	253.167	35.485	23.804
290.686	250.202	32.241	23.627
290.572	249.676	33.325	24.647
289.993	247.216	33.037	27.113
287.727	245.794	33.958	28.766
285.157	245.252	36.560	28.846
283.753	243.705	34.674	30.096
283.867	244.067	33.591	30.338
283.205	241.609	29.576	33.488
283.160	241.652	26.186	32.951
279.245	241.612	27.387	29.289
276.903	242.038	27.016	28.342
274.003	243.337	24.089	27.694
271.479	246.538	26.039	21.876
274.372	246.712	26.688	19.855
275.686	246.354	28.869	20.449
278.553	246.160	31.859	21.768
277.647	244.689	33.763	23.375
276.768	244.581	38.696	24.820
272.134	242.503	45.139	28.033
270.803	241.344	45.011	30.576
268.206	241.008	48.312	31.147
266.320	240.454	51.811	32.579
270.189	240.573	56.886	28.137
274.781	240.422	59.615	24.157
288.853	242.157	56.619	21.397
290.067	242.385	62.066	21.874
303.279	245.062	56.406	20.709
303.219	246.429	59.854	20.712
304.963	246.975	60.469	21.195
311.424	247.961	57.416	22.929
312.709	249.261	60.497	22.963
315.025	249.823	59.964	22.898
315.843	251.099	61.476	22.831
323.864	249.144	58.136	27.222
332.263	246.856	52.745	31.187
337.443	246.171	50.095	29.375
342.689	242.234	46.981	30.314
345.249	239.473	45.418	29.167
349.335	235.958	41.869	27.193
352.879	234.759	37.228	24.322
353.782	234.078	35.017	23.419
354.924	233.788	32.868	23.588
353.192	234.057	30.927	24.136
345.911	235.727	32.926	24.066
343.249	236.687	32.810	22.745
340.342	237.098	33.613	24.656
