215.000	224.000	25.000	76.000
213.355	225.078	29.234	75.715
214.276	225.980	29.025	74.082
214.931	226.453	28.929	73.916
216.169	225.894	28.455	74.691
216.431	225.919	29.071	74.501
217.143	226.273	29.436	73.485
218.157	226.220	29.384	73.639
219.031	226.087	29.625	74.283
219.938	226.132	29.218	74.034
220.143	225.684	29.819	75.437
220.846	225.759	29.609	75.755
221.670	225.725	28.936	76.395
221.874	225.684	29.047	76.124
222.555	226.062	29.210	77.013
222.595	225.795	29.469	78.544
222.665	226.260	28.653	77.283
222.854	226.250	28.945	78.225
223.232	225.955	28.706	78.457
223.459	226.340	27.479	79.141
223.456	226.795	27.518	78.869
223.200	227.215	27.568	78.696
223.281	227.090	27.814	79.466
222.692	227.319	27.668	79.092
222.928	227.567	28.103	78.214
222.653	227.338	27.477	78.305
222.104	227.933	28.028	78.018
222.173	226.948	27.922	78.775
221.650	227.986	27.831	77.607
221.519	226.724	27.937	79.405
220.634	227.549	29.495	78.326
220.495	228.009	29.975	76.645
220.788	228.505	29.243	76.714
220.621	227.866	29.348	77.250
220.495	228.436	29.498	77.077
221.129	228.145	29.014	76.709
221.089	228.519	28.842	77.000
221.574	228.597	28.618	77.446
221.624	228.666	28.765	78.244
221.876	228.355	29.024	79.030
222.154	228.837	29.279	78.562
222.801	229.260	29.092	78.004
223.029	229.235	29.254	78.557
223.668	228.598	29.186	78.424
223.846	228.834	29.246	78.452
224.573	229.025	29.514	77.813
225.469	229.025	29.437	78.658
225.716	228.978	29.362	78.692
225.935	229.084	29.726	78.478
226.382	229.119	29.240	78.825
226.744	228.598	29.837	80.045
227.160	229.079	29.280	79.753
227.172	228.830	28.949	80.734
226.798	229.073	30.341	80.209
227.187	229.863	29.251	79.535
227.673	229.478	29.638	80.678
227.589	230.542	28.891	80.254
227.641	230.433	28.891	80.743
226.865	230.936	29.479	79.785
227.351	230.794	28.993	79.888
226.372	230.119	29.781	80.981
226.406	230.395	29.484	80.278
226.311	230.614	29.787	79.695
226.202	231.399	29.405	78.313
226.154	231.025	29.662	79.180
226.380	231.298	29.454	79.029
226.019	231.020	29.944	79.271
226.410	230.902	29.501	79.158
226.340	230.907	29.587	79.310
226.893	231.404	29.480	79.198
227.512	231.767	29.174	79.508
227.619	231.550	29.799	80.774
228.459	232.112	29.704	80.796
229.029	232.719	29.937	80.064
229.749	233.827	29.608	78.483
230.366	233.873	29.604	78.257
231.250	233.305	29.725	78.503
231.687	233.127	30.051	79.110
232.232	232.974	30.732	78.952
232.558	233.717	31.463	78.729
233.819	233.184	30.412	79.370
234.437	233.399	30.673	80.443
235.435	233.313	30.822	79.867
235.986	233.141	31.227	80.670
236.362	232.776	30.744	81.149
236.767	232.776	31.103	80.625
236.937	233.032	31.448	80.617
238.300	233.727	29.168	80.639
238.075	233.607	30.623	81.895
237.830	234.473	30.668	80.927
238.207	234.822	30.939	81.175
238.917	234.886	29.783	81.627
239.731	234.615	30.243	81.934
239.875	234.502	28.791	81.085
239.589	234.679	29.852	81.567
239.826	234.519	30.005	82.475
240.490	234.316	28.680	83.450
240.008	234.761	29.884	82.378
240.658	235.130	29.157	81.560
240.172	235.032	29.419	81.703
240.923	235.313	29.732	81.237
240.491	235.056	29.295	80.720
240.735	235.686	30.375	80.620
240.853	236.543	29.754	79.895
241.174	236.865	30.483	79.145
241.960	236.972	30.101	79.832
242.335	237.004	29.984	80.540
242.483	237.503	30.055	79.649
242.828	237.470	30.709	80.473
244.188	237.640	29.746	81.413
245.162	237.822	29.296	82.899
245.727	237.130	28.935	83.464
246.856	237.687	29.547	82.850
247.414	237.502	28.682	83.178
247.083	237.108	30.423	83.236
247.563	237.231	30.147	83.856
248.078	237.550	30.268	83.498
248.261	236.707	29.789	84.136
248.563	236.522	30.069	84.447
248.265	236.895	31.261	84.533
248.340	237.769	31.433	83.349
247.856	238.465	32.063	82.691
247.796	237.442	32.725	83.803
247.969	238.724	32.006	83.043
247.945	239.232	31.732	83.126
247.878	239.577	32.097	82.895
247.740	239.935	31.440	81.853
247.694	239.913	31.881	82.995
247.433	239.530	32.148	83.029
247.474	240.009	31.036	81.947
247.424	239.281	31.138	83.887
246.982	238.990	32.114	82.519
246.820	239.130	33.169	83.169
247.069	239.432	32.896	82.953
246.357	240.139	32.581	82.372
246.780	240.465	32.699	82.978
246.837	240.480	32.619	83.213
247.056	240.915	32.899	81.777
248.695	226.671	29.253	91.522
249.125	209.900	29.412	88.186
250.134	187.974	30.242	92.052
249.947	171.040	28.082	93.268
251.095	149.277	28.539	96.193
251.584	136.980	28.409	92.871
251.992	114.966	28.834	92.669
251.504	97.848	30.795	91.987
250.944	78.536	31.007	94.598
250.553	62.301	31.244	93.207
251.317	43.697	31.819	93.492
251.846	24.535	31.433	95.092
251.467	13.584	32.475	89.775
252.408	17.772	32.067	95.694
253.335	34.537	32.031	100.551
254.707	56.121	31.845	92.246
254.438	73.720	31.937	96.096
255.280	93.385	31.394	94.012
255.402	111.365	31.372	94.478
256.252	129.028	31.240	98.697
257.164	148.872	29.853	93.045
257.141	166.237	31.250	97.394
256.578	186.131	31.201	95.489
257.187	204.410	31.741	94.611
257.172	222.059	31.352	94.685
255.718	241.917	33.905	88.553
256.233	235.853	32.598	90.434
255.914	210.470	31.589	95.892
256.311	195.534	30.713	93.988
255.386	182.440	31.658	91.859
255.724	161.651	30.596	93.915
255.103	143.074	31.183	96.414
255.757	120.921	31.058	98.281
255.921	107.013	29.931	96.716
256.094	89.369	30.555	95.375
254.156	68.750	31.968	95.617
255.432	52.449	30.978	95.404
254.072	33.411	34.122	98.220
256.090	20.436	32.462	90.766
254.784	20.162	32.652	91.859
258.284	30.576	31.287	105.749
260.792	51.305	30.873	101.345
261.284	66.662	31.031	105.535
263.387	86.359	30.458	103.570
264.623	107.172	30.857	99.782
265.391	123.864	30.927	104.142
266.607	145.343	31.124	100.562
268.403	163.824	29.823	100.683
269.623	183.670	29.662	99.521
269.683	200.947	30.147	99.530
270.779	218.721	31.285	98.323
271.020	239.648	31.387	96.669
271.113	240.955	31.391	93.113
271.394	219.240	30.835	99.039
271.777	204.867	29.819	96.752
272.174	189.472	29.574	94.061
271.846	167.932	28.377	96.663
271.288	149.518	30.319	96.218
271.131	132.345	30.577	97.305
270.112	118.111	31.103	91.459
269.097	97.102	32.991	96.431
269.851	78.067	31.182	98.033
269.864	58.954	31.468	99.485
269.465	43.481	31.460	97.744
269.199	23.284	32.520	97.152
268.458	21.403	32.756	93.121
271.009	27.898	30.222	106.848
270.936	53.835	31.269	95.375
271.022	72.822	32.212	96.840
271.434	90.743	32.582	98.797
272.667	110.954	32.349	96.921
273.545	124.835	31.263	102.087
274.953	146.479	30.828	98.661
275.112	166.025	31.037	96.725
276.627	184.123	31.946	99.387
276.765	200.163	31.899	99.798
276.465	218.585	33.818	98.527
278.190	238.003	33.763	101.341
279.659	246.926	31.973	94.962
279.579	229.001	33.225	103.710
279.542	213.610	33.393	98.164
280.447	194.538	31.521	100.041
281.165	173.448	29.836	103.229
281.052	161.065	29.856	97.650
279.417	142.523	32.146	99.157
279.292	120.542	33.026	100.535
278.887	107.140	32.638	97.968
278.042	86.472	33.103	100.216
278.377	71.804	33.514	96.073
277.415	53.187	33.863	98.148
278.059	32.506	31.874	101.356
276.514	23.787	32.716	93.816
276.708	22.821	32.744	109.039
280.097	48.879	30.460	101.070
281.383	65.327	29.714	104.475
282.440	83.690	29.221	105.300
282.732	103.642	30.167	102.811
283.388	121.533	30.875	102.435
284.414	140.174	30.151	104.534
284.106	158.542	31.406	102.534
285.622	180.161	30.503	101.112
286.340	197.386	30.372	101.743
287.386	215.991	30.272	101.749
287.796	235.124	29.844	99.616
287.785	250.095	31.145	95.442
287.668	240.758	31.443	98.425
288.010	220.323	31.395	97.008
287.200	203.408	32.713	96.370
288.161	186.104	32.426	98.384
288.890	167.631	31.388	98.355
289.860	151.742	31.815	97.206
290.644	129.389	30.986	99.725
292.988	114.238	30.075	99.412
292.418	96.628	29.871	98.599
292.669	79.900	29.593	98.493
293.571	59.219	29.305	100.633
292.739	40.155	30.196	103.563
292.134	29.292	32.557	94.346
291.819	26.423	30.811	101.339
293.015	41.940	30.385	106.461
294.701	58.725	31.011	108.941
295.451	79.216	31.492	106.999
297.985	104.227	31.034	102.664
297.524	121.926	31.232	100.909
299.820	139.688	30.317	105.977
299.918	161.660	31.406	98.258
301.304	178.511	30.043	100.780
302.455	200.428	29.905	98.401
303.280	218.119	31.174	97.311
303.539	237.098	31.401	99.631
305.208	257.284	29.860	93.063
303.059	249.728	33.561	95.609
303.851	226.760	31.717	101.330
305.324	212.195	29.982	100.125
304.757	198.073	30.585	97.706
305.059	175.282	31.363	99.674
304.806	158.865	30.561	99.155
304.888	138.782	30.879	101.098
304.803	123.595	30.838	98.002
305.819	104.091	30.419	98.839
306.304	84.240	28.668	100.735
306.299	68.361	29.242	99.127
307.004	54.431	28.937	97.874
307.799	35.617	30.875	95.347
308.120	30.560	30.347	99.023
312.875	45.549	27.755	107.417
313.320	65.010	29.407	102.696
314.606	82.967	29.490	102.894
315.509	103.211	30.541	102.031
317.310	120.561	29.823	103.249
318.256	136.023	30.438	107.640
319.667	156.086	29.621	105.163
321.040	174.247	29.000	106.127
321.900	194.117	29.689	104.476
323.089	212.193	29.466	103.294
324.011	229.206	29.146	105.066
324.779	252.027	30.169	100.030
325.340	257.875	28.785	92.653
325.736	257.780	29.816	93.913
326.772	258.911	29.728	91.297
326.783	259.749	30.990	91.463
326.876	259.661	30.519	92.260
327.708	260.193	31.673	91.799
328.276	260.352	30.238	92.248
329.472	260.317	31.529	91.740
329.922	260.195	30.971	91.828
329.994	259.238	32.392	93.393
331.341	259.478	31.632	92.627
331.827	258.602	32.617	93.219
332.369	258.500	31.852	94.188
333.532	258.290	32.003	93.786
333.839	257.996	31.665	94.660
335.521	259.187	31.407	92.833
336.486	258.587	31.738	93.158
337.705	259.072	30.381	93.178
338.501	258.778	31.024	94.335
339.536	259.229	32.094	94.290
341.420	260.129	31.377	93.946
342.304	259.839	31.838	93.683
343.686	259.383	31.721	94.139
344.785	258.495	31.187	95.551
345.694	257.672	32.066	96.574
346.510	256.293	32.554	98.333
347.144	256.409	32.086	98.327
347.878	256.568	31.920	98.534
348.689	256.618	31.802	98.565
349.329	255.915	31.904	99.100
350.306	256.540	31.836	98.264
350.139	256.002	31.935	98.424
350.716	257.262	32.125	98.151
351.326	256.651	32.209	99.112
351.851	257.722	32.777	98.112
352.517	257.453	32.320	98.318
353.167	257.923	32.455	98.057
353.676	259.005	32.521	96.976
354.375	259.290	31.903	96.825
354.893	258.729	31.524	97.300
354.978	258.817	32.786	97.768
355.716	259.010	31.906	97.802
356.142	259.301	32.093	98.212
356.593	258.255	32.559	98.837
357.220	259.245	32.486	98.045
358.304	259.010	33.031	98.921
358.305	258.945	33.142	98.829
359.109	259.777	33.426	98.816
359.605	259.653	32.484	98.639
360.198	260.549	33.153	97.707
360.837	259.222	33.652	99.010
361.636	260.267	32.801	98.365
361.851	259.752	33.343	99.494
362.669	260.670	33.541	98.309
360.193	260.898	31.923	98.687
327.526	261.358	35.332	100.103
305.896	262.822	36.480	98.646
292.046	263.618	34.565	98.725
265.303	263.501	32.205	99.886
252.784	264.209	34.964	99.868
227.520	265.584	34.739	97.806
212.237	264.212	35.603	99.800
190.036	266.749	34.922	99.209
168.883	265.518	36.327	99.885
152.196	267.115	35.544	100.393
129.072	268.099	34.684	100.070
112.172	266.374	35.287	101.872
89.911	269.286	35.928	100.498
71.890	266.207	37.253	101.665
52.652	269.157	32.202	104.384
29.682	269.795	33.786	104.381
16.862	269.810	33.033	101.371
20.099	271.872	34.811	100.505
18.600	272.560	31.667	100.796
20.038	271.334	33.827	102.053
20.665	271.755	35.718	102.256
20.732	272.595	33.247	101.463
22.109	272.188	35.127	102.138
21.198	272.152	34.943	103.061
22.844	272.782	35.330	102.585
23.302	272.106	35.748	104.255
23.376	272.242	35.026	103.986
24.914	273.307	36.039	103.054
24.920	272.465	35.543	103.496
26.315	273.262	35.742	102.024
26.862	273.150	35.710	102.419
28.139	273.173	36.252	103.134
28.283	273.655	36.667	102.770
29.524	274.783	36.789	101.642
29.976	275.015	37.576	100.650
30.950	275.734	38.090	99.759
31.259	276.001	38.700	99.216
31.600	276.534	38.424	100.040
32.479	276.890	37.725	99.589
33.174	276.688	37.946	100.570
33.822	276.896	38.251	101.189
36.001	276.801	36.880	101.558
36.531	275.839	37.721	103.761
36.903	275.799	36.137	103.475
38.592	276.396	37.484	103.007
37.835	276.161	36.729	103.175
38.521	277.297	37.939	101.932
39.200	278.685	38.015	100.380
39.307	279.089	38.453	100.608
40.070	280.031	38.430	100.075
40.608	279.037	37.713	100.846
41.311	278.595	37.075	101.383
41.786	278.955	36.932	102.058
42.382	279.493	36.686	101.388
42.142	279.675	37.030	102.319
42.803	279.893	36.980	102.582
42.764	279.938	36.598	102.752
44.040	280.074	36.361	103.013
43.633	280.970	37.243	102.280
44.623	280.469	36.966	102.639
45.412	280.194	37.021	103.376
46.128	279.650	35.996	104.093
46.722	280.254	36.582	102.673
47.898	280.835	35.946	101.538
48.448	281.421	35.770	101.023
48.814	281.109	36.098	102.015
49.198	281.865	36.417	102.121
49.807	282.671	36.951	101.579
50.717	283.207	37.962	101.221
51.458	284.198	38.087	100.081
52.342	283.791	39.147	100.774
53.474	283.581	39.283	101.125
54.259	284.844	38.218	100.824
55.136	285.494	37.412	100.024
56.368	285.526	37.102	100.487
57.089	285.617	37.022	100.885
58.238	285.931	37.142	100.922
58.521	285.345	37.933	101.375
59.798	286.133	38.107	100.411
60.364	285.448	38.447	100.991
61.398	285.775	38.177	100.734
62.147	286.034	37.712	100.719
63.280	285.674	37.703	100.661
63.846	286.379	37.669	100.159
64.843	286.065	37.090	101.854
65.395	285.679	36.508	103.211
66.477	286.133	36.122	102.505
67.169	285.247	36.143	103.378
67.914	285.906	36.004	103.020
68.261	286.525	36.413	103.177
68.835	286.025	36.581	104.001
69.693	287.200	36.626	103.653
70.711	287.038	36.016	103.609
71.343	286.735	36.472	104.610
72.279	287.581	35.811	103.648
73.272	287.747	36.152	104.290
73.115	287.798	37.141	104.244
73.574	287.513	37.065	105.488
74.707	288.262	36.907	104.433
74.842	288.359	37.740	104.280
75.220	288.871	37.941	104.081
75.770	288.361	38.267	105.137
76.355	288.185	39.255	105.418
76.781	289.611	39.646	103.675
77.590	290.001	40.007	104.038
78.497	290.444	41.077	103.639
79.104	290.199	41.217	103.653
79.946	290.530	41.235	103.937
80.773	291.221	40.315	103.459
81.571	292.050	40.119	103.309
82.482	291.680	40.066	103.856
83.359	292.004	40.428	103.754
84.282	292.039	40.795	103.346
85.308	292.271	40.854	103.760
86.116	292.457	40.545	103.792
87.162	291.759	40.180	104.635
87.859	292.318	40.296	104.331
88.204	292.734	40.377	104.245
88.981	292.952	40.881	103.254
89.705	292.685	40.676	104.354
90.329	292.681	40.721	104.212
90.919	293.656	40.651	103.783
91.262	292.952	40.978	105.240
91.564	294.814	40.789	104.423
91.893	294.888	41.019	105.102
93.160	295.870	40.321	104.563
93.175	295.267	41.134	105.519
94.162	295.072	40.002	106.320
95.519	295.496	39.416	106.083
95.403	296.460	40.209	104.314
96.341	296.724	39.582	104.389
97.116	297.316	39.260	104.246
97.413	297.583	39.468	104.535
97.890	296.460	39.316	105.585
98.121	297.362	39.965	104.017
99.266	295.798	39.273	106.284
100.556	295.881	39.245	106.821
100.822	295.346	39.376	107.910
102.042	296.177	38.886	107.572
103.336	295.954	38.663	107.901
103.893	295.713	39.521	108.142
105.132	296.653	39.195	107.927
106.463	296.568	39.038	107.636
107.647	297.666	38.429	107.092
108.601	297.426	37.872	107.351
110.319	297.092	37.740	109.544
111.654	297.968	37.628	109.324
112.348	297.688	38.467	110.117
113.315	296.689	38.532	110.728
115.114	297.908	37.981	110.177
115.726	297.524	38.603	110.236
116.403	297.132	38.929	111.039
117.579	297.815	38.646	110.247
118.390	296.195	38.995	113.072
119.647	296.554	38.979	112.064
120.356	296.642	39.424	112.072
120.862	297.581	39.047	110.888
121.574	296.824	39.144	112.211
123.332	297.482	37.580	113.461
123.979	296.958	36.939	113.457
124.394	298.003	38.026	112.100
125.327	297.395	37.682	114.396
126.576	299.693	37.399	111.732
127.149	299.066	38.147	113.064
128.232	299.572	37.589	113.123
128.989	298.345	37.918	114.613
130.400	298.692	38.530	115.582
131.220	298.818	38.460	114.777
132.217	299.595	38.629	114.736
132.630	299.496	39.897	114.714
133.882	300.587	42.211	113.963
141.391	301.930	42.430	111.518
147.427	300.211	43.062	112.781
155.198	302.027	41.547	109.532
161.435	300.699	42.098	113.118
167.814	301.611	43.019	110.968
174.551	302.544	43.228	111.904
181.986	303.900	43.362	109.452
189.099	304.002	43.277	110.314
195.597	305.071	43.237	108.383
204.074	305.474	41.811	110.012
211.396	306.949	40.758	108.669
214.084	304.908	40.121	110.488
216.673	304.946	39.681	110.816
217.132	303.956	40.240	112.698
218.361	302.762	40.975	113.644
219.655	303.585	41.010	113.985
220.287	302.389	39.248	113.984
222.342	302.836	39.898	114.254
221.490	304.578	40.482	112.791
223.146	303.070	40.466	115.728
223.076	304.085	40.834	115.017
222.559	304.038	41.725	116.609
224.388	304.247	40.712	116.517
224.841	305.321	40.739	115.517
224.706	305.057	41.848	115.735
226.051	306.036	41.813	116.638
226.061	305.806	41.462	116.691
226.883	306.219	41.606	116.440
228.030	306.630	41.740	116.232
229.537	306.087	41.494	118.047
229.381	306.705	42.648	116.686
230.321	305.904	42.027	118.552
230.611	306.748	42.220	117.879
231.634	307.557	42.191	115.708
232.506	306.287	42.095	117.713
233.690	306.881	42.022	117.721
233.370	307.847	42.882	117.099
234.911	307.366	41.914	118.230
234.571	307.577	43.311	118.800
235.536	308.947	43.568	117.292
235.464	310.235	44.960	115.984
235.464	310.827	44.902	115.647
237.312	310.647	44.651	115.880
238.123	310.802	44.443	115.003
240.289	310.698	43.465	114.789
240.722	309.244	44.941	114.383
241.148	304.907	45.430	115.154
241.172	303.246	46.791	113.162
243.383	298.924	45.540	114.434
246.838	296.471	42.789	113.417
246.361	292.241	44.070	115.000
247.640	288.444	43.441	114.801
247.675	284.552	44.264	116.096
248.212	281.074	44.354	117.938
246.837	280.155	46.788	114.518
247.174	275.618	47.118	115.930
249.303	272.280	45.776	115.513
250.209	268.434	45.607	115.232
250.783	266.073	45.884	113.498
251.575	262.775	45.671	114.257
252.237	258.955	45.448	113.860
252.122	254.168	46.632	117.119
252.844	251.814	46.602	114.458
253.736	249.009	46.496	112.714
253.679	245.209	47.668	112.925
255.864	241.959	46.515	113.357
255.463	237.112	47.630	114.059
257.067	234.943	46.326	110.749
257.314	231.656	47.562	111.788
259.058	227.887	46.770	112.374
259.575	225.234	46.399	111.223
260.810	222.412	46.045	111.259
262.244	219.725	45.095	110.838
262.846	215.167	44.341	111.896
263.294	213.199	45.186	110.136
264.275	209.641	45.111	110.934
265.338	207.251	45.374	110.229
267.336	204.552	44.569	108.821
267.868	202.716	45.502	110.401
269.933	199.627	44.319	111.678
270.908	193.941	44.537	115.290
271.713	192.772	45.088	112.496
273.500	187.361	44.718	113.340
274.354	186.448	45.501	114.327
276.715	185.871	44.555	115.219
277.479	187.418	44.807	113.830
277.739	186.766	45.516	114.260
279.509	186.292	45.176	113.677
281.095	185.079	45.343	115.276
280.905	185.814	46.411	114.129
281.806	185.033	45.979	118.707
283.670	185.439	45.710	117.165
285.832	185.203	45.126	118.017
286.661	185.628	46.056	118.603
288.331	185.047	45.628	119.658
289.933	185.652	45.292	120.499
290.762	185.736	46.097	119.922
293.306	186.188	44.736	119.896
293.910	185.469	45.342	119.947
295.678	185.202	45.216	120.972
297.246	186.188	44.892	119.688
299.320	186.155	44.222	119.962
302.397	185.214	42.338	121.591
303.193	186.037	42.787	121.800
305.953	187.638	42.313	120.310
307.196	186.025	42.135	122.263
307.863	188.703	43.059	120.942
309.787	187.995	42.251	121.644
310.812	188.768	42.428	121.773
311.804	189.245	43.522	123.053
313.527	190.914	43.492	120.894
315.769	189.392	43.557	122.703
316.828	189.999	43.602	123.072
317.431	189.721	44.510	123.506
317.034	189.826	46.390	124.913
319.000	190.599	45.729	122.179
319.868	191.688	46.104	121.127
322.260	189.248	45.104	122.491
322.735	190.721	44.470	123.248
324.528	190.510	44.384	122.706
326.259	189.920	42.618	124.047
326.339	189.327	42.665	124.841
326.932	190.852	41.930	122.909
328.752	190.968	44.181	122.560
330.164	192.131	41.590	121.688
331.418	190.862	40.643	123.467
331.678	193.159	41.450	120.564
332.762	192.694	40.702	121.613
333.920	193.501	40.647	121.351
334.323	192.788	40.845	121.458
334.762	193.286	42.233	121.777
334.759	193.119	42.193	121.875
335.648	191.394	43.221	123.325
336.167	192.860	42.226	120.990
337.298	192.480	41.697	119.855
338.079	192.445	41.385	120.031
338.281	192.713	42.006	120.886
338.860	193.084	41.458	121.501
338.071	192.625	43.373	123.044
338.491	193.534	43.648	122.796
338.167	193.164	44.913	124.038
338.433	193.253	45.651	123.034
338.376	194.300	46.862	121.110
338.480	194.905	47.186	119.949
339.978	195.367	46.663	121.145
340.574	195.661	45.430	121.136
340.913	194.824	45.558	122.151
341.374	195.497	44.546	121.383
342.491	193.074	44.056	124.974
343.631	194.784	43.158	124.508
343.449	194.791	43.757	125.650
344.552	195.124	43.469	125.993
345.453	195.885	43.568	125.441
346.027	196.180	43.820	124.683
347.357	195.477	44.387	124.476
348.406	196.078	44.063	124.503
349.196	195.779	44.467	126.208
350.111	196.770	44.865	124.154
350.556	196.791	44.983	125.852
351.149	196.299	46.338	125.124
351.789	198.049	45.737	121.893
353.138	198.170	45.220	122.173
353.389	198.578	46.017	121.967
354.857	198.185	45.292	123.766
355.346	199.245	45.026	122.976
356.479	199.762	45.675	122.816
357.383	200.955	45.612	120.206
359.453	201.920	44.957	120.147
358.324	202.760	46.790	118.206
359.829	203.025	46.186	118.609
358.842	203.972	48.357	116.792
358.928	202.957	49.091	118.451
360.048	203.388	48.538	118.579
361.018	202.424	48.629	119.855
361.863	202.822	47.435	118.478
362.183	203.080	47.859	118.849
363.395	202.667	47.099	118.846
361.856	202.811	49.247	118.833
362.777	201.926	48.995	120.433
363.338	202.252	48.413	119.441
363.827	202.690	48.884	119.360
363.853	202.688	49.558	119.424
364.710	202.821	49.655	120.728
365.008	202.240	49.815	120.972
366.266	203.383	49.466	120.110
366.495	202.718	49.862	120.543
367.684	202.954	49.347	121.175
369.101	203.194	49.410	121.024
371.160	203.664	48.770	121.870
371.800	204.002	48.857	122.017
372.898	204.460	49.011	122.642
367.683	206.873	50.290	116.924
364.506	206.497	49.899	118.787
357.418	207.306	51.377	120.616
356.077	207.144	49.560	121.644
346.958	207.875	51.943	122.765
343.937	207.920	50.314	123.940
336.686	207.923	53.160	125.466
334.109	209.046	50.999	125.113
329.837	210.745	51.019	122.067
322.204	212.111	52.251	123.982
318.272	213.406	51.923	123.059
313.481	215.193	51.036	120.902
310.066	216.564	52.004	119.346
316.928	218.038	51.782	119.858
319.231	218.954	53.500	119.281
328.655	219.465	51.357	114.210
332.890	219.392	54.832	117.609
340.557	219.015	53.806	116.316
348.468	218.901	52.269	115.398
354.684	218.662	53.290	116.732
361.430	218.701	54.399	116.291
