195.000	153.000	89.000	128.000
192.549	155.493	88.603	127.180
186.671	159.249	92.636	121.657
183.296	158.984	92.528	121.874
179.605	161.794	96.616	120.798
175.339	164.469	102.928	118.368
171.336	167.267	102.498	113.039
171.256	165.208	100.587	115.785
168.874	168.492	103.469	112.695
168.961	169.169	98.757	111.480
168.179	166.077	108.160	115.673
168.491	167.809	109.178	116.256
168.506	170.935	108.223	115.423
169.228	176.465	108.298	114.491
168.434	177.731	107.621	115.279
170.191	180.756	106.999	117.674
171.224	188.523	105.516	115.864
171.703	188.583	106.673	117.844
173.268	188.681	104.848	117.434
173.908	187.776	104.813	119.202
178.592	185.412	102.082	122.095
180.158	183.108	98.586	124.786
180.943	183.714	96.428	123.990
183.544	185.931	95.784	126.368
185.270	187.103	93.217	127.650
186.429	187.408	92.650	130.214
188.827	191.066	93.247	131.806
189.757	191.927	92.075	132.215
192.066	184.389	90.637	142.140
194.591	190.273	90.071	142.945
197.609	193.119	87.523	143.174
209.194	196.074	77.201	146.683
211.908	198.560	76.374	144.806
214.911	197.766	73.513	148.600
221.999	203.504	66.851	149.030
223.236	204.932	66.244	150.109
225.328	209.653	64.252	149.277
226.738	214.323	63.118	146.948
226.404	214.982	64.019	147.700
225.627	218.182	63.310	151.637
225.139	226.619	64.169	147.225
224.851	229.104	64.696	147.158
223.383	234.159	64.631	143.727
224.994	234.032	63.092	144.952
224.284	237.609	62.227	146.474
223.627	242.901	64.035	143.160
223.296	242.120	62.598	143.393
223.833	246.346	61.065	143.927
224.311	249.595	60.665	142.615
219.319	256.688	64.470	140.823
217.237	257.657	65.194	139.919
216.552	258.637	65.537	138.399
214.477	261.055	66.338	136.891
215.029	259.511	64.824	139.181
212.061	260.461	67.526	138.642
209.956	265.304	68.447	138.085
210.273	266.518	67.003	137.647
206.323	274.964	69.187	136.161
204.433	277.042	69.300	135.698
201.621	279.755	69.101	138.190
197.680	285.146	69.322	137.163
197.822	284.692	66.144	139.842
193.460	291.405	66.520	137.802
190.445	286.681	68.100	142.544
185.908	281.164	68.130	147.300
183.229	276.789	67.126	152.591
180.348	277.639	69.738	153.397
172.842	280.834	73.443	153.868
171.078	279.749	74.104	152.313
166.402	280.891	76.401	152.851
156.112	277.295	80.694	159.404
155.623	281.470	77.748	151.690
146.282	278.426	72.231	160.791
147.295	280.758	66.865	157.875
144.141	284.558	63.704	152.756
142.381	282.181	65.142	154.202
138.515	292.762	67.451	144.663
130.357	294.236	71.881	142.200
120.550	296.830	72.380	140.742
94.748	301.886	85.049	133.286
104.675	292.840	70.333	142.317
74.901	305.247	74.998	135.334
55.099	271.012	79.028	149.911
32.454	252.316	68.063	142.702
16.973	234.593	64.858	154.069
13.278	237.168	67.428	152.105
9.852	233.639	69.826	152.442
17.017	242.804	66.595	155.204
35.058	274.994	70.117	142.765
16.744	249.513	66.310	147.195
26.954	285.481	64.580	138.561
21.396	234.541	63.249	161.559
31.431	278.914	72.389	146.029
19.893	239.769	61.947	153.279
31.296	264.132	70.061	140.931
10.629	233.087	69.306	147.512
14.398	237.240	70.639	156.744
22.349	251.492	64.521	146.971
46.652	282.190	72.162	144.086
63.076	289.348	66.213	139.121
22.405	230.678	64.489	148.738
16.776	230.906	67.927	153.815
17.360	243.672	67.447	155.892
28.077	260.983	64.514	149.446
30.527	265.487	65.293	150.872
28.434	248.557	66.005	159.730
39.150	275.102	69.215	145.747
17.402	254.725	67.835	156.809
40.379	263.783	66.829	157.060
13.895	237.894	72.473	147.232
17.068	236.171	66.291	156.706
29.094	245.032	64.996	151.137
23.720	247.413	59.845	155.280
35.540	255.953	74.204	155.186
38.636	261.994	72.241	151.837
26.274	242.890	67.288	147.398
70.664	281.892	73.941	145.214
76.027	289.786	68.219	143.379
85.606	284.396	64.212	151.175
77.309	274.814	59.017	147.970
80.805	275.803	63.017	142.705
94.711	284.209	59.707	159.002
94.528	287.589	59.239	151.337
61.312	285.462	66.570	140.933
89.193	277.184	69.219	152.123
28.088	244.999	65.600	149.918
97.843	265.440	62.292	155.411
104.990	236.013	62.989	130.572
113.968	251.644	56.844	120.483
104.545	267.550	55.889	125.726
103.435	265.206	55.523	137.847
103.034	264.441	54.364	141.935
96.787	270.520	60.194	138.411
105.929	259.752	55.093	126.160
104.592	256.121	53.919	139.241
102.552	260.198	59.869	139.800
110.511	251.754	56.271	136.791
107.897	243.485	55.067	138.305
105.264	248.681	59.064	137.283
110.180	238.439	65.705	134.419
120.144	241.396	62.129	124.429
135.260	233.378	60.466	135.537
135.259	232.390	64.601	137.897
142.017	229.039	70.354	135.087
145.946	227.399	72.664	140.909
152.237	224.201	71.786	151.854
164.943	233.732	66.703	151.535
169.574	223.291	67.148	153.137
174.879	228.013	72.127	138.380
189.516	230.758	67.579	138.048
193.479	225.462	69.829	144.191
199.445	224.793	67.267	143.315
203.457	218.084	60.779	142.093
205.444	213.906	60.983	143.600
206.790	219.012	63.192	134.904
210.006	219.431	62.725	143.181
212.810	224.182	65.470	129.368
217.157	219.467	66.348	140.317
223.748	220.636	65.829	130.993
237.930	218.999	64.595	138.045
238.565	215.863	66.896	136.006
242.791	212.191	58.496	139.504
246.847	212.037	61.558	145.704
250.510	206.934	57.688	136.524
251.161	214.362	58.281	142.589
252.007	207.335	61.282	151.173
252.972	214.167	65.843	143.576
256.673	211.732	64.182	144.994
256.662	206.993	59.562	142.176
256.768	206.518	59.672	147.814
257.816	203.998	60.887	144.839
262.268	210.613	58.207	142.370
262.073	204.367	59.704	148.337
264.347	208.017	56.921	144.380
261.572	206.636	58.654	142.456
268.105	205.676	57.311	140.561
268.857	205.756	55.528	143.075
272.801	201.196	54.702	145.520
431.958	260.020	68.241	186.176
272.782	195.316	55.169	151.622
272.037	195.029	58.538	152.457
273.077	198.952	59.502	148.203
274.684	197.393	59.613	147.449
277.042	196.930	57.812	147.715
278.751	199.022	58.180	144.027
279.511	202.256	61.246	139.226
278.388	200.881	64.394	140.548
280.175	198.453	64.116	141.903
282.328	195.996	63.548	145.839
283.771	195.726	64.962	144.187
284.259	198.120	67.500	138.693
284.161	201.327	68.313	134.818
285.367	200.279	67.943	136.054
289.993	200.965	65.198	136.838
295.637	196.980	60.273	141.024
298.926	197.176	58.773	140.887
301.126	194.418	57.667	143.751
303.858	195.403	57.528	141.922
303.934	192.571	59.282	144.199
310.971	196.283	56.272	140.798
310.793	192.880	56.305	142.180
314.344	194.836	56.022	136.613
313.174	193.818	56.220	138.054
315.234	192.325	57.444	139.574
317.667	191.697	55.646	136.179
321.207	190.894	53.729	136.080
319.973	188.857	59.546	137.510
320.578	191.848	60.728	131.699
325.071	194.725	66.177	129.864
326.643	189.812	59.029	135.823
322.604	193.621	62.671	132.080
326.069	193.027	61.829	128.567
327.259	189.240	67.660	133.354
350.704	187.938	69.717	125.655
346.336	197.336	73.074	125.074
351.879	183.899	71.133	135.564
342.173	184.762	74.011	140.079
340.204	169.348	72.206	155.694
345.105	195.230	71.647	135.240
299.339	145.380	84.768	156.442
325.728	192.142	74.914	127.782
315.328	187.895	74.317	128.857
319.859	190.317	70.261	128.516
311.263	186.411	62.375	130.189
304.034	183.134	61.805	127.126
294.121	186.435	61.664	127.428
293.656	178.713	59.096	137.861
286.924	187.399	60.290	124.505
286.611	181.140	53.410	134.749
288.954	178.405	54.316	135.734
292.270	178.648	51.467	135.666
290.660	173.502	53.111	133.499
292.777	172.310	51.388	131.433
291.437	165.757	52.352	130.786
291.236	170.216	51.631	127.134
290.028	167.985	52.653	126.567
289.243	167.754	51.238	123.132
286.836	169.040	50.529	124.758
284.617	167.421	50.472	127.128
283.814	168.595	50.274	124.241
281.651	163.478	48.786	128.590
279.557	162.243	47.558	131.808
278.706	159.800	47.217	133.020
276.115	158.856	46.046	133.804
274.765	158.605	46.138	134.192
270.800	163.474	46.471	135.155
269.022	167.533	46.337	131.898
267.929	169.714	46.969	132.336
265.096	173.479	47.278	134.246
261.796	176.687	47.601	132.195
257.913	181.656	49.610	127.275
255.637	189.152	51.692	115.642
253.663	190.032	50.283	116.730
252.628	191.702	49.282	115.045
250.763	195.948	48.412	116.607
248.730	198.281	48.947	120.450
244.164	200.007	50.310	122.945
240.756	204.216	48.464	123.448
237.511	206.203	49.134	125.340
230.926	209.753	51.732	127.001
226.557	211.368	52.345	131.670
218.694	209.826	51.303	132.461
216.998	210.238	49.688	132.522
214.452	209.002	49.402	137.240
205.146	209.865	55.095	135.459
202.677	212.001	57.633	141.330
202.356	210.403	52.990	134.744
194.001	211.527	51.225	131.935
190.724	209.115	50.942	119.872
186.298	207.829	50.610	115.546
177.588	208.117	49.881	126.736
155.921	242.368	65.641	124.090
162.479	245.953	68.928	113.868
153.968	222.676	77.290	128.627
125.290	260.031	91.226	108.206
142.770	250.617	90.194	110.093
148.350	253.188	86.844	112.078
154.770	248.741	89.881	111.275
158.094	239.499	88.602	113.674
174.085	238.906	82.870	113.112
177.784	264.759	91.634	99.502
197.035	256.422	90.009	108.836
181.297	241.484	90.506	114.191
180.049	236.214	75.957	109.863
207.273	271.178	78.395	101.152
198.938	211.828	75.386	130.497
197.194	232.766	68.712	110.161
204.484	237.791	78.729	107.109
195.954	213.269	63.985	116.037
200.707	208.801	59.279	121.764
199.320	205.671	55.886	119.636
203.370	201.696	55.242	110.158
201.398	200.055	51.315	105.431
205.137	199.014	53.552	103.072
207.125	197.453	50.877	106.779
205.626	197.914	55.924	107.210
207.469	198.059	54.437	98.933
206.285	197.875	56.289	99.188
208.030	199.184	55.467	96.381
210.972	199.219	56.371	96.536
208.423	197.602	52.732	102.068
208.366	199.834	58.275	97.897
212.704	197.592	53.980	94.453
217.039	196.524	50.735	97.936
217.814	194.796	51.748	103.482
218.261	195.770	51.659	103.764
220.958	196.007	52.158	95.233
224.412	194.890	47.321	98.972
225.035	192.931	48.724	96.636
224.132	193.385	53.931	95.449
223.417	192.668	51.846	88.759
213.207	190.596	65.416	88.667
218.512	192.560	61.252	92.865
220.445	190.225	62.067	97.154
225.048	191.476	59.424	93.732
230.120	191.259	53.859	93.161
222.252	191.378	55.271	91.972
231.569	192.168	49.771	87.192
228.502	191.800	49.836	82.508
233.705	187.608	48.397	76.427
234.251	188.497	46.283	80.165
241.325	187.209	44.229	83.652
239.390	188.020	44.837	82.817
245.331	190.315	44.336	88.524
246.557	188.925	48.967	88.265
245.265	190.084	46.611	90.580
247.186	188.768	46.893	87.436
241.651	189.236	49.142	85.285
252.740	186.371	44.134	75.763
253.420	185.145	40.182	77.149
256.548	185.435	42.545	77.742
256.189	185.775	40.916	76.681
258.011	186.831	42.207	75.485
248.315	185.006	50.583	77.637
250.584	184.685	46.699	82.431
242.277	184.856	47.279	82.225
234.782	184.287	49.833	83.766
227.394	183.849	46.196	86.319
225.882	183.169	43.164	83.465
222.874	182.393	42.557	85.096
215.093	182.643	44.509	90.038
197.028	187.083	50.875	92.053
195.043	183.132	52.289	102.976
191.954	190.543	48.760	106.361
182.021	179.808	49.202	99.415
180.578	177.940	46.497	89.527
173.682	178.715	42.865	88.373
169.655	179.561	43.402	87.757
163.829	181.360	44.397	92.891
155.967	179.242	44.705	90.340
149.556	181.388	46.209	89.291
143.399	180.123	45.440	91.293
146.531	181.012	42.369	84.779
148.743	179.985	39.860	82.812
149.511	179.605	41.972	80.378
151.232	176.937	42.881	83.184
152.302	180.179	44.453	89.296
154.556	180.322	40.648	90.053
151.704	188.719	48.326	93.546
120.669	207.096	99.098	102.746
110.704	219.009	91.156	118.734
126.954	198.904	78.187	134.600
132.805	200.481	69.638	129.299
141.958	186.829	62.614	125.758
139.566	174.681	60.539	120.264
150.807	178.378	52.884	103.893
122.862	210.915	59.217	95.736
114.864	215.774	58.908	95.906
120.167	198.103	56.013	102.441
122.726	180.273	52.831	110.999
131.020	173.172	50.050	108.358
128.100	173.331	57.179	104.199
130.707	174.906	56.597	101.667
133.784	175.613	57.227	102.014
136.612	176.328	56.671	102.844
141.215	174.730	53.731	107.618
184.302	206.858	52.269	94.665
197.794	239.816	60.851	104.575
171.744	176.948	69.016	112.042
152.126	173.452	57.046	108.681
135.332	172.566	57.223	109.064
139.005	172.336	65.055	112.857
121.385	187.245	65.230	99.816
139.165	171.460	55.411	110.769
142.323	172.481	53.113	105.000
138.843	173.463	60.792	110.814
133.420	173.432	56.912	106.824
136.036	169.178	49.033	108.779
133.678	166.696	44.170	115.377
130.862	170.401	46.805	110.737
129.288	166.467	45.539	116.299
126.918	169.078	43.638	109.655
121.228	168.223	51.118	113.845
133.486	178.725	53.340	102.126
128.191	186.704	60.662	95.903
115.149	182.819	65.760	98.708
116.650	174.037	75.086	108.191
115.030	164.567	59.731	116.583
113.472	161.117	53.991	115.387
113.381	161.615	50.895	113.810
110.373	161.186	46.392	112.388
106.234	162.630	47.606	112.375
94.358	163.500	52.018	113.360
