385.000	273.000	22.000	59.000
384.460	274.273	22.116	56.857
384.401	274.146	22.614	57.812
385.061	274.332	21.879	57.080
385.631	274.585	22.553	56.763
386.242	275.147	22.560	56.693
386.429	275.112	22.426	56.682
388.373	275.916	21.663	56.620
388.642	275.665	22.068	56.361
389.097	275.447	22.721	56.699
389.641	274.905	22.914	57.181
390.139	275.066	23.846	57.651
390.648	274.948	24.393	58.283
390.965	274.923	24.301	58.034
391.175	275.168	24.183	57.459
391.443	275.116	24.815	57.297
391.258	274.878	24.860	57.398
391.828	275.018	24.336	57.244
392.229	275.647	23.532	56.859
392.416	275.474	23.865	56.715
392.513	276.082	23.777	56.424
392.578	276.222	23.830	56.790
391.899	275.598	24.961	57.571
392.067	276.343	25.441	56.953
391.902	275.677	25.638	57.566
391.792	275.487	25.842	58.144
391.633	275.595	25.334	57.488
391.694	275.660	24.311	57.838
391.723	275.492	23.667	57.849
391.976	275.896	22.281	58.336
391.857	275.389	21.961	58.877
391.892	275.601	22.083	58.605
392.061	275.918	21.969	58.509
392.147	276.125	21.661	57.848
391.929	276.175	22.257	57.424
391.937	276.537	22.260	56.857
392.231	276.790	23.530	56.714
392.391	277.457	24.071	56.428
392.552	277.709	24.827	56.245
392.383	277.779	25.151	55.489
393.504	277.170	25.122	56.473
393.382	276.974	24.899	56.842
393.423	276.733	24.259	56.981
393.469	276.133	23.672	58.115
393.471	276.918	23.689	57.416
393.246	276.739	23.885	58.047
393.856	277.096	23.273	57.161
393.294	277.273	23.963	57.655
393.403	277.627	23.825	57.205
393.195	277.649	23.756	57.517
393.107	277.812	23.580	57.950
392.884	277.687	23.882	57.918
392.803	277.559	24.177	58.009
392.829	277.492	24.452	57.593
392.696	277.535	25.359	57.890
393.107	277.700	25.211	57.852
393.157	277.673	25.243	58.341
393.305	278.054	25.265	57.971
393.464	278.556	24.997	57.822
393.930	278.940	24.409	57.640
393.869	279.326	24.749	56.699
394.584	279.208	24.243	57.198
395.525	279.467	24.204	56.291
396.003	279.530	24.595	57.096
396.414	279.821	23.912	57.024
397.276	279.494	24.125	57.255
397.594	278.653	24.003	57.701
398.124	278.292	24.040	57.976
398.313	278.168	24.182	58.378
398.852	278.360	24.593	58.401
399.220	278.747	24.740	55.160
399.524	279.923	24.576	55.665
399.563	279.780	24.590	53.469
399.491	279.870	23.986	54.130
400.359	280.122	24.067	56.455
400.112	280.453	24.927	55.901
400.590	280.800	24.421	56.346
400.424	280.259	24.587	57.687
401.501	280.273	24.134	58.192
401.776	280.307	22.947	59.435
401.806	280.077	22.595	59.837
402.091	278.998	22.868	60.602
401.989	280.087	23.288	60.232
402.445	280.413	23.253	59.634
403.022	281.182	23.563	58.698
403.259	281.014	23.565	57.450
403.600	280.552	23.531	57.747
403.773	280.890	23.455	57.871
404.276	280.355	23.160	57.932
404.285	279.918	23.260	58.590
404.435	279.772	23.554	58.714
404.236	279.745	23.720	59.478
404.442	280.354	23.048	59.378
404.110	279.726	23.300	59.881
403.935	280.700	22.755	58.579
403.683	280.628	22.355	57.728
403.429	281.040	22.366	57.806
402.798	281.355	22.445	58.621
402.634	281.095	22.352	58.535
401.688	281.598	22.920	57.931
401.394	281.574	23.001	59.182
401.021	280.726	23.157	59.841
400.134	280.821	23.779	59.677
399.753	281.487	24.369	59.747
399.295	281.626	24.577	59.415
399.169	281.626	24.364	60.060
399.039	282.601	25.085	59.623
398.465	282.326	25.522	59.735
398.978	282.711	24.695	59.231
398.849	282.680	25.428	58.909
397.916	282.490	25.415	59.288
397.807	282.249	25.600	60.043
397.051	281.803	25.223	60.526
396.916	282.146	25.112	60.105
395.489	282.168	25.208	60.313
394.920	282.520	25.501	60.493
394.506	282.039	25.158	60.779
395.071	282.629	24.556	60.304
394.479	282.119	24.540	60.632
394.520	282.080	23.801	61.122
394.545	282.013	24.238	61.340
395.032	282.071	22.866	61.043
394.544	281.783	23.201	61.452
394.582	281.886	23.194	61.376
395.223	282.271	22.925	61.140
395.510	281.598	22.645	61.175
395.857	282.195	22.663	60.576
396.000	281.955	22.795	60.660
397.119	282.101	21.397	60.869
397.540	282.175	21.476	61.002
397.219	281.861	22.025	60.582
397.854	281.903	22.077	60.540
399.221	281.565	22.382	61.040
399.682	281.449	22.475	60.431
400.835	282.011	23.605	59.681
402.216	281.887	24.000	60.237
404.280	282.974	25.089	59.565
404.333	282.162	27.628	60.370
404.562	282.294	28.032	60.450
404.806	282.891	28.093	59.938
406.257	281.509	28.550	61.179
408.312	281.848	28.283	60.347
411.273	283.236	27.690	59.432
413.696	283.389	26.360	59.729
414.704	283.392	24.922	59.860
415.588	281.787	24.815	61.278
416.837	282.058	24.691	62.106
417.331	281.395	24.699	63.256
418.721	282.236	25.256	62.761
419.303	282.029	24.298	63.110
419.973	281.398	25.797	64.598
420.288	281.468	24.751	64.613
420.698	281.974	25.507	63.659
423.233	280.847	25.039	65.532
424.588	280.868	24.332	64.221
427.300	279.739	24.052	64.453
425.668	280.434	25.509	64.974
427.088	280.468	23.228	64.378
422.765	281.509	24.221	63.936
422.112	285.393	21.342	61.280
422.047	284.835	20.863	62.452
421.808	286.227	21.285	61.521
422.358	287.469	20.552	60.546
422.959	286.889	20.074	60.669
422.815	286.840	20.433	60.991
422.668	287.108	20.798	60.240
421.600	287.069	22.115	60.408
421.490	286.932	22.528	60.499
421.935	287.173	22.310	59.672
422.208	287.825	21.980	59.461
421.112	288.114	23.051	60.318
420.423	288.221	24.298	59.350
420.118	289.430	24.603	58.321
419.844	289.257	24.623	59.006
420.002	289.608	25.141	58.332
420.087	290.216	25.291	58.263
419.493	290.568	25.522	58.051
419.679	290.249	24.989	58.424
419.167	290.148	24.667	58.232
418.070	290.162	24.773	58.637
415.812	289.598	25.128	59.341
415.068	289.468	25.379	59.824
414.386	289.486	25.698	59.748
414.502	290.172	25.931	59.218
415.263	290.528	25.170	59.141
415.887	290.614	24.744	59.083
416.665	290.654	24.166	59.396
417.756	290.737	23.343	59.726
417.605	290.467	23.734	60.256
418.043	290.016	23.259	60.350
418.048	291.269	23.289	58.671
417.816	291.209	23.690	58.966
417.295	291.259	24.318	59.237
416.420	291.168	25.127	59.393
415.670	290.189	25.227	60.905
415.345	290.747	25.535	60.348
415.124	290.954	25.820	60.485
415.769	290.947	25.143	60.835
416.372	292.483	24.161	59.450
416.931	292.057	23.507	60.509
416.575	290.709	23.580	62.358
454.842	283.872	25.624	65.713
416.097	292.381	23.798	60.463
415.667	289.916	24.471	62.044
416.206	291.817	23.532	60.618
415.901	291.705	24.432	60.813
416.111	292.412	24.400	60.490
416.462	291.787	23.464	60.847
416.823	292.978	23.602	60.411
416.875	293.735	23.882	59.506
417.661	293.980	24.133	59.669
417.823	294.472	24.510	59.414
418.642	294.411	24.001	59.649
419.255	294.249	23.658	60.071
419.348	294.194	23.771	59.618
419.253	294.254	23.322	59.735
418.968	294.227	23.649	59.659
418.524	294.843	24.731	59.125
418.653	295.266	25.084	58.568
418.341	295.647	25.553	58.920
420.040	296.059	25.341	57.692
421.755	296.029	24.111	57.066
421.311	296.698	26.154	55.351
420.955	297.912	25.751	55.316
421.508	297.928	26.509	55.273
420.954	298.053	27.133	55.475
421.386	296.870	28.348	56.918
421.175	295.738	26.878	57.479
421.668	294.572	26.813	58.355
421.744	294.199	25.673	58.084
421.778	294.001	24.529	58.751
421.981	293.980	24.511	59.136
422.200	294.060	24.256	59.880
423.171	293.265	24.106	60.713
423.099	293.837	24.072	60.664
423.111	293.372	25.885	60.610
423.198	294.401	26.091	59.820
423.547	294.930	26.648	59.836
423.948	293.863	27.035	61.107
424.307	296.775	27.695	58.306
424.864	294.734	28.113	61.147
424.708	295.618	27.987	59.992
425.337	295.129	28.361	60.533
427.225	294.977	26.559	60.833
429.529	294.274	25.378	62.613
430.633	293.093	24.547	63.483
430.510	295.192	24.374	62.007
432.292	289.225	24.600	66.939
430.890	287.526	24.823	68.239
431.228	291.056	24.591	66.554
424.537	287.556	26.322	70.252
419.803	291.536	26.822	64.616
416.143	288.927	25.953	68.068
411.443	289.223	26.148	67.101
404.082	286.055	25.873	70.942
400.148	287.438	25.910	67.838
395.364	285.983	25.566	68.862
390.503	287.515	26.468	66.250
384.011	287.139	25.303	67.549
384.081	287.791	26.102	65.766
383.187	287.609	26.042	65.487
382.999	288.504	26.339	65.193
381.932	288.827	24.894	64.970
381.845	289.425	25.044	64.037
380.638	288.988	23.484	63.883
380.253	288.127	22.836	65.339
379.620	288.190	22.154	64.781
379.117	287.350	23.724	67.064
380.825	290.696	25.267	62.869
379.815	288.483	21.967	64.155
379.637	290.034	23.646	62.660
379.300	290.891	23.159	61.670
379.988	290.368	22.819	62.761
379.640	291.238	22.706	62.225
380.915	290.454	21.696	63.777
380.938	289.796	22.217	65.327
381.050	289.438	22.850	64.310
381.341	288.927	21.101	65.078
381.238	289.105	21.816	66.328
381.202	289.003	21.182	67.471
381.214	288.462	21.394	69.226
380.340	290.247	21.957	66.201
379.407	289.926	22.435	67.083
379.699	290.457	22.215	66.145
379.177	291.293	22.909	66.692
379.609	293.517	22.304	63.836
379.386	292.936	22.206	65.118
379.498	292.467	22.014	64.713
379.530	293.472	22.472	63.574
379.637	292.419	22.359	65.831
379.903	295.091	22.768	62.883
379.737	292.445	22.495	65.479
380.495	294.981	21.935	63.039
380.845	294.772	21.631	64.831
381.385	296.207	21.410	62.557
381.528	296.396	21.241	62.479
381.554	298.806	22.049	61.463
381.522	296.695	21.824	63.111
382.256	294.834	22.466	64.943
382.823	296.537	23.492	62.491
383.101	296.646	23.921	62.749
384.862	293.167	23.071	66.397
384.837	293.693	22.311	66.597
385.640	292.590	22.834	67.645
385.895	294.824	22.795	65.821
386.035	293.313	23.852	65.554
386.258	295.120	23.172	65.078
386.089	293.427	23.795	66.254
386.553	295.088	22.804	64.604
386.284	293.638	23.556	66.515
386.279	294.188	24.141	65.443
386.257	294.251	23.849	66.852
386.989	293.092	24.026	67.926
387.268	293.622	24.261	68.295
389.053	293.499	22.967	69.200
389.257	294.044	24.325	66.363
390.020	294.303	25.392	66.459
391.468	294.734	27.373	66.216
391.562	295.575	27.734	65.064
392.233	295.997	28.281	64.792
392.619	295.723	29.362	64.467
393.532	295.138	28.835	65.553
393.896	294.394	29.435	66.715
395.557	293.844	28.270	67.533
396.143	294.013	28.784	67.382
397.518	293.751	29.254	66.346
398.752	293.858	29.513	65.682
399.802	294.042	29.422	65.456
400.212	294.593	29.443	65.121
401.657	295.025	28.578	65.648
401.503	295.742	29.355	63.912
401.671	296.073	30.557	63.491
403.503	295.993	29.235	63.847
403.049	295.982	30.448	64.800
403.077	295.742	30.923	67.335
406.005	294.772	29.153	67.525
404.073	290.927	32.372	69.158
404.475	289.321	33.344	67.501
404.502	287.649	33.976	67.361
404.786	284.328	34.777	68.731
406.011	280.494	35.754	70.765
407.388	276.858	35.259	70.997
408.056	274.539	34.988	70.894
413.312	272.011	30.562	68.651
420.296	267.350	25.463	68.565
418.438	264.095	26.549	68.456
419.847	260.932	26.346	68.148
419.183	258.753	28.424	70.610
419.422	259.696	28.368	69.224
421.158	259.747	26.944	69.476
420.659	261.947	27.763	66.762
422.317	259.748	26.092	69.527
421.447	262.658	27.116	66.879
421.961	260.656	27.152	69.491
423.515	258.866	27.573	67.851
422.949	257.661	27.648	66.908
423.526	254.979	27.659	66.576
423.579	252.777	27.181	67.111
423.675	249.479	27.822	68.057
424.944	244.192	26.438	66.598
425.663	247.139	26.648	63.463
425.757	245.160	27.400	65.774
426.216	245.777	26.841	65.947
427.018	246.555	26.473	65.264
426.890	246.948	26.581	65.413
428.197	246.530	25.277	66.471
428.291	247.034	25.949	65.076
429.149	247.916	26.011	65.671
428.963	247.231	27.275	66.489
429.728	248.677	27.159	64.909
431.421	248.100	26.607	65.991
433.129	247.441	26.385	66.463
433.522	247.320	26.729	67.064
435.542	247.523	26.166	66.831
436.881	248.128	25.740	66.595
436.219	249.735	27.341	64.408
436.075	250.035	27.944	65.115
436.815	248.595	27.956	65.925
439.044	248.109	26.534	68.376
439.347	247.644	26.393	68.166
439.748	248.995	25.979	67.360
439.112	251.197	27.697	66.351
438.438	247.433	28.055	69.793
438.618	248.124	28.019	68.673
438.904	249.110	27.518	68.414
439.231	248.844	27.550	67.419
439.836	248.725	26.870	66.699
442.237	248.135	25.266	68.592
442.762	247.513	24.384	70.410
443.021	248.002	24.383	70.110
443.281	247.482	24.850	70.476
443.963	248.675	25.571	69.630
445.089	248.349	25.720	71.076
446.389	248.711	25.395	70.368
448.175	249.278	25.132	70.467
447.907	248.518	26.967	71.715
447.387	249.372	28.324	69.321
447.396	249.479	29.180	69.518
446.966	248.069	30.194	71.246
449.117	249.611	28.616	69.610
448.525	249.636	29.581	68.744
449.099	249.951	29.819	69.330
449.178	250.565	29.576	69.080
449.178	251.142	28.820	67.816
449.452	251.506	28.609	68.605
449.365	251.205	28.417	70.596
449.479	251.684	28.413	69.798
449.576	251.263	28.348	69.460
449.359	250.783	29.000	69.832
449.931	251.127	29.120	71.867
450.326	251.000	29.287	71.213
450.825	250.645	29.840	72.167
451.614	251.267	29.978	71.221
451.930	251.552	30.435	72.142
452.488	251.064	29.918	72.245
453.267	251.851	30.710	70.980
454.579	252.007	30.120	71.542
455.259	251.583	30.090	71.817
455.370	251.812	30.134	72.286
455.187	251.346	31.240	72.881
455.597	251.617	31.921	71.274
456.608	251.015	31.894	72.341
457.056	250.997	31.484	72.187
457.254	251.260	31.369	72.550
457.463	252.514	31.036	71.245
458.062	252.495	29.073	71.509
457.632	252.659	29.661	71.534
457.299	251.926	29.592	73.147
457.148	252.912	30.012	72.256
457.523	253.145	29.452	71.198
457.632	252.678	28.828	70.501
457.210	252.808	29.471	71.606
456.862	253.032	29.746	71.350
456.572	253.098	29.323	70.994
456.855	253.131	28.586	69.976
456.848	254.041	28.473	67.566
456.596	254.369	28.746	68.413
455.853	255.018	29.283	67.421
455.760	254.718	29.607	68.366
455.284	254.787	29.640	68.797
455.082	254.684	29.912	67.313
455.037	254.061	29.906	67.668
454.510	254.553	30.962	67.031
454.246	254.964	29.264	66.776
453.973	254.461	27.416	68.393
453.548	254.652	28.250	67.091
452.733	254.367	26.685	67.405
451.677	255.756	27.137	64.171
451.455	256.411	25.717	64.244
449.878	257.573	25.782	63.689
448.996	257.974	26.048	61.327
448.149	258.237	27.195	60.623
447.510	258.070	27.766	61.528
446.373	257.941	26.965	64.982
445.524	258.276	27.321	63.427
444.965	257.702	26.643	64.382
443.617	258.121	27.348	64.966
443.107	257.715	28.042	66.176
442.126	259.138	29.374	65.428
441.865	259.473	28.669	65.647
441.342	259.454	28.655	65.721
440.730	259.786	29.028	66.788
440.517	259.942	29.510	66.475
439.843	259.675	29.534	66.634
439.699	259.370	29.325	66.773
438.555	259.161	30.398	67.440
438.119	258.637	30.485	68.366
437.966	259.010	30.268	68.886
437.405	259.433	30.240	69.237
437.323	259.882	30.005	69.507
436.983	259.738	29.621	69.404
435.528	260.694	30.084	70.530
435.154	261.742	29.377	69.448
434.509	261.923	29.137	69.591
433.578	261.396	29.279	69.580
432.370	261.381	29.069	69.300
432.199	261.050	28.588	68.473
431.918	261.297	28.861	68.992
431.227	261.551	29.624	70.178
431.093	262.401	29.370	71.395
430.712	262.836	30.443	70.612
430.594	263.101	30.309	70.379
430.305	263.549	30.471	70.086
430.696	264.481	29.931	69.614
430.668	264.906	29.919	68.976
430.428	264.438	28.758	69.882
429.801	264.923	29.708	69.878
429.603	264.500	29.579	69.826
429.069	264.210	30.076	70.084
428.880	264.065	29.802	72.553
422.254	264.230	33.222	75.558
418.267	264.093	33.779	76.066
413.261	264.683	33.096	76.546
404.828	265.718	31.601	76.809
398.985	266.337	32.221	74.981
394.717	266.446	31.118	75.400
387.290	266.814	29.963	72.496
378.683	266.213	31.832	73.692
373.627	265.759	32.650	73.256
365.056	265.540	31.903	75.263
360.648	266.432	32.187	73.111
355.157	266.684	32.794	72.672
346.227	268.040	32.008	69.779
342.533	268.333	31.765	71.546
338.387	269.123	32.238	69.694
330.180	269.493	32.771	69.271
325.695	269.684	32.383	70.195
320.721	269.696	32.924	70.515
312.000	269.152	34.706	71.541
307.787	269.471	32.759	71.238
303.538	269.797	33.199	71.471
299.272	269.556	33.161	72.277
288.856	270.300	34.539	72.092
284.473	271.088	33.897	72.927
279.931	271.371	33.619	71.859
275.322	271.838	34.004	73.677
266.369	272.112	34.411	71.954
260.440	272.672	33.973	73.582
252.415	272.201	32.713	74.787
247.088	273.112	34.050	73.603
243.434	272.061	33.019	77.392
234.142	272.865	33.549	75.087
230.757	272.801	32.093	81.033
230.574	274.096	31.736	79.676
229.216	274.399	33.059	79.734
230.680	274.763	32.302	80.134
230.376	275.871	33.027	78.176
231.130	275.650	32.867	80.178
231.415	276.577	33.311	80.030
232.277	275.971	33.240	81.736
232.222	275.562	34.258	83.305
232.358	276.054	34.653	82.122
232.720	275.448	35.016	83.049
232.766	275.606	34.775	83.569
232.675	275.644	33.881	84.116
232.420	277.000	33.652	83.227
232.438	277.538	32.959	84.080
231.993	277.673	33.304	83.005
231.713	278.399	32.301	83.357
230.920	277.667	32.990	83.406
230.650	278.163	32.570	84.071
229.670	278.064	33.207	83.670
230.000	278.031	33.223	83.238
229.481	278.012	32.598	83.379
229.519	278.182	32.882	83.569
229.397	278.277	32.963	83.292
229.691	278.952	32.961	82.874
230.107	279.852	32.765	82.265
230.418	280.121	33.230	81.948
230.644	280.306	33.452	81.706
231.729	280.907	33.669	80.676
232.317	281.337	33.931	80.149
233.476	281.798	33.369	79.984
233.741	281.534	34.163	80.853
234.747	281.436	33.949	82.040
235.588	281.032	33.828	82.914
236.668	279.942	33.367	84.386
236.249	279.892	33.584	84.656
