67.000	133.000	19.000	34.000
67.830	130.745	16.101	37.536
67.239	130.577	17.759	37.666
70.484	131.309	16.152	38.079
70.971	131.771	16.460	39.321
72.387	130.274	15.336	39.132
72.078	131.216	16.742	37.116
71.934	131.174	17.014	37.623
71.778	132.864	17.868	34.761
76.155	132.677	18.573	35.503
77.278	132.759	18.240	38.133
77.355	132.283	18.877	36.966
78.654	131.985	18.526	36.824
79.319	132.001	19.073	37.624
80.558	134.126	18.329	37.524
82.379	134.083	18.673	39.095
84.797	133.569	18.139	39.624
87.285	134.007	17.717	40.415
90.404	134.118	16.334	40.960
92.006	133.219	17.912	41.150
93.555	134.342	18.249	40.688
95.416	133.770	16.534	42.013
96.727	134.657	17.511	42.144
99.535	133.930	15.762	41.080
99.460	133.658	17.146	43.065
101.791	134.523	16.356	41.406
102.308	134.848	16.747	42.695
102.654	136.151	16.238	41.022
102.287	134.865	15.972	41.668
103.137	135.042	16.436	42.680
103.126	136.756	17.485	38.649
103.122	136.861	17.102	40.924
103.145	135.759	18.055	41.863
111.362	136.926	17.900	38.233
114.686	137.230	15.492	39.870
116.004	139.309	16.684	38.591
116.249	139.811	17.072	38.239
116.085	140.765	17.440	36.025
115.523	141.518	17.955	33.998
117.245	142.961	19.345	33.286
120.695	143.052	16.923	33.299
123.443	143.087	16.060	34.423
124.305	140.992	16.136	35.177
127.186	140.786	16.677	34.686
128.491	139.549	18.730	34.542
131.031	139.773	16.756	36.177
134.901	139.820	15.673	36.481
137.464	140.114	15.540	36.934
137.441	138.266	16.499	37.913
138.839	139.283	16.924	36.626
139.072	139.684	18.428	36.896
141.879	140.343	17.753	37.774
144.517	140.247	17.172	37.656
146.702	140.229	17.193	37.620
147.321	140.561	16.904	37.201
150.810	142.262	17.314	36.734
152.216	139.739	19.004	39.421
150.942	139.766	20.376	40.756
151.500	140.453	19.792	40.375
152.730	143.047	18.309	38.034
154.362	141.672	17.035	39.116
153.624	142.739	18.846	39.028
154.378	141.710	17.852	39.876
155.308	142.232	18.060	40.724
156.296	142.627	17.635	38.907
156.250	142.318	18.502	39.614
156.231	142.230	18.231	39.229
156.565	140.899	18.796	39.495
159.894	141.781	15.832	40.511
162.240	141.154	19.992	40.709
162.909	141.820	17.821	37.902
170.865	142.520	19.654	40.438
173.496	141.320	20.828	40.586
170.125	142.035	19.040	43.243
170.972	142.899	18.417	43.796
171.819	143.315	18.833	45.137
174.640	143.144	16.743	43.191
176.428	143.157	17.145	45.617
178.041	143.793	17.713	44.805
179.113	142.610	17.049	46.923
180.468	143.394	17.209	43.173
181.309	142.840	16.760	45.444
182.939	145.253	16.137	44.073
185.020	145.216	15.998	43.731
185.881	145.127	16.613	42.740
184.632	145.407	18.474	44.485
185.987	146.766	18.339	45.531
186.335	146.748	18.144	40.258
188.273	144.571	22.811	39.791
192.885	145.578	22.773	40.105
191.427	147.231	16.827	37.265
192.045	147.405	16.257	34.765
193.271	146.545	16.045	33.828
193.877	146.062	15.658	30.244
193.678	145.631	17.114	29.104
192.999	146.791	15.603	31.201
192.081	146.222	18.264	39.014
193.472	146.551	18.089	46.395
193.946	147.335	18.458	46.367
195.740	148.891	17.604	45.614
197.108	148.077	18.582	48.064
197.286	147.945	19.538	46.797
197.192	149.210	19.420	44.923
197.654	149.436	20.431	50.178
197.419	149.802	20.574	49.703
200.778	147.515	19.117	50.462
206.052	149.923	20.022	49.756
204.638	148.924	23.103	51.612
204.088	150.553	21.479	47.255
207.694	151.509	20.220	47.852
209.800	151.677	19.182	49.402
211.439	149.923	18.974	51.584
211.681	150.621	18.842	51.790
214.006	152.027	18.525	49.272
216.689	152.186	18.733	46.708
215.231	151.556	20.702	48.191
214.827	153.108	20.704	49.797
217.971	153.601	19.395	50.123
220.614	152.076	19.567	50.274
222.181	152.745	18.253	49.582
224.419	154.580	19.934	48.492
226.942	151.240	17.995	49.299
227.379	153.688	19.007	48.472
228.072	155.080	18.534	47.087
229.958	154.899	17.779	48.859
231.243	153.031	18.995	49.808
232.612	152.533	17.910	52.168
234.962	155.224	17.439	48.954
235.064	155.429	19.200	50.485
232.614	157.313	22.326	47.484
233.334	157.319	22.532	47.425
235.174	157.450	20.895	49.726
238.141	157.062	19.857	49.090
239.612	156.251	19.430	52.052
242.374	158.265	18.326	49.652
245.380	158.766	17.589	48.959
248.328	159.240	18.618	47.770
247.565	158.905	20.987	49.241
247.490	160.154	21.776	49.582
248.894	161.240	21.219	48.411
251.476	161.019	20.014	49.369
254.099	160.592	19.518	49.967
257.965	158.916	22.203	52.985
258.846	158.978	21.203	52.557
259.853	159.710	18.682	50.983
261.028	160.320	17.692	50.977
262.653	158.993	17.780	53.885
264.859	159.726	17.455	52.848
264.516	160.203	19.028	52.554
263.690	162.423	20.276	50.998
264.808	162.463	19.880	48.460
268.200	161.323	19.635	48.944
274.509	161.808	18.676	50.274
274.810	160.882	17.805	50.658
278.219	159.551	19.604	52.717
285.504	158.988	20.462	57.344
287.731	159.901	20.487	57.673
291.924	157.362	18.404	55.317
283.825	160.150	22.786	51.919
284.950	162.083	21.304	54.233
287.664	162.589	20.999	56.391
220.934	149.729	17.973	60.103
220.416	150.632	21.667	58.502
228.891	152.622	18.668	59.856
229.878	154.849	18.674	59.163
230.028	153.968	22.639	58.838
234.027	152.961	21.717	62.467
235.748	154.357	22.207	62.826
238.110	156.412	20.339	60.384
240.915	154.503	22.855	61.637
242.228	156.194	26.763	62.278
242.933	156.556	25.765	62.979
246.032	157.274	23.337	60.748
248.592	158.840	22.866	62.161
324.283	171.294	19.852	58.918
327.394	171.932	21.044	58.595
330.666	170.655	19.687	58.868
333.410	172.195	19.442	57.002
336.405	172.764	19.987	62.622
338.843	171.989	19.642	61.578
337.868	171.738	22.995	62.587
338.278	172.629	23.421	59.264
337.905	174.727	24.910	57.447
339.951	174.658	23.618	58.088
343.923	173.686	21.290	60.092
347.733	174.477	20.375	59.520
350.097	175.626	22.412	62.127
349.552	176.323	23.705	61.290
356.996	177.870	20.968	59.050
360.645	177.795	20.799	57.052
364.747	178.266	20.675	59.452
366.360	177.906	22.106	61.054
367.157	177.975	22.486	58.731
368.243	179.052	23.241	57.513
369.341	180.343	23.110	59.327
372.011	181.010	22.168	62.033
374.610	179.637	20.753	59.113
375.229	179.066	21.399	64.192
381.466	182.855	21.733	60.070
381.710	181.296	23.609	59.346
381.604	182.425	25.063	57.572
381.627	183.076	25.748	58.369
386.152	183.398	23.381	59.288
387.574	183.737	23.833	58.540
391.059	184.235	23.192	56.558
398.739	185.380	21.855	58.525
399.301	184.833	24.130	61.293
399.119	185.574	25.313	60.271
399.380	186.010	27.027	61.815
400.487	187.829	26.786	59.756
406.070	186.808	24.929	58.333
410.299	188.489	23.753	59.064
414.550	189.055	24.587	59.411
415.002	187.765	26.889	61.130
417.200	190.223	27.362	59.529
424.249	190.328	23.224	56.205
427.987	190.439	22.989	56.450
430.296	190.090	23.049	58.343
432.797	191.685	23.573	62.201
436.152	191.061	23.910	62.039
437.489	190.410	24.104	64.957
437.474	191.929	26.288	62.852
437.425	194.055	26.970	61.783
439.275	190.058	28.443	63.490
443.200	193.841	26.876	62.706
444.320	187.707	29.410	60.066
453.446	194.319	25.182	58.335
458.204	195.849	23.030	63.068
461.702	196.207	23.152	62.644
463.050	195.480	26.220	64.792
462.304	196.448	27.919	64.849
461.448	198.603	28.653	62.028
463.807	199.363	28.958	64.165
472.698	196.919	28.663	66.756
478.183	197.621	28.431	65.094
482.935	199.897	25.176	63.900
483.936	199.083	26.860	66.129
482.689	198.559	30.430	68.146
483.501	200.525	30.895	67.053
488.829	202.625	29.272	69.249
495.712	201.200	26.207	69.007
509.120	206.903	31.016	72.064
510.657	207.864	31.285	70.849
512.747	207.980	31.154	70.072
521.207	206.934	28.706	73.627
525.374	208.267	27.617	70.378
528.530	209.871	28.134	73.596
530.265	211.395	27.954	76.203
530.211	210.531	29.141	77.618
531.057	210.251	30.062	76.429
532.191	209.380	32.493	77.080
534.406	211.339	31.537	74.873
534.757	211.852	33.361	75.581
539.297	213.871	33.309	76.112
546.617	211.578	29.925	78.896
550.968	213.542	30.293	77.799
553.195	214.252	31.458	77.843
558.175	214.007	29.497	78.593
559.686	214.119	31.656	78.907
560.081	215.457	34.133	78.437
563.346	217.833	33.263	77.991
569.451	214.685	32.701	81.982
575.795	215.278	30.908	80.638
579.851	216.627	30.209	78.508
586.705	217.663	30.370	79.941
