311.000	106.000	18.000	32.000
307.898	103.836	16.743	34.938
305.661	104.210	17.023	33.740
304.278	104.703	16.006	33.823
301.398	104.368	16.486	34.859
298.786	102.993	18.200	35.305
295.868	103.677	17.084	35.811
295.731	103.468	16.238	35.579
292.423	104.336	18.001	33.930
289.705	103.591	17.578	34.882
288.178	102.297	16.219	35.432
286.409	102.069	15.879	35.735
284.268	102.180	16.647	35.727
282.048	102.742	16.698	34.463
279.524	102.101	16.971	34.649
276.932	101.851	16.574	35.200
275.184	101.091	17.546	35.128
272.456	102.508	17.663	33.733
271.157	101.558	17.155	34.555
269.264	100.250	16.625	34.823
267.931	99.483	15.880	35.039
265.783	100.158	16.089	34.079
263.100	100.418	16.072	33.837
262.613	100.430	16.271	33.484
260.317	100.454	16.237	33.398
257.624	99.616	16.552	33.286
256.721	99.210	16.638	33.088
255.206	98.675	16.154	33.882
253.243	98.476	16.731	34.812
250.411	98.131	17.536	34.929
248.721	98.340	17.474	34.708
246.688	97.705	16.261	33.915
244.944	96.638	16.411	35.537
242.182	96.766	17.207	34.479
240.687	97.038	17.481	33.942
237.230	96.507	17.723	34.331
233.463	95.121	16.598	33.798
233.223	95.077	16.813	33.592
229.421	94.133	16.682	33.456
227.409	94.798	16.651	32.613
225.768	93.129	17.000	34.686
223.877	93.732	16.530	33.137
221.806	91.996	16.239	34.469
219.227	92.353	16.501	33.694
216.154	91.773	16.723	34.141
215.911	91.618	16.907	33.434
212.531	91.880	17.500	33.265
209.408	91.690	17.809	32.683
205.769	90.474	16.865	32.680
203.598	89.970	17.743	33.113
200.824	90.267	18.383	32.335
198.873	89.724	17.503	32.407
196.723	87.710	17.899	34.465
193.457	87.035	18.373	34.630
191.647	85.586	18.059	32.808
190.131	84.068	19.156	32.846
180.918	82.342	18.854	31.774
180.010	83.446	17.238	32.421
177.119	84.644	18.025	29.008
176.194	85.778	18.918	27.604
170.795	81.475	18.138	30.666
169.650	82.475	18.284	29.555
166.830	83.298	17.958	29.965
165.307	82.820	17.068	30.628
162.258	82.311	15.664	29.718
158.718	81.040	17.935	29.405
156.301	80.217	17.193	30.852
152.822	79.691	18.570	31.322
149.540	78.777	16.839	32.273
147.020	78.063	16.453	30.819
145.791	77.887	17.108	30.372
144.644	78.713	17.546	29.625
142.897	78.521	16.331	29.607
141.133	78.585	16.338	28.458
137.831	78.078	15.866	28.475
129.266	76.652	18.232	29.472
123.181	74.451	16.075	29.512
122.274	74.530	17.515	28.688
119.488	74.091	17.318	29.736
117.731	75.200	17.656	28.762
112.809	73.846	18.124	30.137
112.023	73.723	17.911	28.535
106.799	72.047	18.953	30.972
106.165	71.948	20.115	30.821
98.521	70.270	20.984	31.054
95.834	69.745	20.668	31.982
94.062	69.711	20.479	30.287
91.581	70.441	17.627	27.982
89.844	69.391	18.389	28.787
86.535	68.921	17.947	28.434
85.090	68.114	19.587	29.933
82.441	67.975	18.036	30.332
80.576	67.502	18.099	31.260
77.722	68.118	17.958	30.117
75.861	67.906	18.357	30.671
74.189	67.704	18.351	29.637
70.735	67.399	18.709	29.484
67.902	66.049	18.232	31.101
66.248	66.297	18.240	31.110
62.349	65.691	18.726	32.061
58.702	65.568	18.277	33.038
55.246	64.863	18.513	32.603
52.625	63.766	18.848	33.698
48.473	63.959	19.365	33.786
46.407	62.784	18.327	33.170
43.702	63.234	18.593	31.216
41.165	62.226	18.177	34.115
38.394	62.198	18.752	33.282
35.363	61.986	19.311	33.868
32.652	62.024	19.212	33.930
30.157	61.673	19.583	34.779
18.969	60.138	18.922	38.042
17.883	60.547	19.722	36.840
15.008	60.073	18.809	36.630
11.737	59.545	18.150	36.740
8.355	60.437	19.316	37.687
8.406	58.574	19.295	38.228
4.380	59.830	19.237	37.091
3.170	60.020	18.009	35.629
2.223	59.859	17.619	35.791
