469.000	104.000	18.000	42.000
469.582	104.400	18.392	42.488
469.312	104.335	18.438	41.865
469.304	103.700	17.801	41.592
469.164	104.371	17.431	38.428
468.894	104.226	18.043	39.942
468.822	104.811	17.483	41.573
468.474	105.128	17.439	41.915
468.118	105.369	17.251	43.274
468.410	105.201	16.797	42.550
467.042	105.002	17.977	42.285
466.474	105.101	18.579	43.003
466.714	105.868	18.448	44.431
466.639	106.648	18.984	41.916
467.024	106.617	18.972	41.858
466.941	106.206	19.303	42.604
467.303	105.864	19.099	42.590
467.522	105.650	18.378	43.570
467.331	106.061	19.139	42.435
467.417	107.225	18.777	42.517
467.403	107.438	17.899	42.963
466.966	106.920	18.699	42.799
466.685	106.522	17.941	43.859
465.965	106.752	19.093	43.881
465.814	107.050	19.845	43.929
465.664	107.349	20.232	44.304
465.920	108.185	20.230	43.399
465.793	108.187	20.250	43.705
466.119	109.626	16.774	43.293
464.257	107.460	17.979	46.373
462.490	108.841	19.432	44.567
461.700	109.188	19.557	44.418
461.651	108.863	19.295	45.186
461.374	110.121	19.455	42.694
461.089	108.949	19.335	44.728
460.884	108.450	19.142	44.469
461.065	108.422	18.551	45.249
460.200	110.316	17.987	43.602
459.533	110.251	18.036	44.171
457.065	110.364	19.006	45.284
457.534	110.901	18.770	46.735
457.237	109.990	19.071	47.878
457.764	110.171	18.886	47.667
458.074	110.689	17.975	47.170
457.693	110.166	17.862	47.903
457.301	111.721	18.274	47.151
456.955	112.333	17.916	47.306
455.751	111.527	18.093	46.490
455.968	111.163	17.201	48.012
455.540	110.610	17.196	49.898
454.905	111.939	17.800	48.017
454.091	113.132	18.295	46.223
453.166	114.027	19.570	45.068
453.107	113.842	19.341	46.204
452.077	113.218	20.601	46.556
452.610	112.309	19.076	48.115
452.023	112.228	19.716	47.833
450.010	113.712	19.010	47.232
448.732	112.817	18.950	48.432
448.515	113.961	19.139	46.703
448.406	114.298	18.437	46.353
447.875	114.925	19.360	46.317
447.470	115.444	19.504	45.948
446.818	113.729	19.611	47.560
446.565	113.658	19.889	47.981
446.330	113.850	19.100	47.390
445.761	114.500	19.472	47.545
445.265	114.549	18.626	48.214
444.563	114.308	19.091	48.098
444.503	114.221	19.293	47.634
444.334	114.507	18.874	46.884
443.719	115.005	19.379	47.489
444.217	115.954	19.658	46.842
444.261	116.011	19.803	48.682
444.062	116.786	19.356	46.459
443.619	115.415	20.135	47.564
443.715	115.503	19.886	48.769
443.443	115.916	19.423	49.187
442.252	117.283	20.164	49.239
442.245	117.019	19.330	49.610
441.252	117.024	20.531	50.760
441.262	116.244	19.965	51.252
440.739	116.439	20.659	50.314
441.436	117.780	20.761	50.264
442.757	117.876	20.009	51.240
441.818	118.702	21.329	50.508
441.871	119.166	20.619	50.458
441.498	119.474	20.795	50.022
441.471	118.959	20.942	50.120
441.602	118.922	21.086	49.377
441.167	118.757	20.257	50.286
441.431	118.601	20.882	50.067
441.393	118.624	20.684	51.600
441.684	119.309	20.182	51.028
441.694	120.646	21.019	50.309
441.950	120.861	21.243	49.911
441.871	120.785	21.644	49.833
442.753	120.474	21.324	49.681
442.659	120.127	20.393	49.746
442.428	120.512	21.082	50.680
442.110	121.257	21.003	50.070
442.339	121.511	20.796	49.464
442.072	121.915	21.053	50.251
441.897	121.762	21.101	50.060
441.765	121.268	20.403	51.013
441.582	120.899	21.440	50.375
442.451	121.732	22.132	51.808
442.993	121.743	21.092	50.896
442.832	122.303	22.351	50.357
443.282	123.692	20.802	49.645
443.175	123.824	20.961	49.271
443.013	122.495	20.812	50.634
443.201	122.884	21.765	50.309
443.518	122.937	21.026	50.811
443.574	124.268	21.316	50.052
443.748	125.064	20.582	51.062
443.824	124.291	22.145	51.638
444.319	123.623	21.792	53.059
444.277	123.725	22.011	52.548
444.589	124.768	20.774	51.470
444.417	124.705	21.581	52.008
444.079	125.933	20.373	52.108
443.856	126.309	20.517	52.727
443.937	125.992	20.713	52.829
443.843	124.974	20.388	53.151
443.929	125.015	20.821	50.773
443.924	125.268	20.864	51.387
444.014	125.476	20.722	51.700
444.067	126.608	20.865	50.606
444.223	127.177	21.716	51.262
444.361	126.885	21.518	52.024
444.108	126.335	21.911	52.481
444.342	125.969	21.621	51.922
444.601	126.850	20.738	51.074
444.376	127.822	21.184	52.137
444.013	128.841	20.595	50.763
443.089	130.154	20.032	50.447
442.382	129.912	21.651	50.234
443.095	129.684	21.508	50.940
442.935	129.915	21.935	49.791
442.921	129.009	21.859	51.075
443.202	129.172	21.170	50.725
442.839	129.983	21.836	49.255
442.071	131.087	21.160	49.912
441.424	130.416	21.838	49.485
440.753	130.360	21.703	48.849
440.639	129.807	22.304	49.963
440.855	131.311	22.244	50.826
441.758	131.798	20.987	48.102
441.910	132.201	21.514	48.576
441.994	131.028	21.108	49.320
442.072	130.937	20.915	49.311
441.545	132.132	20.961	48.116
440.720	132.851	21.114	48.845
440.281	132.922	21.142	49.544
440.134	132.277	21.264	52.018
439.843	132.610	21.369	52.759
439.644	132.166	21.633	52.368
440.125	132.850	21.701	52.708
440.413	134.063	21.602	52.615
440.643	134.329	21.850	54.010
441.225	134.302	21.118	55.392
440.932	133.648	22.053	53.041
441.466	133.097	22.160	55.297
442.007	134.087	21.068	55.234
441.683	135.307	21.395	53.176
441.452	136.510	21.500	51.512
441.153	135.767	22.301	53.325
441.276	135.122	22.503	52.969
440.620	134.491	23.555	52.688
440.556	134.859	24.153	53.187
441.649	136.122	23.071	54.339
442.205	136.597	22.873	53.646
442.146	136.773	23.446	53.052
442.509	136.430	24.629	52.965
442.754	135.674	23.899	51.380
442.739	135.507	23.898	51.305
444.081	136.777	23.120	51.593
443.797	138.423	22.015	51.237
443.601	137.743	22.905	51.205
443.343	137.424	23.212	51.155
445.655	138.071	23.016	55.380
445.212	138.771	21.709	51.187
446.431	138.937	23.756	52.872
446.741	138.651	23.763	53.982
446.909	137.767	23.900	53.124
448.049	139.311	23.359	53.578
448.242	139.782	22.923	51.646
448.309	139.615	22.852	52.933
448.597	139.424	23.562	53.365
449.049	138.053	24.245	54.958
449.713	139.124	23.113	54.631
450.815	140.257	23.841	53.411
451.361	141.311	24.238	52.571
451.874	141.148	24.327	52.385
453.151	140.733	23.527	52.746
454.167	140.479	23.510	53.802
454.325	140.989	23.218	53.697
454.325	142.334	22.981	52.162
454.382	142.626	23.131	51.273
454.374	141.776	22.904	52.220
454.172	141.097	23.827	53.650
454.271	141.294	23.469	54.031
454.803	142.378	23.107	53.439
455.631	143.738	22.843	52.441
456.521	144.486	22.507	51.322
456.224	144.523	22.372	51.507
456.351	144.675	23.193	52.817
456.446	143.714	23.949	52.696
456.530	143.951	22.678	52.455
456.119	145.601	23.422	50.547
455.885	146.174	22.109	50.379
455.816	144.710	22.583	51.517
456.123	144.992	22.716	51.642
456.297	144.757	22.723	52.276
456.119	145.463	23.086	51.082
456.966	146.836	23.177	49.716
457.355	147.668	23.137	49.093
458.506	147.494	23.270	49.564
458.729	146.403	23.493	50.856
459.099	146.039	23.148	50.369
459.089	146.658	23.805	51.109
459.610	148.327	22.429	50.865
459.350	148.635	23.223	48.709
459.279	148.484	22.882	50.872
459.638	148.288	22.805	51.653
459.278	148.066	22.844	50.586
459.913	148.265	23.850	53.195
460.584	150.441	24.278	50.659
462.449	150.674	23.504	50.315
463.457	150.640	23.204	51.641
463.783	149.893	23.158	52.345
464.034	151.668	23.112	52.344
463.421	152.961	22.650	53.657
463.519	152.331	23.141	52.922
463.786	151.142	22.208	55.660
463.144	152.686	22.811	55.242
464.089	154.001	22.722	57.538
464.375	154.273	22.720	59.810
463.657	153.493	23.503	61.730
462.695	154.847	24.308	63.614
462.714	157.531	24.815	62.420
462.823	156.311	24.551	62.780
463.311	158.416	25.062	63.016
463.714	157.511	24.442	63.551
463.557	157.548	24.764	64.089
462.900	156.973	25.731	64.702
462.972	158.113	26.250	64.154
463.607	159.600	25.205	63.331
464.702	161.422	24.189	65.376
463.781	160.109	25.395	67.221
464.836	162.983	24.480	65.178
464.720	162.339	25.396	65.566
465.529	161.162	26.553	67.058
465.347	161.294	25.990	67.316
465.044	161.640	26.306	67.170
465.078	163.339	26.486	67.004
465.841	164.516	26.056	67.626
465.179	163.639	27.381	66.771
465.603	163.737	26.993	66.763
465.893	163.190	27.220	68.031
466.375	164.233	27.357	68.072
467.063	165.105	27.377	68.426
467.597	166.651	26.462	66.954
467.947	166.640	27.047	67.780
468.838	166.571	27.382	68.545
468.903	165.112	27.758	69.961
469.930	165.887	27.795	70.533
470.387	168.517	26.797	69.280
470.185	167.716	27.398	70.961
468.809	168.385	28.429	69.733
469.077	167.496	29.263	70.454
468.764	167.801	29.272	71.448
468.900	168.163	29.763	72.126
469.719	169.077	30.015	70.631
470.884	170.783	30.284	70.456
471.025	170.065	31.016	71.123
471.578	169.197	30.464	71.214
471.755	169.362	31.140	72.013
472.180	169.505	31.179	71.391
471.426	169.526	32.080	72.933
472.344	170.708	32.028	71.874
473.162	171.490	31.316	70.931
472.860	171.136	31.951	72.365
472.781	171.754	32.458	72.029
473.449	170.891	31.276	71.957
473.860	171.278	31.938	72.785
474.331	171.688	31.906	73.778
476.045	173.105	30.889	73.461
477.413	173.165	30.128	72.944
479.303	173.850	29.255	72.307
479.110	173.276	30.086	74.181
480.135	174.291	29.947	73.324
480.594	174.751	30.101	73.464
479.713	175.637	32.265	72.245
480.205	175.951	31.892	73.151
481.555	175.709	31.163	73.295
481.596	175.488	32.262	73.847
485.278	175.258	29.722	74.525
487.251	176.655	29.956	74.125
489.034	178.293	30.337	73.180
491.800	178.768	29.098	74.038
493.086	178.075	28.998	74.107
492.726	176.803	29.710	75.234
494.234	176.913	29.033	75.500
494.498	179.798	30.161	73.087
494.544	180.801	31.156	72.915
495.809	180.699	30.273	73.493
497.023	180.642	30.376	73.820
496.924	180.723	31.276	74.198
497.384	179.998	30.916	74.920
501.495	181.677	29.379	74.575
501.692	183.195	30.746	74.349
501.924	183.651	31.472	74.680
503.174	183.011	31.217	75.071
504.565	181.742	31.805	76.896
506.512	181.545	30.602	78.104
507.197	183.111	30.381	77.134
507.692	184.660	31.551	75.575
508.542	185.456	31.591	76.046
509.212	185.874	31.165	76.708
509.967	185.783	31.208	75.740
512.687	184.043	30.096	77.032
514.979	185.024	27.743	74.578
516.611	185.906	28.282	74.657
516.350	186.553	28.047	71.504
519.843	186.227	29.891	78.934
521.964	187.176	30.515	80.083
523.249	188.541	30.893	79.437
522.938	189.990	31.214	78.666
523.524	189.650	32.099	79.714
525.477	188.482	32.431	80.158
529.065	189.304	29.424	80.096
529.257	190.823	31.880	79.849
532.124	193.645	31.389	78.492
534.334	192.824	30.823	80.085
536.389	191.805	30.536	81.445
537.186	192.286	31.035	81.822
539.456	194.733	28.988	80.119
539.641	194.722	31.007	81.914
540.085	194.572	31.590	81.759
541.283	193.971	31.523	81.840
542.119	195.014	31.733	81.808
543.412	196.485	31.913	81.741
544.937	198.028	32.399	81.020
545.410	198.810	32.970	81.409
547.913	197.530	32.435	82.748
550.067	196.467	30.634	84.371
551.210	195.886	30.772	85.933
552.938	199.342	30.302	83.750
551.481	200.292	32.159	83.690
553.397	200.391	31.291	83.898
554.634	200.449	32.147	84.172
555.227	201.238	32.831	83.674
556.103	202.769	33.455	83.222
555.259	206.279	35.961	81.755
556.363	205.472	35.717	82.752
557.680	203.723	35.505	85.329
557.537	204.054	35.820	86.224
557.816	206.411	35.471	85.495
558.797	207.380	35.329	85.459
558.846	207.494	35.171	86.075
558.590	207.467	35.897	85.743
558.990	207.389	35.634	85.296
559.249	206.675	35.937	87.195
557.774	208.811	38.371	86.556
559.402	210.683	37.417	85.408
560.875	211.673	36.921	86.057
561.062	211.396	37.380	86.105
562.044	210.360	36.407	87.197
561.088	209.358	37.081	88.689
561.875	209.734	37.917	90.182
562.678	211.697	36.121	88.576
563.462	212.912	37.146	89.047
563.541	214.058	36.521	88.593
564.731	213.607	35.121	88.454
565.025	212.271	36.182	90.531
565.280	212.818	36.626	90.262
568.478	214.236	34.574	90.063
568.610	216.242	35.651	88.739
569.883	216.884	37.320	89.128
572.325	217.103	36.775	89.480
574.996	214.686	35.580	92.435
576.440	217.376	36.374	91.390
577.774	219.078	36.357	91.969
577.816	220.851	36.472	91.231
577.942	219.386	36.817	92.026
579.351	218.567	36.311	92.729
579.318	219.144	36.852	91.735
580.385	219.127	36.263	93.935
579.852	222.224	39.808	92.022
579.344	224.178	40.382	90.357
581.154	225.229	39.858	90.429
