503.000	206.000	31.000	89.000
502.234	207.174	31.640	91.047
499.902	205.995	30.646	92.259
498.816	206.187	31.108	91.742
494.882	206.785	33.830	92.384
491.874	208.219	35.852	92.306
489.697	209.893	36.746	91.364
489.471	210.896	34.290	89.312
488.170	211.487	34.246	88.958
486.851	212.044	33.498	89.979
483.601	211.726	33.313	92.454
482.257	209.586	32.491	92.809
479.717	210.493	33.355	93.369
478.250	209.998	33.297	94.610
477.243	211.723	33.303	93.095
474.848	212.885	33.581	94.584
474.326	213.710	33.422	93.404
471.895	215.082	33.277	93.738
470.794	215.029	33.402	94.169
469.335	215.740	33.838	94.473
467.947	214.678	33.222	95.891
467.107	215.072	33.522	95.853
464.977	214.960	33.754	94.902
463.524	215.364	34.458	96.643
462.017	215.708	34.604	96.424
458.544	217.222	35.981	95.362
457.767	218.476	35.581	94.117
456.424	219.189	35.504	93.993
454.431	220.278	35.041	93.390
451.654	219.529	34.563	96.310
450.209	219.002	34.541	95.991
448.338	219.391	34.983	96.422
445.841	219.071	35.786	97.814
445.570	220.551	35.257	97.252
444.441	220.962	35.084	97.364
442.377	222.865	35.451	96.259
441.639	224.185	34.804	95.875
440.056	224.690	35.030	96.866
438.212	225.031	34.764	96.887
437.327	224.646	34.505	96.859
435.814	224.202	34.628	97.416
434.145	223.345	33.780	99.083
432.441	224.580	34.952	96.892
430.856	225.046	35.193	97.981
426.606	226.828	37.572	96.583
426.210	228.539	36.586	94.964
424.618	228.960	36.829	95.621
423.280	229.698	36.687	95.297
421.197	229.824	36.075	94.039
419.621	229.314	36.177	97.948
418.453	228.191	34.418	98.511
415.597	228.055	35.411	98.082
414.163	228.680	35.664	99.425
413.956	229.154	34.306	98.480
411.571	230.928	34.377	97.255
409.814	231.471	35.304	95.869
409.095	232.221	34.721	94.076
406.704	233.673	35.042	95.991
405.148	233.061	34.749	96.079
403.720	232.714	35.004	97.955
401.656	232.275	34.403	98.602
399.954	232.231	35.143	98.680
397.982	233.198	35.704	98.477
395.431	232.201	35.994	98.057
393.664	233.923	36.906	95.812
390.352	236.742	37.657	94.071
388.855	237.180	37.415	94.048
387.106	237.856	37.834	93.647
383.241	238.275	39.246	93.652
381.399	238.087	37.683	92.829
379.256	237.154	37.023	92.275
375.798	236.518	36.731	93.091
374.483	237.030	37.014	91.424
372.814	236.688	36.682	92.601
369.783	239.003	37.324	89.727
368.164	239.662	36.426	87.501
365.736	241.868	36.266	85.973
364.275	242.320	35.947	85.576
362.653	243.075	35.464	84.859
361.603	242.200	35.170	86.524
358.140	241.054	35.388	86.238
357.109	241.020	34.338	85.118
354.777	240.766	35.902	84.944
351.466	240.938	36.320	84.239
350.325	241.834	36.300	84.306
349.084	242.402	35.273	84.990
344.731	244.045	36.662	84.078
343.053	245.462	36.162	82.005
340.572	245.862	36.694	82.685
336.203	247.050	37.380	82.009
335.269	245.996	35.432	84.382
333.510	246.233	36.116	84.017
330.290	245.263	36.495	85.122
328.096	245.632	36.939	84.588
326.856	246.118	36.521	84.886
325.075	247.486	36.689	83.657
321.620	248.656	37.655	83.717
321.531	248.286	36.675	84.469
319.102	250.156	37.620	82.987
316.590	251.102	36.562	82.613
314.054	252.492	38.374	80.435
312.252	252.078	38.438	81.816
309.959	250.116	36.746	83.970
308.027	251.042	37.597	82.807
306.241	251.318	39.352	84.172
303.554	252.407	38.410	85.393
301.858	252.883	38.852	85.241
300.030	254.079	39.587	85.065
295.912	256.903	39.092	83.061
293.257	257.346	40.363	81.456
291.518	256.727	38.054	86.086
287.981	257.006	38.492	84.672
285.453	256.528	39.027	85.444
283.174	257.067	40.031	84.707
279.200	256.746	40.164	85.342
277.619	256.727	39.851	86.021
276.077	257.262	39.665	86.277
273.769	259.069	40.822	84.510
271.040	261.066	39.975	83.483
269.263	261.463	39.876	83.869
267.457	262.322	39.165	82.496
263.743	262.738	39.521	85.178
261.997	263.067	39.240	86.448
260.177	262.535	39.474	90.506
256.021	262.521	39.571	93.173
254.175	263.905	38.761	94.470
251.838	263.470	39.176	95.888
248.551	265.312	38.818	96.919
246.149	267.634	39.387	94.559
243.909	267.767	38.600	98.090
239.070	268.748	39.762	98.418
237.065	269.189	38.802	98.268
235.307	268.430	38.326	98.416
231.172	268.552	39.479	99.253
229.651	268.937	39.650	98.439
226.988	269.789	40.512	98.388
223.803	270.673	40.041	99.737
221.599	271.226	40.595	102.972
219.674	272.556	39.570	105.296
216.990	273.398	38.829	105.916
214.362	273.819	39.704	108.072
212.205	273.034	38.954	109.759
208.868	274.362	39.755	109.143
206.530	272.555	40.266	110.894
203.745	273.202	41.248	110.675
200.500	274.475	41.063	109.132
198.296	274.633	41.833	108.937
195.872	274.755	41.973	112.208
187.715	276.110	47.409	113.681
184.672	277.820	49.179	113.059
183.623	278.725	48.457	114.098
181.507	280.703	47.206	113.582
179.580	281.117	46.658	114.064
178.187	281.596	46.812	113.087
173.526	279.684	43.778	115.644
172.227	280.478	43.010	114.436
170.195	278.987	42.263	117.566
166.681	279.298	43.488	120.353
164.467	280.785	42.859	119.857
162.690	281.598	42.479	120.704
159.463	282.929	43.108	121.597
157.099	284.481	44.377	122.336
154.782	284.334	44.779	121.638
152.015	285.547	43.046	121.419
150.416	284.848	43.120	122.807
148.905	283.980	42.476	122.897
144.354	284.960	45.650	122.562
142.367	285.787	44.419	119.814
140.233	285.750	45.228	120.424
130.551	288.007	51.577	121.772
126.898	288.851	51.471	120.369
127.804	291.370	48.380	120.950
126.023	292.135	49.085	122.338
124.720	292.498	48.329	122.741
122.297	293.210	46.080	121.674
120.827	293.943	44.619	120.144
118.237	291.491	45.581	122.804
113.930	293.388	47.451	123.381
111.450	294.702	45.076	124.099
110.543	295.162	43.537	125.366
107.055	297.775	43.280	126.189
105.911	299.431	41.906	124.918
101.946	298.492	42.038	126.837
100.844	299.302	41.018	125.477
98.138	297.991	41.329	127.824
92.173	298.298	43.998	126.524
90.825	298.818	44.089	125.828
88.180	299.142	44.708	124.896
82.950	301.496	47.929	125.145
76.579	303.886	52.166	122.675
74.609	304.770	51.702	122.848
75.383	307.095	47.972	123.328
73.290	309.490	48.659	123.420
71.964	308.890	47.569	123.544
66.719	309.268	47.225	123.054
66.272	310.406	43.631	122.094
64.014	310.410	42.848	123.328
59.122	309.202	44.444	127.364
57.692	310.396	43.106	124.146
55.716	311.636	41.981	125.141
51.199	313.167	42.569	124.449
48.571	314.452	43.593	125.150
46.387	314.721	43.751	126.148
42.053	317.280	44.684	124.137
40.228	318.683	42.517	123.702
37.731	317.119	42.499	124.110
32.497	318.594	43.333	125.752
31.015	318.438	42.493	127.388
24.375	318.519	45.770	128.726
21.404	320.340	45.477	125.409
14.415	320.162	51.370	129.276
11.465	325.305	51.574	124.159
