281.000	76.000	10.000	30.000
277.071	76.179	11.165	30.048
274.666	75.242	12.625	31.356
274.722	74.693	12.468	31.192
273.721	74.907	12.528	31.244
274.104	75.698	12.212	33.093
273.025	75.926	12.445	31.755
272.297	75.839	12.341	31.154
271.370	75.483	12.648	31.886
271.111	74.686	12.414	33.082
271.076	75.506	12.272	32.823
270.085	75.132	11.754	32.321
269.525	75.320	11.541	31.769
268.419	75.107	11.940	32.952
267.771	76.577	12.820	31.857
266.573	78.133	12.205	30.028
266.102	76.821	12.716	30.781
266.167	77.046	12.783	31.006
265.738	75.671	11.868	32.090
265.281	76.260	11.799	31.847
264.483	77.032	12.912	30.735
265.215	77.279	12.229	31.972
265.250	78.010	11.318	30.307
263.873	78.646	12.274	30.753
263.405	78.645	12.021	30.564
262.461	77.463	12.719	31.519
262.549	78.179	12.339	31.245
262.038	77.624	12.398	31.832
261.514	76.386	12.195	31.921
261.446	77.819	11.834	31.448
260.709	78.261	11.841	31.844
260.347	77.987	12.190	32.797
259.349	78.075	12.742	33.346
259.016	77.714	12.959	33.541
258.256	77.880	12.657	32.007
257.667	77.785	12.982	32.001
257.292	77.535	13.616	32.983
256.727	77.171	13.079	34.392
256.342	77.950	13.264	33.212
255.925	78.031	13.101	33.667
254.886	76.892	13.461	34.607
254.386	78.208	13.748	33.753
253.705	76.976	13.189	34.633
253.293	77.292	13.273	33.780
252.444	76.818	12.923	34.234
251.107	77.474	12.743	31.941
250.874	77.538	13.780	33.602
249.660	77.996	14.042	33.773
248.797	78.505	13.730	33.958
248.845	77.360	13.704	35.080
248.032	77.740	12.654	33.710
247.042	77.194	13.467	34.528
247.626	78.364	13.264	33.732
246.735	78.384	12.887	33.845
246.378	77.648	12.969	34.125
245.410	78.682	12.811	32.969
245.423	78.229	12.521	34.306
244.144	77.257	12.049	35.709
243.549	77.390	12.637	35.671
241.578	76.417	12.316	37.445
241.400	77.707	12.926	35.434
239.903	76.666	12.333	35.593
238.257	77.008	12.416	35.891
236.970	78.926	13.521	34.561
236.119	79.565	13.567	34.030
235.078	79.538	13.092	34.773
233.930	79.579	13.827	34.399
233.151	78.514	14.069	34.988
234.161	79.084	13.069	34.633
232.621	79.508	13.332	34.452
231.758	80.761	13.493	31.853
231.960	81.164	13.270	32.106
230.706	80.867	13.751	32.420
230.016	81.388	13.383	32.224
229.018	81.604	13.279	31.361
228.461	81.465	13.664	32.819
226.744	81.156	13.337	33.062
226.344	80.147	13.243	33.409
224.476	81.334	13.346	33.145
223.314	81.819	14.918	32.646
222.337	82.355	14.010	32.822
221.963	81.988	14.111	33.409
220.561	81.875	13.608	33.254
219.418	80.948	15.192	34.011
220.238	81.622	13.849	33.592
218.368	80.758	14.205	33.864
218.127	81.304	13.706	34.097
216.641	82.414	14.626	32.728
216.464	82.873	14.654	32.719
216.744	82.104	13.834	34.641
215.014	81.658	13.994	34.202
213.949	81.494	14.601	34.137
212.800	81.168	13.658	35.404
211.772	82.053	13.859	33.602
210.218	82.215	14.041	34.441
209.054	82.447	14.169	35.040
207.523	83.053	14.962	33.984
206.334	83.652	15.524	33.811
205.147	83.754	15.941	33.686
205.498	83.032	15.386	34.765
204.330	81.739	14.624	34.734
204.385	81.712	14.639	35.673
203.755	81.776	14.778	35.598
202.860	81.937	13.807	35.120
202.672	82.332	14.222	35.016
201.832	82.599	14.596	34.934
200.681	83.085	14.076	35.599
200.563	82.639	14.294	35.355
199.374	82.532	13.980	35.534
198.080	81.995	14.584	35.399
197.068	82.730	13.406	34.829
196.653	82.028	13.584	34.946
195.104	83.077	13.635	34.509
193.939	83.818	14.054	34.242
192.808	83.833	14.141	34.803
191.809	84.115	14.656	35.487
190.849	83.825	13.832	35.673
190.048	83.696	14.976	35.300
189.797	83.873	14.297	34.850
188.646	83.904	14.538	35.213
188.390	84.924	13.148	33.976
187.410	85.034	13.921	33.925
186.679	86.223	14.264	34.024
185.587	85.125	14.413	35.365
184.690	85.065	13.264	34.629
183.719	85.368	14.294	34.458
183.435	85.232	13.301	34.595
183.034	84.992	14.794	34.440
182.479	86.016	13.056	32.954
180.306	84.859	14.152	33.723
179.871	85.030	15.142	34.993
177.522	85.352	15.650	35.583
177.049	85.672	13.920	33.527
176.498	86.267	14.603	34.106
174.896	86.392	14.486	34.251
174.476	85.155	13.805	34.311
173.799	87.637	14.420	35.617
173.698	87.986	14.717	35.874
172.485	87.205	14.387	36.871
170.574	86.707	14.695	36.047
169.875	87.458	13.510	35.032
169.477	87.439	13.290	35.959
168.001	87.274	13.936	37.607
165.869	88.114	15.903	35.524
165.358	88.732	16.106	35.174
163.549	88.210	16.571	37.351
163.348	87.978	16.133	36.866
163.240	87.962	15.692	37.267
162.844	87.826	15.821	37.339
162.249	88.098	15.854	37.016
162.142	87.520	15.428	37.643
161.431	89.307	14.655	35.452
161.318	88.424	14.727	36.691
159.414	89.061	15.131	36.565
158.175	87.819	14.409	37.789
157.276	87.753	14.555	37.470
156.865	88.158	14.743	36.003
156.792	88.247	14.979	34.572
155.405	89.920	14.463	33.812
153.186	89.618	14.391	34.820
150.695	89.990	16.002	35.548
150.298	88.317	15.688	35.556
149.024	89.187	15.038	35.207
149.502	89.002	15.614	36.292
147.671	90.147	15.449	34.334
147.821	90.203	14.575	35.158
147.619	91.052	15.516	35.259
146.847	90.357	15.237	35.018
146.107	91.307	14.901	33.659
146.003	90.063	14.617	32.939
145.405	89.894	15.349	33.125
144.517	90.072	14.456	34.592
144.113	90.361	15.793	34.481
143.688	90.674	14.953	33.910
143.468	91.321	14.373	33.271
142.168	92.105	15.314	34.218
141.008	91.424	15.301	33.283
140.752	90.368	15.678	33.025
140.577	90.265	15.404	31.708
140.335	90.289	14.713	33.498
138.933	91.588	14.322	33.568
139.049	91.322	14.854	33.075
138.721	91.403	14.278	31.950
138.576	91.177	14.185	31.794
135.423	91.892	15.714	31.578
133.233	92.916	16.119	34.431
132.773	91.887	16.347	34.349
133.642	93.070	16.367	35.817
133.060	92.302	15.082	35.112
132.797	93.560	15.117	34.837
131.920	93.070	16.106	33.892
131.916	93.500	16.635	33.463
131.462	93.394	15.632	34.781
130.462	93.662	16.639	35.767
130.808	93.558	15.810	35.312
131.050	93.656	14.992	33.946
130.941	94.153	15.535	34.736
130.165	94.312	15.243	36.016
129.756	95.080	15.884	36.180
130.329	95.898	15.309	36.855
128.136	95.400	15.918	35.608
128.270	94.246	16.313	37.556
127.818	93.689	15.948	37.060
126.835	94.830	16.340	37.463
127.122	94.689	16.228	36.453
128.639	95.877	15.619	37.291
126.339	95.937	16.526	37.667
126.349	96.115	15.530	37.286
126.769	95.505	15.665	37.625
126.393	95.551	15.202	37.284
126.226	96.693	16.376	35.433
125.983	97.788	15.736	35.913
125.368	97.608	15.528	37.028
125.334	97.467	15.398	36.193
125.007	97.309	14.961	36.331
123.294	96.674	14.800	35.659
124.621	97.383	14.982	35.479
123.534	97.778	15.622	33.925
123.460	98.869	15.675	34.641
122.747	98.241	15.608	33.192
122.460	97.835	15.769	34.599
123.049	98.872	16.153	37.775
122.670	98.716	14.177	36.104
119.294	100.207	16.629	34.081
118.706	100.048	16.450	33.817
119.324	98.749	16.685	35.234
119.715	99.581	16.093	37.279
118.821	99.950	15.830	33.040
116.858	100.409	16.862	34.579
118.145	100.493	15.654	33.417
117.616	99.492	16.204	33.692
118.859	101.252	15.777	35.432
116.437	101.115	16.009	32.480
116.486	101.027	16.115	35.175
116.864	99.589	15.483	34.115
114.509	100.272	17.114	33.209
115.825	101.390	16.468	34.271
114.501	102.289	17.099	33.249
114.612	101.937	16.646	35.374
113.220	101.790	16.446	35.047
112.911	101.434	16.630	32.624
112.534	101.979	17.020	32.392
112.168	102.038	16.155	34.140
113.323	102.581	15.981	33.987
111.178	103.451	15.730	33.292
111.727	103.402	15.912	34.510
112.122	104.230	16.235	34.732
111.365	103.309	15.882	34.479
111.772	102.540	15.827	34.037
110.855	101.990	15.949	34.186
110.980	103.317	15.855	34.094
111.641	104.484	16.265	34.049
110.264	105.484	15.916	33.370
109.941	104.339	17.186	31.872
108.163	104.108	16.767	33.520
108.580	104.241	16.455	33.983
108.563	104.216	16.400	32.913
107.156	104.063	16.029	34.144
107.890	104.937	16.227	33.600
106.755	104.676	16.495	32.735
107.365	105.066	16.046	35.130
107.540	104.705	15.578	33.547
107.168	104.768	16.309	33.478
107.348	104.604	15.767	32.942
106.103	104.789	16.831	33.318
106.146	105.118	16.297	33.199
105.385	105.612	16.576	32.200
104.098	105.984	16.726	32.394
103.787	105.687	16.709	33.933
104.011	105.256	16.287	32.839
103.336	105.184	16.092	32.352
103.650	105.603	15.951	32.609
103.334	106.331	15.932	32.570
102.762	106.811	15.946	32.436
102.694	106.022	16.023	31.439
102.581	105.460	15.841	32.156
100.662	106.935	14.858	32.065
98.805	107.774	16.357	30.487
98.618	107.468	16.717	32.698
96.959	107.977	16.120	33.064
95.994	108.001	16.452	35.356
96.565	107.134	16.162	35.830
95.954	108.383	15.582	35.017
95.264	108.937	16.039	33.810
94.354	108.640	16.722	35.344
93.924	109.001	15.794	35.603
93.039	107.136	16.542	37.143
92.036	107.834	15.778	38.498
92.270	109.199	15.740	37.380
90.117	109.074	16.571	35.632
88.178	109.244	16.317	38.210
88.296	108.862	15.698	39.740
87.287	109.846	15.656	38.929
86.783	109.289	16.373	37.698
86.277	109.151	17.051	41.060
85.612	110.155	16.140	40.159
84.045	108.499	15.889	39.699
85.027	110.172	16.444	37.374
83.393	110.494	15.456	39.332
82.267	109.585	16.490	42.381
80.814	110.650	16.112	43.673
80.046	111.407	15.434	43.434
78.611	110.269	16.313	44.492
78.043	110.896	15.452	44.336
77.484	111.164	15.106	43.905
76.538	110.707	15.463	43.758
76.918	109.978	14.509	44.756
75.374	109.293	15.570	45.518
74.656	111.268	15.490	44.517
74.158	111.641	15.116	44.748
73.475	111.669	15.226	44.813
71.653	111.248	15.326	44.655
66.690	111.329	16.404	45.107
64.557	113.001	15.296	45.383
63.352	112.416	14.041	45.506
62.463	111.739	14.445	46.489
61.827	113.356	14.306	44.020
61.221	113.239	14.680	45.642
60.546	114.302	14.959	44.181
60.165	115.138	15.084	43.673
59.582	115.061	15.629	43.775
58.630	114.807	15.442	45.424
58.501	114.314	15.319	45.136
57.967	114.004	15.366	45.276
57.253	114.955	15.175	43.677
56.705	116.274	14.667	44.113
56.158	115.962	14.269	45.069
55.954	115.938	13.954	44.508
55.375	115.381	13.623	44.919
54.732	115.902	14.375	43.928
53.786	115.378	15.788	45.566
53.897	116.400	14.999	44.536
52.847	116.237	15.770	45.054
52.876	116.820	15.362	44.602
52.703	117.282	15.206	44.558
52.196	117.415	15.098	44.016
51.949	117.237	14.863	44.620
51.272	116.556	15.249	45.501
51.428	116.232	14.869	45.112
50.917	116.127	14.680	45.094
50.289	116.983	14.651	44.105
49.822	116.865	15.038	44.750
49.464	117.807	14.502	43.629
49.147	116.981	14.745	44.651
48.677	115.449	15.162	46.951
48.269	115.719	15.242	46.545
48.310	115.573	14.710	46.295
48.004	116.780	14.771	45.425
47.727	116.721	15.836	45.778
47.739	116.937	14.962	45.943
47.483	117.196	15.220	45.803
47.501	116.684	15.249	46.142
47.290	116.076	16.122	46.389
47.521	116.198	15.678	46.402
47.624	115.863	15.354	47.774
47.266	117.299	15.550	46.865
47.417	117.652	15.717	48.102
47.311	116.884	15.510	48.416
47.279	114.748	15.887	49.712
47.471	115.361	16.489	49.837
47.056	116.408	16.185	50.308
47.330	115.902	16.956	50.431
47.377	115.027	17.345	51.706
47.735	115.320	15.739	51.429
48.114	115.323	15.153	53.710
47.683	116.866	15.304	51.545
47.599	116.834	15.336	52.044
47.162	116.128	15.395	52.064
47.283	115.913	15.534	53.086
46.213	116.318	16.113	53.335
46.066	117.571	16.773	51.858
45.352	117.778	17.763	52.469
44.827	118.318	17.467	51.984
45.019	118.239	17.385	51.441
45.288	117.905	16.206	52.560
45.234	117.453	15.992	52.539
44.898	117.525	15.473	53.465
44.196	118.067	15.832	53.060
44.188	119.323	16.226	53.237
43.407	119.416	15.533	53.711
42.757	118.761	16.267	54.889
42.223	118.525	16.432	53.698
42.548	118.362	16.129	53.524
41.842	118.653	16.763	53.395
41.989	119.087	16.130	54.101
41.632	119.457	16.295	54.501
41.419	118.785	16.730	55.795
41.584	119.734	17.056	54.403
41.035	120.292	16.813	53.941
41.226	120.577	16.115	53.033
41.342	120.134	16.596	53.313
40.549	119.505	16.378	54.160
40.705	121.371	16.839	51.619
40.298	122.323	16.730	52.126
40.144	122.039	16.836	53.134
40.561	122.472	16.016	53.333
40.099	121.827	16.294	54.656
39.452	121.549	16.668	54.183
38.690	121.529	17.237	54.254
38.842	122.315	16.605	52.977
38.423	123.434	16.564	52.240
38.275	123.502	17.268	52.163
37.665	124.344	17.466	51.961
37.578	124.146	17.382	53.491
36.984	123.356	17.833	53.581
36.973	123.196	17.216	53.554
36.849	122.137	16.899	54.395
36.768	121.929	16.956	54.771
36.288	123.174	16.346	54.168
35.260	123.171	17.300	54.222
34.758	123.747	17.689	55.664
34.376	124.291	16.499	54.769
33.731	122.902	17.480	56.218
33.509	123.582	16.841	55.319
33.352	122.917	17.474	56.741
32.247	124.311	17.022	56.022
31.991	125.001	17.188	56.195
31.707	124.875	17.236	57.022
31.350	125.680	17.489	55.938
30.814	125.158	18.340	55.959
30.217	125.014	19.170	55.886
29.929	124.987	18.809	55.962
28.809	127.978	18.465	55.682
27.377	126.526	18.939	56.526
27.207	127.613	18.986	55.177
27.242	128.767	18.420	55.687
26.900	129.704	19.045	55.120
26.693	130.528	18.688	55.090
26.345	130.778	19.022	54.989
25.757	130.039	18.988	55.462
25.488	129.250	19.390	55.918
25.379	129.211	18.718	56.124
25.058	129.325	19.439	57.145
24.658	131.041	19.122	55.341
24.898	131.655	18.140	55.127
24.274	131.661	18.783	55.862
23.878	130.823	18.576	56.479
23.800	131.162	18.757	55.865
23.529	131.325	18.345	56.071
23.073	132.363	18.682	55.458
22.644	133.886	19.766	54.929
22.689	134.631	19.572	54.708
22.459	134.778	19.607	55.703
22.273	134.974	20.027	54.918
22.133	134.261	18.770	55.421
21.917	134.655	19.122	55.982
21.613	135.877	18.923	54.672
21.701	136.023	18.782	57.054
20.726	136.124	19.462	56.052
20.492	135.998	18.325	57.145
19.442	136.501	20.206	57.317
19.598	137.876	18.963	56.884
18.972	137.412	19.539	57.908
18.853	138.016	19.403	56.854
18.881	137.671	19.032	58.231
18.283	137.673	19.432	58.760
17.860	138.818	19.877	58.203
17.575	139.894	18.861	58.793
16.998	140.346	19.640	58.034
16.926	140.372	19.388	57.458
16.777	139.802	19.572	57.853
16.551	140.750	19.864	57.989
16.094	141.767	20.682	56.845
16.709	142.346	19.354	56.582
16.374	142.664	20.003	55.683
16.812	141.617	19.340	58.404
16.420	141.034	20.226	58.129
16.990	140.918	19.245	58.938
16.870	141.048	20.025	58.849
17.040	142.798	20.101	56.956
17.090	142.035	20.336	58.825
16.885	142.828	21.330	58.462
16.740	143.173	21.151	59.469
16.701	143.624	20.905	58.608
17.065	142.833	20.244	59.457
16.535	144.751	21.221	59.436
16.489	144.540	21.236	59.918
16.434	144.222	20.887	60.318
15.915	144.813	21.039	59.748
13.827	146.402	20.742	61.119
12.948	145.463	21.229	61.698
11.469	147.360	21.349	60.374
11.587	148.212	20.940	59.534
10.629	148.676	21.590	59.988
10.121	147.842	21.516	61.768
9.653	148.549	20.459	61.191
9.230	147.516	20.427	61.962
8.921	149.227	20.381	60.123
4.711	149.149	20.852	64.517
4.472	149.906	20.776	63.676
3.549	151.079	20.911	62.943
3.021	151.145	20.448	64.205
