248.000	135.000	56.000	61.000
252.708	133.929	55.814	62.914
256.083	133.751	54.236	63.599
258.775	133.634	52.336	64.155
261.040	134.154	53.115	63.188
263.722	134.410	54.073	63.598
263.398	133.330	55.517	64.572
263.765	134.123	61.476	63.559
265.091	135.123	60.683	62.628
267.045	134.039	61.355	63.587
266.882	133.380	63.866	64.843
268.866	133.207	61.983	65.239
269.176	133.461	61.970	64.568
268.226	133.397	66.483	64.167
267.486	133.502	69.098	63.869
266.995	133.318	71.536	64.283
270.276	133.005	73.854	64.676
274.872	132.949	69.107	64.898
280.614	133.179	68.043	64.282
282.958	133.396	65.723	63.968
285.504	134.238	64.665	63.184
286.397	133.676	64.940	63.174
287.520	133.180	63.068	63.178
293.108	132.130	62.613	64.602
292.760	132.346	61.564	64.454
295.210	131.997	63.142	64.450
296.497	132.523	61.649	63.837
297.536	132.434	62.186	63.649
298.196	132.809	61.827	61.995
298.827	132.227	62.505	63.202
299.404	130.569	61.255	65.285
300.020	131.142	61.006	64.429
300.499	131.392	61.358	63.625
301.247	130.291	60.791	65.165
301.919	130.809	61.314	65.272
302.811	130.828	60.878	64.707
303.318	131.476	60.260	63.574
303.769	132.558	61.129	62.871
304.016	131.383	60.939	64.275
303.771	131.724	61.510	64.028
303.107	130.882	63.126	64.679
303.167	131.394	62.891	64.293
303.604	131.812	62.710	63.954
303.613	131.672	62.577	64.139
302.629	130.619	62.949	65.324
303.387	129.724	60.397	66.730
301.760	130.243	60.759	66.190
301.054	129.807	61.310	66.625
299.971	131.137	61.120	64.849
300.069	132.433	61.334	64.109
299.048	131.469	61.081	64.661
298.301	132.012	60.790	64.832
297.601	131.823	62.098	64.953
297.701	132.643	60.978	64.488
297.020	130.658	61.397	66.458
296.394	131.417	61.401	65.409
295.904	131.238	62.327	66.103
295.512	131.726	62.712	64.920
295.431	131.068	62.470	66.230
294.495	131.854	63.063	64.292
294.202	131.720	63.151	65.410
294.019	131.854	63.000	64.825
293.412	132.094	62.905	64.726
292.905	131.790	63.447	64.864
291.703	132.193	63.484	64.654
292.199	132.050	61.676	65.036
291.936	132.174	61.885	65.258
291.983	131.958	61.755	64.908
292.576	132.045	62.324	64.954
292.691	132.516	62.869	63.887
294.645	132.001	62.826	63.394
296.051	132.309	62.320	63.368
297.099	132.097	61.804	63.822
298.722	132.350	62.264	62.246
299.962	132.864	63.517	61.835
302.871	133.340	63.393	61.279
305.307	133.744	64.334	60.926
307.843	132.892	64.048	61.546
310.224	133.381	64.303	61.215
312.287	133.980	65.865	61.776
314.112	133.440	67.022	63.097
317.112	133.871	66.439	61.957
322.519	133.528	65.825	63.222
323.857	133.612	67.563	62.362
326.919	134.837	66.680	60.958
328.724	132.976	66.589	63.041
332.180	133.038	66.532	63.151
338.361	132.746	65.824	64.241
341.336	134.331	66.312	62.891
345.539	135.483	66.016	61.332
348.370	137.722	66.122	59.684
354.728	137.361	63.764	59.814
360.296	137.262	62.867	59.755
364.581	137.031	63.584	60.179
369.242	136.100	63.716	62.024
374.078	134.014	61.427	63.296
379.487	133.183	59.308	65.705
386.193	134.383	55.812	64.931
391.816	133.438	54.564	65.071
398.420	133.990	47.474	64.512
401.237	134.289	45.046	64.359
404.099	134.497	44.633	63.336
407.289	134.292	43.554	64.946
411.897	134.549	44.483	64.024
413.846	134.913	44.609	66.401
416.921	135.114	41.664	65.082
419.989	135.586	41.154	66.419
422.980	136.062	44.033	68.214
425.765	135.826	39.291	68.342
428.260	137.258	39.129	69.178
430.058	137.673	39.396	65.946
432.906	139.485	37.571	64.088
435.325	138.480	34.693	67.306
437.073	140.002	35.258	66.313
438.651	143.374	34.662	67.893
440.151	143.620	32.829	68.886
440.766	146.291	32.088	66.617
442.319	146.793	30.524	66.775
442.970	146.391	31.251	68.453
443.538	145.960	32.670	68.639
441.464	143.860	34.002	68.590
443.237	144.208	34.759	68.465
444.251	144.647	34.926	69.847
446.313	145.663	33.381	71.335
448.266	146.798	33.984	67.328
447.549	149.693	34.703	66.683
449.709	148.077	33.110	67.562
448.481	143.973	36.014	72.168
450.768	147.123	36.139	70.128
450.371	146.404	36.919	70.550
452.200	149.416	36.152	67.517
453.039	150.619	36.144	67.858
454.957	152.106	35.795	69.077
456.444	151.969	34.820	69.422
457.965	153.952	35.928	67.224
460.726	154.582	34.957	70.109
460.337	158.013	36.344	71.103
461.957	158.199	37.222	72.141
421.711	148.213	40.970	76.936
458.080	158.525	39.781	76.220
425.219	150.824	44.078	73.614
430.189	147.747	39.306	74.806
435.270	149.459	40.408	74.502
438.202	148.866	39.589	75.021
473.859	160.406	41.519	68.708
446.517	148.353	39.286	77.425
454.441	151.140	42.106	72.233
462.461	149.548	40.212	75.480
468.117	150.663	46.290	78.192
471.869	152.935	47.930	78.218
479.155	157.873	53.337	81.211
495.045	164.850	47.002	79.194
487.581	158.006	47.004	79.744
490.893	155.392	42.193	87.931
494.625	158.740	46.634	80.985
503.828	156.585	44.852	83.978
513.871	163.363	48.816	87.690
518.527	155.832	45.260	89.838
519.466	168.920	48.612	81.832
524.108	166.010	44.747	85.057
526.399	169.270	47.858	82.142
529.452	169.309	43.592	79.301
532.994	166.536	46.277	84.184
532.218	168.470	41.909	82.919
533.086	171.694	41.180	80.012
512.721	172.601	46.820	83.223
491.214	173.548	44.263	85.527
470.745	169.241	66.336	87.848
434.557	173.104	53.995	89.564
415.108	176.445	51.788	87.007
401.280	175.666	50.863	95.112
380.473	178.068	48.719	90.147
366.549	177.611	49.884	90.173
348.905	175.870	47.391	88.527
324.532	178.602	46.948	91.732
304.366	179.359	51.529	93.560
291.269	180.880	48.903	91.773
273.223	180.958	50.979	88.470
254.378	182.792	50.665	95.196
231.520	183.301	52.112	95.983
222.626	187.322	49.804	84.897
225.250	189.614	45.145	82.361
227.053	190.476	44.486	77.580
230.557	191.960	39.976	82.014
229.888	192.637	39.518	76.136
230.618	193.417	42.136	75.672
233.753	193.400	40.413	74.897
235.156	194.867	39.216	69.917
237.650	195.477	40.306	69.113
237.672	195.041	42.209	71.726
240.718	194.696	45.586	74.728
246.115	195.466	43.132	74.945
247.941	196.210	45.536	77.827
247.564	195.436	49.358	78.310
252.207	196.150	47.889	75.977
253.881	196.833	47.623	73.925
258.529	196.721	46.987	70.891
264.020	197.243	43.682	68.294
270.841	196.192	36.753	74.909
275.914	199.593	34.827	71.237
278.357	201.287	36.207	68.336
277.480	202.741	39.237	68.869
280.503	203.672	38.965	70.128
280.916	203.581	39.635	75.382
282.019	204.252	41.479	76.086
285.847	204.591	40.702	84.913
287.141	206.069	41.292	82.851
290.951	206.834	39.783	82.357
294.987	208.124	39.704	85.607
298.508	208.775	42.203	91.537
302.340	207.925	44.827	92.326
307.391	209.282	42.910	91.023
310.621	212.033	45.578	83.326
317.981	212.947	42.053	89.278
321.581	214.870	42.515	88.111
327.924	215.471	40.949	85.192
330.704	215.350	42.513	87.847
335.026	216.108	46.143	85.608
339.289	216.588	51.001	87.983
348.418	215.616	58.180	95.469
353.156	217.597	64.765	96.305
333.751	217.299	75.579	98.216
316.308	217.561	81.586	98.000
290.243	218.270	84.696	100.420
285.796	218.005	71.141	98.030
290.274	218.880	80.814	99.619
317.861	218.931	68.051	98.897
322.641	220.310	74.275	99.865
325.864	219.679	77.525	102.772
339.555	221.200	92.163	98.579
351.511	218.410	96.346	105.580
362.239	220.850	96.676	105.055
372.086	223.367	99.169	102.997
378.079	223.012	101.208	103.689
386.879	224.235	100.390	102.797
393.633	224.462	102.903	104.049
397.148	223.665	101.691	105.689
404.489	224.409	102.206	104.516
411.414	225.667	101.640	103.401
423.316	226.791	104.590	102.717
430.714	227.628	108.082	101.187
437.314	228.417	106.829	100.963
441.702	229.361	103.489	100.222
449.725	230.317	103.080	100.189
457.198	230.106	107.626	100.959
460.206	231.405	110.638	99.853
468.552	232.266	108.716	100.011
477.305	232.894	105.598	100.045
480.901	234.045	106.104	99.293
