79.000	206.000	48.000	116.000
80.003	204.852	47.045	114.092
79.551	204.925	47.450	113.244
79.398	203.666	47.772	113.407
79.033	203.499	47.705	113.188
78.919	203.706	47.440	112.981
78.781	203.228	47.058	112.592
78.435	202.545	47.344	113.061
78.250	202.280	47.050	112.656
78.189	201.854	47.093	111.987
77.261	201.890	47.986	110.115
77.610	201.243	47.497	110.352
76.964	200.818	47.745	110.366
77.641	200.446	47.318	110.866
77.527	200.090	47.522	110.692
77.656	199.830	47.058	110.796
78.283	199.254	46.824	111.071
78.362	198.412	47.090	110.810
78.532	198.122	46.658	110.251
79.233	197.768	46.564	109.957
79.591	197.899	46.578	110.165
80.094	197.295	46.947	109.572
80.862	197.099	46.280	109.550
81.840	197.124	45.895	109.076
82.108	196.627	46.284	108.260
82.707	195.729	46.352	108.635
83.550	195.451	45.948	108.181
84.038	194.687	46.110	108.145
84.838	194.704	46.150	108.208
85.264	194.704	46.226	108.467
86.062	194.192	46.917	106.762
86.918	192.985	46.602	107.664
88.157	192.753	46.215	107.059
88.744	192.547	46.701	106.284
89.373	192.026	46.958	106.277
89.968	191.693	47.872	105.453
90.950	191.410	47.711	105.299
91.416	191.034	48.949	104.791
93.219	191.089	48.819	105.161
93.559	190.492	48.969	106.248
94.167	190.734	50.324	104.557
95.605	190.466	50.558	104.392
96.508	190.028	50.748	104.795
96.971	190.185	50.673	104.411
98.500	189.950	50.363	103.695
98.500	189.467	50.540	103.355
99.963	188.321	49.913	104.132
100.888	188.382	50.948	103.603
101.896	187.796	50.051	103.655
102.937	187.523	50.001	102.738
104.098	187.383	49.958	102.805
105.758	186.622	49.574	103.392
106.798	186.383	48.610	103.017
107.041	185.962	49.760	104.501
108.862	185.515	49.779	103.691
110.089	186.250	49.411	100.441
110.995	185.617	48.998	101.133
112.172	185.677	49.206	100.321
113.359	184.360	49.619	101.571
114.548	185.136	49.895	101.364
116.235	184.958	49.926	101.140
116.434	184.571	50.546	100.506
117.680	184.133	50.110	101.574
119.026	183.866	50.251	99.752
119.850	183.330	51.113	100.296
121.465	182.437	50.870	101.266
122.633	182.804	51.617	100.531
123.223	182.528	52.758	100.620
124.818	182.259	52.521	101.026
125.390	182.121	53.687	100.691
127.098	181.827	52.995	99.671
127.920	181.277	53.804	100.254
128.496	180.862	54.713	100.617
130.615	180.813	54.195	99.583
132.138	180.259	54.331	100.084
133.704	180.277	53.773	99.594
135.369	180.121	53.379	99.061
136.316	179.380	53.608	99.267
137.690	179.162	54.478	99.192
139.048	178.457	54.032	98.784
140.573	177.922	54.298	99.200
141.572	178.315	54.828	98.422
142.944	177.841	54.730	98.387
144.390	177.298	54.293	98.917
146.654	177.315	54.375	98.562
148.005	176.785	53.350	98.554
149.235	176.623	53.257	98.547
150.145	175.804	54.964	98.265
151.662	175.435	54.247	98.503
153.066	175.196	54.478	98.281
153.822	175.176	54.527	97.808
155.590	174.654	54.654	97.935
157.156	174.434	54.063	97.798
158.592	174.362	54.221	97.809
160.680	173.691	53.003	97.743
162.862	173.173	52.021	98.610
164.614	173.207	51.258	98.484
165.357	172.790	51.400	98.665
166.968	172.142	51.194	99.394
168.551	172.173	50.920	99.119
168.956	172.090	51.553	99.168
170.278	171.970	51.161	99.695
171.136	171.152	51.581	101.160
172.291	170.858	51.372	101.839
173.515	170.335	51.086	101.230
174.057	169.910	51.681	102.329
175.631	169.621	51.458	102.902
177.216	169.286	50.521	102.780
178.319	169.193	50.681	102.558
179.018	169.526	50.983	101.457
180.691	169.052	50.261	101.878
182.056	169.194	49.818	101.278
183.866	168.490	48.838	101.273
184.503	167.595	48.552	101.763
185.712	167.586	48.165	101.301
187.019	167.219	48.231	100.923
188.668	166.466	47.338	101.487
189.774	165.856	46.598	101.945
190.376	165.889	46.589	100.980
191.889	165.344	46.542	100.100
192.292	165.340	46.816	99.106
193.558	165.104	46.425	98.844
194.463	164.315	46.242	99.099
195.645	164.217	45.585	98.932
196.532	164.071	45.761	99.359
197.732	163.711	45.201	97.911
198.284	163.768	45.658	98.780
199.627	163.378	44.634	97.965
200.666	163.033	44.467	98.135
201.576	162.624	44.220	97.487
202.988	161.929	43.867	96.945
203.913	161.593	43.428	96.892
204.533	161.579	43.499	96.863
205.556	161.712	43.368	96.233
206.477	161.384	43.233	95.465
207.943	161.466	42.289	95.629
208.628	160.977	42.132	94.684
209.755	160.374	41.847	94.873
210.284	160.462	41.791	93.977
211.058	160.420	41.704	94.320
212.009	159.857	41.854	93.383
212.810	159.721	41.373	93.056
213.772	159.596	41.142	92.494
214.359	159.030	40.936	93.689
215.229	158.381	41.102	93.594
215.940	158.338	40.974	92.100
216.843	158.000	40.744	92.305
217.366	158.000	40.912	92.305
218.238	157.576	40.835	92.317
218.979	157.364	40.891	92.184
220.262	157.166	39.456	92.180
221.051	156.883	39.705	91.528
221.514	156.981	39.251	90.300
222.005	157.008	39.569	90.085
222.444	157.050	39.327	89.800
223.099	156.642	38.946	89.083
223.535	156.158	39.412	89.868
224.478	155.931	38.813	88.794
225.423	154.930	38.573	89.294
226.096	155.442	37.641	89.216
227.126	155.223	37.802	88.032
227.135	155.534	39.169	88.143
228.232	155.321	37.744	86.516
228.535	155.162	38.688	86.772
228.933	154.934	38.888	86.634
229.771	154.894	38.421	86.087
230.044	154.401	39.082	85.949
231.038	154.162	39.056	85.441
231.572	153.834	39.184	86.612
232.399	153.381	39.298	85.229
233.320	152.951	39.291	85.716
233.976	153.123	38.830	84.669
234.621	153.371	38.733	83.420
235.101	152.338	38.182	85.313
235.807	153.041	38.166	83.736
236.892	152.377	37.579	83.693
237.755	152.304	37.371	82.514
237.988	152.631	37.126	81.558
238.873	151.758	36.999	81.279
239.102	151.965	36.767	80.564
239.073	151.337	37.498	80.153
240.041	150.749	36.806	79.687
240.711	149.575	36.203	81.597
241.041	149.637	36.746	82.224
242.132	149.463	35.784	82.968
241.948	148.661	36.998	83.913
242.160	148.861	37.293	83.794
242.645	148.183	37.249	83.466
243.201	147.688	37.299	84.122
243.943	147.091	36.901	84.827
243.967	146.818	37.597	83.978
244.698	146.129	37.053	84.181
245.271	145.378	36.669	85.953
245.780	145.624	37.176	85.321
245.938	145.546	37.459	85.399
246.647	145.185	37.168	83.854
246.864	145.189	37.728	83.136
247.483	145.189	37.274	83.478
248.002	144.765	36.755	83.475
248.518	144.555	36.798	83.841
248.826	143.938	37.139	83.632
249.518	144.166	36.753	81.704
250.006	144.263	36.589	81.623
250.372	144.300	37.012	80.724
251.139	145.153	36.784	80.453
251.831	143.960	36.196	81.532
252.100	143.898	36.102	80.512
252.392	143.388	35.469	81.174
252.808	143.049	35.356	80.555
252.647	142.213	36.020	82.127
253.198	142.300	35.300	82.898
253.711	142.472	35.181	80.549
254.375	141.629	34.551	80.698
254.207	141.749	35.240	81.859
254.154	141.297	34.981	80.928
253.367	141.475	35.863	79.118
253.536	140.741	34.987	80.510
253.555	139.898	34.498	82.482
253.075	139.599	35.578	82.756
252.982	139.510	35.999	84.096
253.469	139.730	34.526	84.347
252.563	139.474	35.860	84.635
252.478	139.806	35.319	84.218
252.570	138.856	34.998	84.302
252.027	138.415	35.532	83.819
251.748	137.518	35.898	85.629
251.906	137.348	35.299	85.951
252.110	137.524	35.007	84.865
252.085	137.904	35.048	84.404
251.991	137.765	35.142	84.767
251.667	137.817	35.510	84.376
251.725	137.730	35.146	83.394
251.835	137.297	35.456	83.301
251.797	135.849	35.066	85.649
251.420	136.131	35.161	85.431
251.014	136.547	36.002	85.021
251.157	136.466	35.300	84.116
250.968	136.809	35.417	83.364
251.044	135.839	34.898	83.861
250.912	135.262	35.512	84.441
250.744	135.176	35.565	83.986
250.550	135.137	35.408	84.140
250.991	134.245	34.923	84.123
251.629	134.349	34.619	84.973
251.066	134.637	34.930	84.303
251.734	134.910	34.930	84.200
252.181	134.503	34.421	84.339
252.359	133.993	34.237	84.334
252.891	133.607	33.964	84.291
252.840	133.864	34.876	83.644
253.322	133.262	35.323	83.100
253.711	133.552	34.228	81.978
253.820	133.884	34.596	81.803
253.801	133.716	34.831	81.784
254.077	132.635	34.871	82.930
253.927	133.188	34.997	80.645
253.726	132.369	35.809	81.537
253.946	132.012	35.195	82.003
253.812	132.124	34.768	82.803
254.079	131.846	34.373	82.171
254.039	132.064	34.185	81.684
254.058	131.765	34.487	80.824
253.941	131.121	34.687	81.891
253.473	130.824	35.217	81.056
254.450	130.538	34.182	81.328
253.902	130.648	35.371	81.612
254.077	130.435	35.131	81.729
254.190	130.124	35.018	82.601
254.683	130.423	34.721	82.203
254.931	129.838	34.549	82.251
254.924	129.787	34.681	83.106
255.210	129.016	35.371	83.347
255.896	129.024	35.015	82.282
256.173	128.334	34.493	83.106
256.485	128.823	34.569	81.726
256.838	127.899	34.363	83.291
258.049	127.278	36.453	82.230
295.512	125.596	39.689	83.328
310.398	126.353	41.262	86.999
331.720	124.383	47.706	84.430
357.071	120.401	40.741	90.100
378.830	122.962	45.147	88.006
403.674	122.196	43.389	86.466
424.523	121.695	43.290	87.615
451.353	123.049	42.535	84.945
472.421	121.140	41.982	86.739
497.380	121.802	42.453	83.993
512.796	123.115	34.623	81.086
508.651	120.858	33.628	84.632
510.234	118.216	32.840	83.566
510.381	122.086	32.970	80.699
512.557	119.804	32.895	82.539
510.925	118.771	33.232	81.424
513.665	120.549	32.452	81.826
513.231	120.836	32.668	81.950
513.661	118.848	32.302	81.489
514.295	119.919	32.675	80.142
515.823	120.232	30.827	79.736
514.778	118.326	31.462	81.065
515.672	118.533	31.394	80.740
515.830	120.653	32.389	78.235
516.302	118.704	31.365	78.742
516.701	119.040	31.458	79.671
516.486	119.111	32.191	78.033
516.862	118.435	31.769	78.472
516.249	116.141	31.650	80.235
517.140	118.605	30.982	78.460
516.993	116.997	31.114	78.409
516.558	117.505	30.951	77.752
517.177	117.085	31.118	78.996
516.302	117.040	30.768	76.536
516.135	115.097	31.157	77.804
516.508	116.127	31.013	77.013
515.723	113.720	31.981	78.039
516.431	114.640	31.239	77.375
516.337	115.801	30.416	77.091
515.859	113.375	30.795	78.042
515.890	114.246	30.383	76.975
516.617	114.305	30.195	76.412
515.999	114.608	30.415	74.742
516.175	113.131	29.383	75.251
516.122	113.320	29.146	75.486
515.857	112.294	29.037	74.944
515.770	112.897	29.114	73.586
515.715	113.821	29.533	73.615
516.627	113.482	28.393	72.841
516.567	112.745	27.786	74.025
516.559	113.157	28.325	73.244
516.612	112.926	28.086	72.549
515.627	111.425	29.239	73.916
515.246	112.179	30.078	70.902
515.176	111.508	29.902	72.512
515.074	110.766	30.099	72.740
514.879	111.278	30.179	72.861
514.713	111.353	30.584	72.066
514.076	110.164	30.891	72.199
513.560	110.081	31.273	73.494
513.069	109.642	31.315	72.440
512.780	109.266	31.010	71.865
512.798	109.343	30.320	71.913
512.496	109.394	30.643	72.013
511.958	109.918	31.176	71.440
512.035	110.081	30.728	70.281
511.152	109.907	31.254	69.730
510.567	109.163	31.089	70.308
510.612	108.877	30.743	69.652
510.385	108.645	30.204	69.990
509.997	108.163	30.731	69.146
509.875	107.646	30.582	70.724
509.874	107.875	30.182	69.809
508.730	107.711	31.096	67.486
508.704	107.024	31.453	68.581
508.654	107.513	31.092	67.546
507.921	106.295	31.017	68.228
508.172	106.777	30.120	68.341
508.070	106.495	30.328	68.346
508.326	106.119	29.781	68.068
508.052	107.061	30.438	68.082
508.476	105.975	30.330	69.327
509.274	106.464	29.612	68.630
509.250	104.559	29.881	70.326
509.097	104.839	30.620	69.384
509.222	105.122	29.941	69.368
509.891	104.387	29.603	69.921
509.928	104.451	29.716	70.852
510.182	103.645	30.585	71.943
510.149	103.918	30.483	72.136
510.451	103.453	30.099	71.869
510.072	103.462	31.082	72.039
510.267	103.175	30.460	71.096
510.186	102.321	31.020	72.551
510.432	103.030	30.530	71.282
510.523	102.091	30.074	71.241
510.186	102.427	31.126	70.679
510.343	102.038	30.912	70.703
509.565	101.942	31.212	70.152
509.920	101.163	31.028	70.689
509.689	101.136	30.975	70.994
510.541	101.439	30.120	70.904
510.113	100.672	30.512	70.775
510.270	101.451	30.772	69.568
510.634	100.905	30.078	70.013
510.271	100.614	30.652	69.632
510.186	100.421	30.526	69.663
509.897	100.824	30.655	68.729
510.001	99.970	30.364	69.629
509.800	100.350	30.386	68.967
509.474	100.589	30.097	69.298
509.709	99.351	30.257	70.405
509.648	99.740	30.204	69.797
508.730	99.324	31.506	69.689
508.843	98.907	30.513	70.305
508.799	97.738	30.573	71.306
509.099	98.169	30.459	71.207
508.689	97.877	30.908	72.146
508.305	97.586	31.319	73.502
507.913	98.786	31.696	72.021
507.961	97.762	31.880	72.953
507.524	97.148	32.282	72.959
507.066	97.145	32.178	73.517
506.888	96.525	31.828	73.355
506.922	95.574	31.579	73.658
506.080	95.810	32.092	75.416
505.877	95.909	32.753	73.855
505.544	95.935	32.953	73.618
505.292	95.733	32.780	75.380
504.930	96.317	32.544	72.429
503.868	95.267	33.930	73.348
504.006	94.924	32.672	73.997
503.203	95.499	33.446	72.398
502.625	94.423	33.329	73.286
502.610	95.136	32.762	72.761
501.725	95.577	33.348	72.427
501.424	94.797	33.152	72.280
501.752	95.269	32.129	71.810
500.875	95.195	32.356	70.268
500.442	94.526	32.253	70.646
499.942	94.376	32.484	71.906
499.527	94.852	32.315	69.687
499.338	94.299	31.900	71.482
499.520	94.212	31.481	72.319
498.907	94.538	32.135	70.924
499.185	94.408	31.471	72.350
498.128	94.075	32.836	72.311
498.283	93.917	33.014	72.389
497.559	93.911	32.859	71.215
497.690	94.376	32.196	70.986
498.712	94.278	31.371	71.755
498.122	94.015	31.994	72.018
498.293	94.654	31.711	71.880
497.690	94.736	32.311	71.848
498.347	93.151	30.842	72.456
497.999	93.109	30.764	72.599
497.800	93.900	31.240	71.143
497.650	91.996	30.884	73.412
497.114	92.622	31.784	72.261
497.845	92.499	31.266	71.922
497.884	92.307	31.028	72.650
498.266	92.637	30.317	72.170
497.727	92.591	30.774	71.865
497.375	92.559	31.012	71.238
497.778	91.939	30.385	71.548
497.304	91.775	30.497	72.452
497.300	92.015	30.186	71.332
497.709	92.356	30.087	71.784
497.912	92.657	29.702	72.553
496.878	92.624	30.987	71.493
497.149	92.296	30.917	72.038
497.840	92.823	29.627	71.162
496.380	91.022	31.172	72.078
