305.000	117.000	37.000	90.000
304.436	117.101	37.360	90.253
303.771	116.599	37.349	91.748
302.835	117.143	37.697	90.169
301.966	116.682	36.312	91.413
301.052	117.013	35.965	90.430
300.793	117.333	36.158	91.493
299.698	117.896	36.921	89.931
299.332	118.264	36.829	89.287
298.196	117.848	36.996	89.697
297.540	117.206	36.576	89.336
296.970	117.454	36.891	89.112
296.357	117.414	36.531	88.094
295.758	117.204	36.345	88.788
295.059	117.206	35.996	88.544
293.532	116.732	35.786	90.815
292.184	116.941	35.619	90.052
290.484	116.556	36.614	91.222
289.494	117.248	36.582	89.391
288.262	117.495	36.622	90.195
286.505	117.492	36.990	89.292
284.300	117.697	38.381	88.777
283.832	118.207	37.482	88.529
283.424	117.712	36.166	89.480
282.936	117.196	37.232	90.307
282.168	116.930	36.873	90.082
282.614	116.650	35.635	89.688
281.704	116.237	31.608	91.014
281.754	115.174	28.677	93.088
281.530	115.238	27.318	92.401
280.842	117.394	27.085	90.309
280.790	114.417	26.628	93.443
280.589	117.454	26.174	90.167
279.722	115.862	25.831	90.980
279.918	117.696	25.730	88.294
279.717	117.817	25.143	90.159
278.052	118.861	26.026	87.669
280.449	119.449	22.490	88.129
279.782	118.089	22.606	87.561
276.135	120.601	26.014	85.326
272.662	122.130	28.677	82.406
272.732	122.996	29.728	77.297
270.047	121.713	30.742	79.644
269.558	117.066	31.576	82.669
272.998	114.925	29.545	83.148
262.193	118.732	37.664	79.787
274.955	114.730	27.651	82.413
265.400	118.995	34.432	75.576
271.812	116.679	30.805	79.442
269.614	115.462	34.036	83.342
271.594	118.973	34.410	80.098
264.252	121.249	36.029	81.447
272.805	115.970	33.292	79.661
265.121	119.617	35.821	79.636
269.540	115.975	35.116	79.783
269.819	115.269	32.937	84.030
270.028	115.141	32.938	81.551
270.837	115.181	32.385	81.642
272.577	114.288	31.091	85.318
263.652	119.137	34.952	81.616
271.579	116.501	32.184	81.184
269.122	117.630	32.330	80.424
267.890	116.040	34.307	80.816
266.823	114.749	34.741	82.518
269.275	114.636	34.192	81.792
269.805	110.450	30.781	84.987
274.421	112.369	28.166	80.565
275.592	115.896	27.912	76.431
278.182	116.356	25.044	77.699
277.872	116.266	25.665	81.422
279.447	115.987	26.312	84.039
279.592	117.232	22.757	83.747
280.125	118.063	24.515	84.379
279.904	118.827	24.488	87.919
281.093	117.728	25.569	89.881
280.247	118.851	28.187	90.042
280.359	119.453	32.089	87.358
280.897	119.379	33.131	86.889
281.154	119.493	34.199	87.257
281.744	119.550	34.856	87.326
282.183	119.848	35.304	87.831
282.653	119.318	34.952	88.098
282.915	118.678	35.087	89.943
283.529	117.987	35.342	90.220
284.462	117.673	35.190	90.182
286.101	117.263	34.712	88.663
288.731	117.200	33.220	90.800
288.985	116.536	33.236	91.798
289.650	115.916	33.588	91.229
292.194	115.946	32.223	88.959
294.011	116.511	32.021	89.966
295.489	116.884	32.782	90.331
295.552	117.237	33.490	90.380
297.074	118.159	33.110	89.301
297.620	117.676	33.543	89.465
299.112	118.079	33.106	89.417
300.594	118.521	33.207	88.894
300.571	118.681	34.342	87.918
301.912	118.321	34.045	88.790
303.143	118.399	33.514	89.160
304.423	118.761	33.894	89.735
304.369	118.393	34.155	89.424
305.716	118.839	33.290	89.125
306.148	118.637	34.579	88.370
306.801	118.719	35.688	88.418
307.958	118.842	36.076	88.108
308.638	118.641	38.419	88.733
308.777	120.353	41.615	86.863
310.407	119.544	39.651	87.963
311.159	119.442	38.674	87.572
312.807	119.261	37.591	87.970
313.947	118.604	37.246	89.194
315.274	119.421	36.313	88.669
315.867	118.591	36.418	89.078
316.838	118.728	35.744	89.530
317.352	117.415	35.864	89.569
318.947	116.918	34.820	90.092
319.159	117.162	35.079	89.203
320.165	117.035	35.040	89.953
319.529	116.795	36.341	89.722
319.890	117.576	36.518	89.082
319.669	117.114	37.165	88.900
320.980	117.050	35.289	88.717
322.882	116.229	33.886	89.812
324.541	116.970	32.821	89.354
326.277	116.723	31.929	91.008
327.271	115.719	31.224	91.809
327.608	116.314	30.679	90.962
328.084	116.442	29.864	91.968
327.815	116.428	30.616	92.134
329.184	116.378	30.334	92.341
329.594	115.884	30.120	93.152
329.566	115.802	29.587	92.380
329.702	116.036	29.767	92.215
329.877	116.673	29.833	91.542
330.056	116.197	30.784	91.923
330.300	115.861	30.212	92.581
330.413	115.902	30.220	92.317
330.621	115.369	30.052	93.554
330.837	115.525	29.481	93.330
331.906	114.748	28.727	93.567
332.126	114.648	28.829	94.130
332.837	115.949	28.197	92.344
333.594	115.767	28.389	92.608
334.303	115.400	28.483	92.690
335.292	115.726	29.397	91.992
335.685	116.645	30.782	90.138
335.980	117.171	30.605	88.896
336.972	117.275	30.684	89.654
337.753	117.339	32.042	89.874
338.121	118.044	31.368	91.091
339.058	117.615	32.676	89.774
339.378	117.597	34.063	91.344
341.088	118.114	38.364	89.562
342.041	118.851	42.416	90.557
343.130	117.472	42.814	92.528
344.951	117.318	41.063	92.404
346.593	116.701	40.111	92.550
347.293	116.799	39.998	92.922
348.272	117.168	40.170	91.851
350.152	117.178	39.119	91.402
352.427	117.082	37.850	91.334
354.337	116.810	36.271	91.505
355.278	116.806	36.223	91.698
356.502	117.054	36.236	91.198
359.577	117.588	34.161	91.971
360.257	116.875	35.460	92.787
362.844	117.376	33.762	92.127
363.883	116.625	33.542	93.836
365.546	117.698	32.385	92.856
366.719	117.395	33.405	92.900
368.107	117.273	33.117	93.200
368.692	117.106	34.033	93.208
369.563	116.860	34.531	91.937
371.395	117.269	34.429	91.791
373.005	116.814	34.633	91.586
374.540	117.598	33.730	91.812
375.971	116.667	38.254	93.859
376.897	117.179	41.226	92.737
377.506	117.707	43.576	91.669
378.904	117.192	43.404	92.237
381.196	118.251	41.902	91.494
381.713	118.253	42.082	91.233
382.579	117.831	41.139	91.468
382.974	117.631	41.519	91.277
384.313	116.742	40.436	92.104
384.597	117.301	40.998	91.330
388.387	116.418	38.661	92.728
389.791	116.476	37.828	92.258
392.701	116.131	35.914	93.579
394.800	115.969	34.761	92.816
394.438	116.557	34.890	92.391
396.840	116.948	33.163	92.670
398.732	116.312	32.023	95.242
399.489	116.311	33.017	94.919
400.446	116.554	33.877	94.394
402.308	116.532	32.146	94.777
403.121	116.881	32.243	93.825
404.327	116.917	31.389	93.966
405.395	116.306	31.704	93.862
406.024	117.524	32.427	93.338
407.613	116.561	32.857	92.550
408.859	117.098	33.129	91.943
409.801	115.517	33.258	94.033
411.276	116.447	33.383	93.597
412.256	116.746	34.021	93.499
413.241	115.963	37.123	94.953
414.043	116.373	39.900	92.910
414.667	116.166	39.620	93.103
416.142	116.589	39.091	92.584
417.069	116.726	38.765	92.865
418.611	117.893	37.438	91.484
419.527	117.573	37.313	91.817
420.050	117.656	38.093	91.639
421.197	116.372	37.697	92.432
421.413	114.946	38.347	92.951
422.639	115.010	39.016	93.290
424.152	114.479	38.763	93.415
427.819	114.841	36.049	93.820
430.835	114.414	34.252	94.458
432.042	114.016	33.783	95.239
433.172	114.356	34.910	94.443
434.780	114.246	36.119	95.138
435.070	115.687	37.843	92.394
436.942	115.157	36.867	93.110
438.440	116.997	36.793	90.718
440.119	117.217	36.185	90.277
441.676	117.492	35.382	90.871
443.321	117.063	35.210	90.688
442.558	116.745	36.347	90.574
444.128	116.773	36.806	89.050
445.514	116.319	37.113	89.085
446.789	116.373	36.410	90.090
447.929	117.022	36.460	89.191
449.785	116.319	35.697	89.846
452.437	114.500	34.233	90.784
453.905	115.878	34.894	88.434
454.876	116.104	34.728	88.941
456.837	115.601	34.342	89.884
459.288	116.031	34.290	87.735
460.912	115.768	34.193	86.855
463.685	115.557	32.661	86.123
465.344	115.063	32.788	84.411
466.587	114.900	33.550	84.183
467.772	114.365	33.632	84.949
468.493	114.326	34.465	83.084
469.499	113.452	35.118	84.426
470.164	113.098	35.148	85.936
471.006	114.265	35.341	85.065
471.558	114.653	35.575	83.669
473.055	114.750	34.983	83.269
473.787	114.759	35.352	83.104
474.629	115.328	35.061	81.969
476.768	114.862	34.451	81.957
477.467	114.691	33.734	81.447
479.101	114.859	34.107	81.835
479.113	115.139	34.913	81.055
479.899	114.716	35.213	82.443
480.718	114.177	34.423	83.502
481.699	114.691	33.886	83.102
482.700	113.726	34.125	85.935
483.937	113.760	34.035	84.990
485.151	113.198	34.251	85.446
485.786	114.575	34.567	85.162
487.835	114.501	34.553	84.940
488.425	113.302	36.641	86.108
489.578	112.757	36.615	87.520
489.661	112.679	38.528	87.533
476.142	113.610	48.208	88.198
442.871	116.586	47.977	90.166
425.644	115.637	45.627	90.624
385.863	118.922	47.446	83.619
347.091	114.935	49.659	91.066
323.011	118.101	46.582	91.180
305.259	119.233	47.102	87.873
265.253	119.164	45.430	87.600
246.956	120.339	45.897	84.958
249.952	118.436	42.033	86.915
248.954	119.002	42.189	89.961
248.852	119.797	39.484	86.441
247.202	119.939	40.001	87.475
247.026	119.966	38.365	86.426
246.529	120.083	37.708	85.578
244.823	118.679	35.650	86.300
242.945	119.843	36.952	87.217
241.532	119.718	37.134	85.777
239.653	119.113	37.476	89.132
238.262	118.410	35.788	88.412
237.293	120.152	36.329	85.872
236.224	120.494	37.713	84.460
235.117	121.190	37.974	81.933
234.353	120.458	37.932	84.603
233.281	121.669	37.159	84.160
231.933	121.466	35.913	83.963
231.715	121.752	36.135	83.041
230.499	122.885	35.240	80.113
230.086	122.324	34.099	81.258
228.638	122.417	35.757	80.648
229.944	120.320	39.123	82.289
277.818	121.869	39.834	81.539
295.187	119.907	37.127	82.156
293.455	119.711	36.517	84.014
293.380	120.090	34.858	81.615
292.086	120.083	34.725	81.927
290.952	119.617	34.510	82.409
289.372	120.349	34.642	79.035
288.992	120.473	33.634	80.902
287.270	119.356	33.122	82.477
293.726	118.365	40.255	83.566
321.005	118.542	42.114	85.256
352.813	116.835	35.122	89.332
353.818	116.732	36.028	87.434
353.119	116.487	35.004	89.120
351.496	116.748	35.230	88.211
350.119	116.497	34.723	90.937
347.596	116.711	37.336	90.452
343.816	116.624	39.946	91.339
338.997	117.354	42.287	90.412
339.131	118.382	43.519	90.748
337.719	117.993	40.731	90.962
336.731	118.352	41.531	91.342
336.175	119.504	41.120	89.888
334.560	118.447	40.776	90.991
334.086	117.545	38.890	92.128
332.063	117.280	38.646	92.347
331.725	118.074	38.982	91.080
329.067	117.190	36.860	91.731
327.550	116.815	33.751	92.224
326.269	117.223	34.575	93.386
325.472	117.433	34.090	91.737
323.953	118.124	34.133	90.028
323.215	118.778	34.018	89.552
321.683	118.393	34.816	90.006
320.779	119.164	34.977	90.351
319.244	120.129	35.120	89.597
318.101	119.679	34.234	89.990
316.475	119.220	33.301	89.759
315.609	119.035	31.775	90.394
313.831	118.442	31.089	91.819
312.310	119.071	29.714	91.173
310.634	118.605	30.594	91.328
309.187	118.673	31.563	91.542
292.670	118.582	45.689	92.614
296.128	120.985	40.684	89.932
294.014	119.489	40.064	91.041
292.430	118.094	39.301	91.615
290.481	118.358	37.114	91.376
288.374	117.585	33.284	93.110
285.696	117.495	32.157	93.946
282.441	117.792	34.233	92.934
280.247	118.485	33.818	92.680
278.913	118.690	32.188	93.556
275.419	118.732	33.196	92.195
272.679	118.386	32.783	91.412
270.521	117.472	31.928	92.678
267.483	117.791	31.920	92.855
262.098	118.009	35.619	92.250
258.064	119.310	38.522	91.049
256.539	119.997	37.519	89.837
255.650	118.906	37.950	92.488
252.128	117.775	37.368	92.145
248.667	117.727	36.462	91.838
246.814	118.100	32.138	92.399
243.641	117.248	33.481	95.202
241.652	117.701	31.767	94.381
238.462	118.022	30.756	92.660
235.901	118.018	31.346	91.882
233.827	117.401	30.916	90.616
230.381	117.118	32.298	91.817
224.449	116.152	36.824	94.202
220.321	119.311	39.828	89.251
218.586	121.281	39.746	87.755
215.730	118.596	39.500	90.899
211.869	118.831	39.824	89.843
208.560	118.298	36.675	89.949
207.034	119.367	36.594	89.018
205.081	119.626	36.274	88.933
202.973	120.608	37.082	87.940
200.407	119.028	37.238	88.729
198.132	119.776	36.062	86.693
195.442	119.119	35.435	90.062
190.655	119.513	36.307	89.204
188.519	119.768	36.036	88.384
185.705	120.231	38.191	89.713
184.866	120.405	34.374	86.903
183.788	119.647	28.538	87.832
183.478	114.342	25.969	94.882
180.889	119.614	26.651	88.578
180.655	122.733	25.738	85.534
167.584	116.995	33.588	89.346
166.959	117.119	35.298	87.828
167.343	118.000	33.452	82.565
165.352	118.945	33.854	77.650
169.556	117.517	32.663	81.741
164.341	119.477	35.569	83.303
145.923	122.541	40.420	83.295
158.656	120.718	37.398	85.054
151.225	119.399	38.306	87.281
148.146	112.332	39.522	90.998
142.504	115.165	41.900	88.875
145.114	120.081	40.600	83.714
146.192	125.865	39.857	79.455
146.385	125.222	34.681	81.911
140.308	122.425	33.145	81.833
139.989	122.722	36.967	80.416
140.617	131.580	29.973	76.815
139.391	127.148	28.475	79.996
139.064	121.843	29.051	85.532
131.833	121.448	30.263	85.249
133.899	121.990	27.460	87.855
138.498	127.740	29.348	79.076
148.086	119.988	35.943	85.160
146.875	122.987	39.257	80.420
150.897	119.969	39.098	81.741
144.118	120.028	39.214	84.993
147.518	122.490	40.552	82.823
145.840	121.610	37.786	83.748
153.560	110.613	45.285	89.340
173.043	115.921	31.509	88.882
184.818	119.962	24.594	88.125
185.006	117.862	23.619	90.200
185.209	119.732	24.767	88.834
185.996	119.544	26.376	88.107
186.079	119.151	29.700	89.197
186.380	119.612	34.244	89.061
186.333	119.879	43.995	87.358
187.866	120.695	44.597	86.718
191.087	120.335	41.692	86.807
193.876	119.544	40.018	86.860
199.297	119.745	38.677	87.019
205.572	118.726	34.850	87.990
207.964	118.994	33.732	87.133
210.605	119.001	32.757	88.158
213.344	119.518	31.912	88.204
214.878	119.697	32.080	88.951
217.344	117.873	31.867	89.338
219.940	117.372	31.316	89.481
220.673	117.036	33.143	90.591
223.345	117.838	32.062	90.276
225.968	118.160	37.169	89.469
228.729	120.453	38.388	86.454
229.305	118.881	39.623	88.928
233.061	117.531	37.953	90.309
240.227	116.784	33.470	89.881
245.231	117.478	30.191	89.920
247.519	117.747	31.101	91.863
248.864	117.172	30.883	93.734
250.595	117.603	30.717	92.417
252.703	118.637	31.401	90.764
253.824	116.498	33.695	92.779
254.218	116.440	35.981	94.164
256.093	117.257	38.562	91.113
257.829	119.456	44.249	89.931
259.784	120.539	43.459	88.561
261.356	120.220	42.223	88.792
264.725	118.052	40.832	91.627
270.039	118.136	37.750	90.484
275.004	117.351	34.721	92.905
277.759	118.018	33.978	92.701
281.041	118.320	32.877	92.757
283.845	118.909	33.492	92.295
286.336	118.520	32.361	91.459
288.006	118.741	34.251	92.386
290.317	120.617	37.446	88.162
292.375	119.848	42.066	90.593
294.596	120.134	42.567	90.712
296.964	120.378	40.365	89.909
298.014	119.322	40.290	90.473
299.959	118.322	39.100	90.993
305.678	118.166	35.762	91.752
309.956	116.944	33.212	92.628
312.653	117.496	31.502	93.592
314.854	117.874	31.880	93.085
317.855	118.123	31.615	93.285
320.201	117.499	32.645	93.652
321.680	118.161	33.897	91.570
324.178	118.999	33.025	91.423
326.171	118.891	33.723	92.477
327.640	119.351	40.150	92.442
328.575	118.357	40.057	92.024
329.194	119.137	40.771	90.568
331.719	118.432	39.745	91.694
334.073	116.945	38.617	93.025
336.296	117.275	40.228	92.251
339.840	117.546	38.374	92.053
344.489	117.595	35.059	91.665
345.943	117.629	36.117	91.892
347.303	118.123	35.631	91.945
348.203	116.649	35.583	92.086
349.119	116.308	36.906	92.641
349.574	117.133	38.049	89.474
350.385	117.362	38.121	89.671
350.919	116.889	38.345	91.647
350.953	116.705	38.469	92.119
353.886	117.116	36.695	90.138
356.333	116.835	37.096	90.285
357.932	116.773	38.231	89.809
358.543	116.376	40.245	90.066
359.461	116.860	41.201	90.294
359.796	116.525	40.560	90.369
358.988	117.023	41.071	91.121
359.444	116.883	38.696	90.591
358.511	116.890	36.288	90.706
357.177	117.357	35.366	90.034
353.267	117.435	38.266	90.862
350.810	116.727	38.185	89.403
347.281	117.240	40.741	89.637
345.181	116.864	38.901	91.895
340.546	117.074	40.949	92.481
340.232	118.031	37.815	91.982
335.969	118.988	39.102	90.182
335.475	118.601	36.449	91.246
330.125	118.274	34.820	90.486
327.154	118.124	32.907	92.168
325.448	118.231	34.041	91.986
323.504	119.186	34.665	89.280
320.837	118.888	34.401	90.605
318.063	118.305	33.209	91.022
314.392	117.695	32.644	92.619
308.248	117.934	36.176	92.203
303.814	119.190	39.162	89.980
300.562	120.076	40.403	89.458
297.487	118.410	41.472	91.881
294.768	118.969	39.597	88.921
293.291	117.705	34.222	91.806
291.936	119.049	33.398	90.950
290.840	118.055	31.587	91.869
289.653	118.695	31.706	91.451
288.664	119.037	31.728	91.054
286.179	118.693	33.013	92.012
284.774	120.069	33.603	90.891
281.917	118.874	34.761	91.733
278.108	119.817	35.004	88.602
275.419	119.098	32.936	89.867
272.834	117.967	32.148	91.222
266.933	119.283	37.140	90.209
263.531	120.685	38.530	88.419
261.991	120.590	38.921	88.475
259.005	118.989	40.477	91.709
253.921	118.279	40.893	89.784
252.250	117.740	34.472	91.822
250.141	118.630	32.628	91.018
250.002	117.241	31.231	93.193
247.975	117.344	31.890	93.177
247.150	117.705	32.169	93.233
245.750	119.021	33.149	91.667
243.669	118.040	34.207	91.910
241.696	119.556	32.607	86.677
239.106	118.275	32.112	87.456
236.191	118.771	31.770	89.886
230.344	118.563	36.287	91.764
225.843	119.403	41.236	87.714
224.896	118.995	39.590	89.196
225.135	119.382	36.718	89.072
224.936	119.778	35.313	88.574
223.704	120.718	36.214	87.748
221.091	120.560	37.277	87.984
219.220	119.807	37.329	88.930
218.181	119.373	36.451	88.767
215.905	119.162	32.990	88.448
214.168	118.683	32.888	88.837
213.277	118.643	32.228	89.181
210.878	118.368	33.423	90.159
209.503	118.636	34.251	90.042
208.475	118.710	33.726	90.309
206.027	117.520	35.272	90.279
204.209	117.523	36.022	90.260
203.754	118.048	35.217	88.400
201.303	116.905	37.880	88.770
201.247	116.859	35.427	89.600
200.326	116.841	35.338	91.055
197.652	116.925	35.542	91.452
194.256	117.451	37.632	91.324
192.462	117.518	38.087	90.549
191.235	117.893	36.224	90.027
188.949	118.251	37.642	89.101
188.034	118.033	37.648	90.297
