484.000	167.000	15.000	53.000
483.621	165.813	15.224	55.130
483.729	167.003	16.245	53.724
483.306	166.673	15.773	54.435
483.160	167.409	15.812	53.811
483.097	167.273	15.699	54.720
482.490	168.285	15.922	54.257
482.107	168.335	15.887	54.450
481.606	168.529	15.869	53.135
481.367	168.169	16.260	54.314
481.219	167.833	16.421	53.939
480.694	168.096	16.658	54.592
480.408	168.002	16.722	54.364
480.215	167.542	17.393	55.272
480.133	168.276	17.086	55.032
480.099	168.212	16.920	55.748
479.790	169.082	17.080	55.074
479.976	169.285	17.597	55.541
480.001	169.392	16.839	55.282
480.102	169.089	17.226	55.698
480.125	168.974	17.303	55.511
480.400	168.568	17.008	55.759
480.302	168.568	16.943	56.144
480.001	168.555	17.755	57.244
479.916	169.087	17.983	56.838
479.848	169.430	17.954	58.210
479.952	169.929	18.139	56.954
479.041	171.326	19.803	54.687
479.159	170.718	19.402	56.233
479.043	171.108	19.706	55.541
479.139	170.862	19.325	55.649
478.971	170.586	19.319	56.575
479.025	170.689	19.154	56.400
479.007	170.710	19.300	57.653
478.976	170.876	18.915	56.996
478.814	171.442	19.138	57.198
478.599	171.841	18.855	56.018
478.891	172.299	19.264	57.057
478.580	172.689	19.046	55.770
479.006	172.756	18.940	55.869
478.487	172.870	19.364	55.805
478.488	172.292	19.152	56.496
478.221	172.595	18.723	56.432
477.745	172.684	19.154	56.882
477.578	172.462	18.961	56.783
477.144	172.689	19.497	56.613
476.512	172.866	19.071	56.690
475.958	173.526	20.121	56.342
475.837	173.910	19.477	56.433
475.070	173.436	19.363	57.022
474.392	173.028	19.234	57.431
473.936	172.825	19.299	57.657
473.372	173.699	18.864	56.526
473.359	173.586	19.055	56.828
473.173	173.790	18.992	56.473
472.622	174.681	19.557	55.791
472.322	174.924	19.430	55.576
471.819	174.837	19.711	55.883
471.832	175.638	19.995	55.289
471.849	175.124	19.171	56.223
471.613	175.048	18.992	56.261
471.293	175.311	19.551	56.006
471.373	175.501	18.891	55.656
470.951	175.649	19.025	55.367
470.874	175.325	18.292	55.691
470.328	175.893	18.692	56.710
469.766	176.034	18.595	56.017
469.763	176.584	18.529	55.593
469.497	176.574	19.522	56.061
469.016	177.500	19.201	55.527
468.015	177.718	19.182	56.132
467.766	177.742	19.085	56.022
467.011	177.742	19.962	55.651
466.619	178.033	20.227	56.096
466.018	177.483	19.907	56.475
465.534	177.439	20.836	56.533
465.174	177.421	20.389	56.768
464.785	178.179	20.774	56.812
464.638	178.228	20.462	56.477
464.578	178.821	21.036	56.023
464.641	178.871	20.361	55.674
465.128	178.614	19.622	55.865
464.776	178.345	19.737	56.531
464.219	178.592	20.037	56.711
464.187	178.658	19.538	56.872
463.988	178.968	19.653	57.312
463.525	179.697	19.836	56.858
463.156	179.736	19.347	56.794
463.027	180.084	19.664	56.965
462.482	180.573	20.007	56.551
462.599	180.592	19.101	56.711
462.240	180.872	19.300	56.641
461.806	180.581	19.383	56.705
461.742	180.561	19.437	57.003
461.521	180.736	19.329	56.904
461.498	180.949	19.322	56.210
461.464	180.995	18.282	55.735
461.488	181.291	19.251	56.144
461.424	181.209	18.965	56.140
461.303	181.223	19.262	56.040
461.312	180.955	18.805	56.259
461.359	181.223	19.005	55.566
461.195	180.625	19.186	56.563
461.279	180.872	19.312	56.338
461.057	180.949	18.863	56.160
460.724	180.916	19.580	55.724
460.632	181.127	18.681	55.761
460.404	181.461	19.667	55.898
460.622	181.843	17.986	55.356
460.187	181.788	19.315	55.681
460.284	181.877	18.883	56.135
460.226	182.137	18.842	55.679
460.203	181.927	18.475	56.483
459.942	181.703	18.326	56.964
459.840	181.606	19.288	56.808
459.751	181.639	18.485	56.374
459.470	181.460	20.269	56.432
459.198	181.660	19.110	56.056
458.807	181.937	19.732	55.574
458.613	181.824	20.005	56.764
458.156	181.572	20.808	56.867
458.084	181.701	20.299	57.225
457.761	182.440	20.416	56.036
457.806	182.688	20.885	56.462
457.816	182.623	19.979	56.390
457.844	182.992	20.859	56.337
457.906	183.274	20.492	55.172
458.306	183.389	20.467	54.480
458.629	183.337	20.164	54.542
458.577	183.040	19.854	55.509
458.642	182.881	20.080	56.298
458.807	182.949	20.130	56.691
458.745	183.029	19.466	56.398
458.747	182.756	19.714	57.758
458.509	182.935	20.511	57.564
458.549	182.970	20.320	57.445
458.528	182.836	20.601	58.865
458.037	183.464	20.284	57.584
457.570	183.584	20.615	58.600
457.436	183.337	20.559	58.439
456.846	183.777	20.578	57.557
456.475	184.111	20.951	57.085
456.011	183.893	20.754	56.829
455.968	184.033	20.442	57.777
455.663	184.306	21.171	57.266
455.347	184.171	21.085	58.563
455.494	184.359	20.964	58.625
455.259	184.815	21.241	58.618
455.686	184.938	20.382	58.066
455.759	184.996	20.534	58.191
455.675	184.703	20.830	58.236
455.510	184.703	21.186	57.821
455.340	185.042	21.384	57.482
455.075	185.379	21.621	57.283
454.904	185.379	20.803	57.421
454.704	184.753	20.993	59.804
454.070	185.493	20.257	59.192
453.890	185.982	20.171	58.921
452.560	187.211	22.610	58.468
452.183	187.477	21.638	56.896
451.211	187.290	22.077	57.143
450.904	186.964	21.764	57.326
450.487	187.068	21.377	56.913
449.906	186.981	21.736	57.735
449.472	187.070	22.127	57.939
449.015	187.234	22.301	58.594
448.856	187.336	22.655	58.978
448.623	187.948	22.969	58.488
448.723	188.053	22.982	58.432
448.872	188.265	22.634	58.101
449.048	188.113	22.405	57.743
448.811	188.043	22.529	57.370
448.891	187.860	22.249	57.166
448.729	188.060	22.245	57.843
448.452	188.043	21.830	58.062
448.398	187.534	22.318	59.587
448.113	188.333	22.337	59.322
447.909	188.506	21.957	58.879
447.221	188.945	22.578	58.645
446.456	189.311	22.575	58.750
446.265	190.052	22.072	58.364
445.680	189.325	21.898	58.550
445.515	189.598	22.252	58.269
445.075	189.283	22.296	58.807
444.694	189.256	22.329	58.870
444.856	189.202	21.886	58.984
444.382	189.654	22.360	59.655
444.050	189.595	22.939	60.471
444.106	190.349	22.526	59.649
444.300	190.239	22.313	59.247
444.183	190.345	22.580	58.846
443.993	190.455	22.684	59.000
444.218	190.372	21.621	58.952
443.913	189.829	22.138	61.152
443.868	190.194	21.088	60.496
443.494	190.087	21.053	61.647
442.674	190.855	21.443	61.039
442.675	190.756	22.402	61.806
442.455	191.608	21.350	61.072
441.799	191.859	21.575	61.873
441.233	191.596	22.000	62.651
440.793	191.303	22.242	62.514
439.718	190.989	22.477	62.932
439.521	190.651	22.300	62.784
438.949	190.563	23.121	63.327
438.452	190.464	24.156	63.943
438.083	191.320	24.368	62.619
438.331	191.673	23.939	63.131
436.918	191.479	25.229	63.554
425.019	192.528	25.101	62.651
409.919	191.249	24.173	63.920
401.682	191.205	25.788	63.635
384.101	191.764	25.808	64.471
375.072	190.295	25.163	66.448
358.461	191.562	24.813	64.998
347.658	191.862	25.083	65.608
337.029	191.801	26.642	64.491
327.112	193.100	24.538	64.765
335.967	193.192	25.254	63.856
352.766	192.988	25.705	65.430
358.822	192.912	23.922	65.230
368.742	192.190	25.433	67.147
377.583	193.006	23.456	64.544
393.581	191.335	24.962	66.280
402.527	192.679	23.142	65.224
410.188	191.343	25.424	67.685
426.761	192.538	25.334	65.311
433.812	193.271	24.302	66.585
423.857	192.878	23.443	65.566
407.259	193.872	23.278	66.499
398.649	193.832	23.184	65.641
388.032	193.238	22.727	66.652
371.767	193.929	22.721	66.712
361.372	193.109	23.295	67.652
353.153	193.313	24.060	67.552
336.221	193.263	23.795	67.161
326.797	193.524	23.988	68.237
321.505	194.125	22.923	67.761
334.469	194.921	23.475	67.128
346.901	195.088	22.790	66.563
351.229	195.250	23.187	66.649
367.822	195.811	21.354	66.689
378.888	195.661	22.922	67.046
387.838	195.564	21.785	66.291
402.696	194.887	23.423	66.504
410.640	195.188	23.180	65.917
420.467	194.728	24.309	65.539
420.568	196.260	25.017	64.387
412.317	194.682	23.898	67.239
402.907	196.613	23.387	65.886
386.134	196.715	22.792	68.124
369.400	197.476	22.474	67.146
359.537	198.230	22.694	66.211
343.195	197.793	22.601	66.552
334.358	197.520	22.446	67.734
323.662	197.832	22.886	67.926
318.868	198.208	23.474	67.814
328.660	197.829	22.802	68.434
338.607	198.464	22.735	66.825
345.644	197.772	23.445	68.866
360.842	199.208	23.061	67.195
372.207	198.478	23.354	69.137
386.923	199.489	23.907	67.421
397.500	199.853	23.643	66.827
412.118	198.664	24.100	68.102
421.040	199.216	23.954	67.024
417.872	198.950	23.385	68.430
400.080	197.936	23.757	69.756
391.401	199.277	24.376	69.102
373.581	199.388	24.109	68.750
364.529	200.499	23.487	68.116
356.129	200.202	23.812	68.443
339.414	202.331	22.876	66.498
329.768	200.714	23.023	69.661
313.168	202.169	23.231	68.015
311.962	200.909	22.950	68.356
321.702	201.614	23.342	69.806
337.403	201.082	23.619	69.771
348.037	201.972	22.603	68.072
363.973	200.681	24.289	70.897
370.029	202.597	24.373	69.492
381.545	201.350	23.796	71.185
395.368	203.015	25.394	69.339
406.885	203.264	24.446	68.475
413.176	202.425	25.269	70.191
405.228	202.084	25.402	70.471
389.889	202.400	24.498	70.300
379.107	202.611	24.142	69.529
370.357	202.328	25.472	71.531
355.543	202.984	24.296	69.991
337.901	204.159	24.293	70.670
328.180	204.329	23.864	70.654
317.634	205.939	23.391	68.393
307.928	205.341	23.217	71.679
318.136	205.188	22.956	70.527
333.611	205.390	25.200	70.923
342.390	205.399	24.044	69.394
359.818	204.829	24.397	70.477
368.014	204.958	23.952	70.909
378.925	204.156	23.590	71.127
393.748	205.418	24.994	70.956
403.964	205.494	23.659	70.769
417.709	206.698	24.898	71.486
408.571	206.585	24.551	70.710
399.378	205.977	24.480	71.940
382.463	206.462	24.887	71.535
372.277	206.335	24.895	71.613
363.263	207.314	25.323	71.315
345.352	206.014	25.197	72.370
337.718	207.526	25.271	71.383
322.661	208.286	23.431	71.798
311.632	208.009	25.032	72.857
305.523	208.889	25.305	73.085
315.001	209.459	23.516	71.387
320.430	209.603	24.040	72.143
336.113	209.919	25.538	70.838
348.766	209.457	24.573	72.377
356.253	209.585	23.560	71.483
372.481	208.931	24.676	71.544
382.421	208.371	24.259	72.281
397.449	208.969	26.386	71.990
409.021	208.429	25.258	72.077
413.452	209.151	26.203	73.079
416.114	208.776	26.220	73.643
413.631	210.161	26.107	73.944
413.129	209.555	27.272	74.068
411.662	211.040	27.452	73.607
409.696	210.180	29.477	72.881
409.675	211.016	29.620	72.544
408.353	209.739	31.271	73.750
405.408	209.785	32.159	74.067
405.220	210.095	33.195	73.331
404.437	210.672	34.894	72.967
402.247	211.089	35.728	73.299
402.357	211.482	35.936	74.634
403.455	211.221	34.550	74.992
402.613	212.065	35.152	74.446
401.610	212.486	35.864	73.309
402.938	211.714	34.449	74.563
402.604	211.162	34.761	76.075
402.651	212.016	34.180	73.640
402.555	212.192	34.176	73.743
402.555	212.598	33.811	73.413
402.828	212.457	33.870	74.020
404.613	213.501	31.313	73.969
404.301	215.433	30.891	72.691
403.800	215.538	31.048	72.519
403.834	215.769	31.052	72.466
401.997	215.751	32.360	72.084
402.185	214.589	32.593	73.387
401.339	213.943	33.537	74.226
400.736	213.810	34.376	74.441
400.944	213.927	33.705	74.600
401.273	214.673	34.135	73.976
401.724	214.579	33.346	74.228
402.850	214.227	32.724	75.590
404.187	215.090	31.759	75.241
405.876	214.896	30.751	75.255
406.740	214.013	30.571	76.399
407.384	214.024	30.325	76.706
407.650	215.078	30.447	75.862
407.592	215.831	30.548	76.158
407.495	216.154	31.113	75.778
408.034	216.516	30.325	75.761
409.427	216.763	28.982	76.333
409.405	217.708	28.848	75.401
410.051	217.743	28.175	76.274
410.367	217.810	27.283	76.655
410.079	217.641	27.219	76.549
409.449	217.587	28.065	76.502
409.211	217.743	27.827	75.670
409.309	217.254	27.210	76.816
409.079	217.391	27.822	77.644
409.249	218.233	27.749	77.683
409.085	218.270	28.426	77.672
408.966	219.593	28.422	77.262
409.326	219.095	27.869	78.051
409.761	219.701	27.638	77.909
409.965	219.025	28.339	78.441
411.132	218.686	27.219	78.719
410.872	218.725	28.963	78.722
411.225	218.741	28.569	78.734
411.695	219.305	28.700	78.844
411.503	220.078	28.762	78.510
411.876	220.409	28.798	78.988
411.650	221.763	28.777	79.373
411.587	221.604	28.368	79.478
411.324	221.384	28.919	79.344
411.744	221.411	28.284	79.426
411.681	221.670	28.675	79.101
411.800	221.522	28.191	78.609
411.863	222.020	28.696	78.304
412.001	222.445	28.635	79.056
412.774	222.919	28.131	79.534
412.154	223.343	28.715	79.411
412.695	224.470	29.237	79.306
413.006	224.661	29.298	79.697
414.767	224.550	28.269	79.914
414.825	223.953	28.460	79.710
414.862	223.877	28.380	79.958
415.523	223.661	27.987	80.146
415.681	223.373	28.336	80.434
415.779	223.443	28.073	80.909
415.727	223.935	28.691	81.618
416.182	224.570	28.293	81.141
416.203	225.653	28.366	80.135
415.481	226.217	29.559	81.566
415.634	226.459	28.746	81.370
415.408	225.980	28.880	80.944
414.960	225.750	29.442	81.285
414.871	226.141	28.426	80.504
414.583	225.975	28.612	81.181
414.286	225.856	29.618	81.590
414.022	225.749	29.814	82.416
413.856	225.917	29.352	82.916
413.145	228.406	31.808	81.479
414.013	228.282	29.888	81.771
413.394	228.120	30.946	82.656
414.516	228.772	29.941	81.295
414.112	228.839	30.150	82.476
414.039	228.320	30.036	82.293
414.245	227.834	29.188	82.423
413.853	227.550	30.098	83.392
413.486	228.339	30.501	82.641
413.581	228.356	29.566	83.639
413.859	229.479	29.440	83.560
413.680	229.461	29.054	84.774
413.307	230.123	29.515	83.883
412.502	231.367	29.495	84.591
412.473	231.232	29.412	84.208
411.935	231.334	29.025	83.686
411.070	230.841	29.701	83.926
411.143	231.602	29.843	83.107
410.767	231.431	30.181	83.622
410.767	231.258	30.299	84.655
410.081	231.758	30.779	85.121
409.788	232.162	31.150	84.751
409.993	233.309	31.307	84.716
409.278	233.911	31.580	83.964
410.744	234.335	29.827	83.517
411.013	233.907	29.208	84.962
410.695	234.000	29.548	84.254
410.603	233.271	30.090	85.294
410.669	234.111	30.317	84.364
410.356	234.210	30.726	85.592
409.605	234.362	32.181	85.811
410.097	235.423	31.891	85.031
409.771	235.958	32.357	85.315
409.920	238.011	32.414	84.142
410.155	237.885	31.309	84.558
409.659	237.635	31.681	85.468
409.795	238.217	31.437	83.752
409.518	237.350	31.846	85.910
410.307	237.162	30.615	85.220
405.098	236.052	30.929	87.901
401.514	236.057	31.284	88.017
393.191	237.590	30.990	88.176
388.577	238.389	29.857	88.605
382.443	239.669	29.313	87.851
376.234	239.089	30.698	87.292
373.114	239.507	30.580	87.264
365.569	239.016	30.451	89.237
362.020	239.065	29.466	88.633
357.844	238.708	30.366	88.520
349.188	238.829	30.457	89.814
345.245	240.329	30.615	88.760
341.337	240.434	30.085	89.065
332.850	241.707	31.510	89.789
328.680	242.368	31.995	89.786
318.737	242.962	33.095	89.797
315.490	244.113	32.907	89.415
310.829	243.351	32.769	90.094
302.899	243.597	33.255	89.684
298.952	244.638	32.509	87.489
293.953	243.667	32.798	89.030
285.977	243.804	32.930	90.474
282.914	243.995	32.039	89.692
279.832	245.624	31.298	88.875
269.803	246.014	33.153	89.950
266.282	247.752	31.417	88.522
262.353	247.498	32.137	90.120
258.945	247.200	31.418	90.299
250.130	247.281	32.430	90.497
245.268	247.959	32.330	89.786
236.030	246.943	33.415	91.241
232.302	247.760	32.971	90.377
226.800	247.752	33.582	91.528
223.822	247.741	33.857	91.932
212.988	249.614	34.973	91.106
208.824	249.966	34.220	91.443
204.911	251.131	33.840	90.089
195.413	250.986	34.396	91.222
190.252	250.786	34.358	91.655
186.052	252.252	33.665	90.346
176.471	250.711	34.237	92.028
171.039	251.516	33.259	91.767
168.341	250.749	33.181	92.639
163.103	251.249	33.543	92.731
152.974	252.755	33.908	92.349
154.738	253.925	33.440	92.581
154.508	254.415	33.031	92.950
153.576	255.441	34.483	91.923
153.285	256.292	34.819	90.990
153.201	256.564	34.548	90.751
153.076	255.851	34.210	91.035
150.099	255.836	37.187	90.484
147.456	255.723	39.121	90.381
144.989	255.560	41.752	92.018
140.800	256.337	45.089	91.579
140.646	256.505	44.478	91.837
143.379	257.382	42.145	92.187
147.929	258.334	37.407	90.787
146.746	259.558	38.125	91.910
142.480	259.126	41.715	92.282
146.666	260.294	37.254	90.377
140.359	258.005	40.025	93.153
137.520	258.406	42.992	93.154
137.504	258.435	42.309	92.917
137.088	258.820	42.080	92.381
135.724	259.457	43.127	93.036
136.732	260.331	41.406	92.405
136.039	261.002	41.536	93.833
135.035	262.329	42.002	92.415
135.279	262.745	41.759	92.007
134.974	262.876	41.420	93.563
135.328	258.354	40.928	95.141
136.526	256.193	39.464	95.433
137.531	253.846	38.718	95.012
136.753	247.537	39.141	95.699
135.498	245.398	39.795	96.069
137.483	241.983	36.526	95.024
132.633	237.396	40.077	95.351
133.679	235.604	38.611	94.780
134.242	233.721	37.874	94.889
135.607	229.183	35.974	95.095
133.761	226.840	37.492	93.261
133.908	223.576	36.883	93.916
134.419	219.018	35.070	94.196
133.898	217.084	35.849	94.169
135.552	214.267	33.574	95.337
137.133	208.338	31.971	97.018
136.590	205.983	32.418	97.588
136.814	204.167	32.462	97.543
136.370	200.875	31.833	96.556
136.117	202.710	33.080	95.655
136.921	202.974	32.710	95.842
137.132	203.063	32.020	95.245
137.122	203.420	32.721	95.136
136.809	203.226	32.497	95.330
136.738	203.183	32.416	95.405
136.769	203.183	32.427	95.601
136.767	204.627	32.172	94.966
136.287	204.607	32.712	95.672
135.952	206.058	32.235	95.045
135.643	205.660	32.810	95.470
135.254	206.806	32.390	94.931
134.396	207.155	33.109	94.959
134.104	207.090	33.435	95.713
134.023	207.246	33.299	95.596
136.415	206.506	32.998	96.226
142.356	206.290	33.677	98.144
146.202	206.253	33.692	98.084
153.999	207.514	33.519	97.907
159.096	206.000	33.401	100.041
163.730	207.989	33.128	99.340
173.621	208.697	32.592	98.969
179.088	209.462	31.829	98.269
187.330	209.002	32.331	98.324
191.821	208.923	32.587	99.042
197.701	209.033	31.895	99.354
202.835	209.147	32.580	98.186
211.330	209.228	32.361	98.396
216.387	208.840	32.553	99.783
219.623	208.504	33.851	100.400
229.773	209.301	33.171	99.706
234.931	210.092	33.589	100.378
243.383	209.923	33.072	101.467
247.375	211.838	35.024	99.719
256.853	210.499	33.723	101.296
261.720	211.219	33.775	100.853
262.512	210.737	34.076	99.980
262.295	211.784	34.551	99.049
262.857	210.880	33.848	100.994
263.771	211.353	34.459	101.736
263.883	212.160	34.323	103.684
264.705	212.510	34.230	104.146
264.174	213.691	35.056	102.723
265.561	214.466	34.317	103.516
266.876	214.372	34.337	103.744
267.309	213.525	34.772	104.639
267.338	212.871	37.068	105.035
267.589	213.259	36.971	104.972
268.101	213.633	36.745	104.852
268.597	213.336	37.251	105.390
268.513	215.980	38.362	104.149
268.504	215.528	38.475	105.901
268.189	216.558	39.661	105.898
267.866	218.620	41.106	103.850
268.661	219.924	40.582	104.425
269.374	219.104	39.818	103.913
269.919	219.005	39.820	103.698
270.347	218.818	39.164	103.744
270.727	219.430	38.921	104.319
271.124	219.453	38.840	104.823
272.071	220.751	38.565	105.872
273.132	222.253	37.921	106.003
274.266	222.616	37.216	105.162
274.404	222.856	38.725	106.684
274.936	223.136	38.899	105.943
274.120	222.311	37.963	107.499
267.234	222.897	35.488	106.694
262.505	222.080	35.635	108.211
256.261	223.771	35.120	107.683
250.618	223.990	35.997	108.392
245.113	224.598	36.626	109.282
236.756	227.213	36.832	107.941
231.718	227.741	36.768	108.795
225.162	228.850	36.425	108.197
213.641	228.445	38.716	108.699
210.177	230.127	36.590	107.018
204.906	228.663	37.097	108.554
197.981	230.704	36.406	107.531
192.289	229.748	38.098	109.454
188.126	231.185	37.226	109.661
180.059	232.675	36.825	109.942
174.895	233.711	37.408	110.058
171.470	234.534	37.365	108.909
163.681	235.435	37.135	110.533
158.043	234.465	37.032	109.941
156.460	236.089	37.217	108.344
155.803	234.920	37.933	110.165
156.163	235.777	37.848	109.570
156.085	235.781	37.859	109.014
155.671	236.607	38.844	109.700
155.367	237.526	39.109	111.064
155.022	237.720	38.856	111.951
154.849	239.417	39.715	111.967
154.500	239.717	39.655	112.047
153.458	240.451	40.310	112.246
153.088	239.923	39.890	112.072
152.353	240.102	40.158	111.938
152.200	239.560	40.185	112.360
151.735	239.832	39.802	112.039
151.601	240.501	39.992	113.337
152.048	241.219	39.730	113.745
152.465	242.919	39.356	114.945
152.358	243.116	39.769	115.378
152.981	244.172	38.656	115.547
153.181	244.829	38.946	115.064
153.254	244.087	38.976	115.694
152.576	244.275	39.129	116.108
152.106	243.394	39.838	116.761
151.550	243.785	40.819	116.549
151.640	244.503	41.453	116.529
151.833	246.055	40.858	117.481
151.449	247.043	41.337	117.911
151.390	247.546	41.806	118.098
151.674	248.776	41.925	118.193
151.214	249.912	41.734	116.893
150.263	249.761	42.313	118.258
149.880	249.540	42.340	118.849
149.798	249.590	42.332	118.397
149.366	249.907	43.130	118.152
149.578	249.485	42.609	119.870
149.552	250.217	43.494	120.411
150.025	251.616	42.712	121.060
150.208	253.645	43.203	120.767
150.503	254.189	43.592	120.887
150.565	254.407	43.412	122.238
150.624	254.247	43.831	122.231
149.708	254.288	45.200	122.773
149.783	254.459	45.337	123.431
150.170	254.404	45.439	123.228
150.602	254.895	45.320	123.123
150.284	255.390	46.111	123.540
149.821	256.750	47.014	122.369
149.606	258.213	47.899	123.026
149.553	260.145	48.115	121.652
149.111	261.806	48.234	121.781
148.150	261.951	49.134	123.031
147.560	262.946	48.340	122.857
148.117	263.189	48.072	122.411
147.535	262.914	48.341	123.070
147.983	262.969	47.649	123.101
146.631	262.473	49.406	123.726
147.356	262.726	48.232	124.240
146.719	264.245	50.721	125.523
147.515	266.471	49.181	123.722
147.307	266.833	50.331	124.639
147.836	268.647	49.388	123.229
147.862	269.491	50.076	124.895
147.644	269.896	49.677	124.145
148.539	269.418	50.166	125.230
149.178	269.112	49.438	124.026
149.601	269.283	48.697	125.290
150.027	270.189	48.064	126.352
148.960	275.210	48.905	130.501
148.556	278.635	49.083	131.947
148.618	285.284	48.569	130.505
148.494	289.193	47.911	128.810
147.273	290.011	48.680	127.952
147.489	290.069	48.349	128.473
147.722	290.411	47.158	128.399
147.457	289.497	46.292	129.695
147.815	289.697	45.190	129.889
147.123	289.728	46.196	131.044
146.976	290.489	45.777	132.141
147.347	291.868	44.938	132.883
147.325	293.410	44.902	132.501
147.390	294.252	44.520	133.424
147.392	295.251	44.256	133.514
148.140	296.197	43.824	132.263
148.397	296.053	43.879	132.315
148.627	296.228	43.808	131.231
148.637	295.514	45.214	132.332
148.633	296.022	45.793	132.022
148.289	295.906	46.339	131.955
149.060	296.240	46.589	132.665
149.402	296.944	46.580	134.461
149.260	297.250	47.557	135.404
149.765	297.864	47.080	135.769
150.445	298.211	46.217	135.802
150.836	298.321	46.545	135.221
151.008	298.619	46.965	135.394
151.444	298.325	46.738	136.443
152.808	298.643	46.239	135.281
153.807	298.730	46.054	135.802
155.329	291.386	45.335	137.507
156.010	286.272	44.925	136.833
156.975	276.798	46.892	137.157
158.237	270.470	45.912	138.024
160.353	260.076	46.226	136.157
161.317	254.280	46.022	136.767
161.756	244.601	47.104	135.436
162.597	238.236	45.298	136.712
163.115	232.772	46.761	136.729
162.857	222.429	46.525	137.841
162.603	211.468	46.518	137.856
163.694	205.210	46.651	137.988
163.843	201.158	44.886	136.639
162.250	190.863	46.585	137.112
162.165	185.156	46.569	136.759
161.609	178.320	46.119	137.210
162.255	173.497	46.699	137.305
161.855	162.741	45.755	137.617
161.471	156.126	45.611	137.788
161.835	150.859	44.690	137.986
162.053	145.859	44.134	137.158
161.106	136.389	45.463	137.189
161.517	129.575	44.835	137.327
162.056	123.566	44.988	137.364
161.718	118.244	44.546	137.014
161.878	108.455	46.472	137.043
161.919	102.722	45.829	136.379
161.490	96.722	46.182	137.310
161.876	90.713	45.714	137.189
162.751	91.845	45.459	137.101
162.722	90.415	44.902	137.501
162.679	91.177	45.243	136.922
162.765	91.360	45.456	136.787
162.281	91.603	46.487	136.872
162.086	92.297	46.566	136.472
162.596	92.323	46.485	136.552
162.398	92.224	46.507	136.542
162.266	92.931	46.877	136.319
161.505	93.323	47.514	136.603
161.493	93.867	47.285	135.726
160.564	95.109	48.699	134.741
160.405	95.445	48.117	133.827
160.278	96.037	48.418	133.431
159.375	96.695	47.367	133.922
158.642	96.778	47.514	134.093
157.514	97.539	48.309	133.727
155.117	98.836	48.530	133.980
153.658	98.885	48.851	134.512
151.606	99.593	48.123	135.587
149.544	99.817	48.910	135.942
148.401	99.899	48.889	135.719
147.308	100.205	47.982	135.184
145.904	100.371	48.038	135.592
145.217	100.658	47.560	134.691
143.824	101.167	47.906	134.679
142.014	101.461	49.104	135.816
141.309	102.008	49.232	137.170
141.680	102.153	48.095	128.768
141.135	103.861	47.989	127.628
140.560	103.972	46.579	129.438
140.525	104.782	46.580	120.554
140.982	104.266	46.008	127.679
141.438	103.922	45.874	120.068
140.296	104.039	46.643	113.825
140.019	105.407	47.472	118.281
139.791	106.932	47.734	120.578
138.733	106.267	49.429	121.504
138.142	107.634	49.261	119.730
137.440	108.118	48.877	122.274
135.750	109.680	50.363	125.525
135.262	111.822	49.923	134.378
134.727	112.192	50.102	138.448
134.321	112.707	50.243	140.329
133.672	113.112	50.106	143.660
133.111	113.624	50.395	141.901
133.354	113.703	50.055	141.931
133.363	114.085	50.210	141.984
133.074	113.767	50.114	142.936
133.617	114.961	49.816	145.633
134.416	115.518	49.815	145.981
134.468	117.112	50.431	144.770
135.539	118.040	49.537	145.172
136.090	118.723	50.556	148.766
136.029	120.323	50.936	147.994
137.048	119.669	50.254	148.368
138.132	119.563	49.873	148.392
138.132	119.762	50.799	148.648
138.527	119.946	50.326	148.468
139.042	121.126	50.080	147.162
139.638	122.023	49.924	147.339
140.347	121.490	50.304	154.629
140.089	122.870	51.283	152.551
139.812	124.340	51.442	151.641
139.159	126.096	52.297	152.685
139.670	128.177	51.902	153.862
139.544	130.998	52.488	149.822
138.908	131.792	52.553	149.473
138.864	131.373	52.141	150.166
139.696	130.903	52.849	150.328
140.668	130.888	51.581	151.273
140.823	131.707	52.170	152.027
141.329	132.583	52.508	153.977
144.076	135.049	51.795	153.978
144.469	136.586	53.408	153.828
145.833	137.739	52.611	154.586
148.992	138.742	53.218	156.363
148.915	137.438	53.396	158.106
150.878	138.646	53.163	157.711
150.666	137.918	55.293	158.516
152.589	138.924	54.986	157.889
153.711	138.038	55.062	158.749
154.732	139.047	55.178	158.573
156.659	140.817	57.052	161.112
157.051	143.582	57.720	160.764
157.777	145.170	58.135	160.984
158.047	147.021	58.629	160.778
158.893	148.696	58.094	161.016
159.994	148.804	58.046	161.547
159.870	148.687	57.339	161.515
160.884	149.129	57.151	160.318
161.353	148.996	56.986	160.193
162.977	149.753	57.298	160.184
163.160	149.856	58.402	161.496
163.984	151.553	59.158	162.696
165.411	154.441	58.360	162.745
165.405	156.008	59.958	163.281
167.209	157.615	60.286	163.430
167.271	157.963	62.136	165.554
168.147	158.949	63.971	165.656
171.256	160.038	61.820	165.038
172.488	159.582	62.767	165.073
173.790	160.282	61.662	165.398
175.977	159.859	59.759	165.623
179.135	161.358	59.427	166.088
179.571	162.260	59.893	168.546
179.582	164.297	61.583	168.773
179.160	165.791	63.146	169.043
179.275	170.050	65.693	167.796
178.517	172.415	67.779	166.879
179.276	172.864	68.175	167.372
180.282	173.614	65.293	166.796
180.334	173.585	67.924	166.652
181.536	174.044	67.096	166.872
182.173	174.324	66.376	166.574
183.752	175.337	65.657	167.856
184.019	176.930	66.171	169.415
184.951	178.378	64.574	170.749
185.841	179.904	65.191	170.217
186.492	181.783	65.261	170.219
187.962	184.215	65.777	171.247
188.853	184.497	64.335	172.789
190.205	184.809	64.040	172.748
191.545	184.964	63.505	173.133
194.688	184.994	62.095	173.823
195.831	184.946	61.775	174.110
196.130	186.412	62.226	173.429
196.680	187.476	63.376	174.667
196.588	188.549	65.908	179.511
196.905	190.740	66.374	179.356
197.458	193.511	66.461	177.521
197.364	194.851	68.068	176.935
197.346	195.418	68.389	179.156
197.966	198.155	68.048	176.760
198.834	198.282	66.523	176.647
201.058	198.814	65.494	176.188
202.100	198.501	64.976	176.972
202.694	199.522	66.038	176.072
203.108	199.604	66.841	177.056
205.221	201.965	66.986	179.190
206.534	204.625	68.074	176.862
207.369	206.057	67.916	176.763
209.909	208.461	68.551	178.512
212.788	208.152	66.678	181.554
217.775	207.947	65.097	185.856
217.858	207.384	64.544	186.502
219.940	207.466	65.588	186.807
220.952	208.004	63.972	186.434
223.674	208.742	66.803	187.124
223.867	210.020	67.741	189.022
224.941	212.506	68.777	191.006
225.002	214.262	68.960	191.182
226.966	217.366	70.298	190.233
228.479	220.267	70.235	189.854
227.643	220.971	71.855	191.209
226.425	223.022	74.330	189.815
229.490	223.315	73.801	190.258
231.659	223.824	72.762	188.826
234.046	223.603	71.380	188.530
235.276	223.939	71.705	188.509
239.132	225.113	70.658	191.618
239.921	226.271	69.965	192.803
241.960	228.421	70.362	191.033
244.183	232.089	70.895	188.334
245.291	233.316	71.374	186.457
247.995	233.728	69.897	186.575
244.240	233.894	71.350	186.483
231.546	236.766	72.380	184.322
223.630	238.888	68.816	182.988
216.374	237.330	70.875	183.359
198.548	242.659	75.793	179.742
192.387	242.839	75.425	178.394
182.832	248.114	77.769	174.613
167.522	249.000	80.840	175.493
161.020	251.556	77.533	172.423
152.858	252.334	79.224	172.842
146.636	255.852	74.499	171.441
148.822	254.285	74.457	171.884
151.170	256.363	72.077	169.064
152.975	256.687	70.887	168.143
156.201	257.045	70.021	169.898
156.501	256.552	70.878	170.264
158.552	258.087	70.511	169.918
159.983	261.202	72.340	167.731
160.955	267.150	74.024	163.214
162.500	265.540	73.649	164.188
163.682	266.846	74.518	165.623
166.892	272.696	74.423	160.065
171.035	273.321	72.548	161.866
174.673	269.134	70.709	169.946
175.684	263.305	71.227	176.216
181.100	257.942	69.869	179.180
182.509	252.406	71.116	179.068
184.116	246.804	72.031	183.093
183.597	244.530	74.719	183.010
188.051	239.422	75.976	186.100
188.757	235.224	76.076	184.548
189.895	230.655	77.732	186.449
191.684	223.851	79.391	192.970
193.914	217.373	78.204	204.776
198.688	207.765	77.504	204.986
199.156	200.856	77.840	206.640
200.364	196.899	80.440	203.915
203.462	192.448	78.683	208.678
205.443	182.834	81.795	217.865
208.403	180.607	82.666	220.463
210.031	176.617	83.039	221.717
213.736	169.806	83.159	225.183
220.038	163.127	78.851	229.569
222.902	158.311	79.178	232.305
228.014	148.129	77.473	233.258
230.215	142.065	78.371	231.035
232.141	139.439	77.642	232.145
234.702	134.435	79.287	229.027
237.872	130.852	82.033	228.182
239.152	135.221	85.514	228.456
241.840	138.866	84.905	227.075
242.404	145.449	89.178	226.033
245.243	147.787	89.799	228.314
249.015	150.699	87.974	228.273
249.703	149.880	87.417	231.567
256.229	152.513	84.471	232.097
258.568	151.635	83.818	233.808
260.900	151.619	82.941	235.606
264.400	153.392	83.805	230.008
267.126	155.643	84.042	230.410
269.796	156.675	84.092	233.933
273.046	161.613	85.739	235.880
