317.000	115.000	21.000	50.000
320.332	114.557	20.831	51.679
320.760	115.449	23.178	51.223
322.204	116.418	25.953	50.261
324.519	116.410	25.109	51.283
347.575	115.975	23.572	52.018
341.676	116.151	26.903	50.319
349.287	116.496	22.479	52.578
355.096	115.999	20.661	51.700
358.690	116.791	21.389	50.317
363.277	117.755	21.269	49.976
366.799	117.566	20.233	50.946
369.186	118.285	19.228	49.879
371.839	117.617	19.149	50.693
374.594	117.064	18.896	52.933
377.358	117.055	19.955	54.077
379.733	118.919	21.534	52.469
384.489	119.523	22.238	51.382
388.345	120.037	18.682	51.724
391.402	119.282	18.596	52.786
395.114	121.644	19.202	51.622
395.754	118.103	22.454	55.309
397.209	119.637	24.807	53.990
402.974	119.450	22.932	55.607
406.813	117.079	21.838	53.859
411.829	116.915	20.378	56.650
414.738	119.738	18.766	54.253
415.846	119.855	21.900	52.231
418.573	121.763	23.552	49.714
423.533	120.373	22.008	49.390
434.840	121.239	21.087	54.319
435.728	120.480	20.940	54.037
445.734	118.617	20.272	55.496
448.203	119.851	21.175	56.305
449.747	121.612	22.281	53.487
451.718	123.797	21.500	51.121
456.669	123.715	20.264	51.533
457.426	121.759	21.070	53.381
461.353	120.889	22.437	52.605
452.840	117.776	20.652	56.470
448.716	125.405	21.071	59.424
451.022	128.367	19.575	52.026
454.180	121.193	19.605	54.018
480.635	116.827	21.845	59.045
481.582	113.766	22.571	62.879
485.145	116.816	24.023	62.620
490.249	116.442	22.173	61.511
494.903	117.101	23.080	60.650
496.593	116.723	27.300	61.302
500.697	120.412	26.736	58.092
505.204	121.520	24.764	56.556
513.153	120.948	21.963	55.595
516.933	118.668	22.341	58.773
520.868	120.317	27.130	57.081
521.907	120.767	27.954	57.989
523.138	119.351	27.849	59.341
531.083	121.745	24.090	56.497
534.974	120.015	21.364	57.573
537.225	121.019	21.754	55.936
539.044	118.202	23.753	59.706
541.609	122.431	27.049	54.737
543.939	122.225	27.669	56.163
549.193	119.608	25.236	59.285
551.880	120.581	24.534	58.010
556.716	121.052	23.659	56.695
558.818	121.646	23.371	54.886
561.269	122.670	24.567	55.463
563.316	124.061	28.427	53.823
563.766	124.137	30.106	53.913
565.850	123.012	29.213	55.418
570.419	122.949	26.473	55.677
573.665	122.498	24.048	55.476
578.388	119.543	23.524	58.252
580.909	120.724	24.225	56.702
584.507	120.133	25.275	58.186
584.602	121.119	27.175	56.577
586.047	122.436	28.449	55.292
588.093	122.769	27.900	56.231
592.364	123.089	24.266	55.858
601.230	122.691	24.356	55.314
