284.000	228.000	21.000	24.000
286.188	226.037	18.985	28.099
287.029	225.620	19.219	28.527
287.254	225.487	19.555	28.645
287.973	225.422	19.466	28.702
288.367	225.325	19.578	28.869
289.272	225.327	19.569	29.119
289.270	225.693	20.237	28.812
290.063	225.934	20.067	28.521
290.378	226.715	19.846	28.252
290.358	227.351	20.296	27.974
290.958	226.892	20.025	28.280
291.403	226.957	20.081	28.237
291.623	226.412	20.031	28.571
292.131	226.256	20.474	28.880
292.001	226.740	21.035	28.528
292.895	226.922	21.174	28.920
293.598	227.435	20.930	28.457
294.316	227.543	21.108	28.668
294.193	227.712	21.137	28.810
296.614	227.812	21.484	28.982
296.158	227.911	21.057	29.038
296.807	227.712	21.965	29.083
299.000	228.292	22.109	27.879
300.645	227.069	21.528	29.648
299.149	226.994	23.310	29.885
302.820	228.278	21.611	30.149
304.605	228.141	21.337	29.610
302.581	228.123	22.804	30.119
303.181	228.287	21.661	31.115
305.161	228.690	20.857	30.978
298.246	227.819	24.290	29.904
289.994	227.783	25.413	29.333
291.544	226.547	24.934	30.918
290.933	226.923	26.150	30.176
291.075	227.649	21.215	29.908
284.539	227.434	21.915	28.513
284.927	227.094	22.012	29.759
284.960	227.330	22.958	29.429
286.178	227.688	21.764	29.498
289.138	226.398	20.048	30.660
310.251	226.728	23.699	34.356
310.941	228.558	21.970	33.508
311.965	229.758	21.719	30.963
311.559	229.175	22.427	31.429
313.009	229.316	20.346	31.792
313.722	228.724	20.107	31.573
313.291	229.859	20.444	30.884
315.040	230.345	19.478	32.804
315.500	227.838	21.058	37.488
315.524	230.986	21.990	37.449
316.609	228.558	21.721	36.798
316.119	227.152	22.478	37.981
316.084	229.859	23.597	37.220
314.034	228.577	24.690	37.915
312.754	228.712	26.673	38.983
314.579	229.926	24.528	42.367
319.243	231.166	20.996	34.850
319.455	231.522	21.551	35.775
321.565	231.984	19.749	34.207
321.980	232.036	20.534	33.481
323.113	232.290	20.264	33.890
324.288	232.232	20.212	33.534
324.835	232.213	20.222	31.745
325.529	232.019	19.771	33.559
326.941	230.340	19.117	34.964
327.201	231.957	19.869	34.362
327.494	233.101	19.890	32.250
328.897	233.718	19.922	33.885
328.356	234.369	21.149	34.453
329.377	232.649	21.820	34.269
329.887	233.386	19.971	39.593
330.378	232.565	19.536	35.713
331.876	231.323	20.097	34.959
331.743	231.936	19.316	37.778
332.695	231.441	19.847	35.030
333.448	232.194	20.745	35.144
333.671	232.171	20.458	35.265
335.634	232.336	24.217	34.661
338.344	233.129	21.902	37.006
342.365	232.500	20.046	39.148
309.243	234.820	19.068	34.659
267.913	226.607	22.871	28.591
269.442	227.238	20.213	27.897
265.911	226.935	22.332	29.139
267.154	227.509	20.328	28.334
266.607	227.818	20.345	27.737
263.011	226.836	21.475	30.312
263.058	226.876	20.153	29.963
261.173	226.625	19.912	33.084
260.844	226.030	19.257	32.290
257.798	228.252	19.912	34.094
217.955	226.538	19.115	31.346
217.766	225.672	18.597	32.536
218.183	224.996	18.827	33.210
218.372	224.469	18.966	33.400
218.660	225.022	18.893	36.701
218.669	224.386	21.864	37.595
218.683	225.310	25.295	45.771
244.870	228.316	24.836	49.361
241.863	228.609	26.466	48.695
238.712	230.231	27.845	55.334
240.544	230.534	26.412	56.490
240.817	228.685	25.240	60.573
217.810	224.652	20.349	46.600
221.337	225.227	17.617	36.088
222.384	224.833	16.601	34.350
222.301	226.176	16.909	38.512
221.448	225.932	19.033	41.810
221.654	226.993	17.884	38.934
222.442	226.713	17.300	40.208
222.335	226.835	17.650	35.010
222.521	226.317	17.097	34.381
222.781	225.595	17.481	35.071
222.668	225.581	18.658	33.754
221.921	225.066	19.100	31.420
221.840	226.022	18.392	32.053
221.604	226.461	18.153	29.198
222.189	226.515	17.974	27.410
221.243	226.868	18.723	32.169
220.715	226.111	18.236	31.016
221.216	226.185	18.387	28.466
221.259	226.097	17.612	25.795
221.141	225.837	17.428	27.223
220.744	225.836	18.070	27.079
220.642	226.033	17.860	27.829
221.450	227.214	16.875	28.681
220.442	227.203	17.811	29.247
222.548	227.590	15.905	29.109
220.577	227.709	16.994	26.246
219.317	227.503	18.147	26.764
220.434	227.441	16.324	27.191
221.144	226.873	15.067	28.939
219.783	227.441	15.992	30.428
218.290	227.570	16.582	32.006
217.402	228.629	17.157	31.492
214.833	229.573	18.615	33.808
213.884	228.911	17.956	35.317
214.146	228.760	16.810	38.244
213.628	228.289	16.640	36.847
212.825	227.809	17.004	35.671
212.253	227.348	16.983	36.324
211.357	228.648	17.436	34.355
209.677	228.804	17.001	32.394
209.469	229.665	17.198	28.973
208.047	230.809	17.785	30.115
182.581	219.903	19.420	30.327
184.306	218.556	17.272	28.750
185.786	219.147	17.534	29.050
186.558	219.123	17.917	29.743
187.384	218.878	17.874	29.235
188.505	218.062	17.961	30.027
188.882	218.106	18.517	30.865
189.925	217.890	17.967	30.006
190.288	218.655	18.622	29.453
190.778	218.075	19.464	30.382
191.079	219.321	19.400	32.277
192.165	218.179	19.262	34.777
192.483	217.953	19.445	35.869
187.814	219.011	23.310	37.553
194.696	218.614	18.012	34.260
193.944	219.767	20.378	31.714
194.203	220.189	20.730	33.072
196.829	221.506	18.190	31.430
197.795	220.979	18.399	31.863
198.385	220.810	18.392	33.812
191.299	219.359	26.221	35.479
200.039	220.124	18.250	40.261
198.578	218.669	20.584	44.315
201.639	219.415	18.457	47.351
201.010	221.100	19.632	47.216
189.867	221.416	18.237	36.649
190.243	221.396	17.940	30.118
191.322	221.150	17.267	30.746
192.134	221.034	18.188	28.173
193.679	221.819	17.249	29.211
194.205	222.589	16.136	28.428
195.701	223.433	17.306	28.145
195.927	222.960	17.789	29.199
196.716	222.916	17.591	28.306
197.412	222.273	18.026	28.894
197.414	221.971	18.276	27.877
197.914	220.753	19.782	29.925
208.139	222.037	22.736	28.805
198.647	223.246	22.168	30.574
201.744	223.392	26.532	34.479
199.389	223.670	24.701	38.990
203.490	223.028	25.400	37.796
199.987	223.437	21.954	32.376
200.070	223.742	19.673	31.164
200.539	224.213	20.372	30.236
208.877	223.315	24.258	29.595
201.246	223.881	20.757	31.927
201.420	223.665	27.691	34.007
201.209	224.667	21.557	33.239
201.191	224.736	21.786	35.422
201.030	225.822	21.463	34.828
217.347	223.379	20.819	34.126
213.447	223.361	24.609	37.082
202.382	223.932	20.819	33.724
203.280	223.735	22.468	33.513
203.766	224.572	23.695	34.936
203.506	225.470	20.421	32.375
215.794	225.386	23.436	33.709
218.768	224.625	20.070	35.523
202.382	225.138	22.011	30.631
203.157	224.554	21.491	32.153
203.541	223.614	21.778	32.893
219.412	225.952	21.521	32.025
220.695	226.125	20.449	33.025
220.794	225.597	20.536	30.985
220.877	225.171	20.973	31.540
220.567	225.068	21.359	31.263
204.474	225.052	22.440	31.809
206.091	225.262	20.776	32.319
206.080	224.216	19.468	31.329
205.898	224.088	20.242	31.979
205.827	223.945	19.658	31.304
205.537	223.899	20.663	32.239
218.659	225.136	23.434	31.858
219.998	224.036	22.108	31.488
205.307	225.420	21.653	33.601
205.312	224.631	21.067	34.861
205.117	224.433	20.287	35.327
205.286	224.142	19.420	34.579
205.633	223.989	19.436	33.331
205.610	223.947	19.454	33.529
206.012	224.114	20.395	34.890
218.667	225.734	23.778	32.308
220.448	225.560	21.931	33.920
220.951	226.243	22.004	35.833
204.928	226.344	20.274	35.687
206.084	226.007	21.335	35.395
205.873	225.496	21.966	37.169
205.272	224.552	22.229	38.445
205.908	224.414	20.336	36.796
205.174	225.151	21.728	34.818
212.662	224.957	28.574	37.113
204.644	226.685	21.117	35.651
203.172	226.074	35.161	38.010
203.684	226.754	22.079	35.954
203.310	226.086	20.969	36.497
202.956	226.077	20.573	34.726
202.532	225.483	20.289	34.878
202.039	226.576	21.292	33.277
201.811	226.847	20.371	33.656
201.142	228.064	20.094	33.922
200.933	228.499	19.936	33.568
200.514	228.799	19.919	33.864
199.731	228.695	19.155	34.373
199.267	228.155	19.515	34.552
198.671	228.035	19.700	34.457
197.413	227.965	20.346	33.761
196.873	228.525	20.902	34.084
196.072	228.865	21.338	34.989
194.737	229.565	21.284	35.390
194.448	230.063	21.005	34.854
193.251	230.401	21.941	34.727
191.884	230.381	21.311	35.696
191.967	229.628	20.582	36.140
191.305	229.433	20.860	35.226
189.981	229.683	21.301	34.611
189.636	230.019	21.659	34.851
188.581	231.748	21.222	33.104
188.119	232.227	21.201	33.989
187.908	232.897	20.892	33.684
186.927	233.032	21.475	34.081
186.646	232.276	20.715	35.233
186.215	231.920	21.002	35.605
185.289	231.484	21.162	36.017
184.551	232.198	20.776	34.937
183.982	232.806	20.510	34.967
183.385	233.231	21.490	37.198
182.077	234.247	21.877	37.237
181.369	234.837	22.704	36.482
180.903	234.719	23.212	36.596
179.471	233.917	23.793	37.162
179.562	233.791	22.699	37.036
179.144	233.911	22.859	36.898
178.103	234.506	23.390	36.728
177.575	234.225	23.109	37.436
177.096	235.189	22.093	37.263
177.313	235.436	21.540	36.979
176.917	234.896	21.903	37.077
176.794	234.234	21.964	37.317
176.445	233.663	21.755	36.412
175.016	233.778	22.139	37.866
175.035	234.296	21.053	37.405
174.648	235.247	20.733	38.014
174.537	235.693	20.303	37.898
173.992	236.192	20.064	38.466
174.401	235.983	18.904	39.607
173.738	235.481	19.275	39.658
173.520	234.751	19.069	39.124
172.967	234.360	19.230	41.321
172.657	235.025	19.082	40.370
172.288	235.971	19.474	40.470
171.907	236.736	19.805	39.996
171.026	237.463	19.960	40.760
170.469	237.950	20.634	40.002
170.469	237.630	20.260	40.835
170.056	236.883	20.220	41.979
169.980	236.668	20.161	41.557
169.367	236.257	20.197	41.715
169.326	237.150	20.053	41.855
168.968	237.564	19.778	42.669
168.685	237.923	20.321	42.996
167.873	239.741	20.302	41.506
166.682	239.493	20.954	42.294
165.787	239.673	20.646	43.235
165.152	239.082	21.666	42.369
165.449	238.994	21.241	41.309
166.087	238.789	20.262	41.139
165.073	239.453	20.729	40.641
165.941	239.875	20.491	39.934
164.736	241.199	21.520	38.780
164.633	241.295	21.478	38.994
164.443	241.193	21.885	38.748
164.567	240.573	21.429	39.498
164.568	240.323	21.405	39.285
164.257	238.493	20.799	40.076
163.957	238.866	21.029	39.888
163.013	239.211	21.533	39.241
162.775	240.181	21.687	39.609
162.832	240.775	21.031	39.795
163.335	241.825	20.402	38.797
162.775	242.119	20.489	39.012
162.738	241.401	20.504	39.148
161.419	241.213	21.393	37.876
161.593	241.277	21.528	37.632
160.846	241.732	21.943	37.513
161.526	242.038	20.905	37.048
160.956	243.439	21.169	36.325
160.821	243.984	21.220	36.257
160.931	244.308	21.265	35.586
160.858	244.755	21.510	35.460
161.326	244.768	20.754	35.067
160.209	243.662	21.637	36.136
159.868	243.793	21.817	35.609
159.893	244.385	21.148	35.264
155.886	242.806	22.244	35.862
157.444	241.313	22.076	37.617
157.019	239.945	22.349	38.183
209.494	234.537	19.551	46.285
208.568	235.816	23.770	49.072
207.939	235.848	24.462	51.827
207.426	236.120	24.474	51.669
207.715	236.431	22.739	51.259
206.403	236.605	23.971	52.108
206.379	236.356	23.024	51.844
206.560	236.297	22.315	52.484
206.238	235.097	21.709	53.574
205.940	235.216	21.638	52.558
205.370	234.986	21.878	53.798
204.540	234.859	21.844	54.329
203.623	235.192	22.235	54.566
202.719	235.738	22.049	54.278
202.255	235.572	21.736	54.619
200.874	235.237	22.076	54.829
200.332	235.388	21.853	54.146
199.805	233.716	21.459	54.568
199.255	233.840	21.470	54.520
198.459	233.565	21.779	53.913
198.282	233.832	22.002	53.612
197.486	234.195	21.976	53.194
196.647	234.725	22.994	52.208
196.330	234.315	22.931	52.725
197.030	233.905	22.352	53.135
196.959	233.808	22.352	53.195
196.292	232.875	22.783	54.403
195.153	232.975	24.185	53.413
194.418	232.769	24.703	55.159
194.426	232.886	24.116	54.948
194.266	233.555	24.229	54.434
194.380	233.626	23.732	54.005
194.360	233.275	23.584	53.657
194.333	233.100	23.098	54.098
194.111	232.429	23.421	54.526
193.403	232.049	24.249	54.193
193.734	231.949	24.173	54.141
193.670	231.424	24.389	54.825
194.548	231.155	23.254	54.759
194.116	231.275	23.711	54.631
193.877	231.548	24.303	53.688
194.775	231.874	23.736	53.479
195.816	231.941	22.551	52.705
196.322	232.448	22.191	51.974
196.814	232.167	22.206	52.432
196.988	232.185	22.329	52.390
197.564	231.434	22.033	52.857
198.174	231.340	21.892	52.504
198.136	230.969	22.384	53.449
198.191	230.559	22.619	53.510
198.481	230.030	22.420	53.231
198.660	229.929	22.288	53.700
198.318	229.565	22.952	53.037
199.202	229.859	22.636	52.547
199.134	230.155	22.870	52.137
199.318	230.463	22.914	52.303
199.497	230.697	22.706	52.016
199.808	230.893	22.705	51.669
199.985	230.543	22.535	51.912
199.553	230.567	22.667	52.193
200.186	230.345	22.214	51.492
200.386	229.432	22.169	52.314
200.502	229.090	22.239	51.924
200.502	228.957	22.378	52.181
200.677	228.437	22.119	52.946
200.648	228.267	22.474	52.935
200.567	228.099	22.579	53.014
201.088	227.369	22.126	53.220
201.705	227.291	21.880	53.346
202.059	228.179	21.804	52.131
201.638	228.218	22.281	52.337
201.916	228.329	22.123	52.252
201.769	228.916	22.881	51.280
202.490	228.377	22.502	52.061
202.848	227.704	22.802	52.504
202.869	227.653	22.883	52.423
203.762	226.808	22.242	53.123
203.024	227.178	23.120	53.111
203.071	227.301	23.253	52.199
203.137	226.832	23.310	52.661
202.753	227.398	23.968	51.864
202.456	228.005	24.409	51.693
202.843	227.082	23.640	52.558
203.240	228.046	23.756	51.334
203.712	229.291	22.741	50.130
204.202	229.476	22.547	50.262
204.335	228.442	22.229	50.800
203.570	227.912	23.055	50.262
204.023	227.946	22.876	50.053
203.684	228.188	23.291	50.083
203.883	227.787	22.071	50.417
203.321	227.357	22.668	50.684
204.368	228.094	22.069	49.479
204.287	227.569	21.737	50.259
203.481	228.511	22.429	48.465
203.915	228.556	22.064	49.197
203.586	229.430	21.597	47.946
203.552	230.097	22.256	47.123
203.314	229.726	22.144	47.267
203.082	229.988	22.244	46.605
202.639	229.109	21.042	47.126
202.804	228.536	21.284	47.331
202.355	227.845	20.980	46.983
202.174	227.047	20.747	47.797
202.292	226.138	20.498	49.168
201.805	226.117	21.401	49.676
201.471	226.025	21.284	48.817
200.909	225.394	21.571	50.352
200.426	225.799	21.634	49.977
199.839	226.104	22.339	50.746
199.321	226.259	22.227	50.175
198.071	225.821	22.860	50.365
197.340	225.480	22.987	50.515
196.581	225.016	23.157	50.766
195.960	224.934	22.790	50.031
195.265	224.828	22.420	49.983
195.124	224.517	21.320	50.871
194.269	225.019	21.430	50.297
193.772	225.207	21.564	49.106
193.591	224.904	21.004	50.037
192.886	225.315	21.428	48.660
192.994	225.538	20.235	49.573
192.358	225.117	20.565	49.371
191.121	225.162	19.895	49.326
190.590	224.727	20.019	49.304
189.936	225.633	20.028	48.617
189.067	224.934	20.593	48.712
188.832	224.884	20.501	49.818
188.518	224.257	20.133	50.403
187.545	223.912	20.919	50.421
186.967	224.199	20.811	50.643
185.895	224.497	21.215	49.999
185.792	224.811	20.657	49.806
185.248	224.303	20.881	50.653
184.818	224.884	20.428	49.836
184.043	225.027	20.637	49.358
183.671	225.387	20.465	49.236
182.774	225.646	20.778	48.900
182.229	224.967	20.451	49.893
181.652	224.921	20.371	49.799
181.202	224.323	20.478	49.843
180.652	224.027	20.678	50.511
180.628	224.107	19.953	50.099
180.278	224.342	19.992	49.570
179.884	224.297	20.071	49.326
179.468	224.241	20.338	49.526
178.909	224.745	20.107	48.660
178.998	224.316	19.660	48.542
178.719	224.917	19.727	47.729
178.159	225.154	19.861	48.431
177.673	225.668	20.052	47.394
177.503	225.199	19.760	48.126
177.115	225.503	19.576	47.647
176.881	225.027	19.737	47.969
176.382	224.915	19.515	47.885
176.283	224.576	19.427	47.679
176.120	224.361	19.402	49.104
175.355	225.978	19.806	46.668
175.116	225.015	19.753	47.275
174.609	225.686	19.960	47.608
174.215	226.025	19.950	46.879
174.056	226.334	19.831	46.742
173.859	227.314	19.120	45.724
173.373	227.104	19.556	45.982
173.091	227.548	18.934	45.653
173.150	226.409	18.632	46.749
172.446	226.470	18.675	46.762
172.272	225.231	18.373	47.420
171.811	225.110	18.430	47.330
171.972	225.104	17.784	47.060
171.433	224.627	18.005	47.795
171.813	224.915	17.463	47.379
172.056	223.759	16.882	48.748
171.677	225.402	17.043	47.430
171.426	224.077	17.123	49.002
171.360	225.348	17.043	47.770
170.693	224.610	17.403	48.689
170.519	223.550	17.318	49.494
171.002	224.561	16.587	48.822
170.791	223.568	16.493	49.344
170.269	223.422	17.053	49.761
170.663	223.440	16.814	48.855
169.692	222.684	17.095	49.360
170.597	222.427	16.428	49.427
169.140	222.349	17.392	49.741
169.771	223.833	16.638	48.595
169.491	222.670	16.268	49.404
168.310	221.376	17.433	50.567
167.815	223.712	17.563	48.868
167.581	223.011	17.557	49.430
167.592	222.963	16.930	49.135
166.066	222.328	17.841	49.970
166.368	222.616	17.557	49.647
165.922	222.033	17.399	49.050
165.902	222.240	17.079	48.526
163.161	222.158	19.196	48.158
161.649	219.380	18.953	50.268
161.561	218.404	17.968	47.435
221.256	226.047	14.778	50.530
220.473	226.821	19.906	49.981
219.252	226.181	20.974	49.918
218.612	226.025	21.001	49.419
218.344	225.650	20.924	50.577
217.968	225.110	21.374	50.930
217.900	224.822	21.060	51.059
217.598	224.484	21.075	51.461
217.153	224.644	21.458	51.464
216.816	224.810	21.742	51.542
216.300	225.552	22.252	50.909
216.531	225.752	21.546	51.229
216.607	225.798	21.218	51.272
215.817	226.101	21.781	50.692
215.820	226.102	21.891	49.812
215.822	225.707	21.671	50.137
215.658	225.534	21.678	50.575
215.441	225.032	21.676	51.639
215.363	224.396	21.582	51.877
214.961	224.180	21.801	52.853
214.783	224.113	21.983	52.797
214.535	224.651	22.070	52.283
213.867	224.662	22.151	52.370
213.916	225.039	21.931	52.250
213.549	224.767	21.861	53.136
213.110	225.791	21.771	51.993
212.675	225.591	21.841	52.929
212.223	225.271	22.079	52.266
211.869	224.858	21.848	53.004
211.484	224.291	22.040	53.493
211.270	224.278	22.233	53.845
211.059	224.063	22.176	53.659
210.683	223.689	22.420	54.415
210.472	223.653	22.224	55.018
209.935	224.417	22.718	54.119
209.979	224.895	22.610	54.132
209.874	225.247	22.630	54.298
209.921	225.430	22.441	53.842
209.689	225.756	22.793	53.544
210.084	226.283	21.961	52.887
210.070	225.920	22.079	52.925
209.832	225.582	22.180	53.297
209.473	225.014	22.559	53.647
209.654	224.933	22.050	54.009
209.382	224.952	22.094	54.607
209.267	225.007	22.077	54.965
209.140	225.462	22.193	54.964
209.049	226.430	21.977	54.491
208.379	227.259	22.413	53.299
208.567	227.448	21.853	53.378
207.607	227.725	22.488	53.095
207.382	227.575	22.310	53.038
207.390	227.296	21.866	53.921
207.259	227.229	21.900	53.469
207.159	227.179	21.748	53.675
206.686	226.824	21.931	54.611
206.688	226.840	21.793	54.730
206.620	227.349	21.752	54.444
206.481	227.895	21.808	54.474
206.145	228.739	22.198	53.301
206.097	229.087	22.051	53.988
205.841	229.449	22.346	54.384
205.826	229.701	22.395	54.116
205.909	229.719	22.228	54.297
205.645	229.627	21.969	55.243
205.570	229.690	22.111	54.150
205.608	229.293	22.068	54.500
205.399	229.105	22.138	55.260
205.034	228.671	22.203	55.604
205.158	228.823	22.123	55.932
205.090	229.411	21.883	55.089
204.790	229.821	22.069	56.170
204.559	231.140	21.839	54.991
204.009	231.653	22.063	54.993
203.307	232.007	22.012	54.864
203.151	231.783	22.013	54.787
203.208	231.577	21.845	55.851
202.522	231.189	22.257	55.885
202.733	231.316	22.092	56.584
202.864	231.962	21.484	56.003
202.626	232.250	21.776	55.271
202.570	233.685	21.586	54.599
202.516	234.205	21.773	54.312
202.387	234.664	21.821	53.808
202.134	234.202	21.773	53.869
202.236	234.008	21.510	53.788
202.046	233.696	21.478	54.329
201.584	233.351	21.785	54.567
201.315	233.756	22.029	54.660
200.555	233.604	22.352	55.103
200.761	234.350	22.232	54.941
199.925	235.172	22.103	54.213
199.408	235.282	22.230	54.444
199.219	235.498	21.853	54.270
198.841	235.218	21.960	54.723
197.992	234.859	22.433	55.007
198.193	234.440	22.265	55.409
197.859	234.824	22.107	55.631
197.050	235.151	22.979	55.255
196.631	235.870	23.053	55.150
196.360	236.919	23.264	54.500
196.155	236.824	23.297	54.803
196.194	236.699	22.947	55.022
196.231	236.021	22.566	55.835
