279.000	189.000	20.000	52.000
278.813	188.251	21.845	52.961
279.564	189.416	21.530	53.020
280.734	190.321	21.399	52.629
281.960	191.123	20.948	51.289
283.427	189.924	19.559	52.629
284.505	188.554	21.578	54.339
285.164	189.248	21.275	53.475
286.511	190.630	23.042	51.692
288.207	190.384	22.808	50.879
288.891	188.385	22.142	52.577
290.100	187.706	22.308	52.525
291.659	188.345	22.259	52.165
292.848	189.592	22.733	51.826
295.099	190.459	22.359	52.256
295.677	190.366	22.684	54.135
296.985	189.878	22.483	55.587
298.945	189.623	21.595	56.738
300.110	190.900	21.564	56.234
301.376	192.085	21.863	55.660
302.199	192.622	22.169	55.307
302.750	191.939	23.119	56.448
303.174	192.167	23.822	57.005
304.285	192.252	23.871	57.463
305.352	193.900	24.103	57.489
306.513	194.608	23.651	57.312
308.287	193.552	22.485	59.112
309.718	193.024	22.079	59.711
310.976	192.818	22.154	62.815
311.989	194.346	23.091	62.230
312.445	195.050	24.504	60.898
313.990	194.116	24.656	60.551
314.986	194.196	25.392	60.973
316.183	195.954	25.799	60.854
317.128	196.998	25.128	59.888
319.179	196.457	24.062	60.267
321.449	194.859	23.342	62.282
322.667	196.608	23.861	61.771
323.994	199.032	24.204	59.837
325.484	198.816	24.721	60.699
326.259	198.137	25.488	60.475
327.193	197.852	25.800	60.497
329.041	199.658	25.222	59.583
330.484	200.838	24.725	59.248
331.510	201.430	24.918	58.620
332.685	201.548	24.697	58.284
333.306	201.884	24.845	58.620
335.185	200.913	24.337	58.549
336.747	202.440	25.020	58.617
337.187	203.659	25.997	57.983
338.573	204.567	25.726	58.293
341.501	203.524	25.491	57.957
342.383	202.018	26.297	60.245
344.093	203.421	26.481	60.248
346.706	204.718	25.242	59.335
347.742	204.796	25.705	60.761
350.013	204.842	24.299	59.786
351.706	203.568	23.676	60.887
353.172	204.650	23.744	58.427
353.898	205.431	24.761	59.607
356.061	205.756	24.147	59.401
357.651	207.255	24.240	59.238
358.745	207.429	24.340	59.404
359.917	206.587	24.947	59.041
361.871	205.566	24.880	59.089
362.584	206.800	25.446	60.024
364.365	208.187	24.974	59.400
366.006	209.461	25.672	59.769
367.938	208.777	24.887	62.915
368.653	208.874	24.976	62.692
370.273	208.271	25.085	64.101
371.888	209.310	24.279	64.258
372.866	211.087	25.658	62.649
374.681	211.794	25.149	61.852
376.143	211.952	24.944	62.171
377.653	211.065	25.083	63.654
378.581	210.106	25.181	65.988
379.153	211.209	26.300	65.932
380.031	213.249	26.738	64.731
381.829	213.883	26.345	64.260
383.623	213.990	25.209	65.187
385.164	213.530	24.524	65.580
385.957	213.213	25.546	66.463
387.498	216.593	26.150	63.537
389.473	217.954	26.724	62.534
392.385	216.512	25.980	63.972
394.362	216.560	25.635	64.074
395.988	216.494	25.761	66.701
397.285	219.390	26.051	64.475
398.625	219.731	26.777	65.151
400.887	219.571	25.549	65.730
402.325	218.990	24.845	67.584
403.692	218.053	25.111	70.589
404.815	220.160	26.201	68.378
405.990	222.731	27.033	65.087
407.655	222.534	27.442	65.799
409.942	222.625	26.881	65.139
411.432	221.999	26.825	66.242
414.248	223.334	26.620	67.239
416.508	224.667	26.059	64.992
418.071	225.513	26.312	65.174
419.576	224.900	25.730	66.030
421.702	224.322	25.276	65.849
423.026	225.491	26.010	65.680
424.665	227.121	26.984	65.039
426.454	227.975	27.504	65.265
428.966	228.295	27.639	65.807
431.940	227.135	27.017	67.007
433.756	227.706	26.758	65.925
436.785	228.713	26.702	66.738
438.255	229.997	27.421	65.453
440.045	231.542	26.977	64.969
442.347	230.873	25.896	66.098
444.552	230.489	25.459	67.468
446.321	230.549	26.278	68.708
447.826	233.010	26.763	65.800
450.161	233.537	25.960	68.056
451.295	233.748	27.732	68.667
454.112	232.239	28.413	68.660
456.303	231.858	28.690	68.567
458.359	234.207	26.931	69.358
461.426	234.626	27.272	68.516
464.396	237.189	25.967	68.863
469.069	237.233	24.028	66.630
470.991	235.387	24.469	71.557
471.592	235.207	24.540	73.716
472.816	236.640	23.780	69.692
475.505	240.981	24.881	65.442
478.606	242.057	26.850	64.408
484.799	235.504	27.279	66.369
488.230	238.479	27.350	72.345
482.250	235.213	26.671	71.191
486.505	235.126	25.255	72.543
485.078	234.486	25.370	74.116
483.356	232.113	25.095	73.392
485.505	230.866	23.142	67.141
485.553	231.357	22.753	57.512
484.508	230.655	22.281	53.650
485.008	230.143	22.309	53.938
487.056	230.955	21.330	49.739
485.895	231.691	21.088	50.823
485.768	232.075	21.651	51.083
486.378	231.662	21.530	50.844
485.873	232.259	22.036	49.768
485.975	231.498	21.276	52.973
485.725	230.743	22.617	50.239
486.963	231.137	20.574	48.902
484.348	231.130	23.028	52.261
485.948	230.277	21.635	53.408
485.823	230.491	21.980	49.959
484.327	230.882	22.572	50.885
488.153	229.687	19.805	50.013
502.306	226.312	31.915	64.502
559.995	254.186	29.098	74.376
565.082	255.009	26.762	72.377
570.155	258.733	25.591	73.127
574.287	264.790	28.899	70.663
577.688	260.869	30.923	72.086
582.410	259.109	26.687	72.851
585.950	260.015	26.203	74.978
