472.000	194.000	14.000	37.000
470.930	194.705	14.887	35.315
470.049	194.966	16.184	34.824
469.002	195.667	16.923	34.417
465.625	194.666	16.713	34.747
465.196	193.666	15.935	35.684
464.040	193.359	15.264	35.681
463.049	194.007	15.605	34.729
462.279	194.800	14.953	34.831
459.384	195.226	16.325	34.726
459.773	195.270	16.935	34.332
457.759	195.364	16.574	34.111
456.230	195.387	16.552	34.709
455.171	194.688	16.537	34.314
453.634	195.319	14.631	34.256
452.704	194.680	15.207	34.280
450.374	193.983	14.612	34.883
450.113	194.599	15.479	34.615
449.136	195.210	15.558	34.126
446.996	196.022	15.238	33.382
446.199	196.021	16.176	33.094
443.923	195.016	15.453	34.079
443.377	194.404	14.270	34.933
441.436	195.075	15.066	34.085
441.559	194.486	13.543	34.072
439.253	195.064	15.130	33.753
438.177	194.999	15.389	33.995
437.405	194.959	16.046	33.988
436.716	195.340	16.347	33.575
435.468	195.237	16.619	34.167
433.484	194.256	16.324	34.791
433.314	194.103	15.340	34.451
431.800	194.420	15.021	34.597
431.097	194.928	14.534	34.444
429.640	195.789	14.680	32.571
426.598	195.537	14.750	30.245
424.446	195.474	13.909	27.473
422.079	195.588	13.916	29.551
421.116	195.603	14.924	31.015
419.369	195.642	15.476	31.889
418.347	194.996	15.753	34.060
417.081	196.186	15.447	32.496
415.312	196.329	15.826	32.716
412.728	195.775	15.445	32.589
411.058	195.115	14.754	31.978
410.470	195.450	14.709	33.016
409.103	194.917	15.164	32.191
407.664	195.062	15.724	31.568
405.060	194.846	17.105	32.249
405.533	193.994	15.848	33.226
403.097	194.232	15.794	33.800
401.710	193.794	15.566	34.341
400.940	193.830	15.755	34.416
396.672	191.017	17.984	38.065
396.196	191.982	16.934	36.510
392.665	188.423	15.811	39.732
391.517	189.932	16.230	38.101
389.312	190.242	16.742	37.642
386.904	192.211	16.803	36.074
387.760	193.655	14.790	34.374
383.996	194.254	15.146	33.938
383.386	194.548	14.543	33.497
380.772	194.684	15.467	34.166
378.923	195.099	16.023	33.879
377.699	194.664	15.266	33.269
376.012	194.807	14.966	33.674
375.308	194.222	14.296	33.883
372.524	194.357	14.937	33.535
371.303	194.196	14.638	33.473
368.662	194.173	14.886	34.014
367.365	194.277	14.608	33.999
366.177	194.951	14.589	32.351
364.833	195.221	15.231	32.049
364.392	194.985	14.824	32.838
362.917	194.741	15.302	32.095
362.776	194.488	14.577	31.742
361.193	194.277	14.552	31.407
359.312	194.525	15.323	30.836
358.930	194.762	15.081	29.993
358.779	194.638	14.706	30.297
357.588	194.780	14.318	29.522
356.745	194.540	15.042	28.926
355.965	194.775	14.136	27.464
354.318	194.180	13.558	27.872
353.669	194.111	13.747	28.177
352.689	194.082	13.216	28.377
350.904	194.366	13.284	28.094
349.511	194.776	13.739	27.505
347.932	194.776	14.392	27.339
346.884	194.599	14.500	27.025
346.599	194.234	14.284	27.327
345.607	194.477	13.920	27.574
344.771	194.263	14.482	28.465
334.794	194.006	13.464	28.250
330.463	193.577	14.292	26.615
324.392	193.045	12.170	25.763
321.032	193.243	12.736	24.169
319.274	192.942	12.391	27.638
314.926	201.642	16.761	32.844
318.702	188.192	13.611	35.789
319.753	187.885	17.618	40.748
325.203	190.885	14.559	32.849
327.209	194.878	16.258	38.380
