36.000	213.000	41.000	104.000
37.549	212.752	44.469	103.747
39.718	211.671	43.862	104.259
44.533	210.782	41.488	102.046
46.692	208.731	41.059	103.295
50.202	206.741	39.667	105.003
52.552	207.253	39.104	104.533
56.085	206.608	39.446	105.824
58.341	206.343	39.858	104.478
61.102	206.595	40.044	103.408
63.184	206.658	40.098	102.726
66.169	206.879	40.105	101.381
68.032	205.772	40.438	100.320
71.072	203.500	39.713	100.952
73.069	202.913	39.920	100.165
75.562	200.792	41.530	103.020
78.971	201.507	44.306	103.527
81.310	202.485	46.503	101.633
83.224	202.839	46.726	101.301
86.771	202.156	45.849	100.896
88.971	200.848	44.268	101.207
92.703	199.037	42.219	100.961
97.275	196.977	40.640	102.536
99.404	196.658	40.675	102.797
103.775	195.912	38.769	103.934
105.639	196.229	38.727	102.831
108.528	196.004	39.155	101.786
109.922	196.238	39.986	101.131
113.887	195.917	38.323	101.471
115.710	196.052	38.710	100.507
118.401	194.802	39.214	98.309
120.182	193.872	39.263	99.221
124.197	191.281	37.457	98.728
124.592	190.743	38.978	99.563
127.269	190.187	40.836	101.962
128.596	190.199	43.333	101.704
131.313	190.552	45.660	100.783
133.934	190.642	44.977	100.564
136.585	190.434	43.024	99.647
140.616	189.245	41.629	98.572
144.299	186.802	39.544	100.275
146.445	186.027	39.207	100.061
150.299	184.907	37.777	101.861
152.556	184.866	37.262	102.087
155.775	183.951	38.061	102.863
157.000	184.644	39.869	100.653
159.480	184.969	39.595	100.023
161.791	185.365	39.175	98.229
165.244	184.640	38.261	97.339
166.650	183.282	39.009	97.040
168.719	182.461	38.986	97.510
171.282	180.941	38.110	97.486
173.874	179.921	40.074	99.317
174.955	180.316	42.152	99.483
177.498	180.128	44.927	99.720
179.289	179.980	45.334	99.912
182.254	180.137	44.196	99.098
184.539	179.732	43.035	98.065
188.152	178.991	41.065	97.314
189.897	177.801	40.495	97.382
192.368	177.267	39.238	97.567
193.826	176.105	39.152	98.609
197.262	175.063	38.448	99.894
198.002	175.498	39.091	99.295
200.135	175.677	39.791	97.799
201.210	175.889	40.235	97.045
204.512	175.742	38.885	96.849
206.099	174.921	38.354	96.175
207.424	173.661	38.874	96.024
208.274	173.472	39.246	94.887
210.891	172.146	38.238	96.152
212.589	171.183	38.132	95.890
214.698	170.977	38.522	97.312
215.900	170.877	40.223	97.316
218.005	171.628	41.425	96.527
220.296	171.656	41.887	94.986
222.188	171.442	40.471	94.637
224.993	170.189	39.024	93.935
226.975	168.481	38.014	94.435
228.437	167.447	38.427	95.050
228.711	166.598	38.734	95.834
232.302	165.947	36.775	97.116
232.522	166.395	37.628	96.473
234.239	166.613	37.855	95.628
235.753	166.526	37.813	95.226
237.351	166.249	37.588	93.803
237.427	165.924	38.780	93.094
238.701	165.345	39.607	90.824
240.509	164.489	39.172	91.758
243.095	162.965	37.611	92.135
244.235	162.117	37.536	92.192
245.714	161.095	38.668	94.068
247.095	162.209	39.254	93.383
250.349	162.925	38.222	92.248
251.188	162.747	38.394	92.647
253.577	162.506	38.772	91.430
255.097	161.765	38.203	90.950
258.064	159.355	37.129	91.976
259.263	159.310	36.496	91.213
260.102	158.527	37.502	93.129
261.325	158.873	37.158	92.809
263.109	159.047	37.191	92.509
264.457	159.131	37.661	92.489
266.076	159.040	38.638	91.501
268.026	158.987	37.472	90.196
269.519	158.274	37.085	88.882
271.032	157.724	37.126	89.297
272.107	155.810	37.868	88.973
272.994	155.231	38.079	90.073
275.641	154.226	36.738	90.086
276.914	154.123	36.868	90.552
278.809	154.279	38.790	91.081
280.133	155.161	39.221	89.666
283.039	155.342	38.456	88.927
285.590	154.677	37.500	89.612
287.286	154.634	38.384	87.701
290.642	152.654	37.172	89.213
292.246	150.908	36.896	90.638
293.703	150.350	36.609	91.527
296.117	150.376	37.466	91.023
296.814	150.953	38.173	89.064
299.643	151.281	36.528	88.640
300.926	151.566	36.593	87.864
302.852	151.002	36.422	87.164
304.233	150.396	36.208	86.545
305.970	149.439	36.034	86.360
307.537	148.558	35.886	86.767
309.394	147.148	36.277	87.072
310.699	146.440	36.085	88.468
312.573	146.645	36.574	88.839
313.643	147.409	39.243	87.501
315.221	147.717	37.888	86.986
317.565	148.083	37.662	85.784
319.190	147.792	36.360	85.245
321.589	146.521	36.351	84.378
323.240	144.883	35.492	86.414
324.783	143.761	34.579	87.868
325.554	142.758	34.358	88.339
326.904	143.310	34.584	88.747
327.618	142.711	34.622	88.496
327.652	143.515	35.633	86.397
328.971	142.960	35.593	85.393
329.970	142.550	35.832	85.223
331.589	141.670	35.121	85.604
331.939	140.883	35.832	85.888
333.897	139.956	35.277	85.729
334.308	139.439	35.373	86.183
335.994	138.323	34.960	87.034
337.176	138.041	35.314	87.130
338.778	137.572	37.569	88.188
340.287	139.357	37.146	86.563
342.279	139.707	35.600	85.467
344.529	138.932	35.305	85.092
344.493	139.025	35.882	83.354
346.276	136.866	34.567	85.254
347.177	136.941	33.824	84.960
349.399	136.993	33.916	85.264
349.975	136.419	34.382	86.078
351.113	136.860	34.534	85.496
352.773	137.252	33.448	83.653
354.962	137.899	32.421	81.584
355.725	137.662	32.689	81.883
356.710	136.980	32.070	81.138
358.683	135.249	32.135	81.263
358.758	133.512	32.791	82.729
361.334	132.932	31.667	85.482
361.479	133.036	33.924	84.546
363.068	133.239	33.567	84.078
364.357	134.366	34.011	82.788
365.152	133.494	33.253	83.118
367.620	133.858	31.796	82.190
369.036	133.154	31.295	82.186
370.036	132.087	30.675	82.175
371.948	129.873	30.526	84.679
373.109	129.496	29.906	86.188
374.289	129.858	29.742	85.360
375.197	130.454	29.614	84.191
376.890	131.491	30.328	81.723
377.979	131.776	29.834	80.652
378.749	130.067	29.493	83.293
379.760	128.527	29.129	83.328
380.868	128.320	28.453	82.001
381.116	127.269	29.437	82.378
381.665	127.063	29.402	81.180
382.156	126.208	30.086	83.864
383.403	126.867	31.264	83.372
384.154	128.827	32.158	79.676
384.872	129.946	31.754	79.241
386.087	129.355	31.442	78.750
387.805	128.232	30.629	77.706
389.342	127.736	29.396	77.065
390.400	125.958	29.046	79.300
392.717	124.310	27.903	81.969
392.559	124.455	29.345	81.239
393.296	125.184	29.908	80.472
393.819	125.719	30.051	78.173
395.076	126.014	30.706	77.795
395.991	125.908	30.123	76.616
396.706	125.672	29.770	76.809
398.396	124.402	28.469	76.873
399.883	124.245	27.458	76.829
400.051	123.247	28.285	77.602
401.780	122.196	28.171	78.740
402.015	123.020	28.923	77.588
402.594	123.649	29.620	76.854
403.339	124.320	30.141	75.639
404.629	123.963	29.907	75.717
405.505	124.005	30.150	77.041
406.550	123.589	29.509	75.100
407.677	122.816	28.470	74.227
408.805	120.721	28.008	76.384
408.966	120.259	28.370	77.179
409.450	120.269	28.547	77.220
410.247	120.416	27.832	77.023
410.049	120.822	28.238	76.273
410.107	121.254	29.701	73.930
410.756	121.441	29.092	72.724
410.580	121.412	29.748	74.210
411.128	121.205	28.821	72.764
411.817	120.094	28.734	73.629
412.721	118.970	27.921	74.606
412.780	119.265	28.807	73.865
412.897	118.962	29.029	73.743
412.401	119.559	30.223	73.695
413.069	119.614	29.703	71.900
413.304	119.420	30.830	72.055
413.512	119.853	30.274	71.137
415.181	118.761	28.785	71.167
415.769	118.871	28.231	70.426
416.100	117.410	28.006	72.296
416.285	117.188	28.143	72.004
417.318	116.844	27.659	72.943
417.009	116.635	28.487	73.177
417.200	117.256	28.185	71.753
417.157	117.485	28.306	71.325
417.181	117.420	28.236	70.367
416.525	117.135	28.311	70.372
416.992	116.685	28.003	70.226
417.491	115.069	27.868	71.215
417.388	114.515	27.932	71.333
417.502	114.777	27.785	69.857
417.469	114.272	28.180	71.017
417.467	115.095	29.227	69.586
417.649	115.381	29.251	69.158
417.721	115.574	29.422	68.875
419.127	114.783	28.493	68.987
419.975	114.417	27.733	69.271
420.073	113.394	27.573	69.930
421.680	111.941	26.897	70.127
421.461	112.707	27.254	68.649
422.502	112.720	26.453	68.848
422.573	112.799	26.589	69.120
423.257	113.395	27.037	68.579
423.302	113.768	27.130	67.302
423.540	112.812	26.971	67.794
423.081	112.448	27.216	68.149
423.045	111.373	27.061	68.829
423.073	110.930	27.413	67.667
423.917	110.628	26.996	67.623
424.144	110.144	26.583	68.193
425.321	110.238	26.641	67.006
425.413	110.292	27.286	67.021
425.026	110.431	28.487	66.862
426.201	110.479	28.309	65.659
427.109	109.775	27.649	66.822
428.417	109.636	26.497	65.656
429.893	108.289	25.429	67.512
430.951	107.414	25.249	68.188
430.741	107.748	25.647	67.396
432.419	107.259	24.752	68.384
433.725	107.731	25.079	67.220
433.544	108.940	25.596	65.471
433.743	108.703	25.407	65.044
434.497	108.386	24.860	65.322
434.499	107.534	25.089	66.051
434.648	107.372	25.200	64.457
435.568	107.185	24.463	64.275
436.450	105.438	24.790	66.066
437.547	106.069	24.395	65.336
438.765	105.738	24.326	66.550
439.758	105.780	24.926	66.070
439.166	106.946	26.239	64.080
439.443	107.013	25.942	64.622
439.865	106.891	25.938	64.083
442.205	105.599	24.706	64.644
443.355	103.934	23.676	66.020
443.722	103.369	24.116	67.337
444.082	102.890	24.356	67.906
444.635	103.579	24.744	67.729
445.050	103.533	24.898	67.665
445.018	104.649	25.168	66.135
444.860	105.269	26.074	64.000
445.178	105.008	26.238	65.165
445.166	103.191	25.883	65.956
445.703	103.370	25.791	63.754
446.320	100.864	25.922	66.451
446.814	102.363	25.841	64.638
446.607	102.066	26.268	64.488
447.057	101.823	26.308	65.140
447.431	102.424	26.110	64.513
447.639	103.613	27.311	62.044
448.425	102.974	26.772	63.139
449.081	102.185	27.145	63.242
450.622	101.512	26.764	63.318
451.145	101.923	26.921	62.176
451.749	99.697	26.180	64.854
452.328	99.990	26.356	63.455
453.194	100.428	26.033	63.680
453.626	100.317	25.449	64.578
453.940	100.482	25.594	64.569
454.242	100.247	25.694	63.894
454.327	100.250	25.691	63.560
455.288	99.988	25.377	63.104
455.301	98.903	26.172	63.122
455.392	98.367	26.306	62.512
455.860	98.348	26.214	62.156
456.526	98.025	25.493	62.906
457.824	98.667	25.250	62.435
458.653	98.292	25.048	62.594
458.460	99.141	26.098	61.266
459.653	98.338	25.693	61.121
459.863	97.262	26.007	62.412
461.154	97.582	25.654	61.611
460.906	96.004	26.647	63.290
461.971	95.837	25.848	62.864
462.888	95.081	25.041	62.972
463.024	95.118	24.925	63.093
463.629	95.400	24.489	62.853
462.597	96.326	25.395	61.807
462.908	95.424	25.537	62.774
463.018	94.783	25.981	62.699
463.480	94.707	25.673	61.316
463.099	93.175	26.545	62.332
462.835	92.963	26.770	62.108
464.258	92.849	24.867	62.630
464.065	92.857	25.422	62.023
464.684	94.125	25.281	60.281
465.009	94.692	25.561	60.173
464.633	94.372	26.151	59.028
465.684	94.284	25.577	59.575
467.072	92.799	24.687	60.707
467.319	91.943	24.776	61.428
467.546	92.093	25.324	60.461
467.932	92.017	25.390	60.999
468.576	91.332	24.652	61.610
468.840	91.914	24.653	61.440
468.779	92.267	24.648	61.110
468.779	92.309	24.688	60.109
468.520	92.115	25.531	58.892
468.561	91.776	25.743	58.205
468.420	89.890	25.739	59.580
468.600	89.896	25.646	59.203
468.489	89.571	25.649	61.209
468.385	89.648	25.199	61.194
468.468	89.736	25.311	60.626
468.436	89.935	25.681	59.919
468.568	90.406	25.761	59.284
468.978	90.366	25.782	58.576
469.340	88.674	26.400	60.052
469.352	88.632	26.913	59.704
470.131	87.947	26.792	59.925
470.513	87.355	26.674	60.378
471.448	87.348	26.180	60.889
471.856	87.074	25.204	61.091
472.133	87.500	25.226	61.232
472.921	87.947	24.824	59.513
472.985	87.326	24.890	59.392
472.807	86.292	25.664	60.114
473.134	86.733	25.865	58.107
473.232	85.899	25.912	57.996
473.605	85.815	25.672	58.505
474.094	85.391	25.352	59.987
474.288	85.651	25.055	59.016
474.636	85.875	25.290	58.957
475.632	86.779	24.744	57.254
476.088	86.539	24.967	56.332
476.830	86.047	24.337	57.292
477.140	84.584	24.821	58.729
477.664	84.391	25.321	58.795
478.643	83.629	25.274	58.841
479.243	82.981	25.124	60.068
479.644	83.080	25.179	60.053
480.026	83.520	24.411	59.606
480.879	83.680	24.334	59.421
480.990	83.953	25.095	58.578
482.019	84.094	24.679	57.560
482.040	82.943	24.877	57.624
482.418	81.987	24.722	57.631
482.680	81.756	24.671	58.206
483.294	82.103	23.776	58.374
483.841	82.136	23.304	58.172
484.550	82.851	23.086	56.682
484.658	83.281	23.502	56.572
485.368	83.473	23.459	55.767
485.462	82.874	23.814	56.122
486.864	82.391	23.028	56.202
487.288	82.458	22.653	56.456
488.468	80.636	22.361	57.737
488.428	81.273	22.348	57.857
489.934	80.412	21.064	58.813
490.415	79.837	20.537	58.937
490.691	80.879	20.463	58.471
490.913	80.834	20.456	58.065
491.383	80.085	20.499	57.752
491.487	80.383	21.169	56.645
491.110	80.231	23.778	55.921
491.972	79.214	24.140	55.951
492.717	78.587	23.352	57.816
492.354	78.534	23.335	57.283
492.977	78.633	22.930	58.374
493.323	79.311	23.287	56.550
493.831	79.031	23.659	57.584
493.742	79.429	24.272	55.320
493.744	79.071	24.387	54.744
495.110	78.303	25.217	53.890
496.030	77.726	25.024	53.856
496.564	77.382	24.967	54.048
497.110	76.070	24.519	56.103
496.991	76.788	24.522	54.690
497.519	76.147	23.165	55.490
497.773	76.439	24.102	53.918
498.024	75.697	23.658	55.895
498.392	75.827	24.043	55.200
498.347	75.649	24.118	54.947
498.267	75.249	24.576	53.115
497.921	74.732	24.679	52.076
498.553	73.331	24.053	56.198
498.342	72.850	24.244	57.578
498.384	74.205	23.930	56.521
498.831	74.703	22.823	54.904
498.971	75.306	23.784	54.876
498.569	74.788	24.030	56.193
498.915	74.174	23.945	56.267
499.137	74.164	24.522	56.102
500.261	73.192	23.948	57.003
500.460	72.834	24.005	56.518
500.622	72.409	23.788	56.967
499.621	71.794	23.267	58.262
500.691	71.969	22.340	57.819
500.526	72.769	22.558	57.057
499.915	74.180	23.122	54.339
498.951	72.540	23.606	53.492
498.291	71.956	24.288	53.957
499.689	72.561	22.743	52.826
498.865	72.321	23.072	54.064
499.542	71.880	22.325	54.597
498.788	71.577	22.345	54.719
498.319	74.596	22.513	51.651
498.176	73.693	23.466	50.953
497.591	73.204	24.250	51.337
497.825	73.971	23.662	51.460
498.580	73.697	23.127	49.634
499.704	72.088	22.484	51.053
499.360	72.501	22.436	52.599
499.771	70.194	21.697	54.746
499.982	71.958	20.478	53.157
499.765	72.397	20.789	51.431
499.695	72.707	21.115	49.815
499.834	73.127	21.044	50.124
499.211	72.486	21.449	51.203
499.040	71.624	21.486	51.966
499.291	71.349	21.646	52.762
499.064	70.378	21.791	53.341
499.261	71.508	21.588	52.152
499.484	71.252	21.729	51.763
499.976	73.144	21.168	51.104
500.264	71.778	21.014	50.330
500.002	74.070	21.711	50.587
499.615	69.495	22.755	53.768
500.277	70.888	22.839	52.559
501.040	69.268	23.348	53.351
500.741	68.840	23.292	54.111
502.824	68.406	19.756	53.972
503.225	68.147	19.084	54.659
503.517	67.482	19.741	55.105
504.099	68.216	19.661	54.128
504.287	68.573	19.739	53.116
505.006	69.251	19.475	51.793
505.454	68.795	20.000	51.536
505.365	68.541	19.803	50.824
506.004	67.304	19.215	51.028
506.930	66.426	18.587	52.049
507.138	66.155	18.258	54.230
507.323	65.901	18.643	54.799
508.112	66.034	18.339	54.142
509.233	67.751	18.414	52.134
509.516	67.119	18.777	52.643
509.620	67.182	19.515	52.597
509.429	66.128	20.096	53.144
509.928	66.805	19.274	53.026
510.686	65.996	18.626	54.056
510.268	65.609	19.320	53.982
510.592	65.594	20.869	53.726
510.741	66.757	21.379	52.321
511.029	66.263	19.820	52.828
511.443	66.573	20.498	51.071
511.518	66.181	21.879	51.389
512.186	65.628	20.594	50.853
512.363	65.092	20.349	52.829
512.241	64.016	20.313	53.612
511.404	64.336	22.412	53.160
511.525	64.739	20.652	52.619
511.148	65.706	23.686	51.432
511.767	65.501	22.585	51.305
512.243	65.342	22.789	51.158
512.669	64.573	21.470	51.997
512.190	63.815	22.747	52.575
512.080	63.052	22.723	53.418
512.408	63.192	20.630	53.238
512.297	63.060	21.534	52.983
512.342	63.419	20.809	52.563
512.343	63.893	20.858	52.068
511.877	63.862	20.267	50.747
511.498	62.974	20.632	51.958
511.404	62.362	20.050	50.779
512.384	61.139	18.933	51.305
511.016	61.164	21.174	50.652
510.592	60.648	19.068	52.131
509.550	61.337	18.933	50.767
508.123	59.158	19.333	50.963
508.129	59.271	19.619	50.381
506.037	58.940	20.866	50.575
507.382	59.435	20.574	49.772
508.006	59.684	19.819	50.658
507.463	60.332	20.492	50.160
507.367	60.236	20.718	49.670
507.002	59.497	21.004	51.476
506.262	58.464	21.213	51.224
506.556	58.538	20.721	50.512
506.194	58.262	20.369	50.309
505.411	58.306	19.589	50.713
505.456	57.887	20.145	52.679
505.882	58.198	18.574	51.634
505.400	57.860	18.849	51.752
504.481	57.764	19.315	52.446
504.426	58.057	19.154	50.189
503.356	57.689	20.040	49.454
502.936	56.831	20.295	49.597
503.202	55.788	20.120	50.069
502.731	56.455	21.109	50.346
502.224	56.702	22.332	49.150
501.940	57.496	22.455	47.925
501.494	57.734	23.095	47.265
502.098	57.962	22.453	48.576
501.887	57.196	23.330	49.271
502.480	57.307	22.636	48.219
502.723	56.983	22.263	48.103
502.968	55.557	21.789	49.999
503.054	55.291	21.517	50.690
503.863	56.077	19.707	49.544
503.723	56.944	19.418	48.339
503.316	57.014	20.335	46.274
503.630	56.944	19.683	46.786
502.628	56.456	21.048	47.963
502.613	56.270	20.267	46.713
503.267	55.756	18.875	46.453
503.115	55.009	19.194	47.307
503.074	54.735	20.105	48.536
501.208	55.354	21.897	46.668
500.291	55.047	23.153	45.554
500.282	54.820	22.698	45.376
500.362	54.519	22.909	45.758
499.763	54.257	23.254	47.571
500.021	54.392	23.300	47.318
500.197	54.268	22.987	47.356
500.112	53.366	22.494	47.301
499.693	53.500	21.973	44.644
499.151	53.250	22.286	46.644
499.252	53.071	21.654	46.832
498.907	54.294	21.581	45.920
498.243	56.325	22.398	46.162
498.194	53.938	21.812	47.763
498.255	54.143	22.166	46.878
497.725	53.715	21.182	46.395
497.306	52.363	21.899	45.676
497.216	52.140	21.795	46.617
496.639	52.393	22.329	46.410
496.693	52.756	22.527	45.966
496.854	55.194	22.626	44.788
496.038	53.707	22.698	44.737
496.779	53.621	21.849	44.314
496.260	53.282	22.631	46.968
496.381	53.338	22.266	45.361
496.225	52.967	22.650	46.595
496.219	52.002	21.093	47.044
496.591	52.218	19.619	47.258
496.570	52.253	19.740	48.749
495.924	53.409	20.409	47.397
495.797	52.632	20.438	48.474
495.287	52.578	19.582	48.861
494.541	52.121	19.859	49.008
493.970	51.533	19.843	48.062
493.791	51.278	19.810	49.202
493.692	51.104	20.184	49.069
493.014	51.253	21.217	49.019
492.491	51.799	21.552	48.761
492.276	51.938	22.085	47.583
492.123	51.912	21.324	47.879
491.779	51.991	20.785	47.043
491.356	51.899	20.803	47.772
491.317	51.861	20.806	47.031
491.382	51.146	21.282	48.004
491.199	50.024	20.878	47.980
490.693	49.960	20.800	48.597
491.091	49.918	20.658	48.225
490.304	50.580	20.468	46.958
490.113	50.776	20.007	46.959
489.715	50.641	20.922	47.545
489.725	50.536	19.728	47.504
488.439	49.423	20.672	47.460
488.088	48.981	20.758	48.639
488.040	48.985	20.743	48.774
486.891	49.286	21.924	47.900
486.446	49.338	23.067	48.051
486.365	49.668	22.277	46.493
486.365	49.676	21.459	46.025
485.857	50.071	21.150	46.271
485.831	49.935	20.852	46.211
485.727	49.237	20.901	46.220
485.766	48.111	20.777	47.309
484.750	48.228	21.376	47.443
484.538	48.531	21.492	46.682
484.194	48.154	21.697	46.973
484.179	48.915	21.206	46.406
484.200	48.712	21.288	46.850
483.963	48.358	20.968	47.573
483.804	48.191	20.690	47.239
483.715	47.733	20.808	46.451
483.986	46.575	20.383	48.112
483.568	47.154	21.627	46.800
483.435	47.154	21.298	47.125
483.538	47.488	22.464	47.032
483.564	47.820	22.600	45.697
483.661	47.894	21.354	46.691
483.752	48.124	21.938	45.774
484.511	48.014	21.035	45.337
484.589	47.788	21.834	45.712
484.831	47.636	20.555	46.124
485.188	46.508	20.909	47.264
484.725	46.178	19.597	47.535
484.908	46.577	19.398	45.901
484.470	47.435	20.632	44.740
484.487	47.884	20.441	44.166
485.071	47.339	19.898	44.146
485.603	46.592	18.845	44.168
485.258	46.071	19.870	44.472
484.867	46.274	19.962	44.188
484.792	46.350	20.692	44.705
484.894	46.601	20.575	44.264
484.949	46.983	20.395	43.382
485.200	47.588	20.598	43.406
485.231	47.228	21.076	43.811
485.220	46.308	19.805	44.927
485.169	46.770	20.025	43.555
485.509	46.270	19.838	43.991
486.042	46.097	19.781	43.454
485.560	45.513	18.896	43.648
485.042	46.604	19.557	43.214
484.542	46.660	19.343	43.290
484.848	46.365	19.304	43.364
484.487	45.340	19.259	44.836
484.859	43.905	17.946	45.597
483.729	44.664	19.641	44.450
483.477	44.081	20.037	44.892
482.970	44.810	20.631	43.665
483.081	44.320	20.355	44.468
482.297	45.148	22.868	43.376
481.992	45.453	22.780	42.762
482.455	45.249	22.344	43.444
481.855	46.227	22.246	42.154
483.071	44.811	19.976	43.534
483.603	44.102	18.927	44.401
483.630	43.619	18.357	44.702
483.337	43.945	18.258	44.490
482.788	43.885	18.310	43.905
482.760	43.530	18.237	44.288
482.727	44.155	18.205	43.542
482.714	44.562	18.197	43.357
481.321	44.095	18.430	43.018
481.782	43.111	18.171	44.073
481.676	42.700	17.932	44.496
481.583	43.156	17.445	43.874
481.272	43.187	18.738	43.311
480.643	43.606	19.033	43.094
480.449	44.693	19.956	42.406
479.943	44.410	20.824	42.550
480.575	43.437	20.658	43.425
481.019	43.548	19.448	42.952
479.705	43.210	19.948	42.867
479.183	43.350	20.440	42.396
480.966	42.377	17.622	43.486
481.287	42.305	16.813	43.398
481.099	42.051	16.321	43.393
480.344	43.466	16.736	42.056
479.854	43.217	17.355	42.191
480.212	43.440	16.915	41.999
479.401	41.850	16.661	43.229
479.162	41.938	16.591	42.800
479.495	42.388	16.850	42.361
478.943	41.898	17.448	41.824
477.902	41.898	18.096	42.295
478.199	41.951	18.508	42.477
477.443	42.731	19.591	41.290
477.171	42.853	20.018	41.127
477.075	42.598	19.231	40.784
477.573	42.125	19.463	41.211
476.851	42.052	19.582	40.385
476.844	41.774	19.186	40.997
478.303	39.877	17.191	42.752
478.123	40.815	17.275	41.590
477.971	40.565	16.997	42.123
477.364	40.770	17.380	42.126
477.687	40.763	17.209	42.333
477.456	40.995	17.533	42.333
477.502	40.536	16.832	41.942
477.273	39.789	16.174	42.771
477.012	39.638	16.541	42.660
477.212	39.586	16.722	42.368
476.975	39.609	17.109	42.004
476.322	39.295	17.199	42.298
475.005	40.456	18.543	41.387
475.495	41.036	19.321	40.583
475.767	40.967	19.279	40.861
475.561	40.781	20.141	40.735
476.672	39.719	17.810	41.463
477.002	38.868	17.426	41.854
476.894	38.584	17.059	41.798
477.032	38.671	16.734	42.173
477.532	39.350	16.749	41.079
476.874	39.476	17.452	40.870
476.665	39.341	17.467	40.667
476.106	39.725	18.047	40.306
476.212	39.378	17.771	40.517
477.002	38.893	16.542	40.724
477.183	38.451	15.865	40.881
477.736	37.843	15.949	41.002
477.121	37.686	16.400	40.502
476.859	37.504	17.420	40.447
476.170	37.718	18.894	40.378
475.680	38.004	19.202	40.520
475.017	38.633	19.444	39.715
474.272	39.001	21.052	39.337
474.327	38.684	20.670	39.848
474.245	38.110	20.241	40.037
475.506	36.857	18.335	40.709
476.020	37.898	18.022	40.534
476.509	36.519	17.334	42.531
475.591	36.980	17.936	41.642
475.299	37.955	18.022	40.972
474.999	37.393	18.724	41.868
474.829	37.925	19.118	40.962
474.443	37.346	18.846	41.815
474.013	37.526	19.305	41.749
473.542	36.821	18.969	41.280
474.417	36.088	18.201	41.419
474.582	36.325	17.741	41.113
474.127	36.219	18.373	41.514
473.548	36.797	19.665	40.068
473.233	37.132	19.957	39.718
472.889	36.982	20.851	39.996
472.624	37.260	21.144	39.857
472.662	36.752	20.724	40.045
472.815	36.425	20.519	40.578
472.990	35.614	20.175	41.463
473.887	35.594	18.866	40.990
473.474	35.924	18.535	40.474
473.254	36.501	18.361	39.741
472.955	36.340	18.881	39.671
472.999	36.243	19.157	39.732
473.299	36.377	18.061	39.088
473.345	36.365	18.003	39.153
472.479	36.062	18.573	39.366
471.987	35.637	19.119	39.990
472.478	35.558	18.068	38.727
472.609	35.921	18.548	39.185
472.495	36.373	19.088	38.490
472.203	36.402	18.920	38.031
471.451	36.734	20.140	37.630
471.300	36.495	21.339	38.650
471.248	35.919	20.840	39.108
471.088	35.907	20.931	39.039
471.185	35.645	20.541	39.463
471.112	35.258	20.231	39.801
471.707	35.439	18.809	39.515
471.636	35.035	18.158	39.224
471.412	35.549	17.898	38.527
471.307	35.728	17.689	38.936
471.610	36.461	17.200	38.186
470.760	35.856	18.068	37.346
470.234	36.282	18.603	37.248
470.152	36.054	18.781	37.232
470.143	36.005	18.353	37.110
469.851	34.806	18.382	38.968
470.307	35.380	18.107	38.012
470.078	36.055	18.659	37.303
469.457	36.545	19.455	36.435
468.658	37.067	20.506	36.202
468.774	36.989	19.860	36.444
468.584	36.259	20.324	36.828
468.487	36.268	20.128	36.934
468.432	36.178	20.738	37.093
468.290	35.392	20.173	37.359
467.736	35.728	20.331	37.031
468.249	35.974	18.897	36.861
468.108	35.187	18.916	37.296
468.448	35.846	18.489	37.064
467.820	36.492	18.651	35.711
467.156	37.167	19.140	34.666
466.833	34.983	18.760	35.695
466.792	34.854	18.445	35.428
467.792	33.203	17.245	37.758
467.383	33.253	17.714	38.354
467.045	34.251	17.875	37.328
466.728	34.936	18.661	36.666
465.683	35.279	19.804	35.654
465.435	35.922	20.718	35.053
465.576	35.456	20.458	35.623
465.719	35.332	20.773	36.035
465.750	35.062	19.300	36.202
464.811	34.003	19.807	36.806
464.832	33.232	18.881	37.740
465.568	33.377	17.321	37.543
466.111	33.730	16.730	36.551
466.185	34.009	16.468	37.183
466.072	34.121	16.520	36.852
465.238	33.247	17.414	37.145
464.109	33.109	17.872	35.827
463.655	33.409	18.115	35.214
463.155	33.808	18.361	34.562
463.771	33.490	17.538	36.353
464.578	33.119	17.368	37.445
464.349	33.318	17.855	36.879
464.238	33.500	17.797	36.732
463.677	33.435	18.597	35.904
463.342	34.067	19.087	35.441
463.399	33.958	18.897	35.479
463.291	33.339	19.309	36.286
463.126	33.106	19.637	36.149
463.691	32.122	18.082	37.276
464.290	32.369	16.913	37.401
464.114	32.633	17.010	36.825
464.256	33.162	16.368	35.740
464.588	32.914	16.090	35.878
464.358	33.590	16.260	34.963
463.733	32.479	17.112	34.191
463.857	32.934	16.875	33.846
463.900	32.746	17.109	33.539
463.642	32.554	18.080	35.588
464.002	32.119	17.495	36.243
464.189	32.508	17.346	35.921
463.712	33.333	18.007	34.979
463.649	33.820	18.496	34.058
463.893	33.392	17.647	34.396
463.647	33.899	18.104	33.947
463.999	33.758	17.698	34.041
464.278	33.333	17.679	34.718
464.315	33.575	17.110	34.641
464.388	33.492	16.516	34.709
464.995	33.630	15.898	34.243
465.456	33.685	15.844	33.663
465.569	33.996	15.510	32.866
465.317	33.936	15.774	32.610
464.170	34.106	16.544	30.363
463.919	34.080	16.261	31.311
464.153	34.289	15.843	31.020
464.298	33.670	16.134	32.855
464.515	32.959	16.471	33.914
464.213	33.636	16.484	33.201
464.289	33.719	16.222	33.079
463.640	33.779	16.900	32.930
463.465	33.099	16.689	33.122
463.368	33.397	16.378	33.068
463.446	33.122	16.694	33.038
463.642	33.612	16.415	33.116
463.962	32.982	15.932	33.253
464.232	32.675	15.571	33.851
464.622	32.756	15.063	33.599
464.842	33.083	14.947	32.992
463.949	33.799	16.217	31.717
464.134	33.863	16.265	31.608
463.168	33.820	17.100	31.017
463.908	33.218	15.746	31.360
463.286	32.846	15.831	31.560
463.776	33.112	15.361	31.953
463.846	31.894	15.360	34.216
463.695	31.664	15.808	33.939
463.225	31.605	15.768	34.019
463.287	32.090	16.129	32.925
462.974	31.465	16.297	33.596
462.549	31.650	16.665	33.301
462.408	31.834	16.521	32.621
462.864	31.167	16.145	33.476
462.870	31.466	15.272	33.132
463.045	31.168	15.327	33.679
463.317	30.933	14.931	33.999
463.290	30.388	15.122	33.287
463.229	30.671	15.019	33.100
463.045	30.743	15.327	32.625
463.012	31.146	14.824	32.148
462.452	30.937	15.365	30.842
462.600	30.871	15.704	30.818
462.237	30.695	15.829	32.155
462.514	30.557	15.676	33.599
461.880	30.793	16.256	32.417
461.567	30.387	16.159	33.665
461.690	30.532	16.232	32.909
461.388	30.675	16.961	32.728
461.205	30.110	16.788	33.210
460.964	30.402	17.066	33.158
461.065	30.748	17.705	32.600
460.672	30.373	17.137	32.886
460.163	30.515	17.032	32.954
460.382	29.659	16.779	33.856
461.171	29.819	16.373	33.360
461.419	29.245	16.156	34.086
461.345	30.014	15.926	33.299
461.050	30.009	15.881	32.509
460.893	30.187	16.047	32.316
460.738	30.142	15.921	31.089
460.750	30.286	16.805	32.037
459.671	29.524	16.650	33.511
460.841	29.408	17.328	32.547
460.014	30.184	16.663	33.135
460.437	30.028	17.001	32.972
460.564	30.035	16.887	32.095
460.580	29.660	16.913	32.635
