572.000	29.000	15.000	35.000
572.400	28.253	15.010	36.972
572.004	28.168	14.814	36.434
572.079	27.439	15.091	37.753
571.251	28.417	14.975	36.276
571.610	28.950	15.184	36.559
571.507	29.448	15.296	36.563
571.639	29.284	15.284	36.212
571.346	28.850	15.212	37.181
571.729	28.947	14.590	36.834
571.013	28.339	15.484	37.065
571.089	28.183	15.366	37.639
570.773	27.613	15.642	38.013
570.780	28.624	15.504	37.687
570.983	29.219	15.222	37.087
571.111	28.795	14.555	38.485
571.053	29.187	14.524	37.899
570.267	28.938	15.204	38.004
570.061	28.870	15.786	38.716
570.229	28.638	15.099	37.106
569.824	28.505	15.153	37.678
569.611	28.130	15.356	38.441
569.133	28.189	15.931	39.011
569.318	28.783	15.982	36.937
569.181	28.484	16.248	38.486
569.311	28.627	16.011	38.128
569.051	29.066	16.095	38.184
569.230	29.988	16.099	36.751
568.967	29.789	16.668	37.555
568.993	28.518	16.211	37.498
568.923	28.573	16.212	38.122
569.399	28.865	15.535	38.186
569.117	29.265	16.029	36.862
569.257	29.211	16.024	37.212
569.377	29.007	15.808	38.483
569.236	29.290	15.849	38.407
569.206	29.512	15.738	38.458
568.652	29.563	15.517	38.364
568.733	29.763	15.419	39.037
568.279	29.673	15.928	37.788
568.202	29.922	16.072	37.578
568.079	30.275	16.216	37.054
567.907	29.671	16.276	38.054
567.810	29.841	16.310	37.406
568.096	29.829	15.622	38.270
568.293	29.984	15.913	38.729
568.176	30.384	16.120	37.856
568.422	30.595	16.373	38.434
568.116	30.498	16.432	38.206
568.427	30.262	16.226	37.687
568.517	29.958	16.157	37.023
568.411	29.994	15.804	37.880
568.329	29.904	15.965	37.676
568.551	30.169	16.545	38.561
568.499	30.476	16.180	37.786
568.628	30.342	16.276	38.133
568.489	30.565	15.958	39.199
568.264	30.885	16.170	38.302
568.081	30.795	16.247	38.151
568.087	30.576	15.607	38.166
567.977	30.497	15.861	38.527
567.842	30.218	15.785	38.643
567.850	30.142	15.597	38.962
567.512	29.937	15.915	38.266
567.009	29.844	15.906	39.616
566.990	29.744	16.228	39.760
567.309	29.877	15.689	40.120
566.979	29.972	16.184	40.014
566.801	30.522	16.573	39.662
566.542	30.946	16.845	38.562
566.376	31.116	16.799	38.363
566.706	31.021	16.010	38.166
566.320	31.087	16.461	37.732
566.320	30.482	16.358	39.111
566.371	31.106	16.148	38.131
566.404	30.475	16.151	39.606
566.158	30.334	15.361	40.736
566.053	30.486	15.543	40.857
565.351	30.876	15.357	40.441
565.299	30.870	15.441	40.903
564.084	31.080	16.503	39.392
563.821	30.996	16.057	38.999
563.355	30.727	15.926	39.069
563.182	31.402	16.353	39.385
562.668	30.843	16.406	39.324
561.535	31.477	17.213	38.543
561.635	31.245	16.539	37.962
561.573	31.307	16.528	39.551
561.098	31.555	16.657	39.273
560.319	32.387	17.562	38.356
560.199	32.676	17.217	37.576
559.974	32.490	16.735	38.152
559.770	32.463	17.018	38.059
560.179	31.457	16.424	38.843
560.038	32.305	16.644	38.213
560.017	31.946	16.537	39.375
559.933	32.111	15.763	39.187
559.590	31.458	15.695	38.898
559.418	32.024	15.703	40.008
559.337	32.120	15.606	40.263
558.783	32.084	15.301	40.137
558.001	31.823	15.097	41.163
558.032	31.254	15.048	41.115
557.176	31.954	15.843	39.433
556.627	32.076	16.305	38.817
556.032	31.584	16.158	39.861
555.582	31.345	16.148	40.471
555.191	32.339	16.259	39.218
554.832	32.147	16.712	40.163
554.021	32.600	17.321	40.468
553.221	32.753	17.803	38.624
553.935	32.532	16.555	39.695
553.514	32.387	17.294	40.718
553.310	32.513	17.233	40.208
553.202	32.594	17.201	41.052
553.186	32.033	17.026	41.398
553.104	32.833	16.314	40.462
552.819	32.114	16.420	40.555
552.457	32.383	16.804	39.858
552.360	32.500	16.262	41.014
551.458	32.897	16.264	41.486
550.601	32.887	16.295	39.397
549.652	32.829	16.869	40.366
549.674	33.026	16.353	40.226
548.581	32.696	16.883	39.880
547.496	32.400	17.476	39.105
546.918	32.298	17.619	39.840
546.174	32.816	17.883	39.683
545.162	33.181	17.987	40.071
544.751	33.113	17.982	40.770
543.584	33.808	18.124	38.918
543.234	33.899	18.213	40.272
542.834	34.179	18.127	40.881
542.850	33.726	17.429	39.990
542.401	34.077	17.436	40.167
542.278	33.352	16.819	40.430
542.416	32.442	17.019	41.802
542.318	33.203	16.206	40.484
541.669	34.412	16.779	40.010
541.111	34.385	16.508	41.470
540.938	34.139	17.023	41.376
539.900	35.196	17.582	41.103
539.537	35.167	18.699	39.622
538.699	35.553	18.936	39.020
538.018	35.387	16.734	39.984
536.350	35.628	18.858	39.419
536.042	35.896	18.004	38.948
535.614	35.799	18.071	38.461
535.078	35.850	18.074	38.567
534.483	35.970	17.802	40.510
532.942	36.289	18.684	39.195
532.482	36.753	19.000	39.615
532.206	36.870	19.463	39.457
531.941	36.043	19.751	39.454
531.138	36.042	19.698	39.387
531.057	35.224	19.658	40.627
531.097	35.225	19.437	41.278
530.815	35.254	19.118	41.530
530.807	36.216	18.741	40.660
531.211	35.957	18.423	40.544
530.847	35.775	17.381	41.487
530.810	35.350	17.382	40.897
530.106	35.202	18.026	41.573
529.695	35.003	17.597	41.786
528.646	35.544	18.525	40.472
527.882	35.054	18.673	40.682
527.332	35.051	19.347	40.655
527.559	34.953	19.040	41.625
526.738	34.978	19.316	40.704
526.153	34.839	19.475	41.136
525.862	35.644	20.015	41.117
525.735	35.395	20.283	41.587
525.636	35.752	20.187	41.096
525.256	35.114	19.754	40.849
525.036	34.795	19.536	41.575
524.790	35.183	18.274	41.204
524.757	34.890	18.681	41.387
524.409	34.660	18.139	41.574
524.064	35.003	18.370	41.650
523.463	34.731	18.435	42.912
523.078	35.184	19.190	43.139
522.688	35.529	17.994	42.637
521.967	35.571	18.680	43.440
521.184	35.709	19.057	43.177
520.840	35.219	18.768	43.590
519.811	34.495	18.794	43.463
519.184	34.646	19.366	43.694
518.701	34.873	19.481	44.073
518.069	35.255	19.917	42.548
518.042	35.464	19.487	43.294
517.200	35.710	20.101	42.480
516.352	36.560	20.279	41.959
516.597	36.425	19.446	42.306
515.669	36.575	20.033	41.714
515.742	36.079	19.852	42.569
515.677	35.815	19.512	43.052
515.935	35.694	19.831	44.162
515.277	35.981	19.749	42.746
515.197	35.785	19.833	43.553
514.686	35.946	18.658	43.446
514.656	36.780	17.673	44.349
514.293	36.413	18.383	43.750
514.040	36.495	18.500	45.143
513.801	36.641	18.927	43.937
513.053	37.019	19.013	43.912
512.292	36.721	19.485	43.589
511.602	37.394	19.396	42.862
511.475	36.606	19.525	43.312
510.602	36.322	19.619	44.365
510.131	36.801	19.699	43.862
509.054	36.524	20.538	42.753
508.959	36.893	20.075	43.890
508.873	37.154	20.048	44.086
508.240	37.380	20.087	43.895
509.294	37.270	19.422	43.629
508.352	37.228	20.143	43.475
508.463	37.261	19.313	42.714
508.778	37.261	19.554	44.135
508.452	37.490	18.868	43.783
508.506	37.930	18.402	42.513
508.123	37.566	17.929	44.101
507.533	37.813	17.992	44.379
507.954	37.862	17.722	44.501
507.848	37.601	17.201	45.275
507.009	38.158	18.019	44.565
506.369	37.862	19.183	45.122
505.937	38.034	19.247	44.673
505.563	38.200	19.959	43.857
504.899	38.655	20.109	43.591
504.676	38.077	19.933	42.983
504.243	37.755	20.786	44.278
503.982	38.110	20.746	43.740
504.131	39.061	20.101	43.289
504.008	39.402	19.979	42.689
503.301	38.823	20.668	43.162
504.408	39.178	19.684	43.300
503.929	38.484	19.160	43.796
503.750	38.940	20.156	43.527
503.629	38.481	20.413	43.701
503.339	38.620	20.208	44.392
503.585	39.444	19.197	44.252
503.619	39.693	18.237	43.717
503.211	39.444	18.824	44.615
502.920	40.622	18.950	44.415
502.685	40.666	18.658	43.954
501.626	41.180	19.259	43.488
501.443	40.222	19.370	44.910
500.391	40.094	20.140	43.914
500.143	40.246	20.186	44.085
499.752	39.506	20.706	44.719
498.712	39.701	21.826	44.637
498.472	40.021	21.979	44.508
498.046	40.245	21.848	43.980
498.262	39.935	21.123	44.976
497.550	39.773	21.850	44.919
497.563	40.627	21.548	44.715
497.100	40.403	21.207	44.147
497.228	40.505	21.186	44.377
496.845	40.489	20.672	43.946
496.691	40.137	20.360	45.966
496.312	39.889	20.197	45.358
496.586	40.087	19.579	45.412
496.542	41.068	19.196	45.206
496.024	40.456	19.504	46.212
495.650	41.389	19.058	45.180
495.107	41.518	18.382	45.894
494.154	41.468	19.839	45.396
493.749	41.631	19.866	44.740
492.916	41.827	19.867	44.777
492.576	41.163	20.393	44.557
491.804	41.477	20.719	43.396
491.650	40.834	20.776	44.069
491.169	40.394	20.934	44.695
490.689	41.098	20.992	44.365
490.637	41.404	20.648	44.194
490.169	41.669	21.233	44.197
489.715	41.493	20.943	44.301
489.850	41.661	20.339	43.809
489.401	41.191	21.112	44.641
489.256	41.384	20.702	44.591
489.193	40.868	20.485	44.784
489.228	41.431	20.302	44.302
489.154	41.239	19.887	45.181
488.680	40.962	20.225	45.269
488.365	41.078	20.214	46.179
488.312	40.818	20.271	46.591
487.947	42.119	19.479	45.469
487.601	41.195	19.974	46.311
486.870	41.884	20.128	45.405
486.378	41.472	20.778	45.489
485.625	41.080	20.933	45.900
485.434	41.186	20.675	45.560
485.390	40.895	21.165	45.967
484.756	41.233	21.330	45.910
484.649	41.162	21.340	45.541
484.575	41.344	21.170	46.031
484.332	41.436	20.973	45.659
483.889	41.497	21.045	45.615
483.612	41.497	21.297	45.573
483.563	41.354	21.417	46.219
483.651	41.015	21.281	46.205
483.269	41.071	21.290	46.092
483.095	41.468	21.392	45.565
482.809	40.945	21.411	46.408
482.924	41.374	20.963	46.963
482.500	41.814	21.057	46.129
482.386	41.750	21.385	47.091
481.988	41.620	21.176	47.063
481.355	41.730	21.268	47.143
481.120	41.334	21.289	47.571
480.530	41.044	21.336	48.090
480.147	41.644	20.982	46.924
480.018	41.391	21.166	47.642
479.365	41.331	21.574	47.273
479.347	41.693	20.911	46.854
478.883	41.178	21.674	47.534
478.727	41.520	21.270	47.359
477.895	41.790	22.065	47.376
477.693	42.363	21.833	47.126
477.589	42.736	21.502	46.723
477.733	42.992	21.281	45.537
477.609	43.136	21.292	46.105
477.465	42.616	21.692	46.308
477.612	42.802	20.870	47.014
476.725	43.560	21.484	45.940
476.926	43.651	20.558	46.325
476.644	43.705	21.257	46.617
476.142	43.821	20.992	46.747
475.479	43.528	20.828	47.505
475.063	44.136	21.238	46.648
474.910	43.850	21.129	47.089
474.140	43.872	20.921	46.739
474.032	43.870	20.653	46.339
473.439	44.102	20.867	46.092
473.073	43.801	21.002	46.117
472.675	43.356	20.811	47.002
472.433	43.596	20.703	47.240
472.095	43.853	20.536	46.907
471.746	43.886	20.034	46.938
471.903	44.271	19.861	47.441
471.818	44.933	19.493	46.961
471.489	44.494	20.219	46.686
471.125	44.897	20.917	46.001
470.973	44.865	20.888	45.718
471.048	45.180	20.989	45.528
471.040	44.399	20.626	46.879
470.701	44.610	20.625	47.392
470.830	45.312	20.531	46.707
470.332	44.506	20.921	47.706
470.486	45.003	20.570	47.543
470.052	45.218	20.506	47.149
469.994	44.832	20.547	47.860
469.853	45.219	20.259	46.934
469.374	45.064	20.365	47.019
469.416	44.935	20.624	47.256
469.191	44.799	21.145	47.828
469.287	44.895	20.667	47.384
469.052	44.977	20.012	48.028
469.278	45.358	19.806	47.486
469.020	45.886	19.761	46.576
469.101	46.139	19.556	46.276
469.054	45.857	19.709	46.908
469.183	45.784	20.051	46.800
469.088	46.023	19.823	46.129
469.225	45.736	19.345	46.982
469.141	46.395	19.196	46.594
469.032	46.120	18.858	47.255
468.662	46.002	18.681	46.897
468.402	46.887	18.954	46.442
468.811	46.671	18.210	47.197
468.759	47.217	17.863	46.451
468.120	47.363	17.670	47.272
467.707	47.281	17.714	47.497
467.498	47.002	17.644	47.596
467.065	46.855	17.461	47.262
466.974	46.708	17.691	49.324
466.658	46.595	17.641	51.348
466.686	46.274	17.619	52.065
466.736	46.333	17.604	52.210
466.416	47.162	17.578	53.153
464.887	48.234	18.708	53.462
464.115	48.632	20.221	52.888
463.574	49.566	20.696	50.297
465.090	49.324	19.836	49.139
464.768	49.227	19.667	47.004
465.463	49.976	19.195	45.711
465.310	49.930	19.257	45.924
465.279	49.434	19.264	46.068
464.862	49.908	19.375	46.226
464.285	50.351	19.383	45.205
464.363	50.229	18.921	45.563
463.769	50.709	19.511	45.229
463.328	51.173	20.000	44.692
463.129	51.044	19.971	45.342
462.534	50.111	19.850	46.006
461.988	50.179	20.118	46.218
461.055	49.073	20.425	46.592
461.225	50.071	19.984	46.817
460.621	49.930	20.364	46.675
460.667	49.785	19.999	47.161
460.283	50.730	19.955	45.754
460.075	50.554	21.027	46.548
460.193	50.632	20.317	45.656
460.024	50.395	20.633	46.105
460.056	50.648	19.979	46.234
459.776	50.975	20.405	45.929
459.609	50.710	20.575	46.428
459.769	51.133	20.092	45.955
459.450	50.943	20.313	46.327
459.587	50.785	19.411	46.049
459.975	50.407	18.857	47.252
459.870	50.560	18.065	46.672
459.172	51.415	18.811	46.330
458.995	51.700	18.534	46.159
458.384	51.789	19.303	46.360
457.911	51.730	19.071	46.566
457.495	50.720	19.480	47.769
457.621	50.821	18.374	47.586
457.193	51.170	18.157	47.249
456.629	51.269	18.785	47.197
456.183	52.100	18.412	46.489
455.236	52.478	19.498	45.922
455.215	52.093	18.721	46.438
454.672	52.269	18.560	46.493
454.507	52.711	18.730	46.455
453.964	53.740	18.545	45.011
453.151	54.240	19.649	44.304
452.723	54.320	19.281	44.122
452.116	53.667	19.386	45.161
451.897	54.075	18.926	44.795
451.850	54.163	18.641	44.725
451.761	53.784	18.074	45.770
451.075	54.487	18.391	45.346
450.593	54.865	18.365	45.133
450.305	54.907	18.565	44.930
449.888	55.112	18.477	45.585
449.470	54.876	18.579	46.106
448.852	54.091	18.613	46.576
448.880	54.721	18.195	45.693
448.216	53.925	18.097	46.235
447.475	54.050	18.916	46.241
447.352	54.261	18.931	46.331
447.470	54.322	18.385	46.569
446.598	55.353	18.304	45.748
445.498	55.291	19.415	45.960
445.308	54.736	19.383	46.418
444.844	55.195	20.090	46.395
445.173	55.474	18.992	46.664
444.747	54.939	18.759	46.700
444.778	54.340	18.797	47.456
444.334	54.539	18.557	47.704
444.295	53.769	18.094	48.563
443.071	53.923	18.932	48.252
442.788	54.817	18.711	47.566
442.445	55.459	18.602	47.177
442.225	56.131	18.483	47.079
441.531	55.727	18.860	47.569
441.045	55.947	18.432	47.085
441.105	55.818	17.902	47.199
440.363	55.850	17.539	47.294
440.021	54.862	17.444	48.387
439.864	55.137	17.117	48.845
439.148	55.133	17.115	49.103
438.581	55.522	16.960	48.223
438.157	56.077	17.620	47.954
438.288	55.757	17.107	48.457
438.463	56.591	17.298	47.950
437.129	56.024	18.008	48.228
436.929	56.511	18.007	47.899
432.612	57.319	19.313	48.131
431.243	57.212	19.093	49.009
430.536	57.159	19.068	49.101
429.547	57.221	18.477	49.252
428.489	57.548	18.911	49.065
428.379	57.431	18.616	48.851
427.525	56.172	19.304	49.716
427.186	57.076	19.012	48.855
426.797	56.859	18.921	49.674
425.924	58.025	19.381	48.629
425.696	58.064	19.687	49.041
424.673	58.503	19.701	48.926
424.377	58.121	19.981	49.074
423.864	58.220	19.925	49.188
423.287	58.460	19.746	49.313
422.464	59.207	20.048	48.994
421.661	58.794	20.591	49.957
421.062	59.521	20.600	49.589
420.407	59.513	20.961	48.838
419.566	59.961	20.888	48.719
419.358	60.469	19.926	48.179
419.017	59.459	20.168	49.082
418.263	60.337	19.888	48.548
418.075	60.188	18.421	49.017
417.361	58.875	18.589	50.301
417.248	58.392	17.961	51.082
416.928	57.913	17.528	52.066
416.045	59.190	16.919	50.515
415.175	59.552	17.161	50.498
414.428	59.328	17.862	50.722
414.440	59.321	17.056	50.423
412.314	57.944	18.985	52.174
410.977	58.452	20.030	51.996
409.945	60.443	20.555	48.949
409.980	59.569	19.500	49.820
409.339	59.525	19.864	50.557
407.309	59.530	21.276	51.332
407.519	59.339	20.751	51.072
406.158	59.898	21.293	50.835
405.333	60.688	21.951	51.149
404.764	60.532	21.945	51.915
404.224	59.558	21.743	52.621
403.004	60.021	20.981	51.507
402.716	60.015	20.778	51.445
402.451	58.741	19.975	53.120
402.612	59.793	19.311	52.424
402.753	58.704	17.733	53.711
402.237	59.452	17.609	52.022
402.173	59.242	17.110	52.658
401.618	59.314	16.710	52.844
401.573	59.476	16.658	52.542
400.498	58.984	18.395	53.319
399.822	59.345	18.534	52.458
398.619	59.740	18.989	52.005
398.351	59.813	19.188	51.887
397.664	58.991	20.123	54.075
396.382	59.004	20.518	53.733
395.561	58.911	20.540	54.043
395.375	60.226	20.263	52.779
394.638	60.075	20.712	52.851
394.028	59.998	20.359	52.653
393.059	60.810	20.202	50.740
392.752	60.399	20.856	51.254
392.898	60.075	20.411	51.682
391.734	61.138	21.191	50.177
391.473	61.366	20.883	50.481
391.920	60.861	20.236	50.143
391.915	60.779	19.817	50.724
390.530	61.892	19.633	50.081
390.003	62.275	19.738	48.648
389.143	61.995	20.439	49.357
389.280	61.754	20.256	48.990
388.637	62.270	20.176	49.889
387.605	62.343	20.727	50.803
386.568	62.366	21.612	50.781
386.417	62.824	21.360	50.541
387.294	62.881	20.330	50.090
388.174	62.650	19.812	49.503
382.618	64.087	20.528	49.163
382.542	63.840	22.749	50.259
380.918	63.403	20.114	50.409
379.200	65.010	19.907	49.147
378.533	65.792	19.429	48.906
377.830	65.545	19.685	49.084
377.304	66.179	19.768	48.193
374.960	67.038	18.699	48.390
374.812	68.399	20.145	46.461
371.794	68.156	18.664	46.344
369.573	68.602	20.026	46.439
366.634	67.865	19.867	47.879
368.338	67.119	20.029	47.867
366.233	67.648	21.113	48.954
363.896	66.203	22.400	49.918
363.423	66.814	21.817	48.776
362.592	65.967	21.801	49.667
362.032	66.801	22.150	49.339
362.030	67.490	21.436	49.213
360.650	67.353	20.083	48.515
358.889	67.830	19.563	48.608
356.328	66.782	17.298	48.941
355.816	68.060	18.398	47.948
355.043	68.196	18.552	47.997
354.598	68.516	18.814	48.613
353.118	68.766	18.690	47.674
352.267	68.646	18.848	48.910
344.364	67.940	20.978	48.220
348.318	68.571	22.333	48.071
336.598	69.138	24.644	48.399
336.807	69.194	23.929	49.541
337.273	67.695	22.196	52.051
336.671	68.039	20.596	51.703
334.005	68.914	22.618	51.442
332.293	68.472	24.118	51.788
330.724	69.108	25.342	51.761
327.398	70.534	25.001	50.891
327.543	70.668	23.896	50.224
327.018	70.366	23.834	50.682
325.299	70.783	21.307	50.301
323.491	70.126	22.058	50.531
322.153	70.746	20.925	49.875
320.338	70.184	20.265	51.646
317.402	70.983	21.828	50.448
314.788	70.715	23.216	50.860
312.728	71.089	24.806	51.144
310.314	71.903	23.621	50.357
309.433	70.299	21.522	51.991
306.928	69.775	23.066	52.437
305.949	69.786	22.304	52.856
304.749	69.989	21.866	52.795
300.852	69.485	24.249	53.366
298.330	70.720	25.505	52.029
296.472	69.076	25.837	54.499
294.516	69.363	27.665	54.069
292.719	69.198	26.968	55.000
290.614	70.022	27.491	53.579
289.399	69.673	24.582	53.747
287.643	68.234	24.580	55.342
284.990	67.897	24.845	55.071
283.350	68.310	25.589	55.064
280.871	69.651	27.946	53.675
279.997	70.097	26.979	53.291
277.609	70.115	28.023	54.087
276.266	70.052	27.790	54.692
275.332	69.784	27.109	53.930
274.818	69.712	24.790	54.337
272.826	68.224	23.638	56.130
270.866	68.128	22.965	56.077
269.227	68.349	23.496	55.440
268.386	68.274	23.615	55.688
264.889	68.598	26.019	55.372
262.913	69.309	27.189	54.086
262.539	69.787	26.349	53.224
260.471	70.124	27.416	53.714
259.330	69.699	26.798	53.167
258.413	68.559	25.846	54.521
257.504	68.292	24.969	53.920
256.647	67.121	22.699	55.975
255.110	66.713	23.779	56.306
254.690	67.710	23.994	54.801
254.021	67.450	23.592	55.704
252.031	68.555	24.418	54.929
250.967	68.827	23.529	54.191
249.962	69.710	22.907	52.874
249.334	67.698	23.482	54.396
247.879	67.799	23.197	54.301
246.678	67.097	22.209	55.416
245.161	67.646	23.327	54.702
244.461	67.424	22.030	55.317
243.101	67.404	22.171	55.169
241.708	67.827	23.114	54.899
241.207	68.397	22.354	54.455
239.711	69.975	22.627	53.961
238.888	71.311	22.716	52.005
239.023	71.421	21.689	52.849
237.437	71.233	22.056	51.921
237.086	71.663	21.243	51.836
237.067	71.556	21.122	51.341
236.426	70.538	21.268	53.157
235.959	71.638	19.908	52.724
235.094	68.543	23.179	56.215
234.828	69.865	21.813	55.023
234.571	70.709	23.423	53.865
235.022	70.671	22.885	55.512
235.157	71.175	22.109	54.062
235.202	71.229	22.096	54.212
235.434	70.959	22.130	54.303
235.711	72.307	22.077	54.062
235.805	71.383	21.941	54.280
235.921	72.380	21.643	54.105
235.971	71.300	21.478	55.162
235.688	72.466	20.931	54.051
236.149	72.857	20.808	54.243
236.934	72.186	20.458	54.912
236.929	73.219	19.774	53.995
237.222	71.314	18.846	56.856
237.140	70.947	19.529	56.960
237.932	69.030	19.716	58.959
238.197	69.180	19.687	58.135
238.587	69.528	19.731	57.973
239.445	68.457	19.930	60.056
239.523	69.698	20.576	58.859
239.958	69.755	20.004	59.859
241.085	70.333	20.084	59.431
241.745	69.991	19.920	60.207
243.522	68.851	19.534	61.415
244.095	69.433	19.537	60.481
244.536	69.772	20.492	59.898
245.313	69.218	21.574	60.633
244.799	70.040	23.031	59.743
245.244	69.949	23.730	59.208
245.294	71.301	22.986	57.591
245.746	72.394	22.990	56.040
246.745	72.394	22.772	57.773
247.746	72.781	22.397	57.646
247.971	73.537	23.069	56.604
248.596	73.485	22.287	56.811
249.318	72.519	21.824	57.654
249.438	73.189	21.715	57.135
249.510	73.559	22.205	57.162
250.681	73.333	20.777	58.550
251.587	72.991	20.811	59.115
251.726	72.991	20.747	59.237
252.424	74.485	20.407	58.266
253.035	74.932	20.121	57.462
254.477	72.793	20.890	59.787
254.125	73.178	21.396	59.404
254.902	72.059	20.674	59.188
255.170	73.573	21.476	58.441
255.472	73.755	20.615	59.408
255.237	74.228	21.483	59.515
255.863	75.416	19.591	57.911
255.765	75.990	20.446	58.523
255.785	76.969	20.938	57.981
255.795	76.964	21.067	57.171
256.107	76.803	20.750	57.730
256.003	76.518	20.351	57.757
255.915	75.841	21.226	58.669
255.037	76.095	21.258	58.432
255.349	76.698	20.970	57.705
255.841	76.570	20.730	58.324
255.154	77.482	21.215	58.201
255.359	76.938	21.438	59.066
255.241	76.700	21.908	59.066
255.190	77.985	21.805	58.159
255.726	78.225	21.471	57.899
255.427	78.905	21.617	57.537
255.541	79.456	21.601	56.352
254.620	79.203	22.325	56.557
254.669	80.024	22.137	56.390
254.217	78.891	22.694	58.266
253.354	79.933	23.003	57.053
252.983	80.938	22.599	55.685
252.618	80.469	22.953	56.787
252.036	80.069	22.768	57.364
251.828	78.852	22.535	58.463
251.183	80.216	22.283	56.951
250.764	80.598	22.171	56.371
250.096	80.239	22.224	56.859
249.985	80.826	22.073	56.563
249.657	81.740	21.766	55.572
249.181	81.556	21.812	55.593
249.431	82.444	21.188	55.413
248.472	82.303	21.794	56.087
248.845	82.799	21.664	55.695
248.512	82.671	21.427	55.907
248.289	82.613	21.976	56.705
247.627	82.172	22.277	56.751
246.910	83.218	23.035	55.337
247.370	82.392	22.770	56.141
246.789	82.752	22.153	55.812
246.765	82.720	22.264	56.259
246.229	83.424	22.711	55.733
245.447	83.924	23.237	55.171
245.772	84.499	22.505	55.035
245.056	84.021	22.752	56.123
244.080	84.147	22.935	55.471
243.579	84.399	23.105	55.797
243.574	83.585	22.464	55.938
242.946	83.418	22.212	56.387
242.536	83.925	22.188	55.913
242.157	83.349	22.331	56.554
241.916	83.495	21.212	56.105
241.558	83.363	20.930	58.153
241.952	81.927	20.363	59.712
242.026	82.735	20.447	59.225
241.495	83.776	20.489	58.817
240.951	83.153	20.705	59.644
240.907	82.817	20.901	59.878
240.874	83.493	20.307	58.780
240.110	82.187	21.359	60.395
240.114	83.687	20.862	59.331
239.147	82.233	22.097	61.706
238.273	83.303	22.190	60.531
238.157	83.422	22.211	60.738
237.471	83.876	22.045	60.155
237.115	84.506	22.073	60.752
236.070	83.728	22.570	61.126
235.604	83.368	22.714	61.867
234.941	82.854	22.453	61.843
234.514	83.461	21.918	61.551
233.917	83.212	22.175	62.116
232.728	82.204	23.348	62.714
232.071	84.447	23.875	59.407
232.055	85.082	23.282	59.448
231.357	85.844	23.803	58.207
230.536	85.639	24.754	58.484
230.614	86.614	23.798	57.304
230.456	86.649	23.685	58.042
230.786	86.514	24.011	57.485
231.017	85.992	23.719	59.035
230.773	86.179	24.171	58.727
231.403	85.997	23.038	59.150
231.011	85.855	23.612	59.105
230.560	86.651	23.620	58.596
229.748	87.089	24.211	58.356
229.255	86.665	24.723	59.237
228.856	87.635	24.931	58.157
228.354	87.663	25.957	57.939
228.102	87.249	25.950	58.956
228.274	87.508	25.362	58.756
228.437	87.330	25.019	59.286
229.202	87.043	24.629	59.357
229.039	87.533	24.652	59.110
229.318	87.654	24.320	59.097
229.881	87.143	23.847	59.877
229.679	87.715	24.018	59.553
230.289	88.487	23.624	60.023
230.243	88.656	23.844	59.439
229.773	88.683	24.322	59.351
229.478	88.085	24.763	60.132
230.087	88.086	24.707	60.415
230.353	88.086	24.483	60.499
230.465	88.141	24.492	60.235
230.309	87.443	25.180	61.421
230.844	88.426	24.210	60.157
230.706	88.674	24.232	60.219
230.367	89.601	25.199	59.430
229.833	88.632	25.898	60.960
229.568	89.047	25.548	61.172
229.393	89.555	25.400	60.226
228.799	89.135	25.911	60.010
228.361	89.310	25.164	60.529
227.954	89.383	25.391	60.819
228.427	90.037	24.742	59.864
228.172	89.949	25.046	59.725
228.465	89.873	23.808	62.045
228.350	90.485	23.877	59.947
228.015	91.309	24.472	59.333
228.028	91.146	23.970	60.122
227.797	91.572	24.170	59.882
227.575	91.024	24.893	60.159
227.652	90.675	24.519	59.898
227.507	90.271	24.617	61.140
227.277	90.568	25.006	60.642
227.053	90.762	25.830	59.934
226.911	90.706	25.465	60.587
226.573	90.872	25.990	61.308
226.212	91.099	26.360	60.915
225.854	90.931	26.718	60.999
226.065	91.926	26.213	60.544
225.580	91.270	26.059	61.186
224.937	90.167	26.481	62.415
225.981	90.612	25.535	62.172
224.298	90.312	26.106	62.587
223.342	90.041	26.473	62.956
222.216	90.146	27.134	63.559
221.336	88.853	27.352	65.048
221.448	89.800	26.993	64.060
220.963	90.382	27.413	63.214
221.111	90.004	27.281	63.722
220.503	90.004	27.138	64.696
220.762	89.563	27.290	64.866
220.297	89.148	27.682	65.370
220.241	89.893	27.311	64.219
219.948	88.759	27.255	66.051
219.486	88.774	27.268	66.509
219.198	88.312	26.959	67.119
218.571	88.159	27.549	67.734
219.561	88.628	25.902	67.580
217.793	88.748	27.197	67.581
217.207	88.479	27.123	67.561
217.392	88.571	25.415	69.266
217.999	88.141	24.117	69.715
217.694	88.822	24.148	68.992
216.481	88.295	24.113	69.457
216.843	88.295	23.455	69.031
215.749	86.069	23.955	70.981
214.876	88.030	24.143	69.198
214.387	88.073	24.317	69.342
214.446	88.656	23.853	68.951
213.549	89.105	24.106	68.748
212.839	89.594	24.676	68.377
212.724	89.972	24.356	68.709
212.311	88.953	24.644	68.557
211.884	89.489	24.581	67.789
210.893	90.229	25.061	67.529
210.421	91.088	25.027	66.474
210.101	90.324	24.202	67.010
210.047	91.032	23.928	67.538
209.166	90.355	23.756	68.314
208.415	91.738	23.607	67.261
207.672	91.968	23.328	67.188
207.373	91.365	23.263	67.492
206.584	91.788	23.201	68.092
205.868	92.554	22.717	67.428
205.371	93.247	22.451	66.570
204.763	93.001	22.536	66.729
204.349	92.580	22.142	67.254
203.753	92.550	21.856	67.657
203.355	92.442	21.602	67.664
202.947	92.639	21.554	67.615
202.074	93.504	21.714	66.918
201.177	93.275	22.423	68.109
199.961	93.818	22.616	69.140
200.437	94.900	21.772	66.389
200.559	93.797	21.559	68.119
200.910	94.190	20.242	68.884
200.948	92.758	20.270	69.408
200.893	93.622	20.255	70.141
200.694	93.153	20.378	70.108
200.408	94.024	20.274	69.190
200.364	94.261	20.068	69.186
200.252	96.054	19.784	66.319
199.741	94.268	19.460	68.822
198.977	95.364	19.899	67.855
198.563	97.051	19.871	65.964
197.131	97.447	19.896	65.134
196.778	98.450	19.154	64.242
196.018	97.559	19.731	65.567
194.133	98.224	20.778	65.378
194.528	99.039	20.904	60.974
193.926	98.238	19.710	61.529
194.415	100.207	20.099	59.968
193.956	98.797	19.824	62.184
191.855	97.696	21.980	62.443
190.810	101.108	23.446	61.002
191.177	98.887	22.691	65.381
191.693	98.867	21.558	64.047
189.536	100.218	22.789	61.818
191.394	101.303	21.730	62.524
188.069	99.715	23.379	58.969
189.578	102.560	23.095	59.219
188.133	102.825	23.326	60.541
187.972	101.821	23.863	64.249
187.431	103.675	23.665	61.110
184.980	103.537	25.115	61.344
184.384	103.947	24.591	62.501
182.675	104.876	24.777	59.802
182.048	105.462	20.574	60.506
181.833	106.713	20.509	58.791
181.138	106.598	20.108	59.682
180.513	106.649	20.350	59.412
180.201	106.806	20.173	62.104
179.598	106.634	20.782	62.487
178.442	107.386	21.677	62.226
178.175	108.578	21.438	60.173
179.478	109.765	21.108	59.106
178.574	107.484	21.976	62.420
178.438	109.282	22.419	60.275
177.083	108.861	23.095	59.120
176.121	109.333	23.664	57.073
175.452	108.787	24.175	58.864
175.357	108.389	23.653	59.828
174.565	107.507	24.328	61.184
174.533	107.272	23.505	62.462
173.291	107.132	25.211	63.494
171.192	106.872	26.765	64.774
170.650	107.562	25.304	64.458
170.245	106.564	25.687	65.138
169.823	106.298	25.466	65.311
168.355	106.180	24.709	65.475
167.437	106.599	25.811	64.719
165.811	105.394	26.541	66.190
165.515	106.478	27.024	64.875
164.317	107.239	29.456	65.185
164.202	106.810	27.313	65.568
162.843	107.683	27.142	65.677
161.844	108.213	26.048	65.298
160.965	108.298	26.771	65.266
160.256	108.029	25.160	65.871
159.371	107.823	25.933	66.215
157.809	106.760	25.244	67.872
156.616	107.398	25.635	67.413
155.448	107.519	26.153	67.972
153.309	108.243	27.969	68.089
152.292	108.461	28.943	67.612
151.781	108.539	28.958	68.352
151.496	109.850	29.283	67.373
150.424	107.760	28.981	68.902
149.986	106.783	28.871	70.504
149.619	107.159	27.941	69.713
149.398	106.719	26.985	69.896
148.473	106.349	26.396	70.597
147.437	106.794	26.356	70.133
146.541	107.971	26.428	69.392
146.455	108.398	26.243	69.496
146.045	107.415	26.586	70.425
145.804	108.457	26.363	70.321
145.723	108.254	26.716	70.595
145.447	107.340	26.551	71.707
145.490	108.037	26.984	70.788
145.336	107.342	28.053	71.604
145.214	107.191	28.002	71.769
145.122	107.097	28.986	72.509
144.708	107.223	29.583	72.600
144.798	107.263	29.676	72.867
144.798	107.427	29.826	72.652
144.417	108.016	30.434	72.544
144.115	107.619	30.745	73.905
144.512	107.824	30.523	73.613
144.811	106.673	29.379	74.685
145.290	106.863	28.623	75.051
144.948	106.596	28.928	75.044
145.434	106.964	28.007	75.580
145.319	107.003	27.836	75.541
146.110	106.529	27.124	77.199
146.340	106.810	27.204	77.644
146.581	107.126	27.636	77.666
146.971	107.788	27.466	77.261
147.737	107.954	27.802	76.931
148.323	107.885	28.367	77.185
149.222	107.515	28.007	77.313
150.997	107.788	28.240	76.543
150.527	107.959	29.488	76.424
150.971	108.491	30.213	76.285
151.034	108.985	30.920	75.262
151.480	109.011	31.813	75.921
152.098	110.158	31.542	74.443
152.318	110.506	31.206	75.350
152.225	111.020	31.703	75.176
152.339	109.637	31.528	76.429
152.656	110.920	30.537	74.501
153.019	110.336	29.827	75.394
153.222	110.028	29.775	75.910
153.881	111.774	28.757	74.816
154.069	112.205	28.408	74.537
154.734	112.298	28.163	74.338
154.835	112.365	28.268	75.175
155.485	113.553	27.677	73.868
155.579	113.661	28.200	74.690
157.513	114.718	27.643	74.718
157.807	113.834	27.252	75.916
158.123	113.495	27.925	76.626
157.780	113.675	29.000	75.273
158.009	114.666	29.877	74.352
157.988	115.098	29.903	74.608
158.454	113.919	30.354	76.416
158.742	114.958	30.200	74.940
158.159	115.950	30.800	74.884
158.092	116.032	30.820	75.170
157.909	115.632	31.004	75.886
157.450	115.470	31.299	75.959
157.653	114.519	30.134	77.796
157.162	115.078	29.743	76.262
157.910	115.661	28.331	76.597
157.687	114.642	27.250	78.166
157.823	115.026	27.067	77.969
157.895	115.477	26.756	77.384
158.239	115.466	26.878	77.718
158.260	116.057	26.115	77.385
158.157	115.770	27.213	78.682
158.780	115.424	27.375	79.256
158.470	115.373	27.576	78.670
159.137	115.936	28.660	78.000
158.863	115.216	29.168	78.323
158.726	115.659	31.195	77.602
158.308	115.014	32.603	78.048
159.452	116.379	32.051	77.865
159.335	116.534	32.122	77.830
159.335	117.034	32.282	78.112
159.482	117.605	31.445	77.679
159.399	116.972	31.208	79.342
159.105	117.078	30.635	79.293
159.232	117.399	30.478	78.340
159.544	117.156	29.701	79.007
159.619	118.211	29.234	78.390
159.146	118.659	29.759	77.709
159.503	119.702	29.059	77.069
160.479	119.943	28.929	77.370
161.254	119.620	28.172	78.050
162.102	118.877	27.735	79.652
163.016	119.355	27.809	80.154
163.907	118.701	27.269	80.668
164.467	119.127	27.401	79.899
165.465	119.532	27.059	79.755
166.133	119.651	27.463	79.131
166.077	119.686	27.763	79.014
167.409	120.497	27.728	78.203
168.159	120.794	26.760	78.895
168.591	121.376	27.414	78.956
169.243	121.267	26.962	79.370
170.114	122.006	27.164	79.208
170.453	122.585	27.825	78.085
170.588	121.919	27.687	79.085
171.006	121.828	27.472	79.633
171.635	122.881	27.778	78.635
171.902	122.936	28.656	78.404
172.205	122.177	28.695	79.506
172.673	123.260	28.539	78.384
172.834	123.427	29.257	77.342
172.696	125.258	30.130	75.537
173.711	125.967	29.278	74.992
174.340	126.690	29.236	74.723
174.866	127.433	29.289	74.559
175.420	127.842	29.314	73.291
175.983	127.332	29.982	74.664
175.860	125.190	31.496	76.070
176.016	127.435	31.945	73.160
175.949	126.438	32.367	74.345
176.440	127.404	31.985	74.682
176.273	127.564	30.832	76.217
176.909	126.779	30.374	77.119
176.734	125.348	30.016	78.807
176.619	127.590	29.914	77.790
176.275	129.046	29.668	76.698
176.174	128.005	29.067	77.113
175.369	126.520	28.414	78.075
176.122	124.398	26.817	82.242
175.948	124.083	27.719	82.851
176.009	124.521	27.652	82.157
175.692	124.187	27.443	82.358
175.499	124.834	27.955	81.894
175.174	125.398	28.886	81.273
175.705	126.756	28.927	80.236
176.110	126.324	28.421	80.303
175.740	126.191	29.375	81.077
175.783	125.914	28.477	81.881
175.320	126.968	27.172	79.559
175.624	127.742	27.783	78.202
175.406	127.831	26.781	78.025
176.312	127.190	25.904	79.282
176.818	129.267	25.118	79.268
177.693	128.790	24.922	79.529
178.961	129.913	23.245	77.950
179.021	130.668	22.425	76.439
179.962	131.282	22.257	74.714
180.544	131.059	22.877	75.017
180.437	129.935	24.493	75.275
180.154	129.737	25.035	77.204
180.542	130.004	26.020	77.011
180.273	129.942	25.521	77.738
179.682	132.652	26.076	74.417
180.316	134.775	27.498	72.159
180.783	134.679	29.906	70.773
180.567	135.100	30.209	70.970
181.498	135.266	29.854	71.160
183.188	138.450	29.715	70.395
183.940	138.646	30.486	70.845
184.419	139.768	31.516	71.382
185.443	140.405	30.877	71.649
185.626	140.526	29.221	71.636
186.602	143.219	28.826	70.810
187.721	143.002	28.818	71.056
187.061	145.149	28.724	69.624
187.921	142.971	28.960	72.780
188.170	144.298	28.002	71.525
188.712	144.777	27.963	71.339
188.641	145.387	27.786	71.138
189.639	144.089	28.086	71.592
189.217	146.149	26.379	68.982
189.508	143.364	28.830	71.423
190.943	146.315	26.912	68.916
192.449	141.859	26.911	74.916
192.010	145.479	27.978	72.527
192.654	146.131	28.359	72.158
193.518	147.613	27.518	72.468
193.840	146.649	27.609	73.906
196.055	146.727	27.449	74.107
197.781	147.909	27.065	73.105
195.423	146.282	27.557	74.576
196.500	147.544	27.037	73.820
193.567	147.727	28.468	73.764
201.258	149.462	25.625	71.740
194.274	146.327	26.864	74.668
197.793	148.039	27.320	74.419
197.545	146.978	26.902	74.995
197.889	144.667	27.072	77.553
197.388	146.015	26.923	76.481
195.536	145.666	28.465	76.507
196.362	146.199	28.129	77.308
198.552	143.324	27.000	79.277
195.689	147.471	28.074	75.825
196.884	145.484	27.619	76.700
196.221	144.843	28.439	77.967
194.864	147.807	29.300	75.803
197.957	146.431	27.103	79.239
198.344	146.760	26.887	79.178
199.321	145.639	26.911	79.560
200.252	146.916	26.114	77.757
199.270	146.704	27.025	77.632
199.830	148.555	26.077	75.994
198.940	146.073	26.392	79.225
197.930	148.439	26.426	76.647
196.473	146.791	28.218	78.174
194.864	146.901	29.195	77.267
199.040	149.036	25.559	76.152
197.329	146.295	28.411	77.904
198.203	146.180	28.381	78.457
200.001	151.862	28.943	74.778
201.748	147.265	27.755	82.152
200.420	150.870	27.481	79.889
198.602	150.282	30.119	80.537
195.349	148.785	33.416	82.584
198.049	149.064	30.965	83.809
195.005	149.725	32.584	82.949
199.616	150.927	27.726	79.611
200.676	151.235	28.065	81.098
198.943	151.520	28.197	80.614
202.044	152.593	26.855	80.452
198.984	152.463	29.256	79.372
201.280	153.545	28.083	79.555
203.626	154.175	26.801	79.119
203.822	152.306	27.054	83.838
204.079	152.723	27.072	82.719
204.437	152.903	26.844	82.465
205.059	153.902	26.878	82.834
205.200	151.734	27.635	84.853
205.127	151.481	26.743	85.403
205.808	149.230	28.417	88.683
205.076	153.649	27.703	84.782
205.090	152.716	27.389	87.083
204.894	152.040	29.461	86.823
203.969	152.283	30.942	86.555
203.468	151.925	31.419	86.764
203.472	152.442	31.597	86.531
203.431	152.396	31.222	86.740
203.501	150.866	31.890	89.302
204.052	150.090	31.275	90.315
204.536	152.378	31.119	89.128
204.767	151.416	31.025	90.766
205.353	152.640	30.317	89.606
205.714	153.104	31.811	90.105
206.851	153.281	31.227	90.404
207.650	154.323	30.544	89.892
207.616	153.779	31.271	90.063
207.581	153.442	32.014	90.187
207.269	152.469	32.894	91.371
207.469	153.319	32.643	90.543
207.971	153.637	31.468	90.954
208.195	153.473	32.070	91.620
208.624	154.959	30.688	91.458
208.007	155.804	31.510	91.171
207.217	154.719	32.445	92.150
207.163	157.321	32.593	90.111
206.852	155.013	32.894	92.546
206.947	156.080	32.674	91.726
206.555	153.889	33.400	94.416
206.547	154.406	33.343	94.052
206.676	154.698	33.375	94.515
206.547	156.013	33.585	93.460
206.240	155.755	33.257	93.853
206.069	155.923	34.225	94.043
206.498	155.365	33.128	94.722
206.878	158.402	33.853	92.868
206.107	155.634	34.567	95.077
206.547	156.096	34.218	94.746
206.191	154.514	35.356	96.872
206.448	156.376	34.586	95.613
206.263	155.660	34.662	96.718
206.400	155.114	34.375	97.838
206.195	156.736	34.209	97.100
206.029	160.189	33.601	94.748
205.986	158.723	33.684	96.981
205.399	160.747	34.476	94.899
205.173	158.693	36.002	97.911
205.378	159.915	34.828	96.387
205.761	159.419	34.810	97.032
205.924	159.376	35.911	97.108
205.479	159.815	35.635	97.443
204.623	160.583	37.069	96.822
203.506	163.373	36.909	91.707
202.496	164.401	37.941	93.482
201.806	163.839	37.001	95.346
201.194	164.486	37.799	95.086
200.715	162.941	39.706	97.545
199.970	164.660	40.392	96.098
199.682	162.331	39.047	97.077
200.634	162.832	38.250	97.850
201.013	162.728	37.470	98.208
200.390	162.515	38.043	99.415
199.712	163.301	37.077	98.678
199.631	163.099	35.557	99.036
199.430	161.994	35.667	101.671
199.437	163.590	35.174	100.499
198.909	164.515	35.840	100.245
199.175	165.321	35.647	100.267
196.328	164.800	36.979	101.473
197.122	164.686	37.060	102.319
196.791	165.460	37.147	101.144
197.122	165.461	36.332	101.439
197.122	166.545	36.710	101.322
196.268	165.176	37.279	104.344
196.751	167.197	36.708	102.420
196.505	168.729	37.218	102.062
198.024	168.268	36.186	102.930
198.035	167.585	36.596	103.493
198.774	165.662	35.940	106.408
198.346	166.445	36.390	105.074
199.482	166.815	35.894	105.367
198.936	167.106	37.053	105.388
199.132	167.553	37.085	105.390
199.118	167.575	37.870	107.795
198.860	170.061	38.420	105.253
199.087	170.745	38.625	106.231
198.531	171.479	39.409	105.796
198.619	172.573	39.810	103.037
198.916	171.796	39.077	104.582
199.021	171.771	39.241	102.774
198.953	171.958	39.554	103.056
198.633	170.796	39.791	104.121
201.880	172.228	37.167	103.748
201.915	169.699	37.317	108.249
202.117	172.316	38.273	106.129
202.945	171.979	38.261	107.165
203.703	173.102	37.883	106.432
203.539	173.568	38.340	106.555
204.536	173.199	39.232	108.232
205.569	173.551	38.954	108.267
206.085	171.603	39.178	110.379
206.055	173.116	40.222	109.486
206.115	172.298	40.687	110.283
206.475	173.758	42.232	110.058
206.332	174.870	43.025	107.451
206.576	175.920	42.419	107.483
206.676	177.030	43.103	107.497
206.486	177.388	42.403	107.253
206.698	177.601	42.209	106.793
206.922	177.262	40.221	106.079
206.934	177.629	40.553	105.780
206.769	177.071	40.875	106.875
207.145	177.877	40.121	107.476
206.651	177.288	40.149	107.874
206.475	177.724	40.461	109.084
205.332	178.842	41.738	108.304
204.238	179.243	43.187	109.273
206.153	180.555	41.612	107.951
205.808	180.581	40.901	108.047
207.336	180.116	40.267	109.194
207.781	180.040	40.346	111.331
207.969	178.488	39.237	112.787
207.322	180.205	40.167	111.848
205.862	180.817	42.521	112.803
206.900	182.401	41.740	111.338
206.942	183.167	41.472	111.693
206.541	183.520	41.553	111.104
205.784	184.772	42.491	111.932
205.005	183.838	43.441	112.271
205.622	184.702	42.920	111.340
204.958	183.778	43.433	112.260
207.205	183.541	42.989	112.540
207.433	183.845	42.124	112.545
207.245	184.258	42.390	113.805
208.156	185.042	43.175	115.384
207.096	186.427	45.018	114.490
209.320	187.069	43.792	114.776
209.173	188.414	44.622	114.307
210.411	189.973	45.779	114.837
210.551	190.343	46.352	114.672
212.123	189.823	44.358	114.019
210.949	189.861	46.422	114.305
214.969	189.086	43.954	115.884
213.117	189.603	45.135	112.906
213.854	189.938	46.540	114.700
215.297	191.008	45.578	114.403
215.647	192.979	45.405	113.230
217.220	193.056	45.195	115.592
218.251	193.918	44.405	116.748
218.864	194.352	44.330	115.979
219.410	195.493	44.848	115.595
220.055	195.451	45.553	116.442
221.800	196.039	44.947	116.014
222.214	196.666	45.617	113.407
222.575	197.821	47.374	115.030
223.342	197.727	46.741	116.575
223.547	199.157	48.844	119.707
224.744	200.574	49.361	121.118
225.296	201.987	49.607	121.286
226.800	203.908	49.361	120.578
228.347	204.794	49.556	120.781
229.492	203.909	47.912	120.522
230.846	204.009	47.005	120.110
231.941	204.156	46.041	119.208
233.220	204.471	44.524	118.895
233.814	205.795	44.489	118.657
233.874	207.157	44.143	120.287
233.959	208.150	44.075	122.425
233.021	209.107	47.351	122.365
232.311	210.686	48.700	120.166
232.932	209.289	50.072	121.221
233.499	209.380	49.295	121.687
234.776	209.727	48.570	121.871
235.419	209.355	50.844	123.407
235.368	210.099	50.484	125.699
235.851	210.947	50.160	126.834
235.966	211.760	50.577	125.255
237.306	213.967	49.769	123.639
237.291	213.887	50.747	124.277
237.966	213.962	50.863	123.808
238.827	214.764	49.004	124.061
237.275	213.948	49.460	124.028
237.317	213.944	50.528	127.104
236.504	214.923	50.216	127.511
234.515	215.597	51.956	127.328
233.746	216.661	52.377	126.372
233.892	218.559	51.404	126.063
234.586	219.324	50.567	125.992
235.383	219.937	49.502	125.993
235.370	219.981	49.187	126.295
236.023	220.151	49.162	125.689
236.691	220.823	49.597	125.822
237.076	221.611	49.087	125.101
237.483	223.120	48.735	125.475
238.377	224.467	47.730	127.036
238.520	225.983	48.082	126.568
239.086	227.165	47.837	126.370
239.895	226.475	47.398	127.631
240.259	226.886	47.728	125.709
240.537	226.820	47.739	124.682
240.857	226.709	47.830	126.187
241.461	227.385	47.882	126.217
242.369	228.231	46.804	125.700
242.720	229.499	46.688	125.551
243.760	230.371	47.117	127.201
243.233	232.434	46.685	126.024
243.018	232.807	46.735	126.757
243.057	233.435	46.979	128.596
242.905	233.056	47.649	129.871
243.236	232.263	47.239	132.366
242.943	232.841	47.247	129.434
244.507	232.659	46.078	132.529
244.384	233.771	46.522	133.229
245.293	234.504	44.773	134.811
245.840	233.724	44.664	135.949
246.758	237.232	44.392	134.110
247.938	236.722	45.009	137.736
248.198	237.323	46.403	135.522
248.263	237.448	49.378	136.260
248.962	238.082	49.150	133.146
249.894	237.453	48.561	134.462
251.006	239.052	48.210	133.091
251.437	240.403	47.470	136.443
250.350	241.407	49.419	136.401
250.844	240.826	49.924	134.307
249.946	243.628	50.290	132.930
250.021	246.278	49.007	134.298
251.509	245.762	47.069	134.871
251.108	243.989	47.649	138.159
251.425	244.119	47.479	138.130
251.849	243.837	46.806	136.694
251.484	245.436	47.822	137.087
252.996	246.253	46.725	138.113
252.507	245.736	47.144	141.440
252.716	246.986	47.703	141.310
253.025	250.809	48.498	137.624
253.782	251.135	49.057	139.344
254.812	250.874	48.491	138.908
255.734	251.196	48.501	139.450
256.193	250.888	48.801	138.985
257.261	251.914	47.586	138.883
257.434	251.228	47.916	140.478
257.652	251.751	45.914	143.216
257.562	253.049	47.603	143.214
257.375	254.167	48.228	141.291
256.887	254.917	49.097	142.065
256.885	257.426	48.914	141.845
255.777	259.269	49.105	140.620
254.345	258.207	50.480	142.648
254.969	258.669	49.339	139.561
255.517	259.362	50.216	139.883
256.270	259.018	48.949	141.430
256.903	259.242	49.246	143.640
256.430	261.207	49.639	144.125
257.230	261.120	49.766	146.514
257.911	263.086	48.150	146.566
258.800	263.404	49.602	148.205
259.049	264.857	49.182	148.878
259.370	264.141	50.218	149.854
258.811	266.467	51.582	146.112
259.068	265.858	52.657	146.333
260.612	264.808	50.335	149.535
261.167	265.617	50.144	148.682
260.096	266.817	51.825	147.396
260.865	270.035	51.463	145.942
260.639	270.435	53.295	146.324
261.009	271.914	53.366	146.966
261.655	271.903	54.734	149.286
261.043	273.327	55.160	148.157
260.942	273.298	54.341	146.594
262.190	272.935	54.231	147.275
264.169	271.679	52.969	151.051
264.286	274.492	52.558	148.182
265.459	274.640	51.880	150.641
265.896	277.295	52.120	151.053
267.075	277.784	51.924	152.116
268.591	279.282	51.053	150.863
270.843	280.338	52.156	151.277
271.480	280.703	52.310	150.594
271.572	281.037	52.528	150.834
272.745	280.435	52.313	150.810
273.109	280.904	53.311	150.289
274.514	281.332	52.828	151.054
274.770	281.751	54.682	152.688
275.323	284.682	53.580	150.332
275.217	284.195	61.073	153.541
274.659	286.873	60.306	151.902
276.387	287.407	58.550	153.071
276.058	286.657	59.583	154.427
276.636	287.514	62.949	152.822
277.600	287.599	60.254	153.092
278.796	287.439	58.146	152.776
280.149	289.110	57.718	153.410
280.605	288.737	59.227	153.559
282.016	290.911	57.808	154.705
283.906	293.725	59.081	154.538
284.767	295.207	60.323	153.841
286.431	296.695	61.185	152.300
288.884	296.611	63.693	153.246
289.741	296.820	64.074	153.317
291.266	296.957	63.072	153.394
293.556	296.794	60.295	153.186
294.325	297.826	60.374	152.217
294.388	297.394	61.475	151.247
295.471	298.089	61.833	151.398
297.503	301.138	61.297	148.958
297.134	303.590	63.841	147.198
297.984	304.680	62.886	145.498
299.988	304.384	61.441	145.652
300.534	305.011	61.046	144.558
301.844	305.597	61.794	144.685
301.335	305.822	63.364	143.973
303.247	306.806	63.675	143.334
304.482	306.867	66.419	143.226
304.498	306.550	67.006	143.543
305.287	307.026	67.956	142.767
307.215	309.813	66.288	140.825
307.824	311.614	64.921	139.386
309.190	310.327	63.526	140.673
311.270	308.969	63.885	142.031
313.551	308.852	62.509	142.148
312.353	305.154	63.199	145.846
314.428	306.747	62.428	144.253
314.106	301.332	64.112	149.668
314.805	303.527	64.081	146.708
316.065	304.416	64.207	146.584
316.898	306.771	64.375	144.229
318.459	307.640	63.979	143.360
318.296	306.576	67.938	143.870
318.881	307.762	69.198	141.829
320.782	307.872	69.059	140.589
321.628	307.594	69.871	141.639
323.663	308.181	67.496	140.863
324.635	305.958	68.529	143.188
325.947	307.491	68.296	141.773
327.141	307.404	68.606	142.099
328.303	310.132	69.029	139.317
330.562	313.745	67.844	136.212
332.153	315.295	67.480	134.142
332.623	315.040	68.446	133.662
334.762	317.259	69.317	131.974
336.795	316.773	69.293	133.095
