449.000	257.000	40.000	74.000
448.982	256.037	37.949	79.124
449.170	255.970	37.684	79.936
448.138	255.038	37.798	81.262
447.606	255.218	37.705	80.842
446.874	255.596	37.638	81.388
446.223	255.294	37.954	83.058
445.767	255.304	38.266	82.710
444.914	255.495	39.211	83.719
444.352	256.297	40.175	82.237
444.649	254.820	39.638	85.154
444.279	255.264	40.380	85.790
444.370	255.728	40.712	85.900
443.907	256.492	41.422	85.629
443.991	255.717	41.131	85.425
442.652	255.942	42.927	85.554
442.591	255.748	42.716	85.450
441.443	255.509	44.191	85.136
440.598	255.560	44.175	84.231
439.774	255.185	44.806	84.692
438.585	254.815	44.633	83.420
437.561	254.421	45.693	83.565
435.446	255.895	45.772	82.991
433.944	255.505	46.379	83.057
431.850	255.770	46.375	81.992
429.076	255.156	47.141	81.712
427.477	255.897	47.750	80.570
424.767	254.775	48.658	80.391
421.995	255.392	49.873	80.047
420.671	255.585	50.366	77.921
419.003	255.348	49.820	78.970
418.534	255.355	49.937	78.094
417.676	254.970	48.549	77.621
416.945	254.809	48.435	78.456
416.403	254.707	48.425	77.691
415.917	255.031	48.087	78.864
415.458	253.603	47.518	79.789
415.083	254.240	47.623	80.254
416.062	253.483	45.603	79.910
415.547	253.283	45.164	81.098
414.521	252.655	43.751	81.657
414.833	251.785	43.089	82.039
413.957	250.556	42.335	82.062
413.189	250.348	42.555	81.901
412.574	249.459	42.980	82.071
411.129	249.749	44.511	81.130
410.379	249.365	45.080	79.627
407.908	249.694	45.866	80.699
407.089	249.302	45.615	79.070
403.689	249.432	46.706	79.077
402.624	250.054	46.163	76.990
400.654	250.508	46.051	76.920
397.277	248.948	46.915	77.114
395.313	247.565	47.023	77.808
393.628	247.819	47.664	75.883
392.237	246.941	46.668	75.018
391.619	246.828	46.138	75.391
389.920	246.837	46.248	74.448
387.809	247.341	44.934	74.924
386.390	247.020	43.855	73.984
384.418	248.299	42.296	71.896
381.619	247.599	41.500	75.235
377.128	247.577	41.583	74.001
372.571	245.966	40.934	76.080
367.694	244.936	41.436	73.259
365.977	244.075	40.261	74.291
362.554	244.377	40.405	72.818
361.900	244.404	39.098	71.011
357.780	243.972	40.085	72.252
356.774	243.419	38.977	76.438
354.156	244.592	39.942	79.101
352.822	243.719	38.102	77.735
351.690	243.491	37.108	79.335
348.740	241.695	35.871	77.609
347.632	241.683	35.199	77.001
346.025	238.775	33.730	80.713
343.722	238.070	35.275	82.575
339.952	237.740	37.229	87.349
336.343	236.763	38.333	89.680
334.408	238.127	39.533	91.051
327.178	238.695	43.186	95.412
323.823	237.915	44.563	95.224
317.267	237.562	47.682	102.301
313.499	237.215	49.579	105.169
308.611	236.845	51.276	112.037
307.032	234.343	51.885	116.637
304.132	232.782	52.005	116.633
301.872	234.101	52.902	117.002
299.986	232.821	53.295	118.248
297.238	232.267	54.017	113.277
296.699	232.758	53.057	113.960
294.371	232.260	52.456	113.078
293.638	232.775	51.668	113.188
292.154	231.737	50.791	110.952
291.912	230.651	50.386	111.081
292.104	228.543	48.037	108.035
290.619	227.650	48.763	112.310
289.181	226.662	47.856	115.931
288.403	226.908	47.591	116.454
286.153	228.913	47.324	112.809
284.403	229.432	46.971	111.487
281.547	228.836	47.186	112.473
279.193	227.709	46.630	114.896
277.588	227.107	46.661	113.475
276.500	223.592	44.372	115.544
274.316	222.719	44.909	117.409
272.133	221.109	45.026	116.402
268.931	221.227	46.009	114.744
265.905	222.429	47.795	114.482
264.145	222.831	47.028	113.959
261.873	224.039	48.092	111.532
261.232	224.132	47.364	111.398
261.426	221.610	45.372	113.377
260.396	221.284	45.162	111.909
257.883	218.681	44.990	113.044
256.608	220.323	45.492	112.045
254.059	220.869	45.687	111.916
251.395	221.621	48.052	110.280
248.620	222.029	47.226	109.268
246.488	221.863	48.991	109.363
243.336	218.610	46.925	110.089
240.839	219.013	47.433	107.529
237.826	216.591	46.967	109.236
235.436	215.974	48.251	108.981
232.916	215.713	46.583	111.115
230.936	216.059	45.424	106.486
228.135	216.863	45.892	105.470
225.659	217.295	45.635	104.029
223.588	217.878	47.198	102.433
222.712	216.001	43.158	88.055
222.621	214.921	40.332	87.218
219.543	214.362	40.042	87.564
217.349	215.006	41.675	86.327
215.971	215.097	41.919	85.202
213.912	215.276	41.136	83.384
211.702	216.059	41.168	82.800
207.407	214.940	41.817	82.627
206.164	214.213	40.163	83.285
202.928	212.903	40.422	85.183
200.574	212.075	40.447	79.961
198.354	210.131	41.470	76.849
196.498	208.374	39.628	78.045
195.419	207.315	39.570	74.963
193.299	209.020	40.608	71.758
191.735	209.901	39.119	72.658
189.143	209.517	37.935	71.534
187.758	208.231	38.909	71.375
186.641	205.910	34.582	73.906
186.598	204.438	32.360	75.176
185.120	203.445	31.786	75.896
180.247	202.659	33.393	74.832
179.910	203.393	31.901	73.858
175.441	203.030	33.067	71.887
172.491	204.584	34.734	70.997
171.298	203.897	34.149	72.095
167.287	204.194	35.284	74.522
165.650	202.530	36.147	74.260
162.625	201.141	37.258	73.621
159.815	201.092	37.913	72.412
157.590	200.118	36.812	68.534
155.447	199.636	37.808	69.185
153.937	200.065	38.083	67.072
150.729	201.448	36.806	69.367
148.701	201.484	38.059	67.183
147.067	200.400	36.092	69.371
146.332	199.603	35.786	68.787
144.744	197.983	34.574	72.174
142.310	197.668	33.689	70.060
141.546	195.998	32.873	73.611
137.760	196.771	33.864	70.441
136.161	197.014	33.951	65.769
130.534	197.292	35.592	66.507
130.671	196.809	35.359	66.088
126.188	195.557	36.995	66.375
123.584	194.671	37.474	66.098
121.450	193.432	38.951	69.102
120.688	193.391	38.395	67.486
120.305	193.223	36.490	68.423
116.196	193.463	37.679	66.028
113.983	194.047	39.099	63.091
113.220	194.950	36.318	61.691
111.903	194.388	37.722	61.996
110.993	193.844	37.546	61.742
108.509	192.792	36.909	64.413
107.094	191.592	36.661	65.178
105.018	189.733	36.448	65.404
106.127	189.544	33.709	67.697
102.977	190.776	33.956	64.884
100.535	191.104	32.834	67.344
98.352	191.060	33.811	66.845
95.289	191.875	33.991	65.258
94.498	191.551	34.074	65.257
93.125	190.588	34.681	65.918
90.960	189.294	35.618	68.426
90.229	189.085	35.895	70.392
87.453	189.233	36.585	70.272
86.426	189.855	36.265	68.112
82.528	189.273	38.906	67.055
81.310	189.795	38.536	66.662
80.508	189.111	37.519	70.113
81.739	188.302	35.400	73.093
80.729	185.459	33.575	74.637
79.530	183.384	34.677	77.141
78.462	182.030	35.315	76.543
77.262	185.116	34.836	72.692
76.091	185.755	34.588	71.310
74.547	186.590	33.887	70.703
72.641	185.166	35.896	70.514
69.187	186.421	35.442	68.660
69.283	184.688	32.444	70.321
66.795	183.039	33.590	72.618
65.463	182.801	34.014	71.410
62.672	181.996	34.384	70.536
61.860	181.846	34.333	69.505
61.170	182.253	33.482	70.388
60.220	181.821	33.649	71.083
59.602	182.418	32.870	70.011
58.859	183.518	31.775	69.270
57.873	183.648	31.884	68.300
55.538	183.565	32.229	68.328
54.279	184.853	32.489	63.920
51.375	179.916	32.903	66.784
51.842	181.328	31.329	66.577
50.099	179.954	31.146	66.480
46.220	181.209	33.718	66.659
44.541	181.425	32.537	65.129
40.354	180.091	32.855	67.649
40.195	179.482	32.119	66.915
39.146	180.818	31.628	66.172
35.585	178.713	33.853	63.679
34.536	178.346	31.877	61.181
32.468	175.902	30.543	66.337
29.562	178.586	32.131	66.811
28.358	177.438	33.269	69.150
26.173	179.445	30.309	61.931
24.710	178.887	31.153	60.810
24.329	176.829	30.147	63.121
22.995	176.546	30.068	63.322
21.763	176.722	30.166	64.555
19.919	175.108	29.946	62.440
18.408	175.668	31.084	61.316
15.077	178.072	32.324	59.080
13.414	175.970	32.103	61.325
9.147	176.127	29.799	62.386
8.761	174.440	29.791	60.037
7.699	172.442	28.654	62.423
7.259	171.562	27.675	62.321
6.222	170.069	25.750	62.047
4.716	169.348	25.161	62.059
2.949	168.999	25.025	64.924
1.538	173.520	24.601	60.143
1.142	173.898	21.337	58.453
1.258	173.635	19.813	57.443
0.821	173.758	18.660	56.366
50.845	141.847	28.622	64.662
48.013	140.503	31.373	64.958
43.485	140.882	31.212	64.017
43.961	139.970	28.670	61.725
53.652	164.433	35.740	57.639
75.318	164.902	36.452	57.610
52.467	153.335	53.584	61.938
0.563	183.264	43.921	55.726
5.201	178.022	49.267	59.311
21.960	159.953	60.868	67.696
23.972	125.912	82.407	99.773
20.373	128.747	121.578	122.807
74.496	138.544	105.775	91.172
115.787	138.111	74.391	109.970
139.926	141.128	78.551	103.859
179.315	132.608	68.163	91.469
197.147	143.239	64.361	81.160
237.754	156.674	48.763	76.399
278.812	162.340	49.568	70.068
295.812	158.311	46.508	73.454
292.110	157.943	50.367	77.167
286.262	156.857	53.201	73.969
276.508	159.671	47.898	74.571
295.048	159.352	50.356	73.352
303.383	162.021	48.519	73.193
304.211	160.833	51.556	72.011
295.883	142.657	51.297	91.439
290.100	151.061	53.597	86.081
292.488	141.792	53.344	82.456
285.907	158.571	51.983	76.825
301.220	159.379	52.714	72.982
286.068	147.837	53.174	83.360
279.198	137.467	54.825	85.525
295.562	151.728	62.299	80.987
304.688	160.580	49.101	72.982
305.506	154.379	47.005	80.517
307.057	158.943	47.047	77.191
299.019	151.231	46.902	82.514
304.512	158.643	44.929	79.932
381.670	179.658	49.767	57.502
466.628	147.479	32.597	70.730
465.147	151.778	29.550	58.004
462.374	152.177	29.207	54.517
459.279	152.971	28.070	54.551
454.805	151.634	27.008	58.166
453.504	148.812	26.602	54.522
450.476	150.258	25.563	49.048
447.117	149.508	25.548	50.351
444.622	150.091	25.353	52.394
436.025	150.064	28.658	54.450
436.185	150.320	27.861	54.935
430.636	151.075	28.791	50.783
428.399	150.637	27.685	52.261
425.357	151.453	26.685	49.317
423.137	147.967	25.828	52.419
418.517	145.622	27.475	55.706
415.835	147.054	27.510	57.357
410.091	147.601	29.063	56.442
407.394	148.349	27.838	60.320
400.359	148.213	30.326	60.394
399.107	147.657	28.396	71.930
391.944	146.837	30.688	63.829
388.038	143.046	31.260	59.832
385.776	143.781	29.954	59.805
385.039	144.421	28.628	66.242
381.216	144.029	29.707	64.969
380.248	144.927	29.082	70.102
376.467	145.815	29.969	61.785
374.017	147.032	30.676	68.030
368.400	146.580	29.515	71.662
367.075	146.722	27.023	74.163
361.675	145.181	28.253	80.963
357.394	143.615	29.311	88.805
353.753	142.217	29.738	72.088
350.181	145.182	29.562	62.513
348.710	145.701	28.177	60.948
340.674	145.833	30.389	60.416
337.633	145.534	30.280	63.138
332.775	145.347	30.110	66.703
316.533	158.201	38.248	72.439
311.915	161.833	40.422	73.098
305.230	161.325	43.313	70.444
305.585	134.573	41.375	78.779
292.299	166.375	44.952	69.020
295.692	144.775	37.363	71.819
296.940	153.926	39.523	76.181
295.129	153.217	44.464	72.554
297.214	151.121	43.216	72.221
296.193	147.536	35.981	76.594
288.424	142.733	33.699	76.618
290.112	155.250	40.934	72.503
280.945	149.319	36.455	75.191
282.433	147.304	32.396	69.398
279.290	148.661	30.114	72.672
278.573	154.276	34.765	64.949
275.612	148.512	34.634	66.839
269.905	154.539	37.371	69.704
263.354	145.884	33.543	57.181
264.320	146.684	30.628	54.584
264.469	146.869	27.522	54.234
255.949	148.953	30.684	53.800
253.988	149.769	31.096	52.379
252.412	150.447	28.835	50.926
244.629	148.846	30.044	52.477
243.279	147.437	29.134	52.829
240.367	146.828	29.228	53.848
238.269	148.448	28.114	50.246
233.846	149.258	25.765	47.364
230.634	139.858	26.738	57.474
224.631	149.067	29.746	49.525
218.882	150.030	27.842	48.803
217.917	149.445	26.816	50.077
213.176	148.159	26.258	52.487
210.075	147.478	27.845	51.481
205.213	145.458	28.176	53.231
204.412	144.846	26.905	50.771
199.244	147.253	29.480	51.057
195.731	147.712	31.103	49.755
186.758	150.227	36.412	49.565
182.606	148.169	35.888	48.042
175.039	148.484	31.805	46.065
