397.000	117.000	18.000	35.000
397.489	117.121	18.175	35.714
396.586	116.859	18.264	35.430
396.165	116.871	18.546	35.466
395.801	117.168	18.342	35.447
395.507	117.081	18.773	35.469
395.332	117.750	18.194	35.634
394.935	117.515	18.346	34.864
394.812	117.275	17.724	36.468
394.245	117.141	18.047	35.808
394.087	116.896	18.283	35.754
393.528	116.965	18.414	37.387
393.057	117.456	18.844	35.329
393.267	117.229	17.492	36.607
392.830	117.440	17.842	36.617
392.370	116.838	18.265	37.341
391.805	116.752	17.959	38.333
391.483	117.296	17.948	37.566
391.186	117.809	17.275	36.788
390.440	118.039	18.107	37.018
389.783	117.893	17.823	37.469
388.334	118.479	18.467	37.437
388.438	118.178	17.735	37.648
387.986	118.083	18.008	37.582
387.646	118.328	18.009	37.775
387.407	118.473	17.692	37.135
387.248	118.169	17.445	37.346
386.399	117.644	17.696	38.426
386.718	118.240	17.286	38.688
386.034	118.668	17.294	38.721
386.105	118.796	16.962	38.751
385.080	118.914	17.401	37.613
384.738	119.496	17.492	37.934
384.276	118.721	16.622	38.107
384.118	118.289	17.018	38.729
383.259	118.756	16.585	37.841
383.020	118.650	17.583	38.366
382.362	118.791	17.123	38.813
382.237	119.195	17.005	38.585
382.237	119.392	16.741	37.868
381.273	119.514	16.894	37.940
380.806	119.714	16.990	37.684
380.474	119.806	17.561	38.238
379.618	119.476	17.874	38.697
380.059	120.034	17.744	37.947
379.810	120.765	17.494	37.826
378.937	120.585	18.145	37.753
377.777	120.894	18.561	37.902
377.338	120.785	17.865	37.898
377.404	120.940	18.547	37.415
376.210	121.428	18.852	37.461
375.837	121.893	19.118	37.422
375.245	121.969	19.145	37.469
374.511	122.889	18.545	36.413
373.929	123.722	20.274	35.717
373.540	121.959	18.612	37.807
373.668	120.546	18.168	39.102
372.919	120.740	17.624	39.506
372.381	120.958	17.519	38.662
371.730	122.835	17.983	37.567
369.655	121.253	18.600	38.677
369.526	121.334	17.800	38.993
369.099	121.177	18.768	39.223
368.607	121.505	17.732	39.020
368.170	121.610	18.763	39.943
367.453	121.855	18.515	38.986
366.844	121.776	19.034	39.094
366.067	121.752	18.051	39.210
365.415	120.837	18.954	40.504
365.210	121.572	18.316	39.807
365.106	121.544	17.603	38.714
363.822	121.842	18.544	38.835
364.031	121.558	17.974	39.352
362.845	122.102	18.599	39.376
362.766	121.737	19.170	39.722
361.651	121.429	18.806	39.229
361.473	122.007	17.935	38.883
361.835	121.754	17.557	39.469
360.889	122.249	17.578	39.413
360.543	121.936	17.378	39.724
360.086	123.301	16.883	38.731
359.517	122.780	16.771	38.990
358.713	122.992	16.236	38.896
358.531	122.700	17.107	39.881
358.336	122.876	17.034	39.384
357.834	123.297	17.661	38.968
356.306	122.405	18.693	38.197
356.225	122.829	18.834	39.205
355.203	122.493	19.123	39.181
355.243	122.444	19.192	39.228
354.131	124.149	18.735	37.737
353.945	122.447	19.774	38.647
354.395	122.715	18.528	39.005
353.873	123.133	17.788	37.506
354.147	122.984	17.556	39.644
353.493	123.821	17.282	37.880
353.191	123.957	17.955	38.290
352.602	123.625	17.646	37.793
351.963	124.134	17.041	38.801
351.570	123.802	17.871	38.794
351.130	124.099	17.364	39.034
350.313	123.543	18.204	40.120
349.933	124.055	17.859	39.617
348.852	124.105	18.103	40.033
348.987	124.675	17.988	38.802
348.549	124.610	18.030	37.692
347.624	124.490	18.617	39.494
347.358	124.874	17.516	37.847
347.715	124.270	17.885	39.012
347.479	124.600	17.371	38.136
347.696	125.446	17.156	37.214
347.483	125.800	16.687	36.584
347.085	125.209	16.977	37.913
345.760	125.203	17.568	38.348
345.373	125.270	17.879	37.593
345.638	124.769	17.402	39.647
344.844	125.602	17.602	38.386
344.777	125.897	17.123	38.321
344.244	125.915	17.486	39.153
344.807	125.789	18.080	38.369
343.358	125.864	17.721	39.032
343.258	126.008	17.665	38.382
342.530	126.257	18.935	36.425
342.894	125.868	17.389	38.218
341.982	126.525	15.769	38.543
341.233	128.509	16.531	36.900
340.543	128.174	17.637	36.926
339.325	128.366	18.058	37.879
339.218	128.066	17.976	39.118
336.952	127.795	18.481	38.642
336.255	127.550	18.826	38.221
335.964	128.226	18.326	38.106
336.296	127.170	17.475	38.866
335.350	127.668	17.190	38.571
334.683	128.405	17.809	37.645
334.598	128.057	17.400	38.400
333.084	128.057	18.138	38.885
332.899	126.781	18.420	40.099
333.089	128.416	18.603	37.850
332.637	130.153	17.414	36.697
332.587	129.117	17.674	37.906
332.476	129.821	17.502	38.504
329.725	129.125	19.333	39.422
329.768	129.274	19.466	38.776
330.438	129.755	18.086	37.105
331.182	131.489	17.833	36.294
329.917	132.002	17.774	36.407
329.934	132.772	18.064	35.442
328.979	133.357	17.792	34.531
328.141	132.525	17.975	35.918
326.806	132.820	18.402	36.254
325.806	133.461	19.014	35.181
325.964	134.473	19.034	34.246
325.213	135.641	18.280	32.650
324.286	135.591	18.197	33.871
322.983	133.854	18.380	34.983
321.869	134.204	18.360	35.178
322.898	134.897	18.339	33.938
323.016	135.007	17.794	35.384
322.216	136.554	17.761	34.078
322.734	137.143	17.013	31.942
320.856	135.724	17.125	34.932
320.475	134.892	17.546	35.416
319.175	134.686	18.121	35.846
319.197	134.527	17.959	36.428
317.477	136.011	19.196	34.386
317.739	136.221	18.216	35.047
316.902	137.684	18.900	33.949
317.083	138.727	18.247	32.644
316.536	137.378	17.922	34.956
315.584	137.011	19.404	36.220
314.820	137.445	19.579	35.688
314.483	137.020	19.734	35.536
314.914	137.466	18.878	35.430
314.362	137.637	18.732	35.262
314.658	137.770	18.473	35.728
314.587	137.965	17.632	35.735
313.226	137.469	18.467	36.000
310.750	137.039	19.339	36.157
311.825	138.646	18.806	35.563
310.582	138.893	19.637	34.485
309.851	139.061	19.839	34.855
310.227	139.244	19.180	35.092
309.919	140.078	19.013	34.453
308.156	139.506	19.516	35.393
308.579	139.746	19.461	34.696
307.838	140.013	20.049	34.985
306.972	139.716	19.536	35.687
307.180	138.752	19.209	36.183
306.312	138.341	19.412	36.860
307.190	139.016	18.651	36.334
306.337	139.231	18.150	36.307
306.219	138.720	17.565	36.694
305.097	140.073	18.938	35.746
304.186	139.862	17.663	36.047
303.136	139.933	18.948	36.369
302.238	141.034	19.400	35.030
301.965	140.341	20.179	35.889
301.152	140.146	20.470	35.701
301.614	141.011	19.871	35.307
300.656	141.196	19.218	35.993
300.226	141.197	17.750	36.426
298.596	141.103	19.814	35.928
298.339	140.734	18.251	36.331
298.463	141.316	19.112	35.326
297.965	139.304	17.520	37.321
298.016	140.864	18.715	35.640
297.998	140.588	18.758	35.360
296.162	140.965	19.340	35.432
296.891	141.292	19.149	35.267
295.677	141.364	19.107	34.734
295.529	140.859	19.283	35.528
294.793	140.606	19.155	36.170
293.396	140.631	18.794	35.271
294.472	141.670	18.103	34.510
295.202	143.074	17.794	35.214
294.165	141.209	18.314	35.970
294.031	142.612	18.768	35.928
294.006	142.177	17.541	36.315
293.312	141.608	18.815	37.052
290.468	142.019	18.097	35.674
290.262	141.809	17.894	35.139
289.572	142.439	17.228	34.662
291.163	143.843	17.450	35.493
291.623	143.965	18.850	34.294
288.344	143.723	18.535	33.875
288.137	143.815	18.782	34.006
287.301	143.146	19.092	34.887
286.527	142.304	19.112	35.269
286.422	142.852	19.595	34.773
286.838	143.368	19.647	35.450
285.959	142.742	19.420	36.336
286.001	143.206	19.576	35.494
284.868	142.687	19.447	36.476
285.910	143.154	18.540	38.043
283.495	143.598	19.708	36.089
282.085	143.383	19.596	35.664
281.519	142.906	19.054	37.042
280.595	142.957	20.164	38.049
280.653	143.530	19.758	37.485
280.059	144.050	18.653	36.410
280.059	144.272	18.623	36.830
280.496	145.006	18.541	35.924
278.367	143.666	18.373	37.837
278.509	144.909	19.860	35.561
277.881	145.220	18.890	36.265
277.226	145.008	18.731	36.683
276.766	145.704	18.699	37.080
275.595	145.621	18.938	38.833
275.925	145.701	18.399	37.158
275.977	145.143	19.059	37.983
272.927	145.420	19.638	37.597
272.463	145.898	18.863	37.661
271.600	144.532	19.808	38.205
273.275	144.832	19.264	38.735
272.644	145.643	18.330	37.888
273.022	145.918	18.451	37.014
271.905	145.727	19.141	38.057
271.172	145.911	19.090	38.313
270.487	146.107	18.477	38.315
270.614	146.935	18.749	37.852
270.109	147.047	17.849	37.427
268.893	147.033	19.528	38.106
268.983	147.055	18.512	38.062
265.521	146.493	18.723	38.916
265.460	147.377	19.577	37.633
264.458	147.394	20.510	37.759
265.149	146.671	19.146	38.137
264.627	146.962	18.442	39.183
266.493	147.472	18.327	37.263
265.044	147.595	19.700	38.438
264.479	148.509	19.746	38.730
264.080	147.960	19.824	38.911
262.342	147.609	19.895	39.166
262.836	148.707	18.686	38.332
261.253	147.995	20.820	38.867
261.959	149.019	19.873	39.386
262.042	149.012	19.023	38.917
262.053	148.192	19.172	38.823
259.752	147.062	21.967	40.527
257.810	147.294	22.860	40.749
258.252	147.124	21.539	41.853
259.075	146.187	21.975	42.129
257.815	147.865	19.394	41.114
258.711	149.021	19.948	40.346
258.221	147.595	21.826	41.605
257.695	148.997	19.360	40.985
256.672	146.674	23.000	43.029
255.010	145.584	22.821	43.834
254.523	147.517	22.882	41.293
255.154	148.257	21.507	41.514
256.175	148.910	20.373	41.148
256.315	150.918	19.626	38.702
255.339	148.747	20.919	40.887
252.633	146.981	23.166	43.354
251.243	146.396	25.029	43.051
250.113	145.156	26.145	44.068
250.227	145.354	25.493	44.147
250.026	145.191	26.349	44.796
251.727	145.450	23.711	44.682
253.029	144.240	23.135	48.078
252.300	144.742	22.824	46.866
250.941	144.548	23.620	47.375
249.280	144.904	24.281	46.629
249.415	144.904	23.899	47.026
247.792	144.775	25.956	47.914
247.445	144.879	25.291	47.104
247.105	144.491	25.204	48.871
246.072	144.829	25.824	48.562
244.343	145.165	26.605	48.372
244.173	145.108	25.660	47.751
243.585	145.563	26.077	46.751
243.129	145.448	25.628	48.202
242.631	145.726	26.210	47.023
242.083	145.509	25.732	47.478
241.900	145.705	25.295	47.840
241.721	145.656	24.581	48.847
241.374	145.813	24.953	48.830
240.523	146.434	25.213	49.231
239.960	146.853	25.461	47.597
240.282	146.525	24.677	47.975
239.396	146.277	25.247	47.325
238.994	145.893	25.323	48.849
238.638	145.660	25.624	50.348
237.487	146.329	26.024	47.717
237.272	145.879	26.248	49.063
236.511	146.407	26.141	48.219
236.541	146.036	25.640	50.119
236.340	146.480	26.169	48.921
236.017	146.853	26.709	49.614
235.870	146.751	26.952	49.682
235.831	146.780	26.803	49.157
234.805	146.615	27.668	49.585
234.531	146.428	27.354	50.522
233.908	146.731	27.853	49.610
233.859	146.531	28.101	49.899
233.431	146.139	28.024	50.707
233.710	146.629	27.497	49.351
233.563	146.344	26.952	49.776
233.748	146.418	27.003	51.354
233.756	146.874	26.523	50.095
233.800	146.918	26.578	50.771
233.343	147.116	26.847	50.149
232.563	147.038	27.119	49.544
232.281	147.038	27.288	49.730
231.519	146.935	27.779	49.415
231.157	146.599	28.198	51.071
230.207	146.604	28.490	50.165
229.962	146.803	28.895	50.235
229.634	146.612	28.926	51.141
229.082	147.163	29.040	51.026
229.110	147.498	28.650	50.884
229.253	147.766	28.425	50.533
229.004	147.945	28.657	51.143
228.845	148.212	28.542	50.122
228.973	148.604	28.616	50.875
228.746	148.190	28.285	50.680
228.295	148.578	28.238	50.207
228.562	148.208	27.804	50.614
228.302	148.122	27.366	50.677
228.534	148.087	27.212	50.736
228.470	148.052	26.813	51.130
228.135	148.104	26.665	51.416
228.794	148.699	26.227	51.083
228.178	148.596	26.577	51.603
227.416	148.683	27.282	51.283
227.647	149.268	26.527	50.311
226.453	148.994	27.270	50.813
226.038	148.982	27.658	50.508
225.627	148.683	27.822	51.259
225.417	148.613	27.325	50.471
224.630	148.886	27.773	51.282
224.339	148.879	28.080	51.165
223.651	149.148	28.435	51.094
223.075	149.436	28.422	52.793
222.622	150.429	28.708	51.438
222.480	150.475	28.584	50.294
221.751	150.430	28.829	50.719
221.730	150.137	28.623	51.235
221.746	150.012	28.521	51.239
222.446	150.488	27.178	51.831
221.579	150.228	27.093	51.941
221.961	150.090	26.635	51.974
221.521	150.072	26.792	51.822
221.233	149.947	26.410	53.126
221.095	150.426	26.976	51.937
220.623	150.927	26.874	51.611
220.710	150.877	26.150	52.155
220.357	150.930	26.219	52.746
219.935	150.786	26.581	52.473
220.469	150.790	25.085	54.152
220.208	150.737	25.506	54.209
219.984	150.603	25.395	54.864
219.652	150.414	24.861	55.332
218.827	150.527	25.579	54.612
218.590	151.098	26.460	55.174
218.562	151.396	25.782	54.532
218.590	151.733	25.188	54.051
217.999	151.938	25.587	53.556
217.934	152.174	25.522	53.721
217.454	153.082	25.071	53.347
217.140	152.919	25.408	53.465
216.562	153.405	25.387	53.469
216.386	153.204	25.841	53.671
216.424	152.902	25.190	53.344
215.856	153.188	25.390	53.887
215.196	153.553	25.418	54.067
215.021	153.555	25.471	54.377
214.842	153.911	25.139	54.543
214.056	153.902	25.410	53.714
214.414	153.927	24.866	54.308
213.425	153.268	25.759	54.507
213.340	153.916	25.332	53.441
213.177	153.796	25.480	54.103
212.414	153.883	26.118	53.338
212.705	153.828	26.296	54.029
212.308	153.880	25.802	53.829
211.827	154.345	26.034	53.123
210.999	154.167	27.232	54.156
211.398	154.475	25.969	54.673
211.425	156.187	25.829	53.572
211.056	156.381	26.286	52.693
210.356	156.678	26.559	52.630
210.658	156.822	25.783	53.028
210.779	156.822	24.819	52.658
210.782	158.566	24.382	51.441
210.355	158.222	24.056	51.800
209.656	158.003	24.650	52.621
209.218	157.831	24.982	52.766
208.901	157.661	25.190	53.663
209.046	160.137	23.952	52.155
208.355	159.739	24.716	52.619
208.083	160.303	24.637	51.933
207.003	159.646	23.696	52.951
207.694	159.118	23.506	53.392
207.358	159.882	24.412	52.701
206.998	159.294	23.022	53.936
206.985	159.738	22.979	53.286
206.610	161.836	23.122	51.833
205.929	160.583	23.725	53.025
206.203	162.977	22.850	51.147
205.959	162.276	21.995	51.381
205.902	162.876	21.362	50.515
205.103	162.039	22.258	51.882
205.346	162.934	21.608	50.589
203.342	165.267	22.864	47.640
202.795	165.114	23.373	47.952
202.165	166.017	23.418	47.941
202.083	165.292	23.078	49.474
202.118	165.154	22.430	49.337
201.747	166.707	21.904	47.945
201.848	166.309	21.976	47.937
201.721	166.804	21.201	48.283
201.502	166.945	21.458	48.288
201.531	167.060	21.109	48.306
201.251	169.093	21.151	46.072
200.649	169.994	21.443	45.617
200.005	169.881	21.554	45.827
199.759	169.620	22.259	46.440
199.318	169.724	22.535	46.211
198.841	170.108	21.916	45.476
198.867	170.251	21.432	45.976
198.524	170.948	21.286	45.367
198.204	171.123	21.283	45.354
197.235	171.895	21.359	45.271
197.302	172.169	20.832	44.996
196.942	172.131	20.918	45.317
196.712	172.417	20.946	44.639
196.533	172.361	20.401	44.857
196.182	172.252	20.274	45.425
196.151	172.827	20.130	45.126
196.217	172.836	19.639	45.610
195.645	173.571	19.499	45.065
195.012	173.785	20.029	45.278
194.627	173.649	20.018	45.840
193.411	174.132	20.757	45.466
192.846	174.052	20.762	45.343
193.060	173.928	20.107	46.082
192.169	174.026	21.338	45.422
191.137	174.584	21.241	45.582
190.318	174.418	22.017	46.264
189.997	174.676	21.361	46.169
189.624	174.309	21.468	47.253
188.559	174.321	21.980	47.631
188.686	174.044	21.378	47.354
187.520	173.527	21.917	48.294
187.554	174.042	20.889	47.931
187.692	174.337	20.719	47.396
186.514	175.014	20.764	47.466
186.442	175.377	20.419	47.940
185.233	176.025	21.026	46.799
184.660	176.093	21.651	46.664
184.725	175.766	21.019	47.274
183.752	176.265	20.880	46.602
183.746	175.999	20.273	46.505
183.241	176.569	20.474	45.329
182.438	177.448	20.969	44.768
181.929	177.210	20.761	45.304
180.425	177.335	20.803	46.041
180.422	177.722	20.737	46.159
179.955	178.212	19.702	44.934
179.749	177.835	19.097	45.441
179.452	177.780	19.283	46.543
178.509	178.148	19.658	45.932
178.640	178.583	19.816	44.994
178.703	178.704	18.696	45.271
176.985	179.727	20.133	45.420
177.086	179.380	20.270	44.932
176.174	179.280	20.823	45.198
175.953	179.100	20.605	45.706
175.562	178.857	20.677	46.197
176.109	178.577	19.925	46.511
174.151	179.293	21.370	46.836
173.612	179.583	21.715	46.120
173.758	179.406	21.491	46.833
173.246	179.985	21.286	46.348
172.790	179.995	21.394	46.744
172.794	180.412	21.299	46.467
172.228	180.460	21.007	47.183
171.636	180.589	21.665	46.763
172.086	180.614	20.800	47.098
171.400	180.953	20.688	47.198
171.431	181.770	21.033	46.076
170.955	181.870	21.456	46.407
170.088	182.377	21.166	46.874
169.947	182.935	21.042	45.984
169.018	182.849	21.843	46.409
169.581	182.238	20.615	47.478
169.336	182.129	20.499	47.911
169.278	182.327	20.507	48.153
168.550	183.497	20.538	46.901
167.795	183.792	21.194	47.161
167.515	183.586	21.480	47.433
167.041	183.354	21.301	47.358
166.832	183.441	21.198	47.748
166.365	183.441	21.492	47.336
166.602	184.108	21.199	47.298
166.336	184.412	21.121	47.250
166.543	184.596	20.932	46.855
165.993	184.696	20.743	47.671
165.076	184.766	21.456	47.798
164.552	185.184	22.148	47.731
164.367	185.257	22.117	48.088
163.971	185.190	21.932	47.984
164.180	184.343	21.434	49.203
164.234	183.801	22.089	49.733
162.923	184.462	23.238	49.298
163.231	184.324	22.235	50.367
163.105	184.603	22.388	50.041
162.765	184.540	22.593	50.569
162.951	184.311	22.064	50.690
162.877	184.309	22.246	50.760
163.247	184.145	21.285	50.447
162.822	184.777	22.258	50.001
162.969	184.286	22.219	51.034
162.590	185.835	22.370	49.913
162.889	185.942	22.154	50.049
162.464	186.461	22.453	49.648
162.797	186.959	22.190	49.870
162.530	187.173	21.884	49.890
162.387	187.070	22.305	49.514
161.852	187.629	22.302	48.639
162.194	187.768	22.275	48.856
161.847	188.331	22.494	48.740
161.767	188.215	22.205	49.748
161.425	188.911	22.627	49.197
161.034	189.277	22.563	49.092
160.975	189.053	22.418	49.395
160.342	189.862	23.064	48.474
160.581	189.795	22.255	48.925
160.976	190.181	22.031	48.240
160.836	190.340	22.042	48.321
160.863	190.816	22.048	48.473
160.077	190.511	22.715	49.619
160.002	191.334	22.847	48.572
159.451	192.108	22.944	47.727
159.416	191.713	22.671	48.188
158.979	191.847	23.053	47.568
159.469	191.472	22.148	49.203
159.070	191.337	22.324	48.662
158.803	191.148	22.528	49.815
158.901	190.662	22.694	50.365
158.157	191.860	23.550	49.972
157.829	192.344	23.642	49.529
157.285	192.392	23.861	49.419
158.519	192.672	22.456	50.040
158.722	192.620	22.147	49.955
158.286	193.027	22.660	49.965
158.507	192.672	22.337	50.530
158.265	193.760	22.932	50.307
157.617	194.361	23.083	48.593
157.426	195.010	23.215	48.438
157.555	194.928	23.075	49.135
156.693	194.534	24.127	49.743
157.218	193.744	23.374	50.522
157.104	194.089	23.411	49.577
157.265	193.532	23.287	51.820
156.607	193.856	24.047	51.613
156.421	193.901	24.612	52.049
155.581	194.344	25.164	51.947
156.779	194.872	23.929	51.823
156.546	195.097	23.747	52.068
156.446	194.829	23.801	51.834
157.276	195.677	23.279	50.844
157.277	195.986	22.778	51.343
157.700	196.133	22.689	52.009
157.484	197.233	23.457	51.258
157.238	197.533	23.190	51.418
157.038	198.279	23.390	52.785
157.059	198.162	23.098	51.137
157.161	198.248	23.200	51.067
156.933	197.509	23.399	51.948
156.082	197.911	24.467	52.737
155.575	198.378	24.332	52.086
155.780	198.319	24.197	52.229
155.649	197.957	23.913	52.471
155.702	198.516	23.628	52.056
155.499	198.979	23.790	51.947
154.933	199.222	23.963	52.088
155.014	198.955	23.538	52.670
154.623	198.158	24.057	53.469
154.922	199.025	23.828	52.486
154.476	198.847	23.853	53.342
154.587	199.907	24.341	52.986
154.769	200.428	23.773	52.607
154.819	202.370	23.685	51.920
154.946	201.978	23.401	52.851
154.946	201.756	23.354	52.385
154.768	201.376	23.252	52.813
154.959	201.721	23.084	53.074
154.715	201.829	23.242	53.008
154.089	201.811	23.896	52.593
152.918	202.454	24.873	53.007
153.063	202.588	24.688	53.382
153.487	203.090	24.391	53.164
153.111	203.339	24.461	53.961
153.203	203.375	24.258	53.169
153.613	203.140	23.841	53.788
153.808	203.097	23.589	54.228
153.588	203.832	24.123	54.390
154.373	204.750	23.676	53.749
154.574	205.195	22.983	53.481
154.439	205.137	23.344	54.210
153.489	205.238	24.425	54.961
153.776	204.477	23.927	55.519
153.751	204.419	23.567	55.275
153.433	204.759	24.146	55.759
153.315	205.090	24.572	55.351
152.643	205.224	25.309	55.471
152.860	206.030	24.758	54.883
152.784	205.992	24.227	55.257
152.771	205.554	24.360	55.822
153.019	204.890	24.024	56.657
152.368	205.374	24.495	56.314
152.740	204.949	23.917	56.959
152.688	205.260	24.016	56.402
152.651	205.550	24.209	56.617
152.321	206.241	24.754	56.552
152.610	207.251	24.036	56.430
152.208	206.214	24.378	58.503
151.573	206.420	24.950	58.353
151.627	206.349	24.711	57.952
151.322	205.835	25.269	58.806
151.313	206.312	24.806	58.223
151.185	206.727	25.001	59.079
151.169	207.896	24.969	57.451
151.205	208.188	24.620	57.452
150.267	209.033	25.527	56.799
150.413	208.797	25.150	57.395
150.134	208.954	25.225	58.381
150.012	209.761	24.993	57.052
150.579	209.937	24.277	56.711
150.067	210.292	25.428	57.420
150.259	211.666	25.167	56.412
150.198	212.320	25.328	55.472
150.396	213.397	24.765	54.183
150.611	213.218	25.028	56.084
150.480	214.196	24.954	54.563
150.482	213.992	24.798	55.461
150.342	213.913	24.882	54.645
150.033	213.458	25.125	55.944
149.945	213.932	25.344	55.447
150.110	214.620	25.111	55.498
150.181	214.780	25.043	55.819
150.154	215.374	25.068	55.308
150.355	215.550	25.211	56.280
150.339	215.222	25.371	56.362
150.683	215.358	25.090	56.408
150.719	215.047	25.017	56.512
151.055	215.474	24.986	56.422
151.298	216.401	24.897	56.044
151.424	216.526	24.918	56.033
151.793	217.806	24.549	55.324
152.190	218.290	24.424	55.225
152.662	218.109	23.982	56.536
152.140	218.105	25.084	56.160
152.082	217.969	25.175	56.901
151.902	217.934	25.669	57.231
151.925	218.182	26.130	56.949
151.222	218.906	26.332	57.329
151.092	218.727	26.896	58.240
150.502	219.853	27.187	58.007
150.595	219.830	27.201	58.059
150.534	219.776	27.415	58.595
151.068	219.709	27.399	57.876
152.040	219.379	26.271	58.665
151.949	220.030	26.848	57.434
152.468	219.779	26.813	59.639
153.067	220.341	26.338	59.324
153.152	221.619	26.874	59.454
154.080	221.917	25.828	58.846
154.092	222.302	26.540	60.005
154.100	222.281	26.645	59.945
154.507	222.114	26.336	59.622
154.064	222.037	27.267	60.298
153.839	222.706	27.491	61.561
153.385	222.933	28.227	60.260
153.775	222.895	28.089	61.513
154.058	223.122	28.133	61.675
154.166	223.598	28.198	61.501
154.828	223.912	27.502	60.978
155.712	223.688	26.776	61.002
155.753	223.634	26.789	60.998
155.981	223.822	26.627	62.233
155.790	225.142	27.040	60.528
156.357	225.514	26.411	60.977
156.569	226.612	26.661	61.021
156.577	227.007	26.865	60.095
157.059	226.669	26.328	61.173
157.109	226.274	26.078	62.161
156.548	225.830	27.294	62.930
156.452	226.186	26.994	62.672
156.481	226.125	26.965	63.016
156.540	227.326	27.377	62.463
156.181	227.553	27.668	63.138
156.150	227.900	27.580	63.009
155.840	227.818	27.958	64.292
155.780	228.013	28.377	63.226
155.227	227.905	28.382	64.091
155.859	228.082	27.874	63.528
155.037	228.603	28.890	63.777
155.391	229.254	28.378	64.397
155.218	230.082	28.726	63.735
153.448	230.806	30.850	64.085
154.118	231.194	30.487	63.500
153.715	230.962	30.689	64.639
154.165	230.951	30.067	64.767
154.595	230.931	29.869	64.625
154.580	232.013	29.676	63.545
154.397	232.368	30.169	63.768
153.293	233.820	30.571	64.401
153.804	234.347	29.754	63.407
152.762	234.741	29.950	65.279
153.061	234.682	29.461	64.887
152.394	234.258	29.970	66.408
151.916	234.497	30.001	66.778
151.754	234.644	30.466	65.990
151.599	235.654	29.785	66.086
151.623	235.874	29.428	65.603
151.854	236.399	29.381	66.157
151.837	237.196	29.359	65.274
151.308	237.755	29.485	66.415
150.723	237.370	29.977	67.942
149.992	238.032	30.794	66.275
149.985	237.872	30.629	66.616
149.902	237.879	30.292	66.483
149.246	238.518	31.086	66.815
149.352	239.638	30.617	66.835
150.114	239.625	29.308	67.846
149.246	240.301	30.210	67.708
148.528	240.353	30.479	68.429
148.509	240.271	30.539	68.066
148.139	240.721	30.667	67.629
148.105	240.813	30.515	68.099
148.001	241.923	30.471	67.317
147.936	242.610	30.932	66.273
148.329	244.001	30.770	67.689
148.241	244.726	30.565	66.905
147.537	245.678	31.299	65.929
146.896	246.434	31.903	65.448
145.739	246.209	32.624	65.356
145.788	246.909	32.387	65.082
145.900	246.813	31.968	65.216
146.155	247.453	32.318	66.890
147.953	248.246	30.466	67.056
147.592	249.032	30.801	67.455
147.666	249.912	30.937	66.298
146.935	250.002	31.771	66.561
146.502	250.821	31.947	65.409
146.897	250.546	31.811	65.731
147.480	250.292	31.461	66.713
148.468	249.975	31.066	67.750
148.966	249.651	30.796	69.637
149.648	250.271	30.584	68.386
149.012	251.521	31.222	69.576
148.633	251.859	32.258	68.849
148.873	251.600	31.975	69.300
148.818	251.016	32.693	70.332
149.026	251.397	32.452	69.836
150.070	250.863	31.592	71.349
149.516	252.208	32.255	70.447
150.170	252.438	31.688	71.168
151.085	253.058	31.235	71.903
150.883	253.146	32.083	73.223
150.607	253.078	32.590	72.652
150.348	253.171	32.731	72.785
150.408	253.320	32.366	72.368
150.752	253.908	32.386	72.840
151.228	254.617	32.248	72.439
151.401	254.644	32.297	74.500
150.910	255.406	32.978	73.874
150.222	256.029	33.989	74.006
150.120	256.543	33.951	73.435
150.413	256.660	34.038	73.512
150.296	256.912	34.360	73.124
149.321	257.031	35.006	74.309
149.526	258.562	35.384	72.982
148.583	259.536	35.777	73.869
148.855	260.090	35.991	73.112
146.272	260.576	37.378	74.628
145.837	259.263	37.561	76.441
146.271	259.558	37.366	75.894
147.840	261.025	35.634	75.212
149.162	260.503	34.129	76.694
149.169	261.556	34.859	78.095
149.989	262.592	35.220	77.204
150.453	263.472	35.132	76.724
150.317	264.089	35.044	76.471
150.014	263.332	35.758	77.661
149.780	263.949	35.922	76.665
150.053	263.225	36.642	78.078
150.300	263.341	36.874	78.218
149.733	264.678	37.665	78.506
150.730	265.443	36.498	78.120
151.574	266.050	35.824	77.986
149.828	267.284	37.787	77.543
149.525	266.879	38.451	78.021
151.576	266.813	37.321	78.014
152.468	266.751	35.980	78.906
153.263	267.811	35.955	78.921
154.074	269.617	35.185	76.216
153.876	270.058	35.678	76.772
155.313	271.280	34.933	77.617
154.290	270.736	36.295	79.356
153.974	271.162	37.408	79.764
155.060	271.532	36.374	78.757
154.720	271.859	36.500	78.552
154.236	272.059	37.790	79.144
155.035	272.199	37.975	79.080
156.779	273.758	36.778	79.681
154.911	274.603	38.165	78.382
155.835	275.001	38.128	78.903
155.601	275.698	38.117	80.219
156.245	275.300	38.762	81.231
156.286	274.914	39.052	82.013
159.404	274.990	36.951	83.080
160.208	275.648	36.575	83.274
161.432	276.923	35.683	83.843
161.151	278.409	37.191	83.926
161.297	278.914	38.201	85.593
161.683	279.667	38.814	84.273
162.009	279.761	39.003	83.161
162.246	279.835	38.757	83.530
162.628	282.133	39.430	83.054
163.325	280.439	39.723	85.586
163.953	283.724	39.941	81.880
164.482	283.789	39.492	83.021
164.807	283.577	40.384	84.878
165.018	283.630	40.173	85.326
165.797	283.964	39.444	84.813
167.977	284.809	38.318	83.574
168.350	284.977	38.595	85.786
170.859	286.707	36.747	86.529
170.625	287.341	37.535	86.434
171.347	288.874	38.586	85.943
171.127	290.079	38.956	85.276
171.320	289.858	39.485	85.364
170.346	289.540	40.700	86.258
170.514	290.011	40.511	85.755
170.858	291.447	41.438	85.694
171.445	292.547	41.122	85.431
172.362	292.944	40.599	85.122
173.797	295.169	39.512	84.748
174.106	294.931	40.239	86.122
173.501	295.321	41.188	87.338
173.194	295.429	42.013	86.967
174.776	295.907	41.531	88.182
176.362	295.823	40.411	88.164
177.821	298.009	39.502	87.267
177.602	298.838	39.892	87.732
178.967	302.657	40.272	84.313
178.421	301.797	41.481	85.884
178.384	302.843	42.362	84.918
178.237	301.900	42.610	87.531
178.207	302.185	43.090	87.595
179.023	302.502	42.937	89.148
179.251	302.571	43.295	90.479
180.330	303.230	42.310	89.298
180.816	304.321	41.872	90.731
181.558	305.162	41.636	89.889
179.583	306.029	44.397	90.409
180.734	306.082	44.355	90.641
180.505	306.331	44.248	90.710
181.558	306.672	43.929	91.010
182.651	306.740	42.971	91.933
183.429	306.575	42.348	93.620
184.902	309.265	41.681	92.269
184.562	309.436	42.785	92.182
184.920	311.136	43.910	92.698
185.341	310.740	44.216	94.001
184.824	310.401	45.264	95.006
184.732	310.743	46.291	94.320
184.476	311.091	46.619	95.377
184.751	312.301	46.967	96.252
185.499	313.236	46.330	94.506
186.022	314.271	45.720	95.948
187.256	316.306	45.314	94.216
187.397	315.669	45.394	97.349
186.933	317.053	46.334	97.719
186.478	316.968	47.977	95.758
187.971	317.035	46.899	97.394
190.232	317.323	45.255	99.074
191.251	318.790	44.675	98.546
191.921	320.245	43.922	97.554
194.462	322.461	42.534	97.479
196.603	324.446	42.745	97.111
197.175	324.274	43.060	98.233
196.099	324.511	44.811	96.988
196.726	325.767	45.843	96.615
195.642	327.655	49.302	97.423
194.246	328.634	51.706	98.841
195.002	328.557	51.491	99.912
196.006	330.492	50.896	100.052
196.372	331.282	51.756	98.964
197.391	331.679	51.171	100.748
198.143	332.465	51.595	98.559
199.913	332.433	50.720	100.892
202.358	332.003	49.033	102.539
205.776	332.360	47.390	102.063
206.366	333.679	47.457	103.012
209.534	335.600	45.166	101.901
212.403	334.863	44.112	105.198
212.169	336.003	45.957	104.053
212.271	335.814	47.369	103.537
211.697	336.180	49.644	104.899
211.723	336.170	50.965	104.870
210.246	338.860	54.645	104.299
211.514	338.944	54.324	104.287
214.561	341.226	53.475	106.483
216.702	342.182	53.539	106.529
216.984	342.683	55.595	106.118
217.937	342.598	56.831	105.419
219.834	343.154	54.589	105.558
222.940	343.887	55.048	106.470
225.527	343.566	53.031	106.164
229.122	346.096	50.717	106.058
230.708	346.635	51.002	107.275
233.242	349.376	49.972	107.494
233.633	349.461	51.867	108.033
233.712	350.237	52.938	106.367
234.235	349.653	53.280	108.401
232.965	352.265	55.614	106.522
234.688	351.299	55.714	107.583
235.577	353.043	55.483	105.583
237.495	355.105	54.726	104.087
240.774	358.401	53.991	100.605
241.003	358.392	54.409	100.167
241.972	360.412	55.848	98.957
242.058	361.215	56.269	98.009
244.494	361.632	55.360	97.549
246.690	361.624	54.018	98.027
251.168	363.398	51.874	96.241
252.489	364.384	52.123	95.616
253.730	366.137	51.789	93.863
257.573	367.446	51.005	92.554
260.417	369.762	48.538	90.238
260.388	370.653	49.840	89.347
262.894	371.099	50.236	88.713
264.657	370.991	49.275	88.037
266.622	372.269	48.530	87.000
267.355	372.999	50.055	86.771
269.549	376.136	50.487	83.690
270.841	376.645	50.302	83.355
272.648	377.800	49.666	82.200
284.889	383.221	47.820	76.779
288.393	385.942	49.806	73.746
291.096	386.732	50.263	73.268
294.137	386.780	48.597	73.105
295.908	387.110	49.895	72.140
298.810	389.140	50.761	70.640
300.637	391.083	51.275	68.917
301.995	393.715	53.372	66.285
302.421	393.957	53.295	66.043
306.068	397.158	54.371	62.842
308.714	396.938	53.115	63.062
313.265	395.370	46.409	64.630
315.682	398.573	49.180	61.427
318.969	398.785	47.042	61.215
320.683	401.130	46.056	58.870
324.686	404.652	46.009	55.348
330.568	403.114	41.058	56.886
332.725	404.898	39.981	55.102
336.312	405.725	38.946	54.275
338.337	406.292	36.865	53.708
338.997	407.434	38.617	52.566
342.752	407.864	38.714	52.136
343.212	409.619	40.406	50.381
347.065	412.360	39.166	47.640
347.431	414.161	39.140	45.839
350.142	413.723	40.135	46.277
351.315	414.349	42.319	45.651
