360.000	227.000	34.000	23.000
360.399	227.362	33.554	24.641
361.252	227.573	33.279	25.136
361.095	227.941	34.166	24.820
361.907	227.803	34.273	25.276
362.380	228.334	34.656	24.531
363.692	228.277	34.696	25.092
364.199	228.875	35.152	24.810
364.375	228.961	35.861	25.217
365.045	228.738	35.047	25.764
366.740	229.118	35.412	26.298
367.023	229.264	34.936	26.439
367.510	229.559	35.854	26.388
367.881	229.498	35.904	26.638
368.666	229.894	35.927	26.718
369.216	230.284	37.128	27.185
369.626	230.648	37.316	27.564
370.329	230.773	37.455	27.812
370.318	230.856	37.971	27.934
371.179	230.925	37.833	28.542
371.541	231.561	38.406	28.535
373.545	231.859	38.100	28.915
373.727	232.332	39.261	29.671
374.487	231.841	39.036	29.495
375.420	232.294	39.402	29.662
376.066	232.386	39.730	29.869
377.772	232.747	39.494	30.536
377.591	233.383	40.303	29.472
378.426	233.314	40.637	29.894
379.306	233.211	40.485	30.515
379.748	233.663	40.325	29.969
381.487	234.412	40.145	29.854
382.207	234.833	40.486	29.833
382.598	235.041	40.587	29.612
383.439	235.639	40.597	29.628
385.265	236.036	40.467	29.995
385.919	236.041	40.631	30.266
386.487	236.152	41.440	30.509
387.172	236.588	41.663	30.661
388.237	236.755	41.707	31.034
389.631	236.794	41.954	31.288
390.332	236.735	42.305	31.577
391.277	237.177	42.360	31.350
392.002	237.970	42.229	30.674
392.608	237.961	41.944	30.887
393.130	238.231	41.660	30.973
395.068	238.398	41.445	31.160
396.029	238.432	42.345	31.550
396.730	238.473	42.204	32.171
397.359	238.802	42.753	31.801
399.370	239.386	42.790	31.867
400.448	239.056	42.132	32.933
401.197	239.511	41.687	32.550
401.668	239.783	42.790	33.248
402.050	239.859	43.332	33.841
404.346	240.620	43.350	34.175
404.319	241.312	44.122	33.358
405.127	241.670	44.715	33.606
406.850	242.334	43.668	33.441
407.802	242.528	43.671	33.793
409.564	242.916	44.589	34.478
410.819	243.693	44.280	34.416
411.193	243.746	45.035	34.820
412.066	243.708	45.297	35.163
414.206	243.955	44.871	35.668
415.105	243.866	45.136	35.754
415.799	244.695	45.085	34.973
416.499	244.898	45.573	35.051
417.950	245.631	45.473	34.785
419.918	246.631	45.817	34.874
421.083	247.234	46.224	35.134
421.812	247.721	46.694	35.071
422.812	247.816	46.330	35.417
424.232	247.850	46.275	35.747
426.234	247.848	46.261	36.699
426.861	248.322	46.274	36.272
428.166	247.989	45.455	36.852
428.744	248.868	46.200	37.237
429.544	249.164	47.975	38.022
429.812	249.546	48.073	38.063
430.860	249.683	48.003	38.037
431.235	249.875	49.011	38.386
432.526	250.388	48.819	38.398
433.808	250.994	49.876	39.162
434.238	251.254	50.625	39.091
434.933	252.181	51.094	39.054
436.065	252.188	50.782	39.617
436.499	252.331	51.554	40.107
438.299	253.208	51.868	40.290
439.068	253.248	51.615	40.476
439.826	253.710	52.400	41.397
440.586	254.153	52.381	41.572
441.595	254.367	52.552	41.700
443.196	255.257	53.306	42.086
444.289	255.644	53.415	42.079
444.800	256.644	54.012	41.986
445.410	256.907	54.708	42.104
446.491	257.141	54.309	42.366
449.044	257.666	53.862	43.546
449.774	257.882	54.041	43.466
450.718	258.378	54.563	43.633
450.997	258.069	55.524	44.676
451.978	259.136	56.588	45.364
453.084	259.766	56.390	44.903
453.724	260.094	57.009	45.407
454.818	260.623	57.080	45.486
455.525	261.761	57.374	45.223
456.265	261.823	57.985	45.659
457.531	261.965	57.881	46.767
458.433	263.073	57.919	46.377
458.278	262.870	59.319	47.125
459.913	263.686	58.783	47.483
460.856	263.697	58.830	47.876
462.101	264.850	59.786	48.808
463.041	265.470	59.771	48.379
463.860	265.897	59.579	48.602
464.318	266.499	59.769	48.500
465.731	267.464	61.035	49.327
466.206	267.835	61.427	49.693
467.478	268.305	60.714	50.277
468.114	268.994	61.499	50.033
468.968	269.485	61.057	49.775
469.717	270.214	62.721	51.025
471.109	271.289	62.160	50.657
472.031	271.818	62.109	50.683
472.009	272.260	62.840	51.387
473.036	273.270	62.675	50.947
473.936	274.328	63.901	51.810
474.769	275.119	64.469	51.551
475.489	275.671	64.509	52.158
476.140	276.743	64.957	52.071
477.001	277.168	65.107	52.866
477.824	278.628	65.899	53.468
479.382	278.315	65.272	53.894
479.460	278.861	66.003	54.739
479.952	279.880	66.756	54.296
480.753	281.506	67.074	54.286
481.295	282.272	67.897	54.460
482.379	282.472	67.212	54.866
482.803	282.988	67.686	55.551
483.683	284.078	67.695	55.637
484.156	284.506	67.806	56.049
484.681	285.624	69.099	57.170
485.476	285.780	68.940	57.927
485.580	286.693	69.760	58.096
486.483	287.039	69.526	58.996
486.569	287.560	70.348	59.380
486.889	288.317	71.277	60.812
487.422	289.303	71.052	61.104
487.825	290.498	71.055	60.988
487.998	290.937	71.315	61.751
488.387	291.804	71.451	62.094
488.349	292.936	72.307	63.323
488.571	293.970	72.515	63.431
488.607	295.305	73.038	63.409
488.397	295.609	73.788	64.374
488.106	297.184	74.412	65.001
488.058	297.987	74.749	65.256
487.684	299.060	75.174	65.622
487.289	299.625	75.874	66.129
486.787	300.195	76.435	66.498
484.806	301.364	78.277	67.743
485.788	302.731	76.734	67.438
484.998	303.306	78.016	68.100
484.820	304.436	78.124	68.152
483.021	305.854	79.574	69.239
482.925	306.682	78.869	69.940
481.744	307.469	80.380	70.332
481.062	308.318	80.433	70.953
480.304	309.399	80.669	71.467
477.814	311.071	82.025	72.831
477.436	312.809	82.353	72.642
476.648	313.790	82.203	73.468
475.095	314.641	83.782	73.836
472.060	316.340	85.949	74.592
470.769	317.327	86.359	75.186
469.550	318.415	86.884	76.043
468.590	319.585	87.072	76.835
466.607	320.676	87.592	77.207
464.117	323.020	88.859	77.640
462.460	324.367	89.163	78.139
461.411	325.714	89.564	77.784
459.419	326.989	89.935	77.945
456.166	328.185	92.664	78.610
453.156	330.240	93.477	79.780
450.922	331.963	93.971	80.042
448.264	332.807	95.728	80.472
445.663	334.405	96.511	80.719
443.621	335.169	97.414	81.796
438.960	337.525	99.058	82.842
435.779	339.085	100.719	83.311
433.502	340.308	101.315	84.172
431.308	341.875	101.784	84.368
428.205	342.733	103.681	85.699
422.245	345.638	105.603	86.820
419.236	347.281	106.497	87.169
416.833	348.592	107.651	87.950
412.811	350.646	110.039	88.317
410.025	351.558	110.596	89.244
403.361	354.552	113.302	90.791
400.003	356.117	114.602	91.650
396.942	357.476	115.314	92.441
393.100	359.675	116.895	91.708
389.608	361.097	117.455	92.733
381.713	364.925	120.385	90.533
377.336	366.722	121.882	90.483
374.201	368.383	122.687	88.847
370.319	369.455	123.769	87.104
367.508	371.303	123.797	85.557
356.675	375.334	129.823	82.174
353.524	377.692	129.362	80.378
348.756	379.606	131.023	79.322
343.784	380.824	132.638	78.176
337.296	383.294	132.795	75.330
333.407	385.410	133.742	72.913
331.696	386.008	131.783	72.992
328.468	387.985	131.580	71.015
324.864	389.801	133.251	69.076
