157.000	175.000	13.000	12.000
157.398	174.340	12.242	14.365
157.602	174.184	13.199	14.565
158.139	174.807	13.123	13.898
158.586	175.525	12.752	13.672
158.218	176.035	13.076	13.620
158.533	176.618	13.112	13.300
158.646	176.609	13.723	13.182
159.067	176.526	13.608	13.356
159.757	176.317	13.609	13.937
161.035	175.863	13.869	14.274
161.348	175.699	13.592	14.256
162.284	175.608	13.269	14.079
163.341	176.067	12.458	13.956
164.448	176.164	12.609	14.098
165.081	177.096	12.808	13.849
166.538	177.218	12.993	13.986
167.134	177.703	13.354	14.221
167.862	177.302	13.534	14.163
168.697	177.131	12.731	14.186
169.711	176.225	12.277	14.853
170.258	177.016	12.970	13.443
171.698	176.700	11.723	14.000
171.136	177.398	12.405	14.531
171.893	178.076	12.833	14.548
171.932	178.718	13.023	15.070
172.316	178.804	13.493	14.025
173.002	179.058	12.783	14.512
173.858	178.217	13.031	14.166
174.624	177.726	12.422	14.131
174.430	177.491	13.431	14.757
175.821	177.773	13.343	14.863
177.350	178.758	14.326	14.233
155.093	180.176	13.050	13.742
155.963	180.127	13.915	15.914
155.616	179.850	13.054	16.120
154.796	179.536	14.029	15.134
154.952	180.320	13.997	14.389
157.168	179.378	12.274	14.907
157.069	179.501	13.229	15.290
157.140	180.775	12.795	15.639
155.530	180.508	14.941	15.252
157.438	181.151	13.263	15.329
157.147	180.836	13.717	16.665
156.387	180.917	14.978	15.440
157.367	181.674	14.256	14.606
159.102	181.145	12.491	15.034
160.390	181.325	13.794	14.986
160.889	182.046	12.843	16.033
162.127	181.867	13.137	16.048
162.446	182.493	13.924	15.350
164.040	181.120	12.647	15.708
165.496	182.038	12.085	14.295
166.104	181.502	12.006	14.758
165.847	182.566	12.341	13.823
165.975	182.592	11.794	14.072
165.902	182.738	12.477	14.062
166.440	182.375	12.627	14.590
166.721	182.440	12.258	15.722
166.174	183.324	12.316	16.264
166.217	183.645	13.324	15.404
167.005	183.324	13.110	16.034
167.043	183.210	12.271	15.982
168.248	183.208	12.950	15.384
168.903	183.043	12.750	16.211
169.347	183.454	13.718	16.990
170.150	183.653	13.565	16.761
171.077	183.712	14.237	17.635
172.972	183.653	13.225	18.481
173.547	183.184	13.105	17.886
174.071	184.052	13.415	16.371
174.298	183.358	13.211	16.295
174.845	184.639	13.200	15.784
175.316	184.857	12.448	15.738
173.865	184.056	13.724	17.090
173.971	184.163	14.379	18.354
174.544	184.996	13.392	19.275
174.500	185.244	13.734	18.829
198.533	184.087	13.022	17.275
198.574	184.349	13.204	17.679
198.227	183.689	13.390	18.513
198.640	184.650	14.156	16.738
198.833	185.850	13.253	16.645
199.679	188.377	13.097	18.823
197.890	186.877	13.895	17.075
198.282	188.056	14.862	19.191
198.167	186.193	13.822	17.398
199.579	186.079	13.622	17.209
180.939	186.805	12.359	17.228
180.588	186.812	12.838	17.337
180.777	186.347	13.080	17.023
180.375	185.963	13.422	16.985
179.978	186.526	13.148	17.134
179.591	187.898	13.080	16.868
179.723	187.725	13.098	17.244
179.324	188.980	12.741	16.417
178.742	188.962	14.542	17.259
179.250	189.082	13.316	16.442
178.681	188.447	13.402	17.012
179.335	187.811	13.042	16.906
179.894	187.861	13.443	17.053
180.525	188.697	13.359	16.994
181.483	188.178	14.607	17.143
182.418	190.066	12.449	15.663
182.612	190.436	12.759	15.615
183.396	191.417	15.109	13.372
183.973	190.469	13.919	14.698
184.764	190.608	13.118	14.383
184.752	191.544	12.772	14.387
185.016	190.436	13.008	15.152
185.064	189.713	13.192	15.558
184.599	189.351	13.990	15.715
171.677	190.010	14.397	17.271
179.047	191.830	18.044	15.957
183.816	192.520	14.659	16.036
185.418	192.978	13.023	13.778
184.631	192.769	13.837	12.840
183.923	191.875	14.465	14.409
180.790	191.160	16.534	16.583
183.859	191.571	14.249	16.609
185.658	192.109	12.838	14.913
186.708	192.407	12.591	14.681
186.241	192.748	13.136	15.136
184.713	192.064	14.523	16.330
186.920	192.946	13.951	15.518
177.102	191.830	15.607	16.230
176.952	191.976	17.033	18.327
184.358	193.546	15.546	16.054
185.410	193.757	15.025	15.892
184.225	192.481	16.676	16.796
184.448	192.963	16.230	15.979
183.968	193.148	16.707	15.874
184.250	195.182	14.757	15.287
184.788	193.960	13.912	16.070
184.486	194.040	13.850	16.200
184.016	193.593	13.757	16.160
184.073	193.777	13.967	15.730
184.251	193.734	14.341	14.910
184.896	193.881	13.198	14.246
184.425	194.329	14.200	15.023
185.292	194.777	13.150	14.607
184.170	194.796	14.329	15.182
184.101	194.312	14.184	14.425
184.691	194.397	13.640	14.934
184.554	194.053	14.358	15.984
184.759	194.516	14.125	16.066
185.525	195.214	13.614	15.705
185.980	195.671	13.199	15.293
185.410	195.696	12.831	14.987
184.972	196.426	13.034	15.649
185.161	196.773	13.027	15.802
184.889	196.839	14.761	15.772
184.933	197.497	15.075	16.267
184.113	197.276	15.873	17.041
184.808	196.742	15.426	17.606
183.935	196.858	14.619	17.312
184.122	197.390	14.990	17.553
183.793	197.981	15.072	17.002
204.988	199.286	13.216	15.965
205.257	199.186	12.652	16.475
205.107	198.649	13.047	16.420
205.370	198.462	12.300	16.271
204.994	198.324	12.320	16.829
204.652	198.012	12.191	16.964
204.140	197.979	12.160	17.171
203.284	198.839	12.359	16.124
203.314	199.494	12.373	16.535
203.188	199.798	11.806	16.215
201.300	201.480	12.986	15.240
201.929	201.003	12.259	16.239
201.431	201.479	12.617	15.989
201.473	200.990	11.883	16.621
201.061	200.458	12.119	16.278
201.114	200.195	12.236	16.438
200.969	200.267	12.666	15.832
201.061	201.172	12.608	14.905
201.644	201.420	12.589	15.356
201.306	201.334	12.199	15.862
201.826	201.541	12.345	15.771
201.487	202.928	13.306	14.942
202.094	202.898	12.506	15.438
202.415	203.265	12.839	15.516
202.297	202.713	13.077	16.024
201.839	202.104	13.254	16.514
201.824	202.086	13.867	17.530
200.237	202.633	14.290	18.042
200.363	203.602	13.688	17.800
200.411	205.514	13.488	17.971
199.689	206.097	13.456	18.130
198.580	206.452	13.498	18.802
197.812	205.544	14.339	16.985
197.658	206.295	14.597	17.777
183.678	203.173	13.023	16.110
183.896	203.116	12.948	15.652
183.332	203.233	13.294	14.905
182.177	202.877	13.633	16.026
182.036	203.219	13.309	15.490
181.623	203.953	13.360	15.052
181.396	204.347	14.026	16.695
180.289	205.237	13.321	16.238
180.036	205.692	13.221	15.495
178.013	205.965	14.609	16.884
177.805	205.487	13.126	16.211
178.338	205.652	12.982	16.673
177.314	205.034	13.841	17.108
176.827	205.723	13.526	16.673
176.270	206.519	14.622	17.373
176.607	205.905	13.715	17.283
176.568	206.955	13.072	16.959
176.292	207.022	12.786	17.750
176.295	207.093	13.457	17.396
177.183	207.109	12.692	17.018
176.163	207.017	13.274	17.336
176.446	207.130	12.772	17.634
175.147	206.708	13.089	17.673
174.132	207.256	14.626	17.762
172.358	208.267	13.987	17.462
171.230	208.430	15.355	17.563
168.983	210.317	16.548	18.624
169.163	210.507	16.761	19.417
167.564	209.988	15.857	20.568
168.206	211.590	16.002	18.624
167.438	209.862	15.129	19.263
165.549	210.903	15.663	18.573
166.349	210.318	15.253	20.336
164.871	210.154	16.051	21.606
165.482	210.097	15.454	20.382
165.708	210.304	14.811	21.615
164.357	212.034	15.837	20.447
164.442	212.780	16.195	21.355
164.790	212.226	15.490	20.883
164.276	213.010	15.741	19.325
164.347	212.125	15.292	20.090
164.439	211.386	15.117	20.943
163.805	213.478	16.930	19.510
157.444	213.148	20.139	19.060
164.008	213.966	16.088	19.715
164.288	214.613	16.077	19.826
160.051	214.515	18.190	20.976
162.062	216.083	18.415	21.531
158.089	215.085	18.699	22.573
152.505	214.198	20.273	20.876
157.110	213.671	18.974	20.742
158.379	214.418	17.459	21.263
157.638	213.932	18.216	20.227
157.221	215.952	18.263	20.316
156.401	215.399	17.733	20.985
157.101	214.823	19.119	21.052
150.435	214.726	19.249	21.832
151.352	216.179	24.780	20.287
153.962	216.149	22.173	19.186
151.403	214.015	22.544	21.520
150.306	215.154	21.428	21.573
151.865	214.985	19.668	20.709
154.821	214.560	19.634	20.390
157.392	216.770	18.057	20.913
156.183	216.544	17.701	20.840
152.400	215.734	20.613	19.821
153.257	215.877	19.250	21.644
156.419	214.895	16.865	22.259
152.743	215.950	18.061	21.011
154.248	216.025	16.851	19.961
152.916	217.457	16.749	19.745
153.671	215.806	15.984	19.620
155.287	216.095	15.880	20.386
153.669	215.143	16.377	18.981
152.701	216.708	17.860	19.592
152.887	216.320	19.571	20.347
152.327	216.658	20.475	20.944
154.262	217.906	21.107	22.598
151.569	217.294	18.373	21.673
152.326	216.753	19.122	21.592
152.392	216.385	18.630	20.963
151.373	217.643	18.937	21.497
150.605	217.004	20.910	22.483
151.910	214.385	18.420	18.794
153.063	213.470	16.431	17.650
152.248	216.600	17.363	18.757
150.737	214.464	18.617	19.669
151.033	213.025	18.444	19.811
153.321	214.483	15.230	19.837
152.871	213.948	15.656	18.636
154.159	216.297	15.054	19.773
167.414	214.529	15.015	19.149
166.528	213.651	14.229	19.500
164.240	213.588	14.288	19.182
161.855	215.502	14.848	18.164
160.445	216.798	14.001	18.393
159.301	216.284	13.689	18.127
156.128	218.386	15.234	20.647
165.511	228.451	14.924	17.480
163.402	229.976	16.643	19.372
165.618	229.538	16.102	19.641
164.781	231.537	20.604	20.075
168.441	231.651	15.570	19.801
169.137	232.043	15.485	19.832
168.776	232.601	16.461	20.527
170.805	230.820	15.174	20.061
170.880	231.241	14.609	20.016
170.306	230.600	15.068	19.274
170.974	231.517	14.326	19.137
170.843	232.781	14.221	18.040
170.831	233.430	13.999	17.454
170.635	234.305	14.611	16.839
170.774	235.376	14.405	18.025
170.308	233.974	14.762	20.251
167.135	236.424	18.310	22.788
166.734	233.783	19.410	26.265
160.064	231.073	17.891	25.931
156.599	229.484	20.861	24.904
161.056	228.011	17.078	26.194
158.992	229.831	20.168	24.564
163.833	231.107	17.107	25.087
163.652	234.357	25.318	22.594
173.191	236.725	19.491	23.033
175.196	236.330	15.892	22.244
175.968	236.638	15.149	20.571
175.117	237.356	15.350	20.595
174.459	238.792	15.890	20.174
174.817	238.564	15.851	21.316
176.282	240.289	17.317	24.593
179.196	252.716	17.629	22.172
181.445	255.881	16.957	24.238
181.428	257.886	17.266	24.817
181.377	260.656	19.235	24.722
184.378	260.663	20.877	25.462
192.473	264.514	22.449	28.415
196.218	267.577	25.623	31.719
204.107	250.903	24.811	37.918
206.753	249.582	25.363	38.992
202.874	241.165	22.969	42.859
204.261	239.379	22.927	43.441
204.371	241.817	22.105	45.705
203.803	238.612	22.181	43.579
203.897	241.490	22.264	43.258
203.574	242.108	22.928	43.110
202.952	243.238	23.327	40.755
203.061	243.923	22.047	40.458
202.220	243.152	21.738	37.589
201.340	242.402	21.736	37.305
201.059	244.289	21.810	39.891
201.119	241.874	22.773	38.718
201.545	242.880	22.389	39.397
201.850	243.766	23.294	39.977
201.673	243.533	23.674	40.314
175.073	242.676	20.724	32.885
174.589	244.578	22.847	33.773
175.511	242.834	20.902	30.055
177.236	243.099	17.783	27.758
177.927	246.356	20.278	29.167
177.647	242.596	18.779	29.961
177.478	243.103	15.546	27.269
178.048	245.178	18.218	25.544
177.776	245.178	18.036	25.602
180.443	247.624	23.307	27.568
176.549	246.942	16.430	27.142
175.880	245.260	17.295	22.091
177.289	245.742	17.106	20.495
178.036	245.749	16.093	22.010
178.883	246.259	17.275	24.219
183.376	249.930	20.428	24.213
180.374	246.376	16.440	23.393
181.590	246.859	17.070	25.124
182.852	248.297	18.868	27.695
183.111	249.711	20.341	28.574
183.674	247.685	19.159	27.761
185.144	250.404	19.525	28.968
185.973	256.270	21.125	30.293
183.919	248.761	20.525	30.998
185.519	252.728	21.612	32.910
183.897	260.030	25.900	33.189
183.307	254.554	25.906	37.361
185.793	254.419	27.220	36.996
181.968	253.915	26.153	38.681
182.383	254.450	31.041	39.588
183.921	258.673	35.298	41.610
186.303	257.091	40.878	50.238
187.471	253.728	50.907	61.136
99.979	255.479	24.454	58.556
87.463	256.924	36.937	55.638
87.144	255.862	37.028	61.474
87.291	255.525	36.466	59.623
87.062	256.228	36.632	59.427
87.497	256.054	35.825	59.594
87.561	256.314	35.879	61.894
86.976	256.160	37.255	59.169
86.810	257.207	37.476	60.735
86.466	253.112	38.044	62.232
86.964	257.942	38.028	61.927
86.117	255.589	38.603	60.795
86.703	255.827	38.360	61.498
86.828	257.310	38.424	62.626
86.789	253.428	38.946	60.080
86.682	255.601	39.021	59.694
86.522	255.857	39.137	60.011
87.553	258.262	38.706	60.324
87.215	256.683	38.891	63.582
86.469	255.363	40.824	61.629
85.533	257.205	43.335	60.681
85.117	257.542	36.672	59.944
86.466	255.676	40.484	63.306
88.918	256.916	39.205	59.540
88.057	255.191	41.013	63.415
90.795	255.319	38.929	61.804
90.262	257.175	40.381	62.297
88.154	258.900	37.592	58.184
89.028	258.435	38.775	60.854
89.065	262.073	38.498	59.643
87.694	255.393	38.315	61.239
88.022	255.434	40.263	60.395
87.454	257.884	40.906	59.937
85.097	256.858	32.991	64.993
86.491	247.176	41.425	63.768
86.086	253.418	36.018	60.210
84.607	250.746	32.038	55.847
84.548	247.751	40.800	56.013
84.246	246.812	30.408	45.661
85.422	250.160	33.166	34.400
87.276	246.370	32.863	31.667
87.985	250.459	30.886	34.563
88.287	252.841	33.319	40.439
87.439	253.782	34.513	40.993
87.821	247.026	28.386	39.369
88.426	250.591	31.023	34.475
89.429	251.722	30.866	36.274
89.030	253.313	34.603	40.210
88.243	250.579	28.145	38.026
89.181	253.268	31.690	38.680
89.308	253.443	31.747	38.169
89.239	249.202	28.699	41.194
89.552	251.309	33.241	35.482
88.894	252.797	34.530	40.997
89.489	252.480	33.021	42.366
88.970	252.283	32.559	40.462
87.929	256.602	33.746	38.029
88.047	260.865	34.273	40.740
86.937	252.282	30.728	38.645
89.151	255.521	29.132	35.076
88.417	253.328	29.839	32.139
86.589	254.606	32.610	34.487
88.756	254.938	28.986	31.727
90.765	249.350	27.815	34.858
91.827	253.031	24.660	31.467
93.346	252.402	22.819	26.737
96.126	253.308	19.046	24.177
97.198	253.771	16.544	19.771
97.724	255.849	16.061	17.567
98.526	254.769	14.547	18.556
98.309	256.342	15.017	16.721
98.674	256.616	15.570	18.528
99.544	255.939	15.463	18.889
99.290	254.044	16.584	18.781
99.321	254.244	14.704	18.661
99.867	254.938	16.203	19.006
100.163	255.379	16.280	18.050
100.063	254.561	16.135	18.878
100.772	253.713	16.011	19.120
101.484	254.941	16.903	18.348
100.777	254.332	15.666	19.331
100.381	255.492	17.979	20.845
101.158	255.385	15.164	18.575
101.566	254.384	17.123	19.183
101.565	256.058	16.989	19.447
101.628	254.737	17.605	18.617
101.498	254.961	16.712	18.221
102.358	255.511	15.953	19.143
101.672	255.241	16.443	18.302
98.386	255.880	18.438	21.904
98.674	255.735	17.797	18.411
99.537	256.424	16.951	18.820
98.833	256.538	16.236	18.241
99.697	257.143	16.212	21.178
98.570	257.311	16.995	22.882
97.344	256.349	15.963	20.006
97.984	257.404	16.433	18.581
98.321	256.811	14.922	18.426
98.332	259.129	15.288	16.492
100.893	261.086	13.701	17.593
101.781	261.811	14.929	18.242
104.763	256.420	15.267	19.124
103.099	256.653	16.670	19.737
101.722	257.053	15.413	19.262
100.124	256.671	14.956	18.379
98.399	256.746	14.492	17.171
97.649	256.811	14.305	16.701
97.463	256.961	14.753	16.651
96.935	256.854	13.861	17.416
96.116	258.073	14.137	17.266
95.859	259.366	14.529	16.644
95.943	259.588	14.782	17.272
96.193	258.905	13.875	18.539
96.122	259.831	13.822	18.408
95.356	259.467	14.526	18.258
95.293	259.995	14.617	18.469
95.238	257.127	13.906	19.455
94.494	259.282	14.571	16.808
94.148	258.172	13.620	18.478
93.210	259.336	13.768	18.727
92.103	260.280	14.266	18.631
90.935	260.170	14.455	18.809
89.440	261.141	14.191	18.664
88.450	261.158	15.245	19.172
87.528	262.243	14.426	18.689
86.936	260.246	14.507	19.212
86.041	260.783	14.594	18.602
85.600	260.733	14.178	19.021
85.120	261.406	14.270	17.598
84.747	261.772	14.321	18.640
83.928	261.914	14.368	17.865
84.145	262.303	14.006	20.577
82.668	263.239	13.845	19.345
81.920	263.044	13.935	19.285
81.582	263.576	14.350	19.190
81.191	263.708	14.594	20.177
80.763	264.601	14.349	19.992
80.038	263.652	14.956	19.232
78.938	264.235	14.627	18.185
77.317	262.991	14.630	19.747
76.321	264.336	15.703	17.760
74.883	265.078	15.137	18.044
74.424	265.368	14.745	18.971
72.415	265.967	14.614	18.512
70.927	267.912	14.938	17.058
68.058	267.725	15.756	18.687
65.985	268.484	15.601	19.828
63.160	265.371	16.178	20.757
62.996	262.043	16.315	22.374
62.135	267.116	15.302	20.418
60.563	268.583	15.004	18.942
59.867	268.218	15.141	20.392
59.773	266.063	16.245	20.634
57.479	253.855	17.896	21.883
54.087	271.645	18.315	20.046
53.880	272.384	16.759	19.855
51.898	274.003	16.724	18.029
51.133	271.402	15.029	19.654
48.990	270.971	15.015	18.448
47.926	270.376	14.806	18.741
45.965	270.746	15.597	18.547
42.998	270.435	15.918	20.127
40.803	270.196	16.538	19.857
39.104	270.327	15.702	21.374
36.388	270.699	16.080	19.654
35.005	271.122	15.807	20.682
31.273	272.535	15.952	20.994
28.193	272.527	16.450	19.589
25.221	272.880	17.232	19.755
22.975	273.130	16.537	19.155
19.619	271.306	16.083	21.213
16.981	271.023	15.777	19.367
15.108	269.015	15.997	20.956
12.630	267.647	17.712	21.073
10.891	267.124	19.518	21.857
9.383	267.575	20.421	22.344
8.252	268.040	19.669	21.200
5.101	268.918	19.434	21.829
5.666	268.670	17.855	21.965
4.258	269.218	17.360	23.731
3.019	269.953	15.923	25.750
1.745	272.306	18.445	34.489
1.608	277.891	19.023	38.945
1.951	280.896	19.033	30.486
0.092	273.499	13.262	33.911
2.124	282.037	14.097	27.578
0.000	283.856	10.081	30.389
0.909	283.944	9.043	29.252
0.000	275.932	10.672	32.698
0.000	277.688	10.290	30.989
0.000	290.353	10.420	30.405
0.651	285.051	11.024	31.219
0.858	278.333	13.473	25.107
0.000	266.389	9.554	35.549
0.000	269.970	14.179	33.613
0.044	268.602	18.703	35.993
0.000	269.521	17.992	32.616
0.000	267.837	21.738	35.115
0.000	265.495	17.835	38.189
0.000	271.523	17.059	34.401
0.000	270.056	15.846	35.451
1.212	274.126	18.669	38.324
0.000	277.294	20.416	45.959
0.000	271.038	16.329	45.177
59.004	329.871	11.005	25.016
59.709	329.563	16.462	15.298
59.418	329.456	17.363	13.742
59.786	329.930	15.826	12.480
60.118	329.997	16.065	12.827
60.037	329.508	16.613	13.470
60.440	329.779	15.574	13.823
59.757	330.037	15.060	12.925
59.743	330.316	16.994	12.360
59.965	329.941	16.177	12.429
60.233	330.055	15.458	12.928
59.967	330.540	16.247	12.759
61.100	329.924	14.204	12.711
60.425	330.050	15.316	12.475
59.933	329.763	17.270	12.808
60.017	329.865	15.451	14.142
59.823	329.899	16.599	12.653
59.809	329.743	16.869	14.165
59.644	329.550	16.959	13.897
59.653	329.478	16.990	13.769
59.320	329.639	17.094	13.846
60.441	329.265	15.112	13.851
59.934	329.545	15.717	13.070
59.858	330.250	15.656	13.252
59.839	330.168	16.615	13.511
59.902	329.990	16.728	13.041
59.459	330.199	15.753	13.031
59.870	330.432	16.135	12.817
59.228	330.092	17.725	12.744
59.471	329.889	17.002	14.835
59.464	329.908	16.290	13.450
59.494	329.736	15.965	13.934
59.930	329.831	16.765	13.388
59.810	329.882	17.300	14.300
59.992	329.829	15.637	13.100
59.923	329.671	15.829	13.161
61.156	329.949	15.084	13.212
60.312	329.710	16.316	12.479
59.672	330.749	17.168	12.071
60.460	329.742	15.376	13.001
59.915	329.659	17.053	13.812
59.559	329.872	17.766	13.029
60.052	329.683	16.601	13.375
59.832	330.155	16.292	12.474
59.934	329.949	16.995	13.551
59.459	329.843	17.968	12.914
59.222	329.683	17.244	13.528
60.457	328.514	16.708	15.477
59.678	329.652	17.208	14.163
59.325	329.698	16.999	13.150
60.024	330.025	16.132	12.564
59.142	329.652	16.588	13.555
59.705	329.476	16.519	13.263
59.856	329.734	16.359	14.816
59.196	329.366	18.084	13.652
59.566	329.492	16.582	13.803
59.448	329.752	16.940	14.053
60.613	329.405	16.823	13.265
59.861	329.526	16.192	12.942
59.369	330.058	16.871	13.428
59.045	329.306	16.881	13.340
59.375	329.053	15.593	14.728
59.824	329.421	16.841	12.711
60.146	329.623	17.350	13.450
59.582	328.985	15.907	14.218
60.403	328.926	15.169	15.212
58.753	329.290	16.682	13.679
59.614	329.812	16.597	13.975
59.511	329.275	17.372	13.339
59.189	329.553	16.859	13.717
59.708	329.973	16.033	13.012
59.951	330.263	15.897	12.890
59.835	329.207	16.209	13.667
59.611	329.507	15.666	13.930
59.569	330.087	16.168	13.632
