564.000	160.000	33.000	90.000
554.121	161.763	36.550	86.564
549.417	163.504	35.341	84.085
547.006	163.435	34.821	84.891
540.318	161.181	34.993	85.840
533.445	158.483	35.420	86.111
531.957	158.614	36.295	82.006
524.360	159.485	34.660	78.220
522.337	160.476	31.937	78.812
517.630	160.223	32.631	76.809
514.370	158.146	34.231	78.425
507.700	153.271	33.821	79.069
505.114	153.014	34.438	79.899
499.002	155.037	35.452	76.551
497.068	156.530	34.499	76.057
494.259	157.668	33.564	74.005
489.344	154.384	32.419	78.270
486.823	151.673	31.761	78.569
481.291	150.715	32.938	80.331
479.126	149.839	35.290	80.126
476.159	149.969	35.632	78.243
471.090	151.108	34.706	81.798
470.397	152.627	32.613	79.974
466.895	153.626	34.756	79.522
462.672	149.192	34.783	81.401
460.625	147.250	35.978	82.231
455.807	144.397	36.357	76.400
454.583	145.764	32.714	83.104
449.482	147.954	31.029	75.605
449.717	149.504	30.630	77.098
445.980	146.090	30.556	74.880
443.071	143.586	29.167	76.503
439.115	140.854	29.837	80.780
435.677	141.935	31.731	80.575
435.351	143.113	29.726	79.500
429.173	143.225	31.398	80.647
428.466	142.936	31.855	81.179
422.440	140.841	32.739	77.614
419.695	137.636	33.500	77.490
416.305	137.538	33.421	77.267
416.003	140.316	31.737	77.335
413.837	139.117	31.688	76.753
412.434	141.301	33.118	77.502
408.807	139.495	31.123	75.018
404.404	135.781	29.793	73.827
403.260	135.239	29.023	76.150
396.236	135.192	30.762	72.871
394.862	136.873	29.049	73.570
393.299	138.276	30.117	72.081
390.280	137.412	31.345	72.840
386.686	133.222	29.239	70.456
383.731	132.744	29.722	71.461
381.827	132.387	27.780	71.940
380.301	134.086	28.762	73.052
377.671	136.289	28.840	67.937
376.388	134.394	27.594	66.078
371.886	132.421	27.987	67.386
369.219	131.033	26.955	68.249
364.483	132.084	27.308	71.184
363.409	132.227	28.496	71.639
360.708	133.286	29.416	68.447
358.548	130.921	29.061	69.267
356.001	128.116	27.467	67.205
352.647	128.906	27.644	66.927
351.272	128.786	28.123	69.960
349.631	132.121	29.685	65.402
348.293	133.498	28.194	61.516
347.337	129.812	26.269	66.751
344.210	130.982	28.537	65.736
342.043	128.039	29.022	65.733
337.943	128.174	31.286	64.876
335.350	128.514	28.898	64.989
333.860	129.200	26.407	67.412
330.669	127.103	28.256	66.939
329.588	126.274	29.817	68.471
326.042	124.621	26.253	63.535
323.709	124.714	27.729	64.797
317.685	126.294	26.993	61.152
314.825	125.605	30.354	59.864
312.990	126.635	27.175	59.185
311.329	125.359	24.487	66.212
311.404	121.857	25.587	65.209
309.016	122.047	24.689	62.843
306.720	123.390	26.688	60.429
305.132	125.195	26.953	59.726
303.000	125.893	25.269	60.112
300.871	125.289	26.687	58.801
298.537	122.508	25.120	60.092
296.388	121.719	26.844	60.385
294.975	121.910	26.433	60.422
292.522	122.075	26.341	62.704
287.296	124.641	27.548	71.164
265.475	153.080	35.043	66.519
281.972	158.079	28.494	73.237
283.419	166.910	31.734	72.555
286.625	165.034	29.099	72.181
289.307	165.030	30.323	76.690
292.001	165.024	30.405	77.268
293.280	163.348	30.799	76.390
296.339	161.954	29.941	77.076
299.346	163.063	31.271	78.252
301.571	162.758	28.722	78.928
304.476	162.522	32.825	82.498
309.738	161.429	32.422	80.444
312.115	161.130	31.746	81.164
308.307	161.379	34.505	84.425
312.774	161.413	35.681	82.064
309.744	160.466	36.623	81.752
319.141	163.085	36.317	86.067
329.316	166.233	30.615	87.102
324.537	169.122	35.668	79.398
329.650	164.966	33.639	85.244
331.228	166.498	33.307	87.344
334.814	166.092	31.457	86.074
335.906	169.419	31.291	84.519
340.691	170.555	32.137	83.109
342.565	167.067	35.116	86.427
343.533	168.373	32.647	85.278
346.301	166.327	34.667	90.296
344.697	170.667	37.961	88.673
351.546	169.888	35.892	91.940
353.112	170.424	37.676	89.588
354.255	170.305	36.671	89.553
358.412	168.315	37.716	89.247
360.200	169.387	36.192	83.852
369.021	171.181	35.050	80.340
363.188	173.488	30.179	84.497
371.972	171.098	33.382	83.461
371.438	171.407	33.950	84.918
370.928	170.199	34.605	85.149
370.935	170.060	33.496	87.650
376.151	170.281	39.641	83.241
379.982	172.344	36.179	89.719
382.888	171.580	35.140	85.424
384.766	175.517	36.595	86.770
386.088	174.221	37.212	87.673
387.816	173.364	37.960	83.768
388.388	176.247	40.394	80.053
393.535	174.025	37.629	79.014
395.181	173.603	36.792	80.191
396.434	171.955	37.123	81.297
402.823	176.130	34.451	77.959
403.309	175.276	35.049	81.968
407.851	178.740	35.732	80.804
410.249	177.204	34.998	80.983
414.899	175.537	33.813	81.489
416.350	175.962	34.307	80.215
418.550	175.271	35.297	77.267
419.766	174.483	38.327	80.740
421.106	177.413	41.360	79.238
423.339	177.935	41.313	79.396
425.003	178.921	41.136	76.097
428.098	179.613	41.892	75.343
427.393	179.927	45.619	75.762
432.906	178.112	42.174	73.971
435.415	177.652	41.690	72.794
436.489	178.555	41.987	73.814
440.540	178.316	40.529	76.602
444.236	179.094	39.424	76.609
447.415	179.836	39.229	78.589
452.655	181.345	37.045	78.505
457.921	181.804	35.999	79.380
461.217	180.394	37.106	79.497
463.306	179.884	38.681	79.520
464.425	181.581	40.948	77.564
465.562	182.399	41.437	77.233
469.762	183.207	39.861	78.051
471.222	184.601	39.559	78.061
470.692	184.043	42.626	80.818
476.228	184.662	41.470	78.501
477.057	185.549	42.433	77.380
482.002	183.404	41.025	80.252
482.585	182.738	41.664	81.245
484.362	183.061	42.514	81.204
488.190	185.392	41.229	79.137
491.069	186.544	38.776	77.194
493.077	187.549	38.985	75.329
497.280	187.454	38.332	75.155
502.809	187.172	36.639	74.671
506.040	186.367	36.105	75.401
508.558	185.935	39.035	74.749
510.183	186.346	38.787	75.974
512.626	188.044	39.777	75.884
515.799	189.835	38.762	73.667
518.286	190.039	37.065	75.441
522.747	190.798	35.466	75.950
522.953	191.955	38.261	75.215
524.723	191.291	39.036	76.713
528.372	189.503	38.404	79.234
529.562	188.710	40.579	79.932
532.193	189.033	39.526	79.969
537.267	191.015	38.872	77.289
536.196	191.914	41.003	78.437
540.775	192.946	39.011	78.944
545.011	193.251	38.460	78.884
548.782	192.381	36.632	78.367
550.629	192.127	37.683	78.455
551.945	191.794	37.980	77.393
552.290	192.384	41.404	78.321
554.103	193.548	40.728	83.911
555.173	194.156	41.406	90.763
556.970	196.274	41.445	90.415
557.708	197.293	41.947	90.486
559.958	196.589	41.828	90.793
562.787	196.084	40.593	92.508
564.408	195.087	40.642	94.924
565.914	195.260	41.637	94.623
567.472	195.721	42.178	94.949
571.052	197.820	42.677	93.924
574.579	200.219	41.699	90.964
575.372	201.212	42.735	91.802
580.335	201.534	40.748	93.246
581.453	201.824	41.389	93.280
583.288	200.368	41.127	95.337
588.895	205.316	39.125	94.991
592.189	205.831	36.811	96.508
595.339	206.698	33.661	95.791
600.056	203.160	28.695	100.843
603.369	204.280	25.631	100.046
607.304	205.213	21.576	98.943
608.832	208.884	20.066	97.721
610.411	212.508	18.589	93.066
613.099	216.685	15.505	88.980
613.914	222.288	15.086	86.296
613.808	224.863	15.192	83.364
613.991	226.884	15.009	80.243
612.624	223.247	16.367	87.925
607.641	220.875	21.266	93.556
606.277	208.067	21.738	104.906
601.826	210.957	24.631	104.082
604.101	226.572	21.687	93.133
601.168	200.310	24.645	118.018
592.882	173.783	33.730	108.409
594.835	179.635	32.841	108.622
587.668	179.581	39.736	114.634
587.700	183.197	39.637	112.668
588.122	183.467	38.845	118.561
584.336	193.894	42.224	118.937
499.318	232.379	45.606	84.873
515.643	225.701	48.746	88.218
515.538	206.544	45.649	100.796
514.897	229.261	49.634	90.004
512.423	215.183	49.593	96.363
514.758	229.291	49.141	90.356
507.571	221.614	45.871	89.138
520.681	231.681	39.411	80.925
509.444	218.603	44.343	88.027
509.938	224.264	44.620	86.176
505.733	234.785	47.887	83.310
518.459	233.548	39.293	83.521
516.582	225.774	41.618	84.202
512.431	222.310	43.609	84.947
506.433	231.343	47.310	82.107
510.279	232.208	42.357	82.858
515.371	227.338	38.684	87.028
513.923	228.077	43.355	84.958
510.521	225.453	45.000	87.639
512.940	228.443	40.209	87.773
503.516	233.088	42.434	85.704
518.679	221.597	42.439	86.300
506.355	226.130	42.072	86.240
516.662	230.835	44.527	76.242
510.404	223.033	43.992	86.486
510.885	225.698	45.335	85.524
511.866	230.362	44.400	85.959
509.104	233.145	44.537	81.977
515.786	226.802	40.010	86.266
510.931	221.499	41.951	84.703
501.425	236.585	46.714	81.729
502.882	227.188	47.702	86.422
512.266	216.086	45.819	94.886
500.318	226.090	46.506	88.877
515.236	229.728	46.029	80.666
515.399	219.986	42.008	89.421
513.019	228.222	45.313	83.406
514.325	219.065	44.075	89.699
509.700	228.643	48.720	81.027
515.051	227.104	40.659	79.297
515.640	223.171	41.203	83.267
502.610	226.549	42.730	84.868
518.248	223.044	43.642	86.275
509.261	230.663	42.965	83.849
513.072	225.964	41.856	83.578
509.809	227.812	44.919	78.656
518.693	229.891	41.790	80.036
517.025	221.703	42.120	84.659
520.014	231.801	41.448	77.755
514.623	217.957	41.162	88.453
500.767	226.189	42.729	89.110
517.358	222.354	43.720	89.298
511.526	229.708	47.370	82.913
512.028	216.814	44.674	90.350
501.439	221.887	49.359	86.062
515.145	229.492	45.772	85.629
516.560	226.432	45.000	83.492
521.766	231.382	40.285	77.346
513.233	212.743	43.648	91.068
502.078	223.333	49.555	85.565
