137.000	73.000	14.000	42.000
138.451	72.897	16.423	40.347
144.116	72.405	17.687	42.413
146.773	71.323	18.098	44.215
148.205	71.785	19.831	43.391
155.392	74.097	17.282	37.872
159.476	74.616	18.599	38.338
170.310	72.994	15.290	33.046
176.716	73.251	15.968	35.853
182.293	74.177	16.212	36.090
184.957	74.525	16.920	35.540
187.439	74.091	17.208	36.864
192.172	72.301	18.585	37.238
196.129	72.230	17.599	36.289
199.151	72.820	18.091	36.083
204.476	75.198	18.310	43.251
207.389	74.874	18.324	44.832
213.823	75.878	18.006	42.910
217.423	75.198	17.630	44.055
223.726	73.905	17.163	41.854
227.644	74.368	16.175	38.145
232.955	75.283	17.161	38.181
236.699	75.655	17.515	32.156
241.565	75.225	16.917	33.219
264.224	75.590	16.896	41.000
276.605	76.728	22.707	44.924
286.219	76.503	17.771	45.232
288.885	76.565	17.445	41.431
294.777	74.608	18.545	45.445
296.073	72.667	20.589	47.173
301.393	73.077	20.660	47.871
308.176	74.662	20.259	45.875
314.336	73.555	20.176	48.452
318.142	73.069	19.726	49.037
320.736	73.831	20.499	47.909
326.711	73.171	21.484	48.678
331.306	73.039	20.176	48.644
338.804	72.376	18.168	49.780
340.363	73.178	19.110	49.373
343.046	73.677	19.690	48.829
347.216	71.553	21.367	50.312
351.317	72.325	21.969	49.032
357.811	71.739	21.788	49.778
361.037	70.899	21.715	50.908
364.788	70.020	21.077	52.783
368.599	71.266	23.113	51.143
374.813	76.763	20.837	46.178
425.391	75.441	19.623	48.767
420.111	70.326	20.970	52.326
424.611	70.734	22.735	52.107
428.849	70.690	22.404	51.776
436.100	70.616	22.989	52.511
438.615	71.573	23.711	52.296
446.517	73.962	21.059	52.348
450.882	74.769	19.268	51.012
455.389	69.398	21.632	56.038
457.813	67.325	22.786	58.682
462.646	70.011	21.563	55.375
466.443	69.286	24.243	55.200
473.403	70.763	23.220	53.613
476.940	76.234	22.280	48.927
479.892	72.096	21.380	51.663
481.732	73.744	26.771	50.895
489.917	73.434	22.138	53.652
494.031	74.762	24.357	52.982
496.875	75.032	24.363	51.989
501.003	76.004	22.489	48.888
507.672	75.383	21.840	51.616
512.280	77.364	20.231	50.366
517.278	76.495	22.041	51.442
521.596	75.668	23.963	52.206
527.038	73.764	22.883	53.616
552.833	79.045	23.855	46.649
556.988	80.064	22.445	50.736
564.986	78.534	21.864	69.561
570.810	72.720	21.311	60.332
577.353	79.555	20.069	49.037
582.154	80.266	21.040	46.677
584.694	80.025	21.241	48.443
587.671	79.455	23.516	49.034
589.857	80.625	24.434	48.554
593.806	81.753	22.452	47.693
597.346	81.073	20.470	47.427
603.235	79.607	16.345	48.955
613.545	53.234	15.828	54.920
