92.000	91.000	45.000	98.000
91.060	91.616	46.396	97.660
90.844	92.114	46.444	97.272
90.703	91.667	46.585	97.320
90.844	91.573	46.335	97.613
90.788	91.483	46.391	97.604
90.731	91.347	47.215	97.740
90.999	91.793	46.218	96.831
90.987	91.661	46.315	97.349
91.067	92.383	46.330	96.737
90.686	92.346	46.836	97.398
90.783	92.123	46.902	97.630
90.863	91.441	46.575	98.279
90.780	91.120	46.382	98.400
90.890	91.341	46.547	98.182
90.917	91.304	46.354	97.853
90.836	91.664	46.569	97.556
90.928	92.303	46.143	97.217
90.905	91.576	47.063	98.502
90.992	92.432	46.426	97.153
90.872	91.578	46.361	98.403
91.134	91.714	46.469	97.905
90.969	91.441	46.633	98.546
91.134	91.387	46.469	98.297
91.242	91.577	46.085	97.744
90.872	91.619	46.307	98.204
91.310	91.987	46.770	97.833
91.168	92.032	46.597	98.392
90.642	92.173	47.128	97.846
90.642	92.173	46.906	97.384
90.375	92.258	47.877	97.229
90.474	91.990	46.798	97.567
90.512	91.760	47.625	98.026
90.220	91.934	47.748	97.352
90.104	92.070	47.889	97.381
90.133	92.342	47.804	97.812
89.984	92.632	47.270	97.786
90.404	92.004	47.960	97.706
90.171	91.761	47.521	97.834
90.576	91.557	46.891	97.993
90.133	92.032	48.142	97.721
89.835	92.073	47.967	97.314
90.248	91.616	47.971	98.036
90.203	92.027	47.716	97.294
90.461	92.094	48.012	96.602
90.404	91.907	47.879	97.101
90.586	92.423	47.576	96.966
90.018	92.349	48.201	97.039
90.502	92.309	48.114	96.953
90.230	91.957	48.001	97.225
90.231	91.659	48.106	97.442
90.014	92.387	48.121	97.532
90.112	92.082	48.435	97.143
90.112	92.400	47.706	96.612
90.236	92.754	48.301	97.066
90.171	92.245	48.430	96.846
89.995	92.299	48.579	96.400
89.989	92.513	48.286	96.977
89.824	91.752	48.404	97.164
89.775	92.432	48.808	97.086
90.314	92.392	48.060	97.589
90.132	92.529	48.507	97.719
90.369	92.266	47.995	97.753
90.112	92.353	47.480	96.962
90.208	92.933	48.502	97.457
89.759	92.738	48.498	96.923
89.707	92.416	49.210	97.294
90.965	93.215	47.202	100.420
91.259	98.331	46.988	101.210
91.552	104.338	46.445	101.156
91.286	110.800	46.350	100.275
91.634	111.941	46.420	98.251
91.009	111.172	47.421	98.701
90.944	111.896	47.111	97.854
91.161	111.810	46.720	97.736
90.594	111.751	46.097	97.527
90.878	111.186	45.333	97.954
90.267	111.129	45.632	96.714
90.144	111.158	44.908	97.210
90.090	111.471	44.438	96.993
89.628	111.901	44.063	96.586
89.243	111.861	44.377	96.164
88.976	111.704	43.713	95.518
88.744	111.649	43.453	95.071
89.554	110.980	42.579	95.822
89.635	110.787	42.155	95.766
89.521	110.725	42.093	96.744
90.949	111.723	38.974	101.208
90.900	117.493	40.076	100.860
89.763	124.872	40.466	101.063
89.622	130.837	41.609	97.214
89.458	129.413	41.551	98.075
89.588	129.182	41.005	97.125
89.930	128.856	41.260	97.921
89.865	128.635	40.385	98.026
90.042	128.344	41.047	98.837
90.032	128.429	40.706	98.299
89.625	128.781	40.542	98.265
89.382	129.413	41.101	98.310
89.183	129.832	41.390	97.494
89.192	128.971	40.974	98.360
88.974	129.792	41.448	98.052
89.571	128.743	40.801	99.309
89.495	129.023	40.749	98.616
89.638	129.306	40.986	98.464
90.248	129.451	40.124	98.120
90.019	130.110	40.664	98.105
90.360	129.903	40.299	97.985
90.338	130.212	40.471	97.265
90.842	129.531	40.121	97.891
90.410	129.227	41.431	97.311
92.636	127.729	43.724	100.089
105.233	127.411	42.887	98.762
113.085	127.470	42.757	98.736
121.821	127.333	43.492	98.926
128.653	125.939	46.579	98.260
141.026	126.624	42.404	99.522
146.651	125.863	45.286	97.889
151.322	126.846	42.657	98.146
150.466	127.098	42.406	97.656
151.377	126.730	42.859	97.679
152.391	126.189	43.299	99.417
161.811	125.270	45.627	100.976
171.223	127.527	43.311	100.543
178.438	126.674	42.013	98.125
176.843	127.222	41.936	97.453
177.979	126.258	43.018	96.984
177.048	126.756	42.730	97.355
177.877	126.429	43.120	98.031
177.681	126.812	43.605	97.447
177.417	127.039	45.107	97.343
178.341	127.158	44.322	97.278
177.544	127.142	46.255	98.304
187.806	125.530	46.841	98.866
196.905	125.512	45.020	100.077
204.569	124.670	46.962	99.039
206.447	125.471	46.347	99.325
206.346	124.424	45.708	100.026
205.569	125.459	46.596	98.495
204.847	125.240	47.183	97.777
204.733	126.340	47.788	97.147
202.767	126.127	49.599	97.819
203.598	126.184	48.480	97.896
203.624	126.922	48.230	97.026
204.372	126.731	46.914	97.817
205.081	126.389	46.624	97.923
204.485	125.751	46.250	98.460
204.270	126.308	46.403	98.247
203.458	126.434	47.048	98.349
204.030	127.182	46.280	97.467
203.069	127.014	46.582	97.863
203.401	127.284	46.049	97.158
202.430	127.219	46.752	97.552
201.902	127.104	46.914	97.505
202.635	126.931	46.545	97.347
201.391	126.141	47.315	98.402
202.558	126.459	46.655	97.754
201.129	126.480	47.742	98.439
200.792	126.444	48.768	98.039
200.933	126.553	48.855	98.968
199.493	127.058	49.881	97.998
200.155	127.393	48.887	97.984
200.841	126.755	48.304	98.224
201.119	127.054	47.532	97.778
201.233	126.764	47.472	98.621
200.624	127.063	47.509	97.783
201.268	127.534	47.190	97.649
199.659	127.570	48.315	98.179
200.568	127.921	47.083	98.370
201.303	127.308	46.301	99.338
202.209	127.241	45.289	99.246
203.099	127.751	43.691	98.611
201.617	127.026	45.340	99.311
202.751	126.980	43.936	99.315
203.331	127.177	43.351	99.337
203.425	127.440	43.049	98.570
203.844	128.097	42.589	97.769
203.288	128.579	43.466	97.163
204.556	128.683	41.883	97.466
203.914	128.406	42.375	97.396
204.500	128.540	41.379	97.328
204.899	128.935	40.433	97.451
205.123	129.066	40.139	97.843
205.956	129.123	39.104	97.856
205.922	129.389	38.732	98.145
206.147	129.978	38.800	96.143
206.241	130.414	38.735	97.115
206.147	130.797	38.808	97.297
206.870	130.743	38.462	97.142
207.391	130.877	39.133	96.266
207.920	130.837	39.149	96.607
209.048	131.421	38.896	96.104
209.674	131.302	38.746	96.707
210.152	131.276	39.462	96.785
210.964	131.432	39.243	96.126
211.870	131.869	38.873	95.841
211.506	131.302	39.471	96.488
211.754	130.238	39.578	97.559
213.303	129.602	38.545	97.789
212.792	129.448	39.632	97.035
212.262	129.700	40.329	96.935
213.344	130.442	39.841	96.248
212.966	130.552	40.859	96.337
214.401	130.443	39.732	97.301
214.970	130.343	39.564	97.889
215.225	130.610	38.853	96.781
215.727	129.954	39.127	97.956
215.738	129.946	38.780	97.279
215.839	130.077	38.733	97.513
215.859	130.260	38.811	97.677
216.461	130.332	38.013	97.497
216.147	130.399	38.512	97.647
216.822	130.830	38.195	97.753
216.285	130.807	38.557	97.752
217.154	130.996	37.212	97.348
217.565	130.400	36.718	98.181
218.491	130.299	35.691	97.930
218.238	129.505	36.404	99.349
218.761	129.488	36.023	100.172
217.819	129.899	37.115	99.717
217.585	130.846	36.971	97.636
217.470	131.385	37.191	97.895
217.079	131.154	37.578	98.378
216.679	130.967	39.399	98.535
215.754	130.374	40.179	98.605
216.068	129.187	40.175	99.808
216.751	129.888	40.051	99.331
216.212	129.784	40.244	100.666
218.227	130.048	38.089	99.493
217.454	130.704	38.917	100.148
217.396	131.491	39.010	99.604
217.537	130.367	39.223	101.141
219.709	129.590	37.186	101.924
219.748	129.381	37.806	105.234
221.638	128.783	35.803	105.399
220.672	128.015	37.559	106.525
220.518	128.826	37.831	102.900
219.331	129.944	39.922	104.353
218.947	132.037	42.916	98.229
220.064	132.380	43.101	98.288
221.034	132.607	42.025	98.103
223.481	131.624	42.699	98.222
224.709	131.952	42.907	96.920
226.554	130.686	40.407	98.952
227.545	131.304	39.392	98.609
228.255	131.667	40.475	98.890
227.608	131.903	39.197	99.840
228.083	132.429	38.480	98.982
227.873	132.364	38.756	99.719
227.488	132.988	39.181	99.961
229.553	133.565	40.049	99.976
230.222	132.819	36.869	99.507
229.916	133.352	39.292	98.964
229.890	132.657	37.250	100.701
230.039	132.379	37.609	103.228
229.171	134.460	37.675	103.275
229.541	134.785	39.229	97.939
229.898	135.698	39.267	97.261
230.526	137.159	39.015	93.800
230.323	134.897	37.316	97.323
229.471	135.863	40.453	93.290
229.204	135.689	42.225	93.099
229.786	135.607	40.707	93.848
230.998	136.914	40.018	91.774
232.242	137.848	40.595	94.265
232.919	136.968	40.891	95.520
233.713	137.962	41.467	94.517
234.921	137.876	40.686	94.247
235.616	138.265	41.190	94.452
235.083	138.161	43.410	94.742
236.089	138.732	43.797	96.810
236.622	139.128	43.239	101.454
238.013	139.201	42.722	105.952
238.858	139.280	43.492	106.765
241.082	137.770	41.996	106.812
242.135	137.660	42.007	99.741
242.673	138.032	41.515	94.941
244.249	137.330	41.677	94.342
244.021	137.420	42.768	98.273
245.024	137.234	42.361	97.053
246.937	137.659	42.057	96.901
246.453	137.969	43.691	96.625
248.305	138.198	43.233	97.015
249.954	137.448	41.662	96.783
250.990	136.480	41.995	98.977
251.963	137.367	43.282	97.320
253.179	137.044	42.579	97.598
254.205	137.712	43.498	98.422
253.118	136.752	44.614	98.645
253.093	135.903	46.064	100.920
253.269	135.831	46.256	101.430
253.265	133.591	48.343	106.313
254.361	132.818	48.580	106.702
256.265	134.240	46.997	105.135
255.453	130.983	49.516	113.169
256.302	130.676	50.132	114.301
257.110	130.756	48.723	116.663
257.802	131.722	49.596	113.514
259.509	133.067	50.197	110.893
260.403	134.253	49.267	112.638
259.888	135.052	51.880	110.605
258.812	133.311	54.711	110.121
260.411	132.798	53.018	111.194
260.635	135.445	53.369	112.920
260.791	136.772	52.830	115.124
261.875	137.414	53.053	118.107
263.028	135.947	52.749	120.528
264.878	136.658	50.160	112.366
269.175	137.839	45.027	108.916
275.108	137.389	43.799	102.288
275.564	139.595	47.978	105.445
281.738	136.637	44.858	110.681
280.944	137.650	48.700	104.153
282.767	136.367	47.545	105.863
285.745	136.507	50.619	114.048
284.394	137.643	54.129	104.686
281.943	140.193	53.947	105.699
286.268	139.520	51.538	108.804
286.936	138.509	51.409	99.158
292.435	137.028	47.004	102.911
287.476	138.623	41.743	116.023
278.141	137.778	46.988	117.901
273.189	134.839	46.329	114.843
259.103	142.605	44.763	102.753
252.998	138.500	43.854	101.724
246.773	144.052	39.664	99.596
239.603	139.390	42.579	101.808
232.333	140.072	39.988	96.336
226.073	144.047	41.664	98.869
219.577	141.998	44.079	95.598
226.222	143.558	41.812	89.350
225.992	147.894	44.624	89.497
226.666	145.318	49.639	93.403
229.849	143.496	46.701	96.569
235.240	142.622	44.820	99.704
242.417	138.243	43.040	111.462
244.721	141.660	45.597	106.400
251.595	139.234	50.566	113.510
253.428	141.132	46.702	109.287
252.278	144.246	49.136	97.475
254.830	142.018	50.763	100.673
257.302	144.134	51.658	97.513
260.016	146.325	51.318	95.243
264.364	145.818	50.929	98.043
265.209	144.779	54.205	96.866
266.670	139.519	55.571	105.981
268.034	139.531	57.750	109.288
269.172	138.801	57.014	110.311
261.740	137.712	61.030	132.259
258.429	139.670	59.904	127.370
250.001	138.264	63.992	134.663
245.606	139.398	63.303	134.082
236.211	140.056	68.116	135.017
228.061	139.705	69.555	136.727
220.581	139.910	69.264	136.212
215.840	140.430	70.058	136.015
217.079	138.528	74.815	138.584
220.591	139.937	72.816	137.052
224.541	139.077	72.357	138.518
232.655	138.636	66.021	139.029
238.798	138.262	64.513	140.136
241.833	140.273	64.057	138.406
246.791	139.975	63.276	138.732
248.364	139.587	64.032	138.207
251.366	138.685	64.874	141.910
254.450	139.553	65.011	143.752
255.620	142.077	60.567	141.206
258.575	141.717	60.906	145.042
258.606	146.003	60.869	138.825
260.306	148.009	57.260	139.376
262.869	148.053	55.196	140.956
264.146	146.984	54.915	140.758
265.310	145.667	57.363	141.661
266.915	145.319	54.836	143.355
260.162	146.114	50.683	142.644
256.312	145.566	50.100	142.749
251.528	146.765	49.981	140.677
242.906	146.244	51.502	141.154
239.383	147.063	50.224	140.608
231.166	146.916	53.920	140.743
226.436	149.346	55.302	137.942
226.918	148.002	61.916	139.718
227.897	150.001	65.566	136.364
228.829	153.490	71.049	135.086
231.123	151.760	70.057	137.690
231.204	151.741	72.913	138.568
231.355	151.225	74.620	140.105
238.094	150.732	67.893	141.167
242.149	149.387	66.205	141.536
249.935	147.141	60.778	143.692
257.455	147.794	55.182	143.262
265.489	149.259	50.504	142.116
270.517	149.430	49.523	143.943
273.127	149.616	50.706	145.788
276.492	151.327	52.017	143.609
279.109	152.735	56.092	143.786
278.577	153.003	59.422	142.841
268.410	154.038	65.917	142.027
264.572	153.060	65.920	142.443
254.123	154.541	71.497	143.435
251.247	155.534	70.220	140.933
246.500	155.408	64.894	143.051
244.821	156.042	61.539	142.354
242.549	155.670	55.129	141.956
243.599	156.711	55.618	141.882
237.321	156.599	58.648	142.735
231.542	157.780	58.234	140.251
226.414	157.169	57.700	140.576
217.076	157.167	63.280	140.670
210.966	158.846	69.735	138.826
205.572	158.029	73.447	140.612
205.471	159.757	81.524	139.044
208.595	160.092	76.692	138.087
210.214	157.462	79.610	140.242
215.576	159.328	76.602	137.740
222.712	156.304	70.940	139.500
228.413	154.378	68.364	140.003
239.148	152.620	58.510	140.324
245.749	149.618	54.969	142.683
252.554	152.742	54.470	141.511
257.237	148.925	51.465	149.036
253.428	152.157	52.930	145.725
245.897	154.144	57.868	144.152
238.306	156.346	67.936	139.782
230.522	157.599	73.874	139.163
223.113	156.069	78.510	142.242
218.434	158.559	76.547	139.789
211.403	157.870	78.575	142.667
210.145	157.991	68.723	141.163
209.318	157.626	63.913	141.497
209.686	158.752	58.454	140.934
209.417	156.104	51.485	143.892
208.552	154.051	46.968	146.128
202.672	154.111	49.597	145.629
194.392	154.952	53.786	144.572
187.469	155.430	59.151	141.638
183.178	156.890	65.281	139.704
186.013	158.019	70.538	138.132
187.325	160.186	72.149	136.102
190.948	160.200	72.571	137.324
193.507	156.487	71.345	139.809
198.640	156.464	67.693	139.344
206.996	155.255	61.575	139.229
218.153	150.877	51.253	142.979
222.062	149.844	48.659	146.486
215.038	148.641	47.535	148.642
209.940	149.327	48.880	145.601
202.964	151.764	52.611	145.220
195.724	154.512	59.538	142.349
188.036	155.872	65.618	140.655
179.418	154.424	74.438	141.593
174.073	155.912	74.711	140.175
166.417	156.056	77.453	140.314
164.437	156.932	69.479	140.125
161.736	155.177	66.725	142.325
165.354	154.122	65.876	144.028
175.070	153.811	55.599	142.844
182.243	153.705	53.672	143.938
189.324	154.842	49.400	142.363
193.837	153.937	48.346	143.721
195.485	151.012	50.279	145.504
197.835	153.930	56.008	142.450
198.788	156.267	63.356	140.224
199.494	157.719	68.411	138.282
200.565	156.899	70.588	138.737
202.016	156.012	72.444	140.587
206.040	157.355	70.708	138.888
213.928	156.279	64.252	139.026
211.470	153.654	63.671	141.085
211.645	149.809	54.721	144.390
212.536	150.607	50.804	141.584
209.032	148.149	46.768	145.132
204.600	149.332	48.041	143.390
198.097	151.592	50.624	141.839
187.895	153.121	58.886	141.580
183.139	156.115	62.499	138.142
174.565	155.190	71.914	139.969
167.408	155.253	75.046	139.997
163.499	156.296	73.612	139.558
155.072	156.055	76.634	140.915
151.862	153.801	70.413	144.575
148.950	154.337	69.427	143.942
148.108	154.443	61.594	143.549
147.246	152.010	57.727	146.822
146.755	152.899	52.296	144.778
143.287	152.703	50.851	145.388
137.731	152.415	50.945	145.640
129.880	151.630	55.242	147.075
124.238	153.547	61.790	143.518
116.119	154.445	67.807	143.586
108.098	155.931	73.474	141.540
103.948	157.450	71.550	139.969
99.646	155.285	68.153	142.976
95.011	154.623	67.248	142.874
94.000	155.481	63.131	140.826
94.382	151.641	58.566	143.217
104.880	153.033	52.739	141.207
108.914	151.490	52.056	143.577
114.204	151.422	48.774	144.088
116.804	151.149	53.455	142.735
119.384	153.018	54.796	140.310
119.988	153.465	63.313	139.867
121.329	154.672	65.309	138.930
124.355	156.948	65.416	136.916
126.112	156.600	66.070	137.912
129.711	154.208	64.694	140.507
135.589	154.418	62.928	138.309
143.710	152.809	60.275	140.018
151.249	152.454	56.840	140.612
156.332	152.357	54.572	140.989
161.287	153.457	49.970	138.733
164.556	151.874	47.439	141.032
165.996	153.438	53.084	139.972
167.488	154.698	58.324	136.656
167.600	154.326	64.161	137.188
167.935	154.370	66.134	136.480
169.971	153.231	66.645	137.066
172.899	154.236	66.817	136.908
178.816	154.037	62.652	136.501
186.687	152.603	56.080	136.343
192.527	152.066	53.636	135.780
200.440	151.650	49.072	135.475
206.160	149.646	47.154	138.636
208.815	148.042	46.948	139.749
199.733	147.097	52.576	142.185
195.262	148.851	56.069	140.605
185.677	149.201	65.524	140.035
181.202	150.555	68.816	139.088
169.886	152.904	74.367	137.358
167.085	151.607	73.020	139.866
160.657	150.736	69.379	141.277
157.580	149.904	65.861	140.591
155.886	149.598	60.692	140.275
155.148	148.681	58.114	141.737
153.473	149.610	50.657	141.087
150.872	147.959	49.262	143.414
145.674	148.430	51.432	142.342
138.809	148.937	52.263	143.233
132.766	150.098	54.811	142.487
126.361	150.566	62.052	140.340
116.881	152.726	67.355	137.738
112.408	151.675	67.878	139.189
107.337	151.746	66.766	139.563
102.125	152.245	63.250	138.534
100.766	150.262	57.501	140.055
99.121	150.985	55.074	136.805
97.800	149.494	50.497	137.046
96.739	147.905	45.001	139.782
99.952	145.760	46.141	143.067
102.596	146.989	44.392	138.800
104.313	147.550	51.076	138.768
104.520	149.449	53.296	136.546
106.220	151.790	62.595	135.364
106.872	150.752	66.404	136.478
108.084	152.466	70.707	134.892
109.088	149.786	72.879	138.515
113.108	149.192	69.527	138.822
117.038	148.809	67.401	139.496
121.798	147.536	64.514	139.438
132.285	146.273	56.340	140.110
140.323	146.149	50.744	139.523
148.188	143.511	45.836	143.846
152.239	145.109	46.260	142.376
156.140	145.368	45.463	140.977
157.103	146.467	49.578	139.685
157.737	146.687	54.246	138.908
158.641	146.419	62.238	139.320
160.400	145.456	59.066	139.475
163.926	144.678	63.231	140.195
166.616	145.367	62.996	137.457
172.038	144.827	60.280	136.455
181.179	142.956	52.863	137.213
189.558	142.131	48.113	136.425
194.278	140.117	46.908	141.080
196.015	139.422	48.225	140.988
199.854	138.532	48.933	140.628
201.285	138.665	50.616	140.050
203.052	140.727	54.800	138.546
202.977	142.528	60.059	135.394
195.690	145.692	59.456	134.446
190.492	146.187	59.815	133.792
183.318	145.110	59.132	135.813
182.669	143.794	58.817	136.269
179.274	144.481	53.392	136.333
176.774	144.477	51.545	135.281
175.186	143.392	45.628	136.044
171.952	141.529	44.310	138.400
166.607	141.249	42.315	140.754
165.696	142.575	41.532	141.287
170.781	141.110	41.317	142.317
171.042	141.777	44.411	140.541
172.799	142.292	46.947	139.047
173.173	141.575	51.644	139.770
173.510	142.052	54.522	139.465
174.494	142.216	56.294	138.245
174.938	143.099	62.268	139.999
178.492	142.169	61.328	141.159
186.546	141.910	54.151	139.984
192.377	140.953	49.603	136.768
196.653	140.523	47.744	137.726
200.761	139.972	46.963	137.719
204.267	140.459	46.212	137.346
207.314	140.038	46.914	135.906
209.016	141.407	49.990	134.603
211.876	144.540	51.490	131.446
214.040	146.655	58.528	129.725
214.481	147.125	57.519	129.163
215.053	144.851	58.356	132.044
216.251	145.303	58.662	131.956
217.468	146.095	60.766	130.154
219.973	139.181	60.185	136.706
224.536	138.616	57.400	138.102
230.974	138.505	51.375	135.159
236.563	137.866	50.410	135.217
242.378	137.683	46.379	135.933
244.387	138.372	46.260	136.379
250.086	136.932	43.272	138.330
254.629	137.173	41.498	136.505
256.754	136.300	42.583	137.801
258.315	136.367	44.930	136.416
251.874	137.980	52.627	133.923
244.630	139.780	53.800	129.358
240.140	138.831	59.789	131.966
235.774	140.999	57.947	131.080
229.647	139.873	62.875	134.305
227.373	139.550	54.724	133.179
224.648	138.660	49.896	129.989
224.757	135.637	44.164	133.660
227.075	135.449	44.137	132.096
228.371	135.285	45.310	133.058
230.445	138.111	46.089	130.636
230.345	138.544	51.659	130.314
232.678	141.129	50.908	125.782
235.437	141.233	55.786	124.932
236.131	141.939	56.092	125.142
241.760	140.217	53.612	125.460
239.528	139.991	58.264	125.546
246.846	136.607	51.390	128.028
252.172	134.249	50.869	129.460
259.715	134.320	45.935	129.365
264.471	133.740	43.458	130.915
268.761	133.301	41.290	131.300
272.729	133.299	39.281	130.576
274.962	133.959	40.345	132.592
277.362	134.569	41.590	130.191
279.427	132.864	44.713	133.308
282.010	132.393	46.347	132.815
285.673	132.300	46.845	130.346
289.950	132.935	46.561	129.845
294.634	133.573	45.085	127.903
297.832	134.398	44.864	126.731
303.018	134.232	41.839	124.333
306.527	131.479	42.615	127.223
310.256	130.754	41.821	126.416
313.762	131.638	42.948	120.600
315.202	129.265	45.188	120.519
316.117	130.478	46.241	121.556
319.877	129.362	46.749	124.348
311.937	132.626	45.856	130.993
307.766	136.682	44.929	122.582
302.764	133.239	42.299	119.294
295.796	135.583	45.494	115.957
288.723	135.708	44.631	118.802
284.860	132.179	44.774	127.013
277.754	133.274	43.648	125.069
271.805	131.208	44.291	124.566
266.469	131.180	42.702	125.706
260.051	132.965	43.806	119.944
252.188	133.733	43.261	115.899
246.914	133.766	40.901	116.075
250.690	129.337	41.727	123.849
250.147	129.806	41.674	116.601
254.437	132.040	42.332	113.600
253.054	129.992	42.855	113.783
257.716	129.303	40.924	116.746
258.259	130.843	43.022	115.068
259.938	129.807	41.887	114.731
262.340	131.021	43.541	119.967
263.188	130.382	41.326	116.994
264.827	128.398	41.232	122.445
266.049	126.224	41.452	125.639
265.325	127.011	42.844	127.190
266.881	125.308	42.475	128.614
265.671	128.611	44.817	123.949
266.795	127.837	45.019	120.728
266.485	128.832	47.843	115.818
267.344	127.708	48.377	116.437
267.603	126.972	49.210	115.839
268.730	128.143	49.897	116.098
269.662	127.990	50.061	118.226
269.714	128.550	52.355	117.144
270.122	128.081	53.327	117.157
271.096	128.190	53.833	115.938
272.603	126.303	54.113	117.180
271.777	127.043	56.312	117.206
271.446	127.413	57.844	116.728
272.313	127.198	57.974	117.281
272.253	124.737	58.794	119.269
271.616	124.283	60.470	119.324
273.259	124.842	59.890	117.825
272.928	125.084	61.520	117.690
273.458	125.613	62.350	120.582
274.306	124.320	63.532	118.308
274.209	125.263	63.940	118.117
275.817	125.120	64.081	118.813
284.724	123.901	57.568	121.035
285.898	123.497	58.143	120.153
291.393	121.876	54.386	120.611
295.056	122.082	51.057	121.392
297.351	122.026	49.400	123.163
297.893	121.235	49.360	123.643
300.905	120.948	48.199	124.878
301.513	121.118	48.509	124.283
303.046	121.511	48.270	124.017
304.564	119.387	47.564	125.909
304.465	122.263	51.413	117.187
306.206	122.349	51.062	119.406
306.931	121.747	50.467	120.409
306.721	121.235	50.009	122.091
298.135	119.805	53.654	122.939
289.118	122.231	59.285	119.301
280.939	122.829	56.354	119.175
272.777	124.329	49.273	113.794
267.086	123.636	51.466	112.995
261.621	123.059	50.107	113.455
258.865	123.571	50.719	114.038
264.341	121.866	47.061	114.355
266.089	120.566	47.941	113.420
268.406	121.635	45.946	112.025
271.036	119.612	45.540	116.824
271.669	121.946	47.454	109.901
272.235	120.894	47.918	110.357
273.033	120.000	48.425	111.605
273.274	118.110	48.650	113.789
274.290	117.622	48.327	113.563
274.848	117.612	48.259	111.929
275.097	117.239	49.165	111.680
276.460	116.677	48.523	112.778
278.351	117.597	47.590	112.581
278.916	117.872	48.260	112.129
281.337	117.641	47.268	112.617
282.205	117.509	47.389	112.585
282.974	116.079	47.059	113.837
284.545	115.665	45.522	114.594
286.456	114.929	44.641	113.205
288.042	114.078	45.352	113.091
288.885	113.655	46.241	110.754
290.358	113.646	46.235	109.678
291.624	112.973	45.831	111.905
292.678	111.864	44.824	112.250
293.707	109.773	45.393	114.799
293.647	109.704	46.505	114.068
295.281	108.509	45.726	116.103
294.555	107.584	47.011	116.638
296.334	108.069	46.321	116.772
296.936	108.188	48.687	116.602
297.898	108.913	48.804	116.381
299.323	109.118	46.842	114.219
300.075	107.245	46.642	115.173
301.904	106.359	45.604	116.094
300.913	106.587	47.655	116.054
301.608	105.222	48.236	117.398
302.637	104.283	47.527	117.951
302.777	103.344	47.448	118.109
303.255	103.168	48.154	117.492
303.251	103.590	49.097	117.504
303.808	103.865	48.686	116.666
304.409	103.059	48.059	116.615
304.827	102.003	47.827	117.416
304.411	101.299	47.667	117.375
304.648	100.974	47.673	117.976
304.802	100.865	46.942	118.724
305.112	101.069	46.277	119.707
303.836	99.649	46.084	119.975
303.231	99.669	45.966	119.546
301.323	100.310	48.184	117.594
300.406	100.064	47.886	118.263
298.776	100.051	48.537	115.520
299.353	97.428	46.660	115.983
298.818	95.903	46.311	117.910
297.526	95.146	46.451	119.074
297.753	94.708	45.529	119.382
297.241	93.787	45.390	120.417
297.462	94.274	44.592	120.725
298.084	93.063	43.688	121.852
296.508	91.550	45.036	124.246
297.318	91.536	43.806	124.819
296.312	89.834	44.863	125.581
295.728	89.060	44.818	126.746
296.396	89.911	43.990	124.836
294.710	90.069	45.391	125.511
295.061	89.650	45.464	124.433
295.626	88.834	45.021	124.143
295.295	88.367	45.321	123.556
295.647	87.918	44.461	123.123
294.496	87.877	46.819	121.890
293.673	88.476	48.081	119.991
292.285	88.530	48.958	119.493
292.332	86.544	47.885	121.533
291.679	86.078	46.897	121.700
290.026	85.444	47.946	121.627
289.862	85.755	46.424	121.454
288.967	85.471	46.868	122.896
288.291	85.603	46.126	124.140
287.137	84.014	48.817	125.669
286.376	83.434	48.015	127.319
286.200	82.705	47.198	127.334
286.137	82.594	47.342	125.464
286.048	82.481	46.679	124.346
285.757	83.210	47.566	121.596
285.129	84.273	47.387	119.502
285.373	85.338	47.059	116.880
285.382	84.513	47.464	118.461
285.383	84.163	46.701	117.983
285.280	82.626	46.611	118.158
285.650	83.499	46.369	115.653
285.375	83.493	46.387	114.966
285.185	83.577	46.311	113.410
285.431	83.419	45.778	111.311
284.712	82.849	45.035	109.971
285.266	83.515	43.799	106.505
283.805	83.954	44.732	103.511
283.504	83.314	44.416	104.921
281.932	82.966	45.039	104.495
280.467	82.022	45.774	103.076
279.800	79.736	44.887	104.752
279.326	79.778	43.998	105.195
278.685	78.761	44.770	106.892
277.364	79.156	44.778	106.425
276.421	78.543	44.162	107.008
275.171	76.725	43.475	108.875
275.399	77.223	44.684	107.884
274.091	75.982	43.700	108.832
273.850	76.812	43.791	106.985
273.623	76.009	42.455	107.531
273.734	76.658	44.317	107.744
273.235	76.801	39.521	106.876
273.486	76.306	41.981	109.063
273.252	78.380	41.677	106.027
273.332	77.850	41.452	105.559
273.027	79.225	40.927	103.945
272.796	78.901	41.187	104.384
272.719	78.856	41.250	102.290
272.720	78.332	41.587	102.640
272.698	77.524	40.989	100.739
272.777	77.452	41.725	99.277
272.562	78.399	42.066	97.407
272.087	78.286	42.074	96.198
271.817	77.395	42.419	96.863
271.401	78.055	42.163	95.652
271.238	78.758	42.898	93.386
271.289	78.557	41.146	93.635
270.558	78.893	41.074	92.902
269.867	79.289	40.271	94.594
269.480	78.592	40.407	93.429
269.407	79.161	39.801	92.629
269.161	77.288	38.419	94.612
268.607	78.262	40.283	93.765
268.103	77.126	36.369	95.341
267.066	75.512	39.520	94.723
265.614	76.282	42.904	93.169
265.400	77.408	42.905	91.856
265.298	76.550	42.522	92.602
265.350	76.453	41.074	92.615
265.703	75.495	41.579	93.674
265.083	74.921	40.914	94.437
265.407	73.696	41.390	95.877
265.380	74.760	41.087	94.432
265.073	74.296	41.095	93.829
265.056	73.141	41.632	92.792
264.093	72.908	42.346	91.638
263.769	71.738	42.946	92.861
263.454	73.736	41.584	90.584
263.552	72.897	43.452	92.223
262.559	75.113	42.051	89.600
261.545	74.061	42.091	91.191
260.743	74.753	42.603	89.692
260.678	73.206	40.999	91.071
259.933	74.658	41.025	89.079
259.502	74.316	40.749	89.819
259.073	73.736	41.124	89.764
258.673	73.436	40.281	90.900
258.042	74.748	39.988	87.618
257.374	74.471	40.280	88.104
257.435	72.905	39.015	88.513
257.326	71.856	38.647	88.435
256.813	72.148	38.973	87.026
256.844	72.358	39.411	86.577
256.325	70.109	38.043	88.625
256.130	70.805	38.539	87.689
255.602	70.622	38.216	88.375
255.366	70.837	38.927	87.723
255.319	70.714	38.059	88.544
255.177	70.529	38.407	88.070
255.394	71.125	38.334	86.615
254.582	71.222	37.569	84.525
255.067	71.755	39.393	82.334
255.151	72.563	37.038	81.256
255.224	72.013	37.648	81.911
254.913	72.816	37.132	80.755
253.814	73.479	37.459	79.998
251.892	72.995	39.634	80.374
251.003	71.790	40.056	81.374
249.961	72.027	40.144	80.756
249.914	71.643	39.350	81.278
249.358	72.134	38.867	80.953
248.683	72.930	38.244	79.810
248.524	71.862	38.148	80.135
248.542	70.979	37.542	80.966
248.358	70.853	36.845	79.499
248.392	69.228	37.062	80.202
248.055	68.191	35.726	80.365
248.455	69.406	35.027	79.005
248.242	68.194	34.844	79.839
248.615	67.599	34.590	80.012
247.584	67.952	36.635	79.757
