207.000	154.000	19.000	49.000
207.358	155.583	19.375	46.652
207.151	155.282	19.881	47.094
207.204	155.507	19.633	46.423
206.855	155.984	20.501	46.217
207.390	155.742	20.072	45.430
207.465	155.364	19.845	46.867
207.881	155.720	19.481	46.351
208.854	156.047	18.884	46.249
210.088	156.560	18.515	46.580
209.531	155.873	18.860	46.804
209.797	156.734	19.087	45.804
209.755	156.663	19.694	45.309
209.308	155.898	20.445	46.064
210.131	156.271	19.728	46.104
210.075	157.710	20.230	45.567
210.613	157.026	19.946	46.200
210.522	157.089	19.620	46.676
210.693	157.054	19.401	46.951
210.788	156.861	19.500	46.288
210.586	156.857	20.092	46.908
210.546	157.123	19.741	45.885
210.531	157.277	19.442	45.591
210.557	157.642	19.716	45.763
210.768	157.005	19.591	47.555
211.252	156.397	18.889	48.139
211.360	156.982	18.947	48.041
211.183	158.313	19.851	46.912
211.968	157.705	18.943	47.399
211.829	157.386	19.193	47.700
210.991	157.528	20.832	47.448
211.132	157.415	20.526	47.673
211.602	157.371	19.781	47.864
211.383	157.701	20.478	47.283
211.454	157.330	20.455	48.872
211.739	157.241	20.377	49.319
211.323	158.253	20.929	48.269
211.615	158.285	20.114	47.983
212.057	157.951	19.804	47.752
211.639	158.632	19.854	47.272
211.567	157.735	19.843	48.821
211.798	157.361	19.809	48.844
212.266	157.872	19.392	48.923
212.319	158.982	19.175	48.302
212.059	159.707	19.626	47.678
211.980	159.331	20.345	47.301
211.068	159.953	21.141	47.099
211.399	159.765	20.616	47.699
211.665	159.150	20.454	48.528
211.020	159.308	21.161	47.961
211.184	159.857	21.036	47.790
211.358	160.288	20.348	48.642
211.083	161.270	21.111	48.050
210.840	161.174	20.940	47.594
210.709	161.069	21.152	47.496
210.636	160.606	20.801	47.766
210.417	160.721	21.174	47.941
210.725	160.704	20.711	48.277
211.409	160.828	20.287	48.878
211.968	161.085	19.039	48.413
211.910	161.874	20.079	47.550
211.940	162.346	19.724	48.102
211.896	162.374	19.841	47.952
211.443	162.025	21.072	47.747
211.179	162.288	21.206	47.036
211.602	161.721	20.830	48.024
211.394	161.611	21.486	48.605
211.874	162.209	20.740	48.179
211.275	162.580	21.525	48.576
211.655	162.723	21.222	49.207
211.770	163.073	20.623	48.410
211.486	162.678	21.594	48.871
211.579	162.646	20.864	48.108
211.658	162.294	20.856	48.499
212.196	162.174	20.765	48.874
212.273	162.374	20.843	49.168
213.573	162.522	19.324	50.261
213.636	163.241	19.347	49.700
213.594	162.753	19.920	49.956
213.711	163.117	20.013	49.950
213.542	162.456	20.033	50.836
212.765	162.785	21.685	50.208
213.138	162.592	21.460	51.086
213.082	163.304	21.476	50.357
212.933	163.543	21.797	49.987
213.313	163.314	21.523	50.493
213.820	163.996	20.629	50.467
213.218	164.104	21.232	49.854
212.915	163.876	21.328	49.539
213.122	163.853	21.095	49.832
212.714	164.353	20.899	49.400
213.557	163.959	19.938	50.719
213.546	163.889	20.279	50.325
213.831	163.624	20.176	51.528
214.075	164.997	19.740	50.785
214.238	164.912	19.560	50.921
214.238	164.797	19.786	50.451
213.874	164.548	20.480	51.342
213.574	164.776	20.944	50.446
212.847	164.545	21.559	51.469
212.923	164.659	21.131	51.862
212.958	164.362	20.961	52.124
213.055	165.497	20.736	51.780
213.178	165.399	20.756	52.010
212.776	165.139	21.025	52.057
212.600	165.403	20.142	51.048
212.256	165.231	20.979	51.759
211.938	165.752	20.793	51.015
212.697	165.891	20.774	51.411
213.552	166.032	19.449	50.744
214.462	165.866	18.484	52.033
214.768	165.097	17.902	53.185
214.874	165.938	18.342	53.344
214.227	166.268	19.230	52.895
213.429	165.601	20.056	53.094
212.923	165.743	20.731	52.851
213.029	166.360	20.914	52.577
213.029	165.437	20.390	53.821
213.160	166.733	20.578	52.574
212.682	167.004	20.951	52.940
212.955	168.543	20.493	51.697
212.820	168.234	20.617	51.525
212.078	167.939	21.284	51.458
211.679	167.743	21.591	51.742
211.834	167.183	21.565	52.656
212.204	167.131	20.847	52.996
212.735	167.981	20.258	51.942
212.651	168.822	20.710	52.305
213.189	169.268	20.290	51.681
212.706	169.360	20.813	53.049
212.852	169.743	20.403	51.254
212.541	169.549	21.430	52.016
212.363	169.111	21.089	53.350
212.942	169.186	20.360	53.325
212.243	169.021	21.075	53.606
212.396	169.893	20.584	53.168
212.186	170.015	20.343	53.650
212.032	171.194	20.660	52.691
211.655	170.751	20.538	53.160
211.099	171.159	20.946	53.062
210.460	171.671	21.127	51.811
210.327	171.121	21.498	52.557
210.431	171.898	21.597	52.280
210.204	171.957	21.553	52.597
211.058	172.476	20.456	52.133
210.935	172.845	20.601	51.689
210.368	173.517	21.202	50.644
210.662	172.797	21.015	50.524
210.034	172.313	21.193	51.311
210.381	172.589	21.221	51.373
210.118	172.728	21.126	52.256
210.642	172.657	20.839	52.345
210.361	173.449	20.934	51.890
210.495	172.984	20.297	53.209
210.265	172.889	19.957	52.905
209.989	172.930	19.912	52.161
209.508	172.662	20.552	52.541
209.106	173.937	20.854	52.118
209.209	173.169	20.710	52.089
209.090	173.168	20.791	53.583
209.292	172.802	20.609	54.473
209.487	174.510	20.211	53.516
209.134	173.925	20.706	54.462
208.580	174.605	21.491	53.887
208.683	175.195	21.145	52.681
208.819	175.278	20.991	52.797
208.296	174.361	21.354	53.849
208.035	173.751	21.570	54.564
208.304	174.883	21.093	54.015
208.163	175.437	21.308	53.755
208.231	175.845	20.897	53.515
208.015	175.873	21.019	54.143
207.443	176.146	21.073	52.752
207.064	176.015	21.267	53.206
206.643	175.631	21.741	53.824
206.544	175.393	21.931	54.480
206.375	175.504	21.860	55.077
206.417	176.000	21.860	54.917
206.654	176.208	21.800	55.085
206.888	176.504	21.676	55.451
206.751	176.852	21.484	55.451
206.844	176.877	21.472	55.135
206.219	176.760	22.235	55.286
206.372	176.574	21.865	55.113
206.060	176.679	22.105	55.334
206.501	177.126	21.438	55.802
206.058	177.827	21.859	55.051
205.779	178.246	21.685	55.116
205.711	178.926	21.123	54.876
204.983	178.067	21.601	55.716
204.660	178.304	21.632	54.987
204.387	178.626	21.685	55.109
204.151	177.952	21.763	55.565
204.297	177.549	21.480	56.321
204.389	178.799	21.836	55.597
204.036	178.876	21.583	55.955
204.341	178.851	21.173	55.999
203.723	179.604	21.827	55.486
203.059	179.092	22.538	54.480
202.332	178.604	23.086	55.660
201.990	179.225	23.152	54.568
202.384	179.399	22.438	55.412
202.129	180.343	22.136	55.505
201.836	180.699	22.101	55.502
202.225	181.032	21.445	54.619
201.912	180.989	21.915	54.520
200.596	180.433	22.368	55.879
200.312	180.392	22.514	55.797
200.312	180.188	22.714	56.753
199.864	180.776	22.427	56.096
200.048	181.132	21.783	56.220
200.033	181.544	22.023	56.176
199.859	182.399	22.084	56.334
199.324	182.697	22.616	56.401
199.256	182.172	22.736	56.617
198.711	182.445	22.615	55.525
198.633	181.460	23.020	57.627
198.540	181.493	22.342	57.854
198.660	182.684	22.103	57.085
198.223	182.923	22.445	56.776
197.764	183.674	22.417	56.967
197.211	183.498	22.212	56.853
196.080	182.802	22.558	57.255
195.146	183.935	23.347	56.471
194.970	183.871	23.399	56.935
194.552	184.040	23.158	57.786
194.833	183.892	22.562	57.876
194.944	184.589	22.256	57.658
194.610	185.280	22.559	57.471
194.574	184.452	21.801	58.767
193.248	185.144	23.292	58.355
192.689	184.891	23.986	57.720
192.584	185.665	23.911	57.022
192.536	185.271	22.968	57.968
192.314	185.409	22.910	58.469
192.288	185.133	22.620	59.283
191.798	185.931	23.080	59.272
191.478	186.757	22.525	59.174
191.413	187.053	22.611	58.234
189.647	187.908	23.467	56.920
189.329	187.702	23.439	57.844
188.886	186.303	23.947	59.242
189.007	187.222	23.611	59.394
189.083	187.420	23.417	58.923
189.044	187.696	23.358	59.361
189.231	187.977	23.261	59.090
188.667	188.572	24.404	59.694
188.482	189.568	24.255	58.009
188.268	188.880	24.224	59.123
188.524	188.598	23.575	58.176
187.833	188.239	24.873	59.487
188.532	187.896	23.408	60.082
188.026	188.514	24.102	60.017
187.901	189.581	24.006	58.901
187.707	190.043	23.329	58.702
188.013	190.529	22.729	57.699
186.182	190.153	23.431	59.120
185.538	190.718	24.658	58.806
184.901	190.392	24.639	59.227
184.369	190.760	25.368	59.114
184.458	191.060	24.480	58.185
184.387	192.212	24.345	59.429
184.271	191.166	23.969	60.965
183.860	191.394	24.281	60.821
182.891	191.785	25.280	59.646
182.640	192.709	24.809	59.191
182.478	192.059	24.978	60.945
182.871	192.279	23.676	60.338
182.653	193.027	24.284	60.427
182.860	193.681	23.355	60.141
182.845	194.628	23.018	59.507
181.460	194.957	23.478	58.976
180.649	195.954	23.984	58.113
179.562	194.263	24.960	60.610
179.068	196.081	25.308	58.371
178.238	194.103	25.328	60.594
178.624	195.483	24.803	59.562
177.753	196.194	25.890	59.607
178.454	196.337	24.946	59.790
178.204	196.493	24.633	60.793
177.117	197.579	25.804	59.730
176.928	197.300	25.605	57.989
176.167	197.779	26.244	58.643
176.551	195.476	25.485	61.112
177.208	196.712	24.739	59.961
176.813	196.074	24.642	61.707
176.665	197.419	24.773	61.388
175.766	198.507	23.986	61.272
175.718	198.427	24.392	61.903
174.831	197.265	24.442	62.207
174.184	198.445	24.839	60.903
172.802	197.871	25.454	61.926
172.950	197.678	25.333	62.677
172.821	197.960	25.102	61.700
172.563	197.509	24.799	63.273
172.524	197.775	24.514	63.839
171.796	199.707	25.492	62.936
171.235	200.041	26.097	62.356
170.580	200.390	25.661	61.160
170.364	199.821	26.187	63.070
169.862	199.996	25.666	62.744
169.979	200.212	25.385	63.573
169.966	199.555	24.387	66.014
169.783	200.600	24.144	65.793
169.562	200.262	23.863	66.193
167.112	201.057	25.043	65.408
166.639	200.980	26.107	64.719
165.033	200.535	27.320	65.957
165.047	201.428	27.561	65.532
164.317	201.893	27.405	64.798
165.408	203.409	25.865	64.124
165.016	202.793	25.366	64.462
163.996	204.473	26.436	64.353
164.179	204.242	26.382	64.422
162.916	204.092	26.983	63.911
161.016	204.426	28.260	63.745
160.936	204.934	27.740	63.741
162.252	205.027	25.816	64.533
161.940	204.416	25.689	66.281
161.748	206.459	25.358	64.697
161.941	207.037	24.529	64.751
160.804	206.041	23.957	66.334
159.742	205.295	24.917	67.429
158.151	205.277	26.370	67.308
155.688	206.993	27.579	65.715
154.738	207.864	28.490	64.648
155.167	208.421	27.420	64.495
154.739	208.190	27.129	65.394
154.406	208.917	27.041	65.631
153.908	209.917	27.109	65.097
153.947	209.410	26.632	66.056
152.773	208.709	26.793	66.792
152.455	209.022	26.736	66.459
152.950	208.375	24.536	67.471
152.573	209.652	24.377	68.295
152.540	209.825	23.418	68.286
152.112	209.870	22.894	68.366
150.871	210.643	23.330	67.925
148.489	209.662	25.207	68.926
147.472	210.190	25.358	68.481
146.574	210.554	25.699	67.243
145.139	210.811	26.439	67.279
144.830	211.414	26.526	67.125
144.475	212.941	26.351	65.687
144.120	212.519	26.272	66.768
143.817	213.309	26.218	66.233
142.459	213.193	27.121	66.367
142.243	211.895	26.846	68.571
141.963	212.675	27.006	66.583
142.413	212.798	26.385	66.223
141.919	213.800	25.278	67.779
141.983	214.236	24.514	66.763
141.152	215.292	24.180	67.772
140.265	215.067	24.283	67.264
139.514	215.189	24.563	67.456
138.221	215.004	24.861	69.114
136.704	214.014	25.564	70.377
135.974	213.592	25.801	69.907
135.129	213.682	26.738	70.431
134.691	215.911	26.639	68.041
133.930	216.597	26.474	67.964
133.452	216.078	26.485	68.684
132.854	216.367	27.511	67.634
131.706	216.840	28.127	68.151
131.336	215.640	28.346	67.687
130.829	215.878	28.523	66.670
131.185	215.260	27.487	69.668
131.614	215.809	26.418	69.175
131.267	215.469	26.264	69.943
130.806	216.601	25.469	70.555
130.267	216.930	24.874	71.731
128.613	217.441	25.884	70.942
127.261	215.948	26.315	73.218
126.573	215.011	26.320	73.504
125.217	215.127	26.735	73.802
123.928	216.141	27.958	72.318
123.861	218.428	27.813	68.190
122.493	218.814	27.612	71.955
122.000	218.722	28.063	72.382
121.134	218.114	28.623	72.993
119.846	218.575	30.042	72.499
119.270	218.271	29.944	73.097
119.085	218.719	28.896	72.895
119.362	218.549	28.165	73.505
119.437	218.294	26.060	74.612
119.181	219.213	26.237	74.295
118.545	218.919	26.603	75.219
117.687	218.779	26.302	75.835
115.991	220.922	26.948	73.065
114.423	220.319	28.549	73.197
111.882	221.689	29.664	71.887
111.187	221.501	30.477	71.266
110.312	221.948	29.545	71.673
109.628	223.220	28.802	72.403
108.054	223.157	30.263	73.960
108.209	224.129	29.796	73.500
108.547	224.644	28.076	73.437
105.011	224.294	31.232	71.735
104.628	223.982	31.046	73.182
104.241	224.291	31.028	73.324
104.352	224.898	29.224	72.510
104.308	224.213	28.150	74.616
103.814	225.031	28.635	73.733
103.308	224.585	28.255	75.242
102.037	226.490	28.080	74.084
100.987	224.472	28.189	75.917
99.807	225.842	28.627	75.489
98.114	224.600	27.427	76.135
97.160	224.587	29.091	77.719
95.431	225.831	29.537	74.369
94.807	229.100	28.086	69.116
94.292	228.209	28.547	74.688
94.342	228.078	27.632	74.683
92.572	228.633	28.759	75.170
90.482	229.666	30.084	75.492
89.817	229.140	30.109	75.116
89.079	229.036	30.263	75.356
88.724	228.720	28.799	76.660
88.234	229.088	29.396	76.608
88.499	229.616	28.318	76.659
87.886	231.267	27.966	78.481
87.288	231.675	27.998	78.144
86.107	232.806	28.393	76.528
84.340	232.408	29.469	76.530
81.581	232.144	29.548	75.316
80.378	232.608	29.726	76.656
78.754	232.770	31.088	76.189
78.159	233.412	31.083	75.356
77.961	233.636	29.452	75.732
76.387	234.776	30.384	76.419
74.876	235.446	31.348	75.218
73.947	235.470	31.598	75.108
72.826	234.788	31.558	76.663
72.263	234.616	31.494	76.288
71.517	235.829	31.595	76.704
71.546	235.435	29.585	77.695
71.309	236.137	28.990	77.139
70.186	237.183	29.217	79.234
69.786	236.877	28.579	79.712
67.935	237.377	30.039	79.131
63.863	238.710	32.663	76.950
62.514	237.362	31.950	78.445
60.709	237.006	33.008	79.392
59.778	236.462	32.172	80.722
57.463	236.087	33.317	81.520
56.711	236.454	32.955	79.767
56.277	234.490	31.744	82.805
54.090	237.412	32.745	81.816
52.035	236.586	33.333	82.027
50.810	238.534	34.524	81.684
50.389	239.466	33.151	80.507
50.205	239.447	32.759	81.430
50.245	239.513	31.125	80.947
50.059	240.332	31.109	81.206
50.512	240.277	29.250	83.918
49.382	241.135	28.496	83.970
48.384	239.538	28.548	85.332
46.235	240.371	29.846	84.454
44.835	237.904	30.792	87.146
41.704	239.314	31.906	86.518
40.763	239.878	31.459	86.691
39.020	240.404	31.673	88.199
38.916	241.440	31.574	87.562
36.841	240.866	32.763	88.700
35.193	242.765	34.280	87.606
32.303	245.320	36.427	83.948
32.380	244.860	35.610	84.940
32.818	244.111	32.746	86.107
33.012	243.461	32.207	87.358
33.473	244.004	30.469	87.523
31.557	246.983	31.358	86.911
30.334	248.016	32.502	85.417
29.872	247.662	31.651	85.439
29.219	247.873	30.624	86.101
25.113	247.557	32.887	86.701
23.123	248.891	33.745	85.432
21.378	248.184	34.729	86.842
19.548	248.935	34.353	87.102
17.865	250.631	35.228	86.437
17.614	251.091	34.919	86.460
16.649	251.050	34.918	86.443
14.223	252.133	34.799	85.626
13.078	251.939	35.773	86.262
12.950	253.383	34.309	85.668
12.651	251.935	34.038	86.920
10.570	252.170	33.526	86.047
11.166	251.454	32.200	88.046
8.975	253.723	32.709	88.182
