534.000	22.000	44.000	49.000
527.253	16.523	44.402	44.378
510.015	10.341	46.173	43.815
502.100	10.892	46.231	42.589
486.622	17.776	45.597	42.742
477.370	26.705	45.983	42.822
468.560	36.635	46.397	46.279
454.570	62.495	43.338	51.212
447.569	81.505	40.900	47.161
438.770	100.532	41.405	51.927
421.330	148.712	43.298	56.016
413.955	173.761	43.654	58.018
406.160	202.764	44.317	55.004
392.517	270.275	42.366	58.248
384.395	297.968	43.262	49.820
381.273	276.138	42.472	54.101
374.258	234.625	39.999	50.431
366.566	218.462	42.402	47.660
360.817	204.088	42.900	45.880
352.412	181.586	43.033	43.699
348.249	174.505	42.154	43.299
342.696	170.954	42.263	41.910
332.040	167.351	41.037	44.147
327.599	168.995	40.907	45.640
321.999	174.680	40.671	45.463
316.168	181.526	42.580	46.527
305.974	202.021	43.212	50.948
302.088	210.300	41.958	49.199
302.227	182.811	42.238	56.691
306.999	134.939	40.970	57.915
304.889	116.209	45.524	48.641
306.131	99.617	43.724	48.855
307.976	84.148	42.631	50.502
307.997	63.509	45.287	45.038
309.868	56.525	44.676	45.074
311.285	52.249	43.808	44.145
314.420	49.827	41.280	44.438
318.423	53.080	41.128	43.431
317.709	58.238	42.899	44.475
319.559	66.412	41.461	46.465
321.972	89.803	41.504	46.687
323.074	103.846	41.731	50.411
324.154	122.340	40.980	49.922
327.036	142.463	38.125	52.195
328.236	185.465	40.683	54.383
327.402	215.772	41.509	50.796
326.416	224.824	41.224	44.025
323.449	220.497	42.139	42.898
318.047	219.532	42.534	41.212
315.614	220.555	40.920	44.501
312.465	226.606	42.912	40.110
308.916	242.980	42.450	42.997
305.919	252.165	42.282	48.974
303.076	265.967	42.910	47.967
295.401	244.666	44.274	54.643
283.378	190.284	44.068	54.529
276.246	166.660	42.752	51.193
271.981	149.072	43.077	49.542
265.173	127.422	41.019	48.968
251.261	97.517	45.994	45.456
246.901	84.906	43.064	46.010
241.152	76.254	43.064	42.962
229.208	66.460	42.687	40.095
224.270	65.086	42.365	41.256
216.720	65.828	41.404	41.824
205.823	73.197	43.634	42.156
201.204	80.322	42.674	43.064
195.584	89.840	43.285	44.988
185.821	117.146	41.097	47.442
179.974	135.263	41.791	47.673
176.569	151.049	39.321	42.625
172.309	132.567	39.268	45.328
164.464	97.183	40.298	46.569
162.433	86.985	38.956	38.875
159.004	74.233	40.217	41.835
155.829	68.103	38.696	37.910
152.801	56.099	36.163	39.264
147.508	52.079	37.510	40.475
143.513	52.644	39.080	39.237
135.721	59.525	40.349	39.716
133.471	66.857	40.814	38.466
130.764	78.972	40.112	41.077
128.139	103.963	36.777	45.795
122.607	119.820	40.917	47.543
120.163	139.968	40.603	47.663
122.297	132.434	42.900	52.731
146.279	82.565	44.064	48.610
157.380	65.035	44.898	45.940
168.093	46.511	45.492	43.404
180.476	27.913	46.139	48.087
204.647	2.832	43.409	44.665
214.713	0.435	46.945	38.008
226.365	0.000	47.477	32.109
239.636	0.000	47.983	28.025
264.171	0.231	45.375	28.708
276.798	0.798	45.642	32.740
288.288	1.764	48.051	38.736
301.748	7.679	46.472	42.480
326.081	28.111	44.364	48.911
336.899	46.884	47.220	48.473
347.535	65.241	48.000	50.902
371.331	109.460	47.369	49.392
383.854	134.881	45.190	53.823
395.888	162.198	44.522	53.542
405.301	194.125	44.675	53.556
426.064	198.729	42.988	43.269
433.563	186.956	43.201	43.531
442.832	180.825	42.480	41.911
450.519	175.171	43.998	42.097
467.162	170.754	43.221	40.540
474.778	171.782	41.883	39.978
481.217	176.979	42.634	40.414
489.238	181.834	41.122	40.986
501.843	199.504	41.291	44.425
509.233	213.496	41.170	43.207
516.458	226.367	39.044	42.902
520.155	233.962	40.139	46.198
519.913	199.779	41.279	40.924
522.090	185.244	39.411	43.551
522.958	163.624	38.462	39.371
523.379	157.218	37.923	38.689
523.185	150.872	38.130	36.837
523.705	147.283	37.288	37.984
523.511	146.840	37.458	39.003
523.127	151.357	38.240	34.552
522.999	156.856	37.912	39.391
523.465	163.927	36.929	37.502
523.136	176.472	36.347	44.570
525.375	166.238	35.774	35.635
525.878	152.596	36.200	38.476
528.282	142.675	33.799	39.401
529.932	132.404	34.692	35.986
530.222	130.371	35.217	32.987
530.622	128.815	35.658	35.971
532.421	134.221	35.598	32.086
534.341	136.547	33.601	39.056
533.331	126.864	36.795	39.854
511.786	110.153	53.727	45.187
501.982	105.953	56.269	58.891
500.876	119.045	74.714	55.659
513.756	122.893	71.158	65.540
516.405	111.169	71.723	75.312
526.865	101.431	71.722	73.840
513.830	98.105	60.332	55.705
506.235	110.368	41.344	40.638
500.495	107.954	35.400	37.938
490.080	104.458	34.202	37.281
483.929	106.376	34.785	35.640
478.281	104.306	33.458	34.918
467.536	102.229	34.261	34.422
462.846	98.926	32.192	36.826
457.161	96.140	32.461	37.003
452.898	96.552	32.335	35.767
441.817	92.923	32.124	36.011
431.150	90.574	32.616	34.744
411.470	85.292	33.232	34.384
393.302	82.887	31.996	29.254
380.756	74.471	30.910	33.572
378.116	82.247	30.445	27.164
379.062	80.106	32.586	31.888
378.909	79.347	33.802	33.002
381.820	79.126	32.148	34.145
381.441	79.414	32.991	34.300
382.432	79.567	32.581	34.546
382.997	79.746	32.777	34.403
383.997	79.791	32.916	34.403
384.262	79.828	33.443	35.060
385.586	80.233	33.025	34.992
386.090	80.722	33.800	34.652
388.844	81.775	33.661	34.102
391.692	82.122	34.639	34.567
395.770	83.327	34.826	33.924
403.967	85.362	34.153	34.189
407.801	86.137	33.131	35.047
411.967	87.115	33.061	35.672
415.652	88.838	32.843	35.417
422.586	90.623	34.847	35.703
425.988	91.285	35.149	36.349
433.455	91.733	35.423	35.526
437.870	92.775	34.834	36.014
446.382	94.622	34.338	36.349
450.840	95.928	32.952	36.593
455.023	96.945	32.296	36.882
457.887	98.566	32.786	36.080
464.468	98.403	33.697	36.565
469.295	99.345	33.789	35.964
473.531	101.052	34.251	35.524
477.653	101.464	33.352	36.363
481.714	102.747	34.598	36.388
489.632	104.184	34.706	36.949
494.506	104.277	32.787	37.663
499.091	104.561	32.762	37.248
507.067	107.052	34.669	36.240
511.840	107.871	34.050	36.211
515.633	108.837	34.732	35.633
519.663	109.609	36.228	36.106
525.812	110.295	34.452	35.309
525.831	109.502	32.840	37.629
525.658	112.595	34.295	37.247
525.733	113.664	34.860	37.191
526.496	114.789	35.145	36.342
527.549	117.378	34.635	35.556
528.432	117.769	34.810	36.097
529.321	117.706	34.501	36.262
529.921	118.354	34.373	36.097
531.732	121.060	34.116	36.449
532.128	121.307	35.285	36.598
533.212	121.624	34.768	36.775
534.376	122.153	35.051	37.251
536.201	124.211	33.896	36.739
537.233	124.847	33.368	36.768
537.966	125.410	33.654	37.204
539.358	128.049	34.722	36.946
540.420	127.847	35.083	37.763
541.778	128.377	35.011	37.772
543.244	129.473	34.969	37.342
545.175	131.684	35.511	36.688
546.759	132.096	35.425	36.702
548.228	133.739	35.655	35.813
550.932	134.411	34.300	36.838
552.599	135.487	34.012	35.859
554.027	136.300	34.920	35.671
557.283	138.111	34.540	36.418
558.649	139.148	34.986	36.776
560.599	139.718	35.245	36.834
561.917	140.975	35.395	36.271
565.477	142.420	34.605	36.277
567.141	142.940	34.533	36.387
569.134	142.981	34.446	36.949
571.382	144.465	34.389	36.732
572.534	145.753	35.076	36.484
574.067	146.224	35.281	36.392
576.402	147.113	35.446	36.190
577.680	146.963	35.358	36.502
577.881	147.039	35.398	36.696
579.285	149.545	34.860	36.127
580.009	150.033	35.299	35.954
580.831	150.664	34.993	36.066
581.618	151.576	35.098	35.675
583.261	153.035	35.537	35.293
583.953	154.227	35.789	34.723
585.421	154.166	35.169	35.876
587.495	155.599	35.317	36.364
588.667	155.403	34.815	36.876
589.269	155.599	35.378	37.150
590.348	156.539	35.411	36.742
592.917	157.562	34.344	37.052
593.625	157.866	34.697	37.324
594.851	159.695	34.036	35.973
597.327	161.030	31.965	37.337
598.470	162.318	31.356	36.157
598.827	162.103	31.003	36.631
600.116	161.780	29.749	36.923
601.285	163.392	28.664	36.671
601.373	163.369	28.627	37.380
603.796	165.818	26.204	36.250
604.389	166.760	25.611	36.602
604.681	167.335	25.319	35.863
605.701	166.842	24.299	36.597
607.647	168.362	22.353	36.011
608.048	169.182	21.952	36.188
608.602	169.410	21.398	36.555
609.775	171.491	20.225	35.727
608.905	171.371	21.095	36.613
605.966	172.038	24.034	35.727
603.852	173.073	26.148	34.569
598.854	173.843	31.028	35.088
596.752	173.758	32.463	35.105
594.757	174.055	33.700	34.843
594.361	174.566	34.469	34.703
593.915	173.192	34.427	35.931
594.591	172.698	34.031	35.785
594.696	173.166	34.018	35.545
597.846	174.410	31.545	35.932
599.551	174.621	29.882	36.224
600.601	175.482	29.002	35.687
601.037	175.284	28.364	36.126
600.073	175.427	29.375	35.338
598.755	174.971	30.652	35.250
595.330	172.969	33.416	36.279
591.152	170.916	35.158	37.474
587.831	168.644	35.093	37.014
583.755	167.606	34.544	36.883
582.778	167.201	35.058	35.600
582.035	163.665	34.548	38.792
578.196	162.667	34.237	38.640
577.043	161.915	34.313	37.885
574.973	161.709	34.465	37.221
572.132	158.744	34.540	38.496
572.653	158.612	32.887	37.877
570.950	158.805	33.117	36.822
571.809	158.694	33.451	37.034
571.526	158.709	32.875	37.483
571.840	158.259	32.485	37.581
572.194	158.660	33.113	36.810
572.238	158.549	33.028	37.300
571.922	158.388	33.787	37.708
571.929	158.818	32.753	37.586
571.275	159.141	33.011	37.215
571.128	158.936	33.588	37.120
571.962	158.732	33.071	37.577
571.369	158.308	33.429	38.137
571.378	158.984	34.758	37.773
571.438	159.029	34.783	37.803
571.688	159.144	35.152	37.487
571.372	159.259	35.553	37.954
571.768	160.018	35.794	37.488
572.786	160.188	34.374	37.732
572.657	161.767	35.394	37.889
573.372	162.988	35.757	38.023
573.632	163.560	36.195	38.403
574.348	164.409	35.923	37.146
574.519	165.758	37.302	36.728
574.426	166.773	38.689	36.101
575.195	166.870	38.474	36.341
576.654	168.431	38.493	37.169
577.115	168.821	38.576	36.461
578.364	168.275	37.781	37.669
579.521	168.458	38.083	37.073
581.079	168.641	37.024	37.991
581.827	169.201	35.766	39.160
580.856	169.216	35.906	39.155
579.614	170.885	36.234	38.664
578.830	171.586	36.390	38.139
577.596	171.370	36.131	37.382
577.186	172.112	35.630	37.771
575.872	172.898	35.886	37.885
574.278	173.188	36.764	37.520
574.032	173.385	36.183	37.634
573.721	174.179	36.141	37.174
573.039	173.455	35.658	37.671
572.658	173.946	35.710	37.012
571.737	174.873	35.666	36.747
571.631	175.214	35.759	36.393
571.224	175.671	35.191	36.120
571.445	175.451	35.307	36.528
570.953	173.725	35.408	37.254
571.356	174.850	35.504	36.558
571.557	175.070	35.439	36.722
571.880	174.571	35.236	37.033
572.194	174.244	36.110	37.004
572.795	173.989	36.007	37.284
573.646	173.791	35.443	37.348
573.984	172.692	35.486	37.137
574.643	172.809	35.282	37.472
575.110	173.473	35.147	36.857
576.003	172.215	34.980	37.208
576.184	171.816	35.246	37.692
576.863	171.976	35.088	37.085
577.638	170.247	34.935	37.594
578.025	169.855	35.515	37.482
579.159	170.803	35.316	37.406
579.764	171.353	35.152	37.462
579.892	171.929	35.706	37.450
580.713	173.307	35.060	37.745
580.912	173.244	35.371	37.824
580.710	173.238	35.320	38.012
582.134	174.136	34.700	38.250
582.778	174.155	34.306	38.680
583.464	174.412	34.087	38.501
584.611	174.864	34.237	38.320
585.262	175.168	33.803	38.249
585.790	174.820	33.785	38.810
586.295	174.966	33.785	38.786
587.404	175.663	33.956	38.588
588.067	176.017	34.425	38.755
581.775	178.167	36.910	39.209
566.041	179.837	43.140	38.542
549.094	179.805	45.701	38.202
514.769	186.369	47.103	40.345
498.129	193.976	46.766	40.221
460.603	212.450	48.443	46.609
440.819	228.138	49.815	47.211
397.427	267.736	50.871	51.584
379.252	289.890	47.208	53.657
357.672	314.204	49.051	56.796
335.953	343.258	47.932	59.774
299.172	334.112	58.193	56.615
277.744	318.598	60.716	67.661
