355.000	139.000	172.000	239.000
349.000	143.958	176.108	226.954
345.226	143.891	173.918	223.753
339.397	142.425	169.574	218.752
331.098	140.390	169.176	217.716
324.415	137.389	165.374	214.366
316.943	137.708	165.670	209.653
309.997	136.551	163.359	206.036
302.001	135.140	159.123	201.597
295.246	136.294	158.620	199.883
289.970	134.109	156.036	197.288
282.684	134.799	155.958	192.565
277.384	133.823	155.806	191.816
274.412	133.162	154.655	189.213
264.272	128.986	152.952	182.323
260.363	127.075	147.335	182.252
255.051	125.530	144.718	178.728
250.421	124.506	145.956	177.761
246.133	120.543	143.002	175.512
242.886	122.898	139.426	171.869
240.042	121.404	137.923	172.399
236.280	120.539	137.321	168.999
201.493	112.071	148.103	164.976
210.620	111.844	128.523	159.227
209.993	109.816	124.167	157.537
205.462	108.087	122.769	155.454
201.080	106.753	123.318	155.053
198.129	106.807	123.562	153.199
196.867	105.915	120.490	151.643
193.966	104.782	120.531	150.979
190.898	102.868	119.811	150.643
188.373	103.642	120.572	148.295
185.333	101.835	121.391	148.800
184.435	100.715	119.486	148.719
181.544	98.887	119.255	147.237
180.020	96.868	118.256	146.485
177.825	95.572	119.049	147.010
177.164	96.397	116.105	147.252
174.349	90.833	115.626	147.667
174.282	91.202	111.980	144.670
172.033	88.048	111.972	145.062
172.448	84.669	109.765	145.829
173.294	85.435	107.353	143.216
172.957	85.374	106.722	142.124
172.820	85.642	104.593	139.923
173.184	83.557	103.364	139.641
172.504	82.945	103.121	138.568
173.232	82.826	100.463	137.131
172.650	81.548	100.903	137.537
173.412	81.114	98.689	137.976
173.816	78.041	96.146	137.709
173.331	77.845	96.297	136.739
173.166	77.385	95.696	137.871
173.808	75.270	92.478	134.116
174.229	75.578	93.784	131.488
174.672	73.966	91.856	131.104
174.672	73.482	94.200	129.969
174.696	75.085	94.082	127.427
175.629	73.578	95.797	127.167
176.456	72.068	94.799	127.714
176.534	69.325	96.964	127.519
177.173	70.077	97.727	125.081
177.453	69.772	98.453	123.751
178.166	68.170	99.907	123.608
178.759	66.539	98.855	124.296
179.528	66.489	100.040	123.647
179.401	66.389	100.275	122.123
180.589	65.927	100.890	120.686
182.645	64.703	102.262	120.275
184.820	63.862	101.344	119.490
187.316	63.203	106.806	116.989
220.777	62.408	114.234	118.101
220.177	63.824	109.765	119.096
227.009	63.741	101.699	117.525
233.372	62.079	101.742	114.301
231.048	62.254	102.029	115.551
232.934	61.804	101.348	114.607
234.667	63.118	100.212	113.758
236.273	59.874	100.767	112.863
236.535	60.838	101.923	112.280
238.652	61.283	100.562	112.662
241.653	58.779	101.460	113.906
243.996	58.028	99.178	115.379
245.350	58.787	100.009	112.690
246.828	58.713	100.898	111.792
248.956	57.677	100.216	111.528
249.687	57.555	99.823	110.196
250.999	56.683	100.817	109.942
252.717	56.841	100.043	108.805
252.992	57.822	101.300	108.729
257.376	70.382	99.069	132.014
259.040	151.785	100.978	119.054
262.065	186.958	100.177	122.288
263.819	233.483	101.033	112.369
267.864	302.508	100.105	113.879
267.717	320.864	100.686	109.299
269.484	321.394	100.918	104.027
270.631	320.674	102.884	101.664
271.909	320.868	103.258	100.554
273.272	321.069	103.550	100.663
274.544	319.604	102.778	100.095
276.552	320.590	103.020	97.354
278.529	320.259	102.021	98.390
279.742	319.506	102.884	98.222
280.663	319.336	102.748	97.438
283.141	318.637	102.620	96.450
284.477	318.792	101.625	95.962
285.761	318.341	102.698	95.605
287.257	318.977	102.685	94.569
288.621	319.287	101.652	93.647
290.278	318.735	101.794	92.806
290.684	319.382	103.108	93.180
293.312	318.506	101.521	92.889
296.698	318.549	100.235	92.051
298.057	318.410	99.401	91.880
301.037	318.118	99.789	91.052
302.415	317.946	98.855	90.486
305.091	317.725	99.397	91.074
306.614	316.814	98.589	90.622
310.246	316.774	97.539	91.045
313.058	316.138	97.454	90.143
314.423	316.570	95.946	89.435
317.923	315.470	93.861	90.020
319.465	316.066	94.449	89.917
322.729	315.216	93.554	89.160
324.243	315.683	95.813	88.840
325.592	316.253	97.729	86.385
327.617	316.084	97.034	85.918
329.540	315.581	95.036	86.997
331.658	314.996	93.317	86.719
332.398	315.034	96.304	86.638
335.102	315.007	94.479	84.831
338.458	315.509	93.429	83.611
339.979	315.559	93.317	82.947
343.104	314.974	92.221	82.097
344.303	314.519	91.441	83.052
348.122	312.633	89.001	83.705
349.265	312.235	88.717	83.204
351.581	313.582	87.757	81.586
354.796	313.820	86.063	80.927
357.329	313.044	85.629	81.440
358.370	313.519	85.526	80.067
360.554	313.490	83.805	79.716
364.771	313.591	82.185	79.225
366.424	313.257	79.904	79.443
368.945	313.963	76.934	76.401
370.100	313.639	73.751	76.173
373.474	311.875	70.751	79.733
374.633	312.350	69.939	79.972
376.677	312.281	68.091	78.467
378.399	313.217	61.750	76.921
381.155	312.017	59.804	76.025
383.550	311.624	57.475	75.575
385.487	311.305	57.968	74.637
385.531	310.578	57.025	75.034
383.587	311.105	59.603	72.900
391.153	311.043	51.458	71.875
391.688	310.794	52.075	73.122
394.211	311.173	50.141	72.413
397.012	309.716	50.539	72.938
397.529	309.835	52.620	72.452
403.032	308.983	46.843	69.819
406.420	308.173	46.795	68.985
411.457	308.964	46.419	69.444
412.749	308.362	49.864	69.383
