346.000	140.000	33.000	112.000
344.819	140.178	36.696	109.484
343.747	141.214	38.406	108.031
343.574	141.435	38.890	106.317
343.254	141.438	39.176	107.394
343.747	142.201	38.266	106.649
343.688	141.528	39.607	106.110
343.421	143.574	39.627	102.744
343.323	142.622	40.577	104.252
343.373	143.274	39.641	103.940
343.184	142.064	40.446	105.283
343.380	143.014	40.023	104.639
344.036	142.056	39.303	104.378
343.282	143.258	40.201	103.952
343.778	143.299	39.452	103.837
343.339	142.253	40.514	104.771
343.268	142.610	40.922	104.351
343.808	141.035	40.558	106.248
343.322	141.711	41.321	105.035
342.993	142.571	40.826	104.727
343.192	141.371	41.724	104.669
343.213	142.805	40.656	102.906
343.069	141.442	41.816	105.484
343.202	142.690	40.906	104.205
343.352	142.373	40.839	103.914
343.226	141.343	41.121	104.549
343.544	142.014	39.961	104.021
343.450	142.065	40.135	104.684
343.782	141.485	40.149	105.189
344.418	141.799	39.148	105.062
344.049	141.852	39.343	105.649
343.641	142.291	39.727	105.360
344.236	140.115	39.601	107.312
344.219	140.949	38.795	108.781
344.083	140.241	38.811	109.614
343.716	140.164	39.703	109.237
344.205	139.773	39.092	110.181
344.014	139.793	39.385	108.821
344.069	140.917	39.556	108.436
344.341	138.722	38.706	110.145
344.521	139.750	38.419	108.950
344.906	140.020	37.791	108.498
344.737	139.669	38.049	108.941
343.850	141.281	38.928	107.217
344.650	138.750	38.765	109.621
344.149	140.303	38.428	107.863
344.140	139.662	39.314	109.120
344.726	137.680	38.907	111.739
344.669	139.509	38.576	110.236
344.009	139.969	39.467	110.023
344.055	140.236	38.896	110.023
343.918	139.240	40.105	109.805
344.254	140.240	38.948	109.401
343.597	139.721	39.930	109.344
344.336	139.773	39.321	109.087
344.328	141.247	38.796	107.454
344.043	139.491	38.954	110.518
344.299	141.746	38.490	108.286
344.321	139.353	39.068	110.645
344.697	140.530	37.896	108.900
344.371	139.294	38.602	110.602
344.336	139.969	38.151	109.757
343.874	138.714	39.137	110.954
343.387	140.825	40.043	109.311
343.702	139.836	39.289	110.587
343.805	139.694	39.884	109.737
344.155	139.602	38.846	110.419
344.355	139.694	38.535	110.489
344.318	140.799	38.877	109.279
343.636	140.211	39.578	108.254
344.428	140.772	38.888	108.657
345.006	139.899	37.745	108.802
344.319	141.439	38.448	106.671
344.502	140.528	38.714	107.857
344.496	140.944	38.221	108.338
344.937	140.711	37.777	108.734
344.687	139.540	37.688	109.644
344.686	141.281	37.942	108.227
344.063	140.132	39.188	109.367
344.927	139.227	37.988	110.361
344.676	139.113	38.148	110.392
344.367	142.057	38.408	107.400
344.275	139.344	38.672	110.043
344.703	141.569	37.338	107.628
344.583	139.877	38.919	109.177
344.877	139.506	38.429	109.211
344.164	141.174	38.484	107.644
344.082	141.243	39.219	106.618
344.179	140.638	38.718	108.307
344.570	139.390	38.639	109.107
344.806	140.213	37.963	108.831
344.118	142.092	38.501	106.741
344.445	139.287	38.720	109.951
344.328	141.581	38.053	107.724
344.063	140.328	39.238	109.023
344.049	141.333	38.360	108.556
344.371	139.107	39.038	110.353
344.697	139.236	37.722	110.711
344.069	141.638	38.390	107.678
343.706	140.572	39.091	109.075
344.341	141.284	38.609	109.021
344.504	140.259	37.979	109.405
343.890	141.743	39.140	107.700
343.988	140.341	38.741	109.828
344.248	141.139	38.431	109.242
344.491	139.863	38.099	109.360
344.409	141.759	38.672	107.636
344.837	140.523	37.382	108.496
344.558	140.975	38.040	108.799
344.027	140.879	38.353	109.290
343.900	140.211	38.952	109.135
344.069	141.158	38.590	108.271
343.988	140.341	38.741	109.753
343.975	140.408	38.501	109.255
344.158	140.874	38.136	107.974
344.140	140.879	38.407	108.029
344.695	140.856	37.921	108.365
344.179	141.194	38.319	108.588
344.352	141.896	38.028	107.750
344.552	139.840	38.308	109.531
343.953	141.062	38.958	108.066
344.321	140.488	38.789	107.727
344.687	140.675	38.154	108.637
344.233	139.883	39.078	108.672
344.352	139.485	38.381	109.484
344.030	142.068	38.779	106.910
344.403	140.620	38.613	109.027
344.605	140.729	38.218	108.939
343.949	141.462	38.930	107.336
344.043	140.565	38.704	108.917
342.268	139.308	37.086	111.116
336.502	140.433	37.802	107.617
334.125	139.842	37.072	110.119
328.597	140.462	37.215	109.845
325.232	139.603	38.157	110.304
320.494	140.457	37.033	109.620
315.341	139.785	36.845	109.960
311.644	140.322	37.362	109.461
307.457	140.225	37.582	108.959
302.923	141.339	37.374	106.777
298.326	141.188	37.476	108.807
294.035	140.083	37.804	109.046
290.901	143.130	37.078	106.340
293.294	142.159	38.512	107.868
299.117	141.420	38.307	108.542
303.352	141.703	37.526	108.692
306.904	141.517	37.783	108.519
310.835	140.638	38.749	107.681
315.355	140.734	38.400	107.321
319.862	140.542	39.405	107.440
324.632	141.041	39.571	107.866
329.048	139.505	38.869	108.681
333.605	141.413	39.065	107.142
336.784	140.127	40.718	108.465
341.246	141.856	40.464	104.952
344.552	141.326	40.783	106.193
342.279	140.558	40.021	107.828
337.263	140.966	39.554	107.159
335.296	139.390	38.525	109.741
330.128	140.579	38.021	108.549
326.589	141.243	39.174	107.979
320.683	140.635	38.847	109.949
316.660	140.183	38.048	109.231
312.551	141.472	37.507	108.301
309.035	141.252	37.350	109.031
303.541	140.932	38.930	107.029
299.848	140.927	37.944	108.545
294.787	140.856	39.674	108.776
290.824	142.055	37.461	106.677
291.457	141.471	39.855	108.919
297.928	142.574	39.694	108.352
301.451	142.142	39.193	108.799
306.367	141.408	39.227	107.876
310.433	141.462	38.914	109.730
314.203	141.993	39.303	107.776
318.857	140.928	39.563	108.385
323.914	140.604	39.399	109.076
329.024	141.429	37.639	107.266
332.003	141.455	39.978	108.551
336.639	141.799	39.039	108.007
341.499	140.439	37.765	108.652
344.884	141.339	39.006	107.957
344.254	140.096	38.373	108.922
338.551	139.635	38.464	109.123
335.253	140.551	38.135	108.042
330.678	140.397	38.879	107.292
326.923	140.867	37.206	108.142
322.191	140.986	38.049	107.605
317.260	140.552	38.574	107.747
312.895	141.358	39.054	107.850
308.733	141.268	38.453	108.565
305.130	142.089	38.059	107.706
301.358	141.163	38.855	108.135
296.376	141.462	38.853	107.372
291.252	140.711	38.055	109.525
290.993	142.698	39.739	107.954
296.896	142.336	40.753	108.306
300.480	143.713	39.759	104.809
304.929	142.023	40.285	106.762
308.577	143.329	40.225	106.317
312.784	142.413	40.951	104.120
316.910	142.007	40.726	104.524
321.996	141.799	40.096	106.162
327.139	141.771	39.597	105.047
330.453	142.007	40.944	104.810
334.962	142.166	39.800	104.295
338.481	141.378	40.800	106.966
343.433	141.743	39.887	106.043
343.926	141.071	39.785	106.618
339.223	140.867	39.032	106.322
335.821	139.212	37.420	109.495
332.006	140.531	37.438	106.221
328.244	140.159	36.925	107.241
323.587	141.088	36.474	107.793
318.299	140.783	37.088	107.880
313.557	140.384	37.598	109.540
310.301	140.684	37.404	107.459
305.850	139.852	37.293	108.608
301.885	140.945	37.074	108.442
297.505	140.503	37.438	109.884
293.108	141.655	36.989	108.552
291.028	141.115	37.144	108.884
295.419	140.523	38.715	109.385
300.461	142.543	37.580	107.436
303.544	141.220	38.465	107.490
307.755	140.600	38.932	108.920
312.475	141.213	38.001	107.524
316.413	140.986	38.634	107.827
321.039	140.176	38.601	108.086
325.618	141.201	39.807	106.097
329.204	141.929	40.541	105.106
333.909	142.402	40.068	104.741
337.804	141.343	40.192	106.528
341.396	141.137	41.223	105.180
343.884	141.676	40.582	105.148
340.427	140.445	40.549	107.207
336.072	141.413	39.693	104.796
333.137	140.884	39.353	106.889
329.287	140.638	37.469	109.440
324.755	140.390	39.003	110.307
319.792	141.018	38.202	108.581
314.792	140.243	38.801	109.851
311.058	140.506	38.839	108.485
307.055	140.534	37.876	109.397
302.843	140.194	38.721	110.163
298.627	141.603	38.202	107.922
293.827	141.300	39.339	109.209
290.159	142.187	38.709	106.703
293.329	140.901	40.652	109.720
298.163	143.114	41.352	104.966
302.551	141.905	40.203	105.736
307.478	142.166	40.437	105.523
310.575	142.213	39.756	106.583
315.282	141.397	40.102	107.037
319.864	142.174	40.281	105.142
324.908	141.131	40.224	105.758
329.049	142.478	39.534	105.781
333.274	141.563	40.525	105.148
337.149	141.420	39.629	105.187
341.138	141.264	39.743	105.305
344.828	142.222	39.091	104.566
342.202	141.141	39.169	105.279
337.477	141.121	38.254	105.773
335.273	139.975	38.067	108.955
329.841	140.413	37.411	108.982
325.215	139.932	38.429	108.147
320.395	140.723	38.241	109.585
315.975	140.310	38.441	107.721
311.922	139.230	36.799	109.492
308.438	141.344	37.703	105.991
303.480	139.941	38.361	108.886
300.722	140.993	37.915	107.431
295.234	140.648	38.375	109.625
290.975	141.190	37.215	108.193
292.617	141.083	38.632	108.926
297.525	141.095	39.795	109.423
301.908	141.236	38.723	107.719
306.511	140.127	38.472	109.468
310.132	141.014	39.424	108.680
314.618	141.433	38.651	106.669
318.548	140.697	39.214	107.969
323.048	140.993	39.563	107.616
328.525	140.896	38.738	107.564
331.811	141.358	39.098	106.919
335.526	140.734	39.761	107.431
339.482	141.424	40.546	105.035
344.325	140.945	39.437	106.390
342.817	140.106	39.968	107.400
337.611	140.310	39.281	107.390
335.026	139.078	39.185	109.479
330.600	139.604	38.060	109.323
326.318	139.826	39.273	108.542
322.125	138.751	38.313	111.131
317.209	140.456	38.425	108.125
311.986	139.589	39.693	109.595
309.071	139.034	37.434	109.565
304.602	140.663	38.190	108.644
300.653	139.589	38.051	110.119
296.073	139.800	39.528	108.768
291.347	140.333	38.307	109.776
290.475	141.821	39.034	109.406
296.715	141.310	39.806	108.962
300.355	141.847	39.389	108.853
305.111	140.470	39.259	108.633
308.618	141.591	39.479	108.982
313.446	140.770	39.157	109.184
317.364	140.162	39.256	109.816
322.139	139.886	39.571	110.049
326.713	140.677	40.484	107.278
330.834	142.021	39.854	105.046
335.065	141.676	40.441	105.214
338.364	140.638	39.911	107.491
343.545	140.791	39.478	105.239
343.962	140.865	39.970	106.780
339.264	140.316	40.209	106.754
335.975	140.997	37.745	106.724
332.059	139.590	37.800	109.794
327.921	140.551	37.602	108.721
323.003	139.785	38.126	109.325
318.713	140.074	37.013	109.284
313.787	140.155	38.555	109.090
309.528	140.339	38.728	108.880
305.660	139.702	38.248	109.442
301.843	139.849	38.065	109.997
297.299	141.877	39.211	107.703
292.515	142.041	37.913	108.468
291.083	141.662	37.630	108.077
294.950	140.822	40.142	109.660
300.328	142.357	38.567	108.855
303.726	141.850	39.325	107.395
308.826	142.041	37.999	107.606
312.499	140.822	39.263	108.586
317.103	141.551	38.642	108.835
321.015	141.095	38.276	109.423
325.732	140.061	39.302	107.648
329.050	140.185	39.214	109.584
334.424	139.918	39.014	109.296
337.226	140.288	39.660	108.579
342.313	139.555	38.825	110.328
344.640	140.651	38.717	107.837
340.586	140.078	39.096	109.592
336.151	140.604	39.449	108.722
333.170	140.799	39.590	109.090
328.290	140.478	38.364	109.382
324.747	140.534	39.081	109.473
319.990	139.474	38.333	110.076
314.990	140.336	38.546	109.700
311.468	140.702	38.412	109.052
306.314	140.680	38.371	110.936
302.537	142.553	39.043	105.932
298.568	140.610	38.972	109.372
293.713	140.896	38.399	109.106
290.024	141.944	38.058	107.627
293.120	140.577	39.870	109.384
298.877	141.116	39.468	108.040
302.452	141.358	40.408	109.371
307.394	142.553	38.908	106.330
310.594	140.122	39.941	109.822
315.065	140.334	39.993	109.321
319.109	141.213	40.425	108.405
324.249	141.164	40.709	105.895
328.188	141.486	40.205	106.735
332.215	141.616	41.282	106.365
336.966	141.743	40.181	106.663
340.648	140.905	41.088	107.284
344.671	142.638	40.294	105.450
341.725	140.620	42.154	107.451
337.235	141.116	39.181	106.884
334.001	139.961	40.188	109.209
329.855	140.457	38.016	109.079
325.791	140.339	39.751	109.067
320.533	139.573	39.001	109.455
316.044	140.767	38.534	108.881
311.895	142.079	38.493	108.193
307.635	140.883	39.089	107.508
303.714	141.146	37.922	106.461
299.234	140.279	38.244	109.187
293.988	140.777	39.094	109.154
290.523	140.506	37.850	107.996
292.005	140.975	39.448	108.913
298.149	142.062	39.282	107.767
301.336	141.800	39.771	109.430
306.625	141.084	39.444	109.071
309.923	140.672	39.019	109.804
314.846	141.554	39.223	108.120
317.753	140.733	40.241	110.307
323.094	140.446	40.691	109.117
327.325	142.515	40.909	104.539
331.221	141.131	41.287	107.167
335.975	142.438	40.395	104.124
339.567	143.181	40.543	105.501
344.387	142.579	39.358	103.904
343.789	142.266	39.423	106.072
338.547	141.371	38.621	107.074
335.742	139.920	38.819	109.413
330.204	139.849	39.676	110.263
326.163	140.530	40.768	108.602
320.882	142.131	40.986	106.927
316.469	141.142	40.252	107.689
311.873	142.746	40.602	105.733
307.820	142.435	40.852	106.790
304.653	141.874	40.372	105.446
300.009	143.201	40.473	106.233
295.812	142.316	39.460	104.562
290.890	142.277	38.621	105.994
290.821	141.023	39.954	109.020
297.006	140.429	39.477	108.505
301.226	142.638	37.971	107.858
305.801	141.279	39.125	107.289
309.812	141.867	38.097	108.445
313.098	139.948	40.621	110.273
317.550	142.066	39.336	107.768
322.118	141.144	39.562	108.964
327.002	141.799	39.193	106.405
331.092	141.083	39.768	108.737
335.103	141.622	39.518	106.852
339.088	141.339	39.552	108.821
344.078	141.555	38.943	107.190
344.408	141.300	40.136	108.870
339.931	139.638	39.574	109.260
336.186	139.281	39.038	110.029
332.724	139.675	39.271	109.824
328.627	139.626	38.415	110.214
324.721	138.680	38.782	110.608
320.449	138.099	39.183	111.312
315.610	139.852	40.363	109.095
311.352	140.553	41.198	109.241
307.748	141.486	41.761	105.774
303.469	143.391	43.107	104.513
299.977	143.163	42.845	103.902
295.185	144.083	42.496	105.489
293.574	143.825	42.640	105.298
298.744	143.096	43.065	105.124
304.016	145.245	41.159	104.180
307.796	142.405	42.878	106.185
311.976	143.335	43.052	105.144
315.952	143.037	42.904	106.485
321.268	143.839	42.431	104.934
325.749	142.850	42.196	107.275
331.313	142.223	42.807	107.904
334.711	143.195	44.139	107.732
339.906	143.656	44.202	107.016
342.552	145.782	45.579	104.748
348.616	144.432	45.657	105.258
352.965	143.955	42.036	105.797
350.422	149.277	42.177	100.188
346.328	145.203	43.875	105.335
342.626	149.163	45.187	101.142
340.195	150.376	44.777	100.213
337.022	151.570	47.302	98.281
334.576	146.058	48.615	104.891
330.030	152.624	50.822	97.657
328.641	155.026	49.813	95.212
326.386	154.848	49.629	94.328
323.173	155.767	47.597	95.077
322.273	155.958	43.742	94.665
320.025	154.714	41.807	95.684
318.020	154.858	40.268	94.894
321.633	155.353	41.298	95.733
328.346	153.670	37.540	99.143
332.062	155.813	40.705	96.784
336.318	155.742	39.763	97.623
340.570	154.683	40.730	100.445
345.772	155.538	39.725	98.633
349.979	156.389	40.138	98.029
356.126	155.409	40.279	99.350
361.177	156.805	38.006	98.553
365.312	156.420	39.323	98.452
370.433	156.889	40.278	97.884
373.830	157.256	42.405	97.857
381.088	157.325	39.029	97.052
378.642	156.995	42.555	99.931
372.930	155.658	41.765	99.603
370.376	154.128	43.359	102.268
366.326	156.148	44.312	99.124
361.911	155.022	44.002	99.792
356.920	157.580	44.193	95.597
352.099	155.887	44.572	98.887
346.634	157.891	44.253	96.517
342.048	157.078	44.035	97.021
336.687	157.778	42.714	95.966
331.555	159.162	43.404	93.933
327.859	158.985	42.672	93.534
323.546	157.700	41.503	94.652
330.087	157.138	38.371	95.375
336.808	159.753	38.393	92.128
342.777	156.935	37.260	97.438
349.611	157.698	37.879	96.574
356.902	159.025	37.112	94.435
362.086	157.327	38.207	95.578
368.618	156.530	37.210	96.511
373.843	157.216	38.044	95.432
380.014	157.011	37.048	95.223
386.225	155.538	37.876	96.683
391.762	158.704	36.601	93.059
397.626	159.853	36.400	91.430
402.718	158.699	36.909	92.578
402.614	158.932	35.672	92.804
396.332	158.719	34.042	94.520
391.781	155.849	33.097	94.911
384.373	155.692	34.985	97.190
378.147	155.864	33.730	96.148
371.549	157.646	34.575	93.428
365.091	156.395	35.741	94.882
360.556	158.050	35.354	92.329
354.432	155.931	35.408	95.979
349.241	152.850	33.092	99.515
342.147	152.161	33.533	100.494
337.142	153.999	33.852	97.305
332.329	154.663	32.722	96.492
332.266	155.417	33.013	95.921
338.166	153.532	32.554	97.793
343.053	154.571	31.733	96.470
348.539	152.374	32.568	100.075
354.178	153.213	33.067	98.663
359.914	152.062	33.239	99.161
365.511	153.213	32.944	98.486
370.774	152.856	33.719	99.348
376.181	151.258	33.884	100.203
381.844	152.798	34.960	97.637
388.555	147.961	33.217	103.871
392.793	151.780	34.877	99.479
398.337	150.505	34.245	101.214
400.410	151.241	33.582	99.600
393.340	150.791	34.365	100.735
390.555	151.343	31.787	98.841
382.541	151.851	33.984	98.663
376.165	152.380	34.396	97.528
369.852	150.993	34.131	99.974
365.093	152.584	33.524	97.799
358.442	151.066	33.890	99.350
353.052	153.182	34.049	96.940
346.650	151.066	34.808	99.350
340.920	153.410	33.221	96.598
335.508	152.169	33.686	98.132
329.744	155.370	34.466	94.505
329.081	153.617	32.490	95.985
333.155	154.854	35.283	96.940
339.296	154.327	32.757	96.943
343.625	153.043	35.025	97.540
351.579	153.347	33.331	98.132
356.348	152.166	34.847	99.376
362.838	152.677	33.432	96.826
367.349	153.117	34.456	97.528
374.026	152.462	33.897	98.329
380.281	151.304	34.832	100.237
386.367	150.580	34.173	100.001
391.443	155.094	34.167	95.984
395.781	151.469	35.758	100.000
400.899	150.552	33.708	99.641
394.659	151.123	34.715	98.033
390.265	154.094	32.518	95.131
384.539	150.087	35.055	99.546
377.819	152.961	33.830	97.044
372.286	149.841	33.087	100.619
366.520	152.032	32.731	98.113
360.766	152.820	33.823	96.692
355.451	149.580	32.770	100.501
349.137	149.613	33.354	100.641
342.506	152.859	32.775	96.836
337.911	153.715	32.656	96.460
332.001	153.396	33.257	97.044
328.719	154.216	33.051	95.952
331.971	151.459	34.664	99.509
338.096	152.597	33.413	98.588
342.348	151.441	35.500	100.677
346.916	151.967	36.993	98.624
352.848	154.000	37.828	93.851
359.551	154.812	36.322	94.281
365.204	153.952	35.906	95.657
371.313	149.787	35.763	98.611
377.944	151.864	35.564	98.264
386.005	150.613	33.446	99.975
390.915	154.115	32.920	96.851
395.982	151.061	35.089	99.121
402.659	148.659	32.474	99.297
