52.000	264.000	31.000	72.000
55.718	265.476	31.599	71.131
57.350	265.310	32.525	70.795
61.117	265.370	31.931	71.125
65.654	265.919	31.982	70.184
80.966	265.120	31.504	70.643
80.604	265.984	34.736	69.739
82.903	264.951	39.808	70.970
86.343	266.736	40.715	69.205
89.729	267.247	38.236	67.845
91.199	266.549	36.490	69.074
94.926	265.173	32.874	69.607
97.369	263.893	32.499	71.764
97.849	265.600	34.309	68.959
96.327	265.159	35.790	70.042
96.033	265.645	37.140	70.063
97.198	265.166	37.266	69.827
97.009	265.224	34.976	70.330
96.920	264.813	36.759	69.943
96.735	265.354	36.651	68.744
96.048	264.629	35.264	70.193
94.135	264.130	38.846	70.633
92.837	265.003	38.798	68.684
83.325	263.534	40.141	71.998
83.081	264.826	39.110	68.967
81.164	264.533	40.434	70.871
80.089	264.357	40.203	70.561
79.518	263.519	40.675	71.318
78.692	264.484	41.042	70.137
78.027	264.406	39.366	70.578
77.191	263.505	39.016	71.334
75.819	261.736	39.029	72.121
74.539	260.704	39.027	73.582
73.001	261.403	40.355	72.559
73.932	261.318	39.617	72.452
74.664	260.552	36.438	72.357
73.238	260.507	36.993	70.540
73.216	259.187	37.291	72.212
73.536	260.970	32.707	71.040
73.862	260.340	33.749	71.702
74.346	259.675	33.101	72.001
74.547	258.879	32.692	71.371
75.740	257.924	32.114	72.070
78.289	257.316	29.550	72.720
79.736	258.405	31.269	71.374
80.463	257.469	35.866	71.506
80.031	257.967	35.411	70.144
80.600	256.398	31.511	69.179
80.626	257.069	31.034	69.573
80.972	256.558	30.322	70.246
81.259	257.375	32.122	68.355
81.114	255.840	32.986	70.007
81.561	255.278	33.591	70.301
82.007	254.947	34.259	70.940
82.151	256.050	40.506	69.699
83.897	256.605	39.398	69.790
84.431	257.264	39.158	69.083
85.322	256.665	39.163	69.817
86.481	257.003	38.278	69.971
87.033	257.813	39.031	69.150
87.912	258.415	39.514	68.238
87.860	258.325	41.151	68.508
88.386	257.248	40.518	69.351
89.394	257.934	39.213	68.479
89.717	258.007	40.723	68.741
91.113	259.040	38.350	67.090
93.207	258.082	36.953	67.086
94.757	258.107	34.489	68.331
94.632	257.444	34.726	68.969
94.255	258.294	35.251	67.444
94.673	256.278	33.885	69.067
94.252	257.461	35.157	68.572
94.372	257.432	33.908	67.552
94.494	254.428	35.132	71.856
94.218	255.969	33.847	70.125
94.562	253.728	33.985	72.258
94.572	254.007	33.721	72.071
94.693	253.874	34.096	72.179
94.817	254.173	33.313	71.905
95.066	253.950	34.563	72.034
94.615	253.432	34.800	72.268
94.522	254.166	35.951	71.572
95.847	253.968	34.823	71.357
96.103	254.298	37.107	70.687
97.794	254.069	35.983	67.859
98.003	253.816	35.585	68.457
98.794	254.008	35.555	64.363
99.793	254.263	36.590	62.352
103.896	253.111	34.136	61.782
104.774	253.323	34.549	63.819
105.267	252.021	35.038	67.018
110.832	251.301	32.678	65.340
113.248	251.077	32.526	64.357
115.749	249.575	30.220	66.089
116.473	248.539	30.083	64.840
117.108	248.203	30.155	63.258
118.112	246.535	29.131	63.443
118.749	245.330	28.421	61.381
118.902	244.586	28.953	61.629
119.558	244.371	29.530	62.250
125.332	241.355	28.003	62.077
126.639	242.920	27.901	57.287
130.574	242.655	28.549	58.653
132.985	239.063	29.444	63.835
137.028	238.577	31.370	66.268
138.662	237.994	33.915	64.344
145.336	238.061	31.647	59.440
147.805	237.034	32.247	59.982
152.879	237.155	30.925	56.996
177.518	215.849	29.263	72.720
193.268	228.109	35.083	60.083
190.224	229.346	34.472	58.665
194.479	229.350	34.608	57.671
199.359	228.962	33.112	55.945
201.727	230.194	34.555	54.440
208.093	228.366	31.032	56.038
208.989	227.763	30.808	55.732
210.688	228.197	29.913	55.537
213.079	226.798	27.356	57.158
212.522	227.045	28.160	55.829
212.343	226.975	27.906	56.013
212.136	226.871	27.928	54.916
210.936	227.185	28.874	53.288
212.024	226.078	27.955	55.579
210.450	224.043	25.598	55.921
207.030	225.289	26.378	52.716
204.894	225.222	26.714	53.169
200.972	223.303	27.749	53.741
198.838	222.182	28.082	55.290
195.412	221.797	26.808	54.422
190.702	218.908	26.825	56.677
187.319	216.838	29.670	57.676
180.108	218.993	31.736	54.814
174.435	219.015	28.835	53.871
168.481	213.525	28.386	56.970
164.161	214.258	27.995	52.856
155.684	214.969	29.789	52.415
150.050	212.598	29.949	52.864
147.689	211.540	28.781	53.551
144.220	209.887	26.618	51.870
140.727	206.540	24.804	51.726
138.010	206.187	26.380	47.504
141.058	206.337	24.312	46.297
138.579	206.186	25.293	45.335
141.632	206.590	22.416	44.461
85.943	208.898	17.764	47.925
77.252	208.568	31.085	46.973
68.701	207.839	32.542	49.849
66.592	207.025	29.616	50.181
64.997	206.904	27.522	44.806
63.406	206.157	26.566	49.810
61.617	205.287	25.706	49.010
56.750	205.024	27.376	49.356
53.986	203.990	28.469	49.247
52.580	203.074	27.074	50.378
49.306	198.590	25.661	50.379
48.484	199.485	26.534	48.115
48.566	198.760	26.096	48.563
47.947	197.651	25.621	49.168
47.735	197.368	25.548	48.418
43.751	192.974	22.900	47.389
44.336	193.758	22.633	47.152
43.386	193.559	22.902	46.510
42.495	192.594	23.344	45.978
42.015	191.704	23.219	45.509
41.019	191.087	22.766	45.099
38.138	186.986	21.990	43.560
38.516	187.692	22.083	42.578
35.817	185.994	23.282	42.830
36.663	186.149	20.782	42.269
34.967	185.071	20.621	42.038
