7.000	200.000	41.000	115.000
13.158	203.718	40.751	111.730
18.062	201.645	39.314	113.768
22.629	202.599	39.342	113.677
25.875	203.020	41.083	114.102
28.908	203.804	43.885	113.935
29.507	203.182	45.099	113.720
33.010	204.243	42.778	114.073
36.371	203.896	42.534	113.895
38.201	203.303	41.931	114.572
40.741	201.940	42.693	116.705
44.411	202.590	42.698	117.168
45.957	202.561	43.076	117.367
47.676	202.509	43.361	117.667
50.129	202.562	43.800	119.327
49.783	202.882	45.604	118.656
53.623	204.126	43.471	116.321
52.733	205.957	45.015	114.890
55.763	206.234	42.762	114.856
56.516	205.829	42.769	116.198
57.981	205.196	41.878	117.401
60.097	205.403	42.765	117.041
59.642	205.770	43.476	116.274
62.202	206.810	45.239	115.915
61.191	207.084	46.367	116.656
65.015	207.421	45.284	117.360
64.862	208.571	45.089	116.366
67.586	208.513	44.395	117.382
70.295	208.671	43.709	117.712
72.350	208.298	43.714	117.996
73.965	208.566	44.378	117.329
74.629	208.724	46.055	117.741
76.394	208.639	45.753	118.918
76.957	209.225	46.365	119.389
76.766	209.491	46.338	119.619
77.951	210.295	45.064	118.962
77.913	211.539	45.963	118.974
79.226	211.584	43.657	119.080
79.566	210.330	44.258	120.545
80.429	210.796	43.044	120.671
80.907	212.266	42.809	118.649
80.979	211.979	43.609	119.415
81.367	212.149	43.833	119.825
81.597	212.252	43.304	121.585
82.254	213.584	42.342	121.079
80.937	214.198	43.743	121.470
80.876	215.064	43.773	121.033
82.253	213.674	42.562	122.667
83.510	213.974	42.278	122.514
84.048	214.469	42.259	122.333
85.048	213.010	40.805	124.518
84.693	213.454	40.862	123.012
83.727	214.090	41.031	124.766
80.733	214.521	42.277	125.078
79.306	215.150	43.302	124.170
78.836	214.402	42.843	124.321
78.947	215.676	41.841	124.296
77.671	215.464	41.774	124.093
76.271	215.783	42.387	124.864
73.922	215.644	43.339	123.638
72.951	215.311	42.118	123.558
71.409	215.317	40.766	123.936
69.748	215.088	40.549	125.992
68.446	215.887	39.102	126.574
67.877	215.542	38.089	126.745
63.562	216.315	40.487	124.901
62.547	217.701	40.536	125.299
61.105	216.989	40.932	124.711
59.966	217.521	41.349	125.133
58.218	216.551	41.611	124.341
56.854	216.599	42.738	124.526
55.242	217.633	43.024	123.815
53.939	216.923	42.620	124.412
52.562	217.219	41.986	125.321
51.724	216.867	42.842	125.755
50.940	216.070	43.211	127.402
51.054	216.164	42.927	127.101
50.387	216.585	43.960	126.647
50.597	216.391	43.653	126.571
50.149	216.416	44.314	126.206
50.192	215.965	44.615	126.701
50.282	216.157	44.741	126.881
51.015	215.533	43.993	127.592
51.042	215.191	44.241	127.891
51.151	215.358	44.684	127.366
51.785	215.244	43.500	127.524
51.982	214.936	43.321	127.285
51.599	214.227	44.086	127.179
51.676	214.383	43.609	126.480
50.580	213.511	45.912	127.633
49.815	213.984	47.300	127.044
49.036	214.302	48.473	125.244
48.677	214.324	49.103	124.841
48.382	213.586	48.412	124.789
48.018	213.944	49.731	125.125
47.925	213.337	49.193	124.672
47.490	213.826	47.911	124.621
46.885	213.348	47.883	124.841
46.887	213.911	46.947	125.052
45.751	214.030	47.340	125.465
44.700	213.499	46.307	124.968
44.332	212.698	46.274	126.460
43.401	212.214	46.338	127.269
42.029	212.187	46.416	126.021
41.961	212.235	46.082	126.379
40.164	213.143	46.715	124.110
39.563	213.799	47.475	122.330
39.361	212.885	47.068	122.800
38.892	213.809	47.108	122.356
39.864	213.883	45.824	122.347
40.486	213.805	44.768	122.104
40.857	212.777	44.504	123.703
41.543	212.049	44.314	124.019
42.627	212.087	44.172	123.750
43.073	212.124	44.168	123.854
43.751	211.625	44.821	124.866
45.503	210.821	43.213	125.128
45.140	210.491	43.992	125.386
46.064	210.564	43.907	124.659
46.887	210.419	44.882	124.589
47.049	210.997	46.060	123.613
47.838	210.551	45.780	123.386
49.281	210.402	44.724	124.119
48.768	210.514	46.036	124.952
49.010	210.293	45.558	125.323
49.070	209.787	45.693	124.890
49.664	210.522	44.256	125.618
48.867	210.159	45.482	125.475
48.587	209.504	44.289	126.587
48.017	209.277	44.876	127.161
47.064	209.585	44.709	126.703
45.267	210.600	45.423	126.519
43.595	211.150	45.465	126.094
41.300	211.881	45.082	124.245
40.349	212.330	44.136	124.304
39.076	212.549	44.005	124.071
37.974	212.383	43.603	124.838
36.856	212.642	44.212	124.536
35.787	212.976	43.650	124.588
36.151	212.603	43.817	125.317
36.597	213.235	42.992	123.861
36.887	213.549	42.973	123.781
37.396	213.549	42.344	123.952
37.843	213.021	42.445	124.749
37.957	213.367	42.923	123.883
38.393	212.998	42.951	123.313
39.018	212.464	42.725	124.008
39.898	212.384	42.719	124.461
41.092	212.809	42.911	124.252
41.298	211.663	43.379	125.582
40.840	211.452	45.103	126.013
41.487	210.476	45.491	125.628
42.441	210.946	46.160	126.310
42.985	210.953	46.189	126.531
45.395	210.896	44.690	124.571
46.757	211.012	44.311	124.509
46.332	210.307	46.071	124.871
47.544	211.008	44.478	124.121
48.060	211.198	43.969	124.409
47.770	211.494	43.722	123.701
48.055	211.754	43.075	123.751
47.264	210.214	43.079	124.012
42.914	211.509	47.110	122.462
43.337	211.496	45.909	122.231
43.353	211.323	44.504	122.451
41.555	210.643	49.484	120.425
40.918	211.929	52.297	118.153
37.851	211.770	46.200	119.607
35.599	211.487	45.965	119.811
34.074	213.096	44.563	119.488
31.599	212.944	48.823	119.613
30.375	212.245	49.079	119.125
29.138	211.464	48.835	119.713
27.386	211.335	50.609	119.826
27.293	211.281	50.935	120.974
26.052	211.254	53.415	119.955
25.390	211.931	54.980	119.218
25.433	212.041	55.200	118.714
24.731	211.602	56.454	118.305
25.063	211.848	52.221	118.126
24.789	211.172	52.256	117.808
24.579	211.149	50.556	118.242
23.821	210.658	47.826	118.266
23.381	209.324	45.691	119.809
21.882	209.813	43.341	121.014
21.513	209.649	42.031	121.696
20.256	210.154	42.418	121.251
18.696	210.548	43.070	119.879
18.385	209.400	43.030	120.825
17.052	207.477	44.444	123.058
15.339	207.400	46.782	123.196
15.017	209.252	42.984	121.953
14.431	207.204	40.575	125.484
13.620	207.599	39.757	124.996
13.534	207.698	37.711	124.931
12.581	208.134	37.568	123.029
12.492	208.070	37.488	123.152
12.365	208.616	37.482	123.096
12.003	208.986	37.012	122.156
11.359	208.687	37.217	123.210
10.725	208.941	37.591	122.027
9.654	208.363	38.462	123.338
9.434	209.328	39.129	121.918
8.459	210.346	40.857	121.192
8.725	210.274	40.744	121.637
8.437	210.276	40.398	121.260
8.556	210.597	39.988	120.648
8.742	210.651	38.947	120.343
8.985	211.721	40.996	120.498
9.326	212.413	41.024	118.443
9.143	213.088	41.360	118.501
10.242	212.198	39.377	119.136
9.863	209.584	38.934	124.259
10.396	214.063	38.419	120.375
9.536	211.883	38.553	121.184
9.388	213.068	37.880	120.390
8.917	211.664	36.821	120.036
7.188	212.696	36.546	119.247
6.892	212.467	38.328	119.778
6.166	212.544	39.019	118.312
6.396	212.616	40.622	119.020
5.322	211.601	40.218	119.286
1.820	209.805	43.660	119.425
1.177	210.149	44.311	120.872
1.235	212.237	43.688	120.327
0.651	211.432	43.354	121.373
0.744	210.745	43.097	122.078
1.905	211.310	42.668	121.999
5.653	208.815	38.082	123.466
5.236	209.370	40.138	121.148
3.549	211.708	42.373	118.007
3.442	212.273	40.539	117.801
3.494	210.766	40.611	119.306
2.763	210.926	40.981	119.464
3.732	208.941	38.578	121.325
3.809	208.930	39.540	123.960
2.478	209.290	41.155	121.996
3.643	209.480	41.739	120.750
2.344	207.090	43.257	121.846
2.676	206.124	45.412	123.076
2.980	205.251	47.245	122.993
2.959	207.282	43.651	120.587
3.013	206.050	43.059	121.383
2.789	205.252	43.446	122.320
1.950	205.563	43.520	121.520
1.987	206.364	43.331	121.522
1.462	206.723	44.837	120.559
1.054	207.060	44.525	118.421
1.096	206.560	43.935	118.292
0.680	205.715	43.973	118.863
1.545	204.114	42.675	120.802
1.101	204.183	42.730	120.088
0.925	203.492	42.496	119.323
1.027	202.796	42.000	120.071
0.463	202.501	42.151	119.444
0.404	203.408	41.618	117.286
0.117	203.406	42.450	118.534
0.648	202.979	41.930	118.476
0.288	201.972	42.597	118.236
0.517	200.865	42.162	119.230
0.517	200.017	42.844	118.276
1.022	199.713	42.299	118.018
1.078	199.719	42.528	118.301
1.027	199.079	43.260	117.811
0.803	199.300	43.723	117.236
1.027	199.351	43.564	115.709
0.319	199.707	44.607	116.505
0.859	199.461	44.529	116.751
0.910	198.985	45.475	116.472
0.974	198.461	45.369	115.460
2.227	197.351	44.044	113.180
2.394	196.966	43.457	113.994
3.251	197.325	42.761	113.245
3.891	197.265	42.904	113.786
4.968	197.125	43.153	113.356
6.817	197.023	44.280	112.497
7.822	196.904	43.865	112.256
9.100	196.889	43.302	112.476
11.481	196.744	42.027	112.414
11.685	196.955	42.633	112.225
13.285	196.195	41.591	111.088
14.978	195.278	40.242	111.907
16.992	193.950	39.160	113.659
17.799	193.821	38.265	114.095
19.669	195.084	36.909	113.819
20.206	194.717	37.706	113.489
15.634	193.823	44.228	112.656
12.797	194.108	47.178	109.951
13.088	193.596	48.844	110.593
10.409	192.634	50.770	110.408
9.460	192.672	51.393	110.768
8.534	192.738	51.527	109.910
8.578	193.318	50.712	109.074
7.168	192.990	50.326	109.623
6.042	192.458	50.134	110.487
4.782	193.353	49.710	108.924
3.610	193.481	49.557	109.277
3.098	193.761	48.638	108.841
2.060	194.196	47.789	107.942
0.355	194.173	47.337	108.132
0.382	193.501	45.498	107.984
0.948	192.687	44.961	109.255
0.000	192.704	45.421	108.097
0.611	192.662	46.385	109.090
0.188	192.650	47.979	108.911
0.579	191.898	50.467	108.100
0.000	191.653	56.949	108.123
1.109	192.020	61.425	107.986
0.645	192.540	68.714	107.791
1.087	192.568	67.122	107.993
7.227	192.097	64.070	107.754
7.108	190.621	65.983	107.917
11.447	190.614	61.339	108.069
14.540	190.438	56.341	109.010
16.215	190.716	48.941	108.998
16.575	189.699	47.011	110.348
16.728	188.632	46.140	110.804
16.565	189.400	45.872	110.323
17.412	189.925	46.239	109.993
18.213	191.094	47.808	108.818
20.054	191.768	48.343	107.291
22.710	191.322	47.779	107.615
27.160	191.391	48.692	107.574
27.967	191.980	50.597	107.369
29.763	192.954	51.340	106.079
30.879	192.542	55.537	107.262
32.149	192.273	55.201	107.444
33.082	191.467	54.303	107.556
34.964	191.603	52.137	107.189
36.917	193.031	48.790	107.060
37.702	193.991	46.998	107.170
42.191	194.000	47.270	107.212
42.510	193.176	45.708	107.709
44.973	192.958	44.664	108.344
48.061	193.449	44.765	109.099
49.848	192.759	44.947	110.011
52.901	194.261	45.770	109.872
53.207	192.501	47.239	110.070
54.437	191.937	47.857	110.275
56.569	191.850	48.066	110.234
57.230	192.253	47.835	110.173
60.337	193.176	47.008	111.900
60.250	193.311	47.305	109.729
63.222	193.299	46.475	110.961
63.530	193.444	46.702	109.656
66.746	193.449	46.220	111.539
66.468	193.615	47.704	110.908
68.890	195.774	47.214	109.748
70.040	195.222	46.769	109.705
71.823	195.012	46.266	109.789
72.682	194.547	45.693	109.654
76.028	195.342	44.454	111.858
77.312	195.798	43.944	111.683
79.536	196.525	43.646	110.890
80.732	196.959	43.320	110.722
84.204	196.587	42.763	111.642
85.166	196.659	43.132	111.947
86.778	196.929	43.240	112.011
89.422	197.760	44.235	111.344
88.423	196.450	45.988	111.338
89.595	195.581	46.305	112.103
91.060	195.938	45.308	112.604
91.450	196.513	45.668	113.286
93.601	196.850	44.003	113.643
93.591	197.463	44.724	114.289
93.480	197.645	44.846	113.342
95.303	197.491	43.970	114.230
95.053	198.513	44.743	113.602
97.156	198.529	44.178	114.269
96.930	199.427	44.911	113.037
98.271	199.677	45.527	112.729
97.930	199.923	45.939	111.631
99.001	199.274	46.378	112.143
99.976	199.719	45.229	113.921
100.957	200.668	44.881	114.172
102.443	201.209	43.517	114.471
102.470	201.645	43.452	113.801
104.174	201.545	43.956	113.968
104.179	201.850	44.785	114.028
105.871	202.107	45.605	115.176
105.809	202.706	44.945	114.309
106.736	201.561	45.168	114.562
106.526	202.634	44.796	114.251
107.652	202.819	44.250	116.040
107.704	204.369	44.637	115.069
108.549	204.914	43.600	115.611
108.268	205.025	42.869	114.901
107.993	204.871	42.151	115.165
108.536	203.629	41.180	117.192
107.255	205.324	42.430	115.799
107.222	205.871	42.637	115.482
106.672	205.768	42.972	115.744
106.578	206.439	43.498	114.212
105.800	206.078	43.629	115.195
106.364	206.799	42.879	115.484
106.763	207.696	42.317	115.740
106.735	208.285	42.385	117.007
107.709	207.401	41.581	118.325
108.084	206.873	40.979	118.781
107.535	207.351	41.624	117.820
107.764	207.561	41.446	118.511
107.312	207.983	42.158	117.824
106.693	207.241	42.314	118.163
106.305	207.457	42.360	118.046
105.542	207.824	41.818	118.155
105.567	208.088	41.370	118.368
104.240	208.456	40.915	117.756
103.237	208.615	41.015	117.548
100.627	206.875	41.562	117.923
97.081	206.718	44.206	117.846
95.389	208.144	44.261	116.801
95.060	207.457	43.345	118.120
92.322	206.445	44.069	119.334
91.720	206.144	42.670	119.319
90.555	205.715	41.834	118.863
88.437	205.452	39.576	118.887
87.030	205.406	38.457	119.288
83.400	206.045	39.612	119.173
79.600	206.141	43.241	118.216
69.082	206.619	52.009	117.479
66.570	207.144	52.825	115.652
67.764	207.902	50.235	115.629
67.334	207.785	49.523	116.212
64.378	207.096	50.354	115.747
62.158	205.724	50.107	115.970
60.622	203.972	49.201	116.284
58.266	203.454	49.501	115.286
55.658	202.813	50.503	117.636
54.852	202.390	50.527	118.558
54.253	202.470	50.270	118.670
53.884	201.003	48.585	118.203
53.294	200.938	46.990	118.466
53.457	200.813	46.175	118.477
53.053	199.452	46.451	116.443
51.128	198.575	47.438	116.087
49.945	197.851	47.809	115.416
47.825	197.315	50.178	115.938
46.651	197.481	51.617	115.512
45.550	198.294	53.151	115.329
44.973	197.788	52.889	115.431
45.266	197.168	52.459	115.095
47.126	195.175	49.420	113.849
48.520	194.058	47.568	114.342
50.796	193.778	45.095	113.988
51.168	194.107	45.022	113.544
52.814	194.785	42.872	112.292
52.758	194.845	43.368	111.357
54.195	194.627	42.594	112.081
55.476	194.828	41.860	111.879
55.583	194.362	42.939	111.090
55.409	192.626	43.605	109.407
54.118	190.946	45.447	109.904
51.599	190.300	49.128	109.850
50.517	190.158	51.541	110.580
49.999	191.418	53.114	109.580
50.983	191.729	53.337	109.814
52.078	191.140	52.459	110.733
55.866	189.535	48.797	110.443
56.973	187.862	47.417	109.501
59.042	186.768	46.556	109.772
62.090	186.798	43.013	108.663
62.738	186.540	43.208	109.093
62.396	186.674	44.029	108.385
63.388	186.279	42.339	107.315
65.098	186.067	42.239	107.880
66.974	186.340	40.488	106.898
68.337	185.485	40.908	106.688
68.638	184.290	41.333	106.135
67.193	182.777	43.895	105.861
65.941	181.970	46.018	106.227
65.174	183.005	49.695	106.017
64.741	183.712	50.911	105.093
66.517	182.882	49.087	105.310
67.744	181.621	47.665	105.783
70.851	179.886	43.864	104.342
71.984	179.055	42.321	104.084
72.388	179.149	41.703	104.785
72.456	178.949	41.428	105.013
72.092	178.806	41.535	104.404
72.698	178.296	41.333	103.465
73.698	179.091	39.976	103.405
73.625	178.205	40.488	103.757
73.869	177.924	40.222	101.020
72.640	176.069	41.562	102.331
69.467	175.792	44.747	100.449
68.056	175.757	46.610	101.108
66.699	176.416	48.414	100.460
66.436	176.587	47.908	100.387
66.159	176.187	47.045	99.890
66.825	174.924	45.595	100.392
67.807	173.992	42.717	98.176
68.240	173.514	41.157	98.577
68.002	172.867	40.987	99.246
67.182	172.822	40.681	98.547
66.208	172.769	41.430	98.227
65.011	172.495	41.738	98.177
64.691	172.629	42.096	97.908
65.010	172.182	41.320	98.355
64.152	171.867	41.472	96.820
62.804	169.959	42.173	96.817
61.963	169.044	41.604	96.823
60.530	169.112	43.149	96.840
59.575	169.605	43.504	96.865
59.287	170.242	42.828	96.333
58.594	168.635	41.817	96.448
59.381	168.357	40.677	95.416
59.083	166.417	39.742	95.618
58.967	165.047	39.710	97.098
57.354	164.625	41.031	97.122
56.623	164.655	41.555	96.490
56.237	164.389	40.950	96.524
56.011	164.066	41.038	97.169
55.965	164.301	40.890	96.253
55.254	163.874	41.341	95.044
56.072	162.625	40.020	95.175
54.719	160.870	39.724	94.921
54.287	159.904	40.058	95.908
53.934	160.962	40.493	94.517
53.538	161.607	39.906	94.604
53.189	162.142	39.193	94.976
51.969	162.367	39.369	93.335
51.403	161.130	39.534	93.987
50.391	158.324	38.852	94.265
49.418	158.614	39.339	94.465
48.954	158.603	39.228	94.181
47.377	158.389	41.178	93.750
45.503	158.565	41.604	92.732
44.233	158.356	42.002	92.284
43.986	157.896	42.090	93.111
43.756	157.807	40.744	92.811
43.166	157.346	40.629	91.392
42.028	156.078	40.545	91.481
41.629	154.736	39.522	92.345
41.240	154.588	39.512	92.432
39.788	154.588	40.357	91.742
38.391	156.043	40.887	92.277
37.798	155.321	40.420	92.071
36.710	155.336	40.978	91.635
31.116	154.486	45.788	90.263
29.488	153.005	46.238	91.661
28.924	152.141	46.788	92.244
27.880	152.568	48.123	91.397
25.167	153.627	50.838	90.189
23.017	153.474	52.680	90.153
20.970	153.520	53.244	88.923
20.652	153.603	51.801	89.279
20.998	152.554	50.186	90.487
22.498	152.388	45.409	90.056
23.184	151.235	42.265	90.463
22.952	150.420	39.689	89.507
22.255	150.178	38.131	90.199
21.358	150.810	36.470	89.650
20.388	152.060	36.095	88.384
19.158	153.043	35.116	86.921
17.530	152.482	35.716	87.617
16.330	152.396	35.725	85.612
15.711	152.300	34.306	86.993
15.320	152.084	31.505	87.515
14.015	150.395	30.926	89.287
12.386	150.139	29.852	89.396
10.110	149.596	31.950	89.116
8.782	149.527	32.427	89.688
6.853	148.998	33.513	90.409
5.164	151.027	34.639	87.055
4.301	149.723	35.538	89.131
3.361	148.659	36.559	89.515
2.052	148.686	37.638	88.388
2.066	149.060	38.124	88.293
2.297	149.100	37.939	88.405
2.727	148.574	37.697	88.218
2.972	148.091	38.212	88.616
4.290	148.022	36.909	88.581
5.398	149.014	34.758	87.754
5.975	149.119	34.669	87.750
6.803	149.475	32.496	87.909
7.044	148.412	32.481	88.596
6.796	148.092	32.228	87.946
6.663	148.053	32.299	88.512
6.406	147.533	32.157	88.926
5.809	147.328	32.921	88.301
4.899	148.197	33.482	87.413
4.952	147.846	32.931	89.744
3.924	145.843	32.956	89.571
3.715	147.781	32.369	86.167
2.908	147.747	32.259	87.530
1.664	147.579	32.290	86.392
0.802	147.743	32.493	88.694
0.605	148.401	32.615	89.157
0.392	148.309	30.626	90.817
0.000	147.748	30.516	90.010
0.073	147.694	29.931	91.173
0.000	147.880	30.015	90.347
0.000	148.343	30.118	88.604
0.072	147.576	29.740	90.539
0.114	147.507	29.778	89.677
0.316	147.348	29.668	89.936
0.397	148.379	30.317	88.705
0.397	147.668	30.785	89.567
0.484	148.242	32.530	88.693
0.690	147.841	33.309	88.512
1.682	148.146	34.055	87.937
2.287	148.491	34.508	87.828
2.848	148.994	34.910	88.937
3.896	149.360	34.752	88.487
4.586	148.182	35.941	88.554
5.493	148.485	35.532	88.968
7.015	148.842	35.810	88.320
8.654	148.238	34.926	89.412
10.804	147.710	33.221	90.370
11.555	147.508	32.938	90.579
13.228	147.100	32.946	90.743
13.462	147.434	33.036	90.555
14.133	147.508	32.742	91.615
14.761	147.261	32.634	91.193
15.423	147.908	31.762	90.269
15.489	147.754	31.559	91.713
15.950	147.409	32.016	91.156
16.867	149.165	31.237	91.140
16.551	148.653	31.860	90.866
15.893	149.160	33.026	89.869
16.448	149.233	32.762	90.140
16.087	149.565	33.242	89.596
15.689	150.813	33.985	87.708
15.808	150.961	34.069	87.796
15.983	150.630	34.012	88.087
16.393	151.101	33.791	87.860
15.822	150.676	35.566	87.806
16.161	151.826	35.872	87.014
15.728	151.117	36.749	88.205
15.910	152.192	37.244	87.041
16.350	150.577	36.815	88.744
16.265	150.969	36.411	88.062
16.995	150.717	35.564	88.441
17.892	150.443	35.254	88.957
18.762	151.141	35.396	89.312
18.824	150.719	35.669	89.579
19.035	150.482	38.487	89.286
19.586	150.444	40.531	89.335
17.692	151.426	47.056	88.247
16.840	151.749	49.267	88.131
15.669	151.682	51.928	88.802
15.657	151.889	52.586	88.112
15.490	151.677	52.753	87.656
16.723	151.572	49.342	88.276
17.313	150.769	48.246	89.767
19.102	150.088	46.210	90.772
19.502	151.020	48.794	89.825
20.109	151.246	51.468	89.661
20.092	152.292	52.397	88.427
19.882	152.385	53.716	88.382
19.851	152.453	52.838	89.148
20.901	152.560	54.436	89.077
21.808	152.617	55.132	89.679
22.709	151.878	53.303	89.433
22.838	152.460	52.718	89.491
23.824	152.649	52.486	89.037
24.368	153.776	51.248	88.352
25.661	153.432	52.803	89.953
26.305	154.513	51.709	88.964
27.242	154.494	50.988	89.011
29.681	154.810	49.554	89.793
31.164	155.510	47.207	89.431
34.610	155.431	43.827	89.842
35.200	154.623	43.181	90.237
38.907	154.545	39.474	90.237
39.752	154.792	38.464	89.578
40.621	155.644	37.004	89.576
42.358	156.948	36.156	90.146
42.345	158.100	36.506	89.519
43.422	158.576	35.832	88.625
43.615	158.359	36.095	88.440
44.710	158.123	37.707	89.206
45.732	158.021	39.583	89.376
46.389	158.547	41.762	89.613
47.172	157.810	43.286	90.080
47.296	158.415	46.999	91.078
48.741	159.526	47.120	89.549
50.605	161.374	46.457	89.330
51.288	161.257	45.165	90.027
52.770	160.371	41.849	90.333
53.600	159.124	39.629	92.034
55.373	158.330	37.119	92.890
55.900	158.663	36.447	93.990
57.619	159.663	36.966	94.650
57.812	160.518	37.264	94.833
58.894	160.993	36.875	93.728
59.538	161.368	37.425	93.732
60.499	161.433	38.664	93.736
61.504	161.545	39.133	94.345
61.537	161.902	41.588	94.273
63.126	160.963	41.352	94.805
63.360	161.048	42.447	95.888
64.618	161.968	41.992	95.309
65.540	163.669	42.083	94.733
68.550	165.227	39.576	95.496
68.855	164.750	38.613	95.543
70.363	164.395	36.863	95.356
70.050	163.658	37.719	96.134
71.257	163.439	38.341	97.065
71.528	164.012	37.875	97.543
72.091	165.576	39.137	97.491
72.010	166.374	39.463	96.706
72.480	166.788	40.083	96.614
72.688	167.286	39.796	95.283
73.977	167.403	39.352	96.576
74.359	168.204	39.372	96.592
76.033	167.939	38.593	97.318
76.984	168.639	38.902	98.113
77.589	170.560	38.956	96.348
79.561	171.966	38.422	96.474
81.404	173.220	37.665	96.581
82.103	172.697	37.435	97.072
83.778	172.451	37.578	96.878
84.305	171.745	37.446	97.104
85.319	171.669	38.271	97.691
86.265	173.325	38.098	96.933
87.091	174.479	38.390	98.259
87.484	175.649	38.709	97.661
88.062	175.987	38.572	97.654
88.645	176.365	39.402	96.847
88.998	176.198	40.215	97.015
89.227	176.276	40.710	97.335
90.832	175.819	41.460	97.482
89.842	175.209	42.721	99.107
91.481	176.107	42.726	98.100
92.249	176.213	42.503	99.367
92.540	175.569	42.375	100.691
95.315	178.841	42.096	98.269
96.076	177.690	42.750	100.272
98.042	177.767	42.090	99.556
98.454	177.002	42.217	100.341
100.373	175.694	42.058	102.192
101.290	176.044	41.962	102.771
102.280	178.048	41.637	102.753
103.155	178.414	41.981	103.045
103.771	178.831	41.769	102.386
106.009	180.345	40.773	100.936
107.142	179.972	41.516	101.759
108.709	181.282	40.124	100.412
109.294	180.456	40.125	101.763
111.008	180.409	40.377	102.448
111.634	181.408	40.267	101.905
114.115	182.072	39.777	103.138
115.171	183.305	39.588	101.728
117.585	183.473	39.053	103.191
118.273	183.269	38.973	102.852
119.230	182.844	38.465	102.459
120.211	181.454	38.127	104.132
121.278	181.631	37.848	105.954
121.943	182.006	37.763	106.092
122.757	183.154	38.723	105.687
122.557	183.792	39.200	105.802
122.903	184.433	38.530	103.947
123.349	184.340	39.448	103.804
123.645	184.897	38.567	103.004
124.643	184.915	38.597	103.127
125.480	185.444	38.356	102.923
126.590	185.314	37.514	103.463
126.693	183.942	37.977	105.616
127.899	184.075	37.562	106.099
127.723	184.617	37.997	106.511
130.160	185.504	37.563	106.185
131.122	185.317	36.844	107.212
132.599	184.877	37.037	106.888
132.199	184.433	38.113	106.951
133.279	184.386	38.498	107.859
133.669	184.738	39.042	107.260
134.502	185.018	37.862	107.344
134.595	185.166	38.219	107.691
134.687	184.480	38.060	108.293
134.613	184.204	38.302	108.303
134.671	184.002	37.948	108.774
134.333	183.868	38.295	108.864
134.777	184.761	38.102	108.068
134.613	184.834	38.234	108.985
134.352	184.341	38.127	107.568
134.520	183.853	37.879	108.935
134.181	184.242	37.952	107.765
134.067	184.885	38.616	108.147
134.162	185.039	38.070	108.250
133.974	185.113	38.239	107.548
133.745	185.113	38.485	107.660
133.535	184.816	38.379	106.983
133.473	184.812	38.608	108.074
133.476	185.002	38.339	107.132
133.453	184.704	38.233	108.020
133.502	184.686	38.295	108.644
133.315	184.330	38.016	107.708
133.256	184.445	38.242	108.295
133.377	184.480	37.736	108.133
133.063	184.834	38.534	108.059
133.642	185.039	38.329	107.960
133.299	184.927	38.222	107.541
133.004	184.834	38.296	107.287
133.252	184.538	38.280	107.583
133.179	184.945	38.970	107.177
133.408	185.055	39.148	107.597
133.936	185.555	39.086	107.299
133.985	184.890	38.563	107.291
133.985	184.353	38.513	107.817
134.555	185.067	38.881	107.222
134.842	184.871	38.621	107.250
135.705	185.421	38.444	107.376
136.433	185.848	38.300	105.969
137.627	185.190	37.654	105.511
138.003	185.401	38.544	106.392
140.141	185.786	36.773	104.595
141.498	186.633	36.469	105.690
142.893	185.987	35.701	107.712
143.930	186.380	35.499	105.521
145.630	186.308	35.836	102.009
146.012	187.415	38.750	102.933
147.360	188.055	38.223	100.851
148.791	187.092	41.686	100.598
147.978	187.253	43.079	104.249
152.754	185.599	39.610	106.042
152.726	184.783	40.924	108.200
154.685	184.433	38.973	106.550
159.801	185.846	37.457	106.412
163.435	187.937	36.135	106.938
165.092	190.680	38.755	107.429
165.253	190.760	40.072	106.405
166.141	190.994	39.398	104.435
166.121	191.758	43.674	104.059
167.836	191.651	43.296	103.664
171.027	190.616	41.349	107.855
176.352	191.212	39.350	106.943
177.196	190.155	40.562	108.828
176.986	190.797	43.198	108.101
178.397	192.052	49.002	107.732
179.069	194.030	48.833	107.404
180.061	194.588	49.538	107.576
185.863	194.295	47.956	110.082
187.376	194.575	47.625	108.642
188.906	194.648	48.275	109.567
190.660	195.822	47.035	107.653
191.873	196.747	47.893	108.499
193.906	197.735	48.712	108.746
195.644	199.425	49.666	108.565
197.633	199.853	49.640	109.231
202.605	200.232	48.229	110.872
204.405	199.617	47.784	111.217
206.146	198.232	46.924	113.561
209.193	197.970	45.847	114.366
209.719	198.794	45.825	114.016
211.998	199.521	45.265	114.527
212.794	201.030	45.928	113.657
213.575	203.410	46.811	111.567
216.798	204.503	46.370	112.374
217.090	206.382	48.109	111.034
218.219	205.413	49.213	111.833
219.834	204.343	48.122	111.897
220.532	204.060	48.574	113.245
221.312	205.103	48.223	114.233
222.701	206.738	47.318	114.605
224.839	208.839	46.270	113.814
226.540	209.008	45.423	114.161
227.148	209.275	45.255	112.694
229.254	209.157	44.304	112.512
229.858	208.853	45.080	113.193
230.585	209.463	44.809	115.829
230.783	210.032	45.012	115.062
231.444	211.008	44.212	115.808
231.329	211.657	44.609	116.099
230.981	213.324	46.025	115.906
229.974	214.767	47.371	115.852
228.904	216.261	50.281	115.391
228.796	215.401	51.342	115.067
228.447	215.902	52.883	114.536
226.123	215.505	55.983	115.558
226.614	216.283	57.218	116.558
226.022	218.163	59.572	115.511
227.116	222.269	62.163	114.283
229.438	225.360	61.072	112.586
230.780	225.533	58.077	113.381
233.851	225.495	53.020	113.952
234.907	225.755	51.656	113.570
235.721	225.827	51.106	113.680
236.436	226.540	50.813	113.548
236.194	226.797	51.727	115.418
237.078	227.545	52.551	116.497
235.754	229.983	54.122	114.413
237.051	230.759	53.593	115.325
237.556	232.284	55.144	115.285
238.955	233.336	54.983	114.011
241.679	232.827	53.776	113.870
242.552	231.567	54.192	115.731
242.096	232.423	56.668	118.152
242.887	235.071	57.527	116.652
243.016	237.752	59.663	117.529
245.763	237.861	59.178	117.682
246.099	238.079	59.729	117.852
248.896	235.990	58.894	119.817
250.570	234.740	57.112	120.479
252.246	233.745	56.064	122.523
255.086	233.440	54.946	125.382
256.570	234.750	54.537	126.196
257.720	236.329	54.102	126.594
259.668	237.328	52.880	125.919
260.869	239.403	51.988	124.598
263.298	240.042	52.200	125.651
263.852	238.669	51.000	127.920
264.579	237.315	51.300	128.375
264.886	237.322	52.256	130.477
264.074	238.244	53.848	130.637
266.664	240.551	53.208	132.255
266.296	243.392	54.411	130.707
268.350	243.922	55.241	132.336
268.275	244.214	54.300	132.178
266.692	243.268	56.930	132.789
267.129	241.868	57.025	134.620
266.194	242.414	58.415	135.008
266.539	244.596	56.939	134.199
265.510	246.021	57.184	134.647
264.346	247.099	58.118	134.387
263.356	247.308	57.693	133.416
262.558	247.997	55.801	133.332
261.493	247.856	57.029	132.461
258.842	247.855	58.562	133.626
256.852	247.258	60.046	134.438
257.344	246.919	59.072	135.218
258.018	246.150	59.869	138.814
256.856	246.908	59.907	141.250
255.646	248.893	63.085	141.534
256.223	251.211	63.021	139.884
250.995	251.376	69.294	138.949
251.985	250.176	69.841	138.332
254.635	250.723	68.954	136.276
258.072	251.339	67.368	136.580
261.716	252.545	65.958	136.626
264.444	252.759	65.016	137.414
270.203	252.108	61.020	139.565
274.282	249.254	57.948	143.928
276.677	249.048	56.500	142.898
279.543	249.553	56.079	143.850
281.114	251.334	56.785	142.980
282.470	252.613	56.320	142.504
283.876	251.683	57.847	142.094
283.238	250.973	58.772	143.000
279.996	249.894	63.132	142.467
281.097	249.476	61.716	144.132
280.454	249.925	63.169	142.951
278.312	251.220	67.285	141.361
279.012	251.253	67.319	140.364
280.569	251.102	66.425	140.594
283.438	248.660	62.701	141.015
284.508	247.415	60.371	142.694
284.083	247.921	59.267	141.762
283.481	246.197	59.236	141.818
282.850	245.163	58.856	142.261
280.558	244.343	60.220	140.643
279.985	243.582	60.767	142.792
280.257	243.973	60.146	142.443
278.915	244.401	60.816	141.681
278.391	244.722	61.464	142.154
274.226	244.699	65.478	140.086
272.693	243.682	66.395	139.546
273.293	243.292	65.664	136.945
273.304	242.272	65.169	136.381
273.167	241.403	64.912	137.283
273.341	240.654	64.124	136.808
272.898	239.287	63.834	137.747
271.864	238.913	63.763	137.743
270.596	239.356	62.842	137.159
270.245	239.938	61.931	136.733
268.657	240.069	61.124	137.314
266.878	239.255	61.338	138.555
263.940	238.941	62.542	135.711
262.583	235.686	62.736	138.935
261.092	235.444	63.838	137.441
259.285	234.785	64.117	136.086
257.800	234.442	64.126	137.123
254.354	233.965	64.445	137.551
251.243	235.147	67.261	135.157
248.542	235.527	68.231	135.173
242.462	236.478	73.702	134.426
248.061	236.690	66.429	134.081
251.317	234.659	62.027	135.010
249.956	232.812	63.678	134.679
254.249	230.986	57.847	132.246
256.006	229.533	56.088	133.497
254.525	229.010	55.727	132.755
254.336	229.568	55.060	132.508
252.242	229.804	55.141	132.320
250.967	229.863	55.473	131.213
251.027	228.996	54.719	131.980
249.350	228.697	54.531	130.164
249.380	228.004	54.411	130.365
248.756	226.866	54.496	129.354
246.547	225.580	55.132	128.834
245.332	224.526	56.042	128.942
243.873	223.783	55.582	130.760
242.435	224.322	56.670	130.169
240.620	224.355	56.719	128.701
239.158	224.220	57.072	128.552
236.457	223.143	56.483	128.058
234.736	222.217	56.876	127.009
233.628	221.239	57.490	126.808
231.386	220.378	58.308	126.842
229.006	219.683	59.884	127.083
225.770	219.433	59.737	126.744
223.887	219.607	59.475	125.746
221.821	219.366	59.817	126.473
222.166	219.340	55.408	125.488
220.679	218.640	55.124	126.497
216.442	217.328	58.800	125.980
212.987	215.775	59.399	124.927
211.518	214.360	60.214	125.045
208.770	213.925	61.793	126.312
208.318	215.369	60.895	125.182
208.883	215.717	59.385	123.970
208.716	215.014	58.626	123.335
208.874	214.013	56.451	123.503
209.362	212.040	54.132	124.554
208.663	210.644	52.948	123.453
206.577	210.567	53.497	120.316
205.449	211.096	53.208	118.700
203.514	211.293	54.055	120.580
200.748	210.869	54.300	117.824
198.537	211.488	55.801	117.700
198.639	210.327	53.270	119.387
196.766	209.578	53.746	120.140
195.576	208.050	52.518	120.665
192.948	206.623	52.657	119.590
192.266	205.136	51.987	120.214
189.448	204.854	51.363	120.359
189.089	204.655	51.206	121.161
187.814	205.292	51.691	121.048
186.926	205.619	51.838	120.602
185.905	204.302	51.723	121.375
182.089	203.615	54.801	121.040
179.117	202.511	57.921	119.392
176.054	202.507	60.331	118.549
178.054	202.392	57.280	117.399
179.256	202.902	54.359	115.595
177.735	202.251	53.962	117.954
176.064	201.911	54.891	117.006
176.605	201.075	53.675	118.360
178.639	200.784	51.706	116.841
178.635	200.710	50.239	114.496
179.408	200.548	48.350	112.014
178.132	198.927	49.536	112.765
177.394	199.021	49.391	113.793
177.911	200.037	48.080	113.855
176.848	200.661	48.115	112.818
175.864	200.957	48.656	112.173
175.470	199.405	48.419	111.720
174.653	198.743	48.488	109.313
174.868	198.726	47.104	107.686
174.619	198.374	45.948	108.249
172.524	198.528	46.758	107.414
169.213	198.541	48.893	106.708
165.669	198.553	51.467	107.086
162.927	197.203	53.625	107.735
161.289	194.443	55.522	108.643
161.477	195.497	57.409	107.070
162.366	194.363	57.157	107.524
160.786	195.166	57.513	106.512
160.373	194.285	59.607	106.220
159.967	193.517	58.759	107.537
158.789	193.376	64.657	106.928
157.014	193.484	63.611	107.139
155.463	194.698	63.828	102.307
156.614	193.443	61.264	100.614
154.950	192.379	59.822	99.643
150.150	190.417	60.386	103.613
142.479	191.562	61.901	101.567
137.796	184.868	65.654	106.402
141.984	191.498	59.334	102.615
118.345	171.664	41.568	102.359
138.309	192.033	55.829	108.906
137.819	192.885	55.703	103.760
137.292	191.088	52.572	105.083
134.589	188.122	50.899	106.262
127.503	172.486	45.575	108.055
129.280	178.215	57.330	115.609
128.438	177.365	51.435	115.065
127.231	177.744	53.460	115.528
126.085	179.357	54.104	115.065
124.314	178.388	53.334	114.537
123.414	178.647	53.267	112.012
134.361	173.262	45.635	106.348
119.173	182.378	50.489	104.991
117.548	181.797	47.673	106.916
114.952	183.714	47.676	105.428
113.662	183.173	48.916	105.410
110.947	184.142	49.113	104.201
108.863	184.048	49.707	104.385
107.364	184.286	48.047	103.450
105.182	183.630	48.280	103.976
103.631	182.642	46.792	104.685
101.909	181.811	49.049	105.176
99.902	180.310	49.549	106.030
98.658	179.990	52.209	106.116
96.489	180.385	54.519	105.549
95.173	181.290	55.307	105.241
94.371	180.943	55.096	105.379
92.373	180.844	55.386	103.316
92.021	180.012	55.723	102.482
90.837	178.963	54.379	102.531
90.409	176.985	52.331	104.367
89.431	178.252	55.725	103.321
88.305	179.527	54.772	101.842
87.648	178.964	55.429	101.443
88.803	177.328	54.049	101.957
90.856	176.244	53.040	101.811
91.889	175.576	52.515	102.928
92.440	175.480	50.958	103.165
93.467	175.478	48.803	102.940
94.611	174.957	46.343	102.549
95.665	175.233	43.943	102.298
96.260	174.337	44.108	103.197
96.350	175.391	42.935	102.035
96.822	174.901	42.606	102.150
97.249	174.228	43.000	101.134
97.899	174.966	44.487	99.349
97.956	175.096	44.113	98.921
97.880	175.396	40.815	100.964
97.627	174.619	41.375	102.099
97.677	175.698	37.522	100.858
97.432	175.726	37.929	101.086
96.772	174.745	37.281	102.250
95.829	174.837	33.749	102.895
95.620	174.521	33.384	102.650
95.097	174.210	31.555	102.729
94.109	174.819	30.491	102.024
93.040	173.241	31.222	102.939
92.060	173.923	32.452	102.135
90.867	175.528	32.646	100.342
89.463	175.568	34.516	100.026
88.339	175.368	35.418	100.602
86.484	175.295	35.409	100.631
84.089	175.832	37.167	99.886
83.023	176.314	36.618	98.437
82.664	176.728	37.718	98.483
81.373	176.595	36.713	98.409
80.260	175.980	36.237	98.231
79.056	175.838	37.780	99.236
78.408	176.092	38.026	97.523
77.588	176.574	38.934	96.803
76.630	176.968	42.374	98.168
76.480	176.370	42.095	98.372
76.529	176.593	42.812	98.432
77.499	176.061	42.383	98.493
77.547	176.111	42.400	99.061
77.872	175.520	42.368	100.029
78.620	175.487	40.867	100.624
78.446	175.696	40.719	100.004
78.504	175.238	41.244	100.265
78.603	175.201	42.426	99.665
78.470	175.435	42.935	99.481
80.038	175.026	40.529	100.894
80.976	174.467	39.570	101.427
81.358	173.768	41.625	101.667
81.584	174.398	43.658	100.559
82.203	173.905	45.345	101.092
82.708	173.831	44.561	101.674
82.873	173.525	41.413	101.510
83.438	173.615	38.762	101.461
83.041	173.274	38.758	101.942
82.939	173.414	38.933	101.746
82.683	173.414	36.354	101.781
82.515	173.372	35.902	102.580
82.280	173.823	35.980	102.182
82.185	173.914	35.855	102.125
81.995	174.189	36.580	101.727
81.459	174.869	37.982	101.241
82.049	175.277	37.112	99.820
82.257	174.743	37.157	100.896
82.699	173.301	34.689	103.236
81.887	172.561	36.118	103.473
81.911	168.901	35.524	107.294
81.950	168.514	35.573	108.694
82.575	168.086	35.004	108.928
82.764	167.346	34.769	109.665
83.333	164.794	34.199	111.760
84.047	164.246	33.502	112.066
84.388	166.769	33.924	109.232
83.317	168.890	35.886	107.380
83.888	169.607	37.000	107.102
85.372	166.618	35.585	109.389
85.624	168.677	35.385	108.250
86.106	167.698	35.920	108.144
86.142	168.141	37.074	107.538
89.010	166.276	35.952	109.719
89.948	166.552	35.409	109.043
91.553	167.119	35.526	107.691
92.697	167.779	33.508	106.805
94.322	169.941	32.258	108.044
96.282	169.185	33.179	108.116
96.397	171.116	33.668	105.321
95.911	170.655	38.675	105.459
96.525	171.558	39.580	104.761
97.446	173.322	39.082	102.280
99.502	172.130	39.600	104.091
100.656	172.239	39.828	104.577
102.750	172.612	39.112	104.042
103.433	173.384	39.434	103.711
104.003	173.658	39.555	103.402
106.244	174.569	38.614	101.820
108.099	175.647	38.928	101.391
109.065	176.415	40.183	100.904
110.357	176.514	41.771	100.392
111.205	177.253	42.667	99.253
113.250	178.783	42.882	98.754
114.860	179.470	43.767	97.689
118.102	180.497	44.612	97.335
119.517	180.515	42.496	97.416
122.557	179.003	40.787	98.152
124.413	178.326	39.664	99.399
123.893	178.049	41.548	99.693
124.647	177.879	43.570	99.720
125.565	178.132	45.075	99.655
127.686	177.987	48.361	100.600
129.397	177.593	49.615	100.360
130.608	176.925	49.840	100.951
131.223	177.196	49.956	100.691
130.900	176.680	49.503	101.589
132.186	176.767	48.381	102.617
133.094	177.481	48.008	101.736
134.493	177.124	47.324	102.469
137.739	176.603	45.495	102.259
139.141	176.485	44.673	102.936
139.584	176.549	45.117	104.455
142.273	176.555	44.911	104.281
142.932	177.655	45.905	102.901
143.422	177.655	47.524	102.830
144.271	178.208	49.269	102.587
144.975	178.247	49.838	102.359
145.313	178.195	50.257	102.432
146.423	178.669	49.914	102.451
147.162	178.435	50.431	102.314
146.907	177.142	52.887	103.031
145.877	175.882	53.971	105.096
145.096	177.813	54.981	102.839
144.277	178.463	55.478	102.322
142.174	179.076	55.966	101.553
140.769	179.645	57.051	101.371
139.979	179.947	58.355	100.753
139.494	179.916	57.086	101.170
140.272	179.034	53.537	102.498
140.695	178.581	49.814	102.584
140.788	178.340	46.935	102.479
141.002	177.983	47.647	103.211
141.346	177.781	47.290	103.937
141.425	178.013	47.907	103.310
141.892	178.395	47.033	102.964
142.133	177.977	45.646	103.393
142.668	177.801	45.373	103.648
143.096	177.666	44.865	103.181
143.247	178.467	45.005	102.202
143.203	179.018	44.759	102.021
143.179	178.971	44.644	102.208
142.956	179.204	44.867	102.363
142.847	179.576	45.331	102.382
143.026	179.858	45.115	102.777
144.004	180.015	45.208	102.732
144.488	180.203	46.415	102.720
145.716	180.419	46.064	102.017
146.745	179.779	46.625	102.547
147.373	179.466	46.407	103.090
149.459	178.754	45.190	103.980
150.378	178.944	44.438	103.825
150.962	179.152	44.040	104.485
149.395	180.045	46.771	103.656
149.211	180.215	47.961	104.044
149.029	180.816	49.723	103.887
148.253	181.668	58.484	104.384
146.801	182.501	62.569	103.907
143.764	183.232	66.746	103.002
146.132	181.998	61.227	104.501
145.316	182.395	62.371	103.858
144.047	183.035	63.729	103.163
144.125	183.084	64.805	102.823
145.379	182.874	64.670	103.175
144.049	182.018	65.833	104.802
142.915	181.293	66.573	106.075
143.660	180.167	63.956	108.103
140.987	179.141	64.927	108.521
143.214	179.717	61.885	108.621
140.955	178.108	62.045	110.794
139.727	179.164	61.776	109.615
150.324	182.035	51.465	105.392
149.757	182.620	51.910	105.341
156.398	181.591	46.718	105.936
157.856	182.286	43.370	106.675
157.044	182.454	44.242	107.323
150.344	182.470	51.338	107.122
145.127	182.449	55.725	108.635
154.523	183.391	44.714	107.127
158.333	183.667	40.857	106.566
158.503	184.841	40.760	105.933
158.601	184.531	42.211	106.076
154.985	184.059	52.681	106.350
147.423	184.690	62.869	104.818
146.900	182.426	59.355	108.513
148.323	183.609	56.803	108.045
147.568	183.288	57.045	108.332
149.048	183.294	54.382	108.249
148.794	183.838	53.578	108.066
148.268	184.204	54.800	107.479
147.313	184.355	55.990	107.743
146.470	184.470	57.335	107.620
146.380	184.657	58.222	107.577
146.183	184.145	57.534	107.641
147.831	184.032	54.622	107.394
148.005	184.318	56.374	106.979
146.722	184.132	59.041	107.410
145.931	184.258	60.227	107.866
147.872	183.351	56.738	108.893
148.283	184.714	53.747	107.854
148.717	183.230	53.104	109.704
148.615	183.391	52.744	109.345
148.070	183.314	53.822	108.985
148.289	183.090	53.676	109.140
147.319	183.468	54.368	107.945
147.358	183.356	53.900	108.006
147.832	183.837	51.574	107.695
148.402	183.809	49.461	107.981
148.867	183.713	47.012	108.240
148.819	184.489	45.208	108.034
149.102	184.151	45.327	107.871
149.655	184.622	44.697	107.715
150.313	185.113	42.426	107.056
151.508	185.972	40.285	106.961
151.468	187.182	39.110	105.922
149.800	187.422	39.545	107.290
147.850	188.067	40.729	107.029
145.412	189.401	41.795	105.210
144.937	189.651	41.232	105.535
143.991	190.518	41.159	104.624
141.946	190.308	41.167	105.564
140.450	189.387	41.562	105.824
137.878	189.746	41.676	106.250
136.190	189.495	40.664	106.189
134.830	189.377	40.430	106.825
131.765	189.599	40.942	107.323
129.549	191.152	42.386	105.803
125.648	191.867	46.278	106.497
123.761	192.270	47.846	105.349
121.024	191.644	48.568	106.624
119.807	191.587	48.469	106.751
119.178	190.501	47.486	107.984
118.299	190.866	46.103	108.296
117.723	191.824	45.833	108.317
116.253	193.127	45.223	105.758
115.123	192.713	45.500	106.112
113.916	192.909	45.235	105.847
111.125	192.324	46.216	107.305
109.660	192.985	46.268	107.317
108.117	193.361	46.971	107.061
104.575	193.737	48.643	107.138
103.419	192.325	49.070	108.137
100.289	190.141	49.317	110.708
98.567	190.990	48.833	109.927
97.374	193.110	47.325	108.413
96.570	194.699	46.911	107.014
95.752	195.361	47.001	106.545
93.850	194.653	47.195	108.760
93.200	194.687	46.643	109.615
92.627	196.455	45.260	107.482
92.368	196.672	44.484	108.136
91.035	196.893	43.833	109.356
88.884	197.449	44.245	108.506
86.756	197.151	44.234	109.748
84.873	197.192	43.375	109.302
84.660	197.531	41.819	108.648
82.468	197.840	40.832	109.242
80.466	198.074	40.996	109.719
78.933	197.712	41.205	110.024
76.838	198.643	40.575	109.024
75.376	198.344	41.039	110.706
72.509	199.508	42.030	111.491
68.583	197.866	44.458	112.715
68.758	197.932	40.898	112.334
66.350	195.235	40.340	115.505
64.231	197.035	39.616	113.549
62.498	195.606	41.662	116.028
62.675	198.201	40.506	114.753
63.853	199.639	36.046	113.209
62.523	202.408	35.171	111.324
60.012	201.885	35.185	112.563
58.601	199.530	35.726	115.405
56.140	197.679	35.992	117.600
54.201	196.422	37.273	118.677
54.122	197.640	36.256	117.972
52.459	196.688	35.890	118.225
50.578	197.637	37.814	118.511
46.316	201.044	42.031	116.694
43.264	204.241	42.952	113.828
43.483	206.276	40.683	111.191
42.950	202.797	39.041	116.562
41.756	203.634	38.811	115.674
41.283	204.532	37.250	114.608
40.721	205.845	38.575	114.024
40.183	205.652	39.019	114.476
38.666	208.118	39.408	112.568
38.975	209.117	40.118	113.893
38.868	208.752	41.321	115.014
38.611	209.245	39.011	115.723
38.811	212.456	39.448	112.368
38.975	211.001	40.377	113.339
39.765	210.547	38.398	114.352
40.194	211.581	38.773	113.650
40.721	211.813	38.665	114.319
41.882	211.261	37.167	115.920
42.863	212.748	37.311	116.233
44.403	214.159	36.636	115.526
46.114	215.458	35.915	115.904
46.643	214.310	36.323	116.093
48.532	213.991	36.572	118.380
50.340	214.013	37.257	117.798
51.581	214.336	37.172	117.996
53.499	214.322	38.540	119.493
53.965	215.573	42.269	119.181
55.470	217.662	43.914	119.477
56.887	217.989	42.772	119.160
58.629	218.089	42.771	119.266
62.518	217.440	41.759	120.867
65.464	216.584	40.717	121.977
70.587	216.526	38.700	122.704
75.121	217.524	37.274	124.740
76.580	217.566	36.700	125.507
77.881	218.880	37.781	124.469
80.278	221.208	38.756	123.307
84.871	222.812	37.485	122.238
86.758	221.959	37.176	124.438
90.033	220.792	38.213	125.708
91.190	221.437	38.785	124.098
94.315	222.943	40.659	123.991
96.170	225.907	46.302	122.780
98.292	227.875	44.844	120.507
100.245	229.398	44.266	120.947
102.745	228.408	43.035	122.424
108.226	228.659	40.473	122.997
111.208	229.552	39.148	122.073
115.740	229.855	37.461	122.885
116.883	231.693	38.171	124.224
119.826	233.522	37.516	123.579
121.523	233.790	37.132	122.959
124.334	237.448	37.610	120.709
126.088	238.605	37.951	120.704
129.225	238.977	37.772	121.272
130.273	238.057	38.040	120.590
133.625	238.193	38.235	119.975
134.555	239.321	40.060	121.802
136.816	242.064	42.524	120.975
139.964	243.617	42.279	121.366
142.048	243.550	41.604	121.248
144.055	242.721	41.390	122.671
147.294	241.765	41.693	124.397
150.206	243.400	40.655	124.189
154.782	241.637	39.524	125.685
157.161	243.234	39.042	125.781
160.220	244.027	39.560	126.466
161.885	246.285	39.547	125.875
164.731	248.445	40.801	126.234
166.790	248.952	41.979	126.060
171.451	248.870	41.130	126.288
172.827	246.969	42.966	127.661
176.057	248.343	43.891	127.049
177.834	248.744	46.006	127.624
179.713	250.307	49.569	128.679
183.059	249.819	49.837	130.514
184.703	253.781	49.724	127.204
186.899	251.817	47.557	129.639
191.202	250.530	45.277	132.308
193.411	249.082	45.364	133.519
197.581	249.405	44.683	135.908
198.396	250.367	47.443	137.650
199.996	251.078	47.955	136.486
200.393	253.498	51.438	134.923
200.012	255.748	56.033	132.833
203.581	255.241	58.107	135.562
205.554	255.618	57.704	135.186
209.850	254.568	55.894	136.880
212.402	254.207	55.287	137.824
216.319	253.717	54.460	137.793
219.237	254.207	54.605	138.013
220.907	256.223	57.331	137.775
225.679	257.231	57.955	139.050
229.265	259.588	54.956	137.713
231.196	258.675	54.702	139.073
232.442	259.238	55.038	138.823
239.968	259.659	51.508	138.783
243.514	261.637	49.669	136.449
248.511	259.349	46.886	140.902
255.073	261.119	45.142	140.332
256.571	261.481	47.681	140.646
257.579	262.522	55.065	140.375
259.406	263.875	52.588	139.217
259.750	263.974	54.856	138.991
261.549	264.487	54.787	138.705
265.537	263.921	52.511	139.449
268.089	263.455	50.905	140.907
271.723	264.871	50.180	141.396
272.823	264.380	49.772	142.541
275.924	265.422	48.040	143.787
278.014	267.271	47.449	143.559
279.976	269.482	47.223	142.918
281.893	269.024	46.415	142.991
283.765	268.452	46.886	142.621
285.933	269.211	47.286	140.597
287.098	268.156	47.192	142.689
288.780	270.267	48.140	140.371
291.482	270.755	50.654	141.482
292.892	271.030	51.802	141.517
294.296	270.521	51.492	142.341
296.052	269.884	52.285	143.076
297.400	270.004	52.116	142.456
302.514	269.175	48.346	142.648
303.290	268.736	48.389	142.034
303.942	268.038	47.980	142.083
304.145	267.502	47.958	142.365
304.370	268.721	47.795	141.175
303.763	269.745	48.339	139.783
302.941	267.726	48.505	140.945
301.847	267.881	49.355	140.143
300.583	266.730	49.801	140.187
298.909	263.999	50.061	141.692
297.723	264.156	51.151	138.264
296.168	262.630	50.206	139.293
295.298	262.680	51.007	138.988
293.664	261.440	50.635	140.402
293.209	262.254	50.454	139.366
292.147	261.374	50.243	139.771
291.878	259.929	50.059	140.649
291.539	258.486	48.752	139.801
290.612	258.315	48.982	137.005
289.694	255.816	48.327	137.262
288.694	255.269	47.943	137.728
287.133	254.142	47.633	137.173
284.521	254.727	48.365	136.213
282.291	255.974	49.616	135.423
280.984	255.674	48.805	135.393
278.086	254.498	48.106	135.112
276.302	253.126	48.122	134.581
274.461	249.953	46.544	133.110
272.691	249.542	46.095	132.824
269.670	249.177	46.855	133.605
267.291	248.462	46.411	133.900
265.883	249.591	46.299	132.352
264.275	249.341	45.596	132.234
262.226	247.672	44.818	133.084
258.948	245.643	44.810	131.069
257.670	244.458	44.984	130.876
254.242	242.417	45.937	132.954
251.959	242.046	47.086	131.982
248.123	241.792	48.043	131.739
246.781	242.966	47.569	130.361
244.956	242.970	47.652	130.400
241.916	239.739	47.396	132.730
239.733	240.273	47.978	130.680
236.210	237.151	49.024	128.876
233.983	237.408	50.119	128.671
231.909	234.445	51.753	131.201
228.815	235.502	54.554	129.861
225.064	235.428	56.820	128.090
221.672	236.982	58.580	125.991
216.181	236.244	61.033	126.660
212.902	234.578	61.472	126.132
212.837	232.696	57.986	126.552
211.315	231.970	54.962	126.282
209.196	230.694	54.500	127.081
207.055	228.804	53.516	128.022
203.989	230.264	53.768	126.932
202.485	228.851	53.264	128.197
201.392	228.477	53.460	128.942
196.873	225.392	56.217	128.843
194.828	225.642	56.904	128.494
192.319	225.584	57.874	126.098
190.541	225.665	58.170	126.440
188.536	226.355	58.951	126.014
186.952	225.234	58.867	127.445
187.309	224.016	55.885	129.598
185.055	223.882	58.273	128.029
185.535	223.134	57.438	128.111
185.782	221.956	57.459	127.850
184.119	221.578	58.218	123.864
184.005	220.589	56.591	124.148
184.877	219.332	53.016	125.806
184.062	219.815	51.050	125.000
182.493	219.220	51.013	126.347
179.960	219.252	51.090	125.138
179.604	218.810	49.294	126.912
176.083	219.319	50.338	124.283
177.803	219.132	46.394	124.131
177.805	217.843	44.073	124.370
177.892	215.252	41.247	127.329
176.914	213.985	38.674	131.176
176.114	216.733	38.397	125.993
173.811	215.176	38.952	128.431
171.190	216.588	39.689	126.207
163.045	214.460	45.265	132.350
164.601	216.151	44.005	131.538
165.457	210.956	42.355	136.528
166.894	210.904	42.204	137.313
163.900	209.511	41.132	131.752
160.833	208.441	40.660	122.356
158.575	209.022	43.966	122.636
156.225	211.447	44.340	117.134
154.597	211.628	44.467	117.387
152.648	212.388	44.615	116.728
150.648	210.464	44.731	118.340
149.778	209.234	43.934	117.925
147.729	207.220	41.905	117.375
145.919	204.904	41.993	120.268
144.634	204.255	41.756	121.145
140.982	205.137	43.175	120.441
139.895	205.091	42.563	119.783
136.649	205.991	43.687	119.131
134.740	204.534	44.093	118.561
131.782	204.191	44.098	115.940
130.795	203.614	42.671	115.340
128.244	201.406	42.397	117.987
126.472	201.877	41.647	117.331
122.553	200.823	42.436	116.827
120.037	202.748	43.391	115.173
117.861	203.420	43.839	113.564
116.027	202.370	43.720	113.845
112.071	201.172	43.491	111.731
107.993	198.760	41.570	114.547
106.180	197.317	41.125	115.789
104.011	197.255	41.706	115.968
101.288	198.018	41.780	114.572
100.067	198.552	41.570	112.940
96.954	199.258	42.150	112.000
94.835	199.032	42.045	110.612
92.617	197.278	40.940	109.725
90.469	195.016	39.602	112.065
88.138	194.651	40.705	112.930
84.834	195.319	41.804	111.458
82.948	196.217	42.394	110.445
80.515	195.214	43.051	109.614
78.472	195.969	43.473	109.178
76.390	194.851	44.595	107.839
74.733	193.633	49.419	108.432
72.809	192.726	53.876	108.874
72.302	192.315	53.077	109.558
70.764	192.475	51.338	109.579
69.042	192.294	49.255	108.684
67.329	191.976	47.830	108.278
65.576	191.648	48.431	108.367
61.801	190.574	49.236	106.750
58.862	189.747	45.270	107.094
56.497	187.702	43.406	109.625
53.607	188.746	42.345	108.161
50.129	188.852	43.950	108.122
47.837	190.380	44.000	105.540
46.448	187.664	41.358	104.723
45.098	188.218	40.522	105.733
42.991	185.612	39.157	107.949
41.487	186.616	41.197	107.893
40.331	187.184	40.872	106.935
38.606	186.246	40.416	106.069
37.812	189.104	42.496	101.857
36.065	188.018	39.350	103.055
34.857	184.364	39.004	106.849
32.642	182.112	41.258	106.454
31.222	183.365	39.608	104.662
28.032	183.612	40.751	104.323
24.323	183.254	41.391	104.739
22.419	184.481	40.288	103.052
20.981	183.771	40.965	104.075
19.788	183.432	40.488	103.601
17.660	181.615	39.617	103.743
15.643	180.796	39.725	104.227
13.518	180.605	39.043	104.281
12.188	179.541	38.780	105.447
9.920	179.378	39.249	105.905
8.344	180.243	40.057	103.613
7.720	181.352	39.340	102.994
6.223	180.340	40.225	103.721
4.651	180.277	40.487	102.875
2.924	179.111	41.161	102.676
2.089	178.886	40.397	102.301
1.975	177.949	39.127	102.971
1.537	177.586	38.392	102.935
1.108	177.640	38.165	102.445
0.486	177.646	37.182	102.626
0.644	177.452	33.885	101.358
0.541	176.491	33.059	102.130
0.450	174.717	31.878	102.871
1.018	173.044	30.735	104.813
1.323	172.625	30.798	104.855
1.502	172.988	31.007	104.688
0.903	174.262	33.095	103.126
1.090	174.980	33.979	101.538
1.324	174.582	34.460	100.397
1.462	173.859	34.136	101.507
1.481	172.576	35.826	101.201
2.798	172.911	35.088	101.300
4.093	172.517	34.668	101.909
6.289	172.457	33.952	100.763
7.351	172.025	33.967	100.891
8.141	172.205	33.905	99.552
9.099	171.022	33.367	101.635
10.476	170.963	33.806	99.662
11.476	170.057	33.648	100.443
12.918	169.958	33.364	101.298
13.908	170.234	34.595	101.532
14.941	170.631	34.638	101.030
16.065	170.691	35.208	101.500
17.344	170.807	35.308	101.224
18.473	170.941	36.000	101.128
21.270	171.943	36.177	101.409
24.880	171.347	34.788	102.007
25.901	171.772	35.136	101.304
28.356	171.249	34.826	101.502
29.244	171.596	37.014	101.246
31.088	172.364	40.949	100.816
32.194	173.245	41.484	99.476
33.898	172.605	40.571	100.818
34.903	172.376	40.198	100.495
36.293	172.462	40.744	100.664
39.210	172.229	39.456	101.440
43.939	171.979	36.987	101.653
47.826	170.539	35.646	103.913
49.588	172.062	36.458	103.288
52.081	173.235	35.376	103.444
52.621	174.449	36.340	102.049
54.734	174.189	35.649	102.166
55.679	173.914	35.955	102.616
57.430	173.750	35.846	103.486
57.937	174.321	36.626	102.969
59.389	174.414	36.591	103.180
60.549	174.452	36.580	103.241
61.488	174.682	36.831	102.692
62.612	174.129	39.544	103.316
65.086	176.396	40.744	101.855
66.125	175.967	39.714	102.774
67.347	176.602	39.771	102.309
69.979	175.130	38.225	103.727
71.396	174.166	38.572	104.762
71.990	174.729	38.417	104.806
74.105	175.119	37.702	104.581
75.108	174.805	37.644	105.076
75.864	175.408	37.778	104.702
77.245	175.445	37.435	105.687
77.977	176.360	37.660	107.060
79.356	177.453	37.040	103.937
79.005	176.976	37.533	101.440
79.550	176.960	37.082	102.047
80.510	177.003	37.597	106.209
82.298	177.833	35.945	106.296
81.474	179.089	38.068	113.637
83.500	179.550	40.541	116.387
84.835	179.099	36.210	114.176
86.739	178.087	39.823	115.677
88.744	179.845	38.219	110.903
87.362	180.008	40.991	115.777
89.359	180.303	40.629	116.694
88.794	178.998	41.816	118.751
90.223	179.141	40.862	121.077
90.837	180.673	39.966	117.662
90.062	180.419	38.983	119.190
90.730	181.360	38.479	120.534
87.428	182.299	40.561	119.042
87.902	183.035	39.460	113.679
88.219	183.651	37.788	110.123
88.413	185.207	38.636	107.176
88.245	184.542	37.552	109.043
88.763	186.391	36.804	105.216
88.637	186.476	36.717	106.125
89.097	186.370	38.516	105.329
89.582	187.099	38.580	104.790
90.155	186.512	37.912	104.510
90.607	186.434	37.428	103.943
90.603	187.138	38.618	105.178
90.829	187.464	37.683	104.855
90.218	187.528	38.079	106.158
89.654	187.852	38.333	106.197
89.285	188.736	36.551	107.383
88.478	188.759	37.919	107.994
87.043	189.453	37.855	108.359
86.512	188.425	37.739	109.445
85.706	188.439	38.373	109.393
84.291	188.437	38.275	109.721
84.398	188.947	38.562	109.937
84.069	189.799	38.110	108.902
83.232	189.976	38.996	109.987
83.512	189.227	39.460	111.574
83.845	190.852	39.363	111.092
84.237	190.362	39.234	112.776
84.645	191.117	39.666	111.996
84.873	190.500	39.379	112.540
85.036	189.762	39.405	113.467
85.309	190.550	39.446	112.858
85.413	191.384	39.177	113.837
85.328	192.801	39.042	113.315
85.047	193.817	40.259	112.882
84.845	194.047	40.249	113.050
85.005	193.996	40.015	113.100
85.588	193.743	39.973	113.665
86.287	194.210	39.608	113.768
86.669	195.719	39.590	113.046
87.488	196.588	39.707	113.871
87.884	197.522	40.404	113.396
88.948	198.031	40.575	114.346
91.398	198.515	40.267	114.026
92.700	198.778	39.653	114.082
94.950	197.881	39.546	114.979
96.145	197.334	39.192	116.632
97.823	198.416	39.287	115.545
98.931	198.808	39.399	116.315
100.509	200.946	40.085	115.833
101.857	201.364	39.554	115.955
103.834	201.726	39.791	116.151
104.782	202.198	40.094	116.057
106.942	201.640	40.751	117.771
109.354	200.667	40.863	117.876
111.184	201.644	41.605	118.216
112.702	202.613	43.082	117.680
115.277	204.261	44.514	117.401
117.033	205.613	42.346	116.647
118.947	206.003	42.807	117.644
122.633	204.882	42.570	118.294
124.699	205.751	42.397	118.170
128.467	205.876	41.069	118.097
129.272	206.506	41.578	117.508
131.564	206.757	41.752	119.647
134.469	208.666	41.436	118.722
135.062	210.087	42.425	117.404
137.872	210.770	42.145	118.425
138.796	211.614	43.485	117.766
141.597	211.774	43.119	118.169
144.004	210.919	43.288	117.934
145.338	211.302	43.551	118.203
147.300	211.620	44.232	119.813
149.943	212.668	45.664	120.995
152.285	213.401	44.845	121.460
154.435	213.097	44.363	122.340
157.449	212.549	44.412	122.846
158.879	212.510	45.311	123.170
162.385	211.265	43.707	124.372
163.499	211.826	44.684	123.369
165.684	212.157	44.531	124.322
167.386	213.792	45.095	124.912
170.149	215.699	44.788	124.053
172.673	216.253	44.382	124.482
173.256	216.791	45.799	123.943
175.321	216.830	45.740	123.780
176.970	217.552	45.534	123.782
180.320	217.736	44.792	125.294
182.115	219.257	45.735	125.915
182.716	220.469	46.340	125.742
185.283	220.505	45.271	126.482
186.499	221.231	45.375	125.449
188.352	220.956	44.990	125.919
188.976	220.164	45.338	127.144
188.907	220.298	46.354	126.467
189.586	220.892	46.306	126.583
189.930	222.692	46.059	127.054
189.930	223.311	46.119	128.195
189.848	224.550	46.348	127.364
189.489	226.515	46.874	125.180
189.098	227.272	46.802	123.896
189.652	227.244	45.443	124.244
188.823	226.102	44.796	126.267
188.770	226.665	43.534	126.547
188.884	226.848	41.402	127.805
188.253	227.188	40.436	128.116
187.420	227.873	37.907	127.128
186.838	228.140	38.305	129.438
184.759	227.635	38.379	127.727
183.922	228.239	39.761	128.267
182.703	227.239	38.750	129.158
180.871	227.549	39.389	128.565
179.759	227.814	39.591	129.152
177.458	227.945	40.135	129.430
169.881	228.859	46.492	127.446
165.717	230.718	50.526	124.968
165.659	231.392	49.587	123.755
163.367	230.900	50.672	123.890
161.230	229.746	50.875	124.116
158.511	227.965	52.414	125.540
156.445	226.914	48.685	125.536
153.143	225.396	45.904	127.562
149.183	224.647	41.736	129.328
143.390	224.022	43.541	128.942
138.788	225.764	46.184	126.451
132.020	226.535	51.695	126.022
125.557	228.698	55.462	122.993
126.266	229.113	52.691	120.877
123.223	228.039	53.444	121.592
120.792	225.375	53.930	124.117
116.217	224.378	51.330	122.156
112.027	223.455	45.030	124.676
107.818	221.931	44.231	127.361
102.011	222.397	46.296	125.097
97.050	223.716	46.762	121.600
91.030	223.437	48.874	121.911
87.384	222.811	48.972	120.713
81.620	220.581	44.703	121.733
75.214	219.272	46.494	123.933
69.865	221.227	49.622	119.820
57.665	222.011	58.865	119.053
54.738	222.775	61.182	117.181
53.214	222.774	61.235	116.910
51.618	222.657	60.089	116.723
44.870	218.822	56.560	116.577
41.492	218.040	53.129	117.761
33.787	217.094	46.187	119.441
