38.000	144.000	25.000	86.000
38.403	142.946	24.057	89.757
38.617	143.146	24.798	89.316
38.755	143.031	24.591	88.545
39.360	142.630	23.415	90.030
38.941	142.383	24.958	89.382
39.379	143.454	25.122	88.519
39.770	142.215	25.063	90.247
40.368	142.669	24.831	88.944
40.328	143.029	25.370	88.123
40.373	142.544	26.101	89.190
41.072	143.162	25.629	88.457
41.344	142.908	26.206	88.706
41.340	142.392	25.916	89.338
41.571	142.770	26.643	88.264
41.873	142.609	26.522	89.403
42.041	142.278	27.279	89.447
42.708	142.781	27.313	88.361
42.478	142.557	27.878	89.377
42.470	142.384	27.865	89.488
42.387	142.553	28.467	89.643
42.232	143.441	28.290	88.141
41.629	142.587	29.458	89.844
41.496	143.188	29.365	89.206
41.213	142.115	28.685	89.645
41.037	142.996	28.712	89.386
40.341	142.955	28.454	89.338
40.019	143.456	28.599	88.467
39.860	143.334	28.176	88.853
39.816	143.060	27.608	89.087
39.291	142.853	27.471	88.511
39.197	142.556	27.532	90.191
38.844	143.472	27.612	88.940
38.750	141.702	27.927	90.128
38.963	142.964	27.238	88.326
38.718	142.889	27.330	88.311
38.662	142.145	27.636	88.124
39.204	143.467	27.567	87.190
39.000	142.924	27.588	87.982
38.577	142.381	27.865	88.187
38.690	142.197	28.008	88.483
38.878	142.557	28.033	88.058
38.934	142.742	27.977	88.242
38.792	142.819	28.082	88.309
38.411	142.387	28.173	88.953
38.150	143.494	28.319	87.588
37.697	143.411	29.823	88.041
37.332	143.964	30.365	87.746
37.908	143.730	29.828	87.883
38.255	142.893	30.113	87.793
37.582	142.730	31.991	86.723
38.668	143.258	30.904	85.852
37.457	142.363	32.163	87.971
38.200	142.025	31.667	89.007
37.322	141.653	32.195	86.800
37.773	142.236	32.219	85.495
38.368	142.574	30.893	84.584
38.472	141.547	29.494	90.625
37.279	142.219	30.392	91.348
38.202	140.916	28.663	91.318
38.747	141.630	27.438	86.620
38.442	141.959	27.449	85.696
38.566	141.866	26.294	89.087
38.377	141.113	26.240	90.086
37.768	142.441	29.505	88.113
36.818	143.353	32.187	85.514
36.380	143.429	32.717	81.584
35.359	142.810	33.711	83.315
35.400	142.781	33.585	84.155
35.977	142.912	29.893	84.736
36.197	143.094	29.753	82.813
35.824	142.576	30.611	84.432
35.227	142.262	31.029	85.883
35.379	141.996	31.188	84.466
35.616	142.423	31.456	85.719
33.715	142.581	32.481	85.460
35.085	142.340	32.999	85.806
33.047	141.883	35.708	87.917
29.824	142.768	39.302	85.017
34.741	142.676	33.448	83.462
34.327	142.369	34.079	82.358
35.053	143.575	33.353	82.134
35.023	142.740	30.791	84.824
35.049	142.657	29.631	89.872
35.011	143.379	29.052	88.673
34.577	143.417	33.074	90.915
34.910	144.116	29.853	88.204
35.192	142.778	29.400	89.687
35.253	143.793	29.517	89.887
35.011	142.503	29.901	90.117
35.021	143.382	33.343	90.939
35.240	143.629	33.702	89.080
35.092	144.399	34.158	87.192
34.595	144.321	34.226	87.760
35.164	144.198	33.569	87.102
35.854	144.041	33.637	86.611
35.438	143.564	34.531	87.635
35.342	143.475	34.214	87.274
35.449	143.714	34.367	86.945
35.493	143.675	34.133	87.346
35.537	143.521	33.903	87.818
35.145	144.153	34.242	87.066
35.151	144.518	33.670	86.280
35.473	144.245	33.490	86.939
35.240	144.994	33.475	86.245
35.284	145.128	32.455	86.312
35.521	144.279	31.569	86.831
35.599	143.493	31.217	88.420
35.436	144.557	32.110	87.629
35.855	143.866	31.392	88.109
35.143	144.341	31.832	87.732
35.216	143.987	31.645	87.844
35.095	143.948	31.726	87.823
35.250	144.027	31.931	87.835
35.353	144.828	31.860	87.327
35.810	143.844	30.440	88.154
35.522	144.474	31.464	87.499
35.973	143.963	30.968	87.915
35.352	145.108	31.668	87.009
35.419	144.200	31.761	88.157
35.509	144.382	31.387	87.773
35.727	144.145	31.622	87.687
35.388	144.926	31.986	87.329
36.055	144.235	30.263	87.939
35.883	144.591	31.257	87.443
35.781	144.002	30.960	88.115
35.781	144.771	30.842	87.545
35.839	144.414	30.003	87.752
35.825	144.181	31.047	87.717
35.749	144.513	30.953	87.219
35.310	144.979	31.596	86.753
35.376	144.941	31.051	86.942
35.923	144.142	30.127	87.667
35.134	144.183	31.058	87.418
35.327	144.708	31.219	86.995
35.376	145.211	31.732	86.883
35.164	145.063	30.990	87.054
35.510	144.181	29.987	87.508
35.019	143.870	31.173	87.971
35.223	144.576	30.924	87.618
35.327	144.751	30.554	87.427
35.671	144.496	30.353	87.462
35.469	143.905	30.328	87.548
35.711	144.159	30.270	87.159
35.280	144.105	30.833	87.526
35.392	145.365	30.996	86.578
35.248	144.496	30.787	87.701
35.161	144.396	31.031	87.246
35.762	144.201	30.484	87.322
35.312	144.931	31.358	86.992
35.681	144.083	30.823	87.739
35.762	143.848	30.261	88.005
35.681	143.374	30.736	87.970
35.558	143.946	30.787	87.351
35.360	144.353	31.993	87.358
35.892	143.987	31.183	88.086
35.198	144.105	31.902	87.816
35.371	144.105	31.843	87.786
35.979	143.948	31.180	87.974
36.095	143.987	31.131	88.055
35.933	143.909	30.105	87.563
35.565	144.353	31.186	87.601
36.177	143.446	30.237	88.432
35.552	144.839	31.268	87.156
36.124	144.082	30.394	87.737
35.750	144.708	31.428	87.025
35.519	144.591	31.501	87.081
35.536	144.435	31.205	87.207
35.854	144.513	31.132	87.521
35.684	144.318	30.626	87.889
35.762	143.926	30.800	87.537
35.923	144.083	30.787	87.679
35.802	144.240	30.893	87.643
35.721	144.005	30.538	87.488
35.640	144.081	30.777	87.086
35.441	144.314	31.105	87.094
35.554	144.902	30.912	87.223
35.294	144.299	30.626	87.420
35.167	144.240	31.383	87.403
35.042	144.530	31.623	87.009
35.843	144.083	30.588	87.619
35.194	145.327	31.914	87.011
35.727	144.200	30.389	87.768
35.476	144.357	31.204	86.987
35.721	144.669	30.930	87.004
35.506	145.391	31.440	86.417
35.490	144.847	31.181	86.991
35.244	144.630	31.223	87.133
35.923	144.552	30.938	86.851
35.490	145.574	31.104	86.812
35.435	144.216	30.629	87.596
35.435	144.396	31.275	87.156
35.517	144.747	31.193	86.926
35.353	145.250	31.357	86.845
35.076	145.279	31.669	87.304
35.270	144.195	30.434	88.127
35.476	144.591	30.926	87.322
34.906	145.327	32.081	86.406
35.435	145.219	31.832	85.979
35.346	145.314	31.704	86.614
34.974	145.044	31.651	87.359
35.435	144.318	31.025	87.679
35.517	144.633	30.728	87.305
34.923	144.925	31.584	87.302
35.476	144.121	30.657	87.668
34.974	145.211	31.257	86.793
35.469	144.886	30.772	87.281
35.476	144.103	30.478	87.766
35.558	144.162	30.117	87.391
35.590	144.572	30.636	87.359
35.144	144.652	31.363	87.425
35.681	143.804	30.523	87.482
35.127	145.123	30.948	87.015
35.019	144.339	31.331	87.828
35.182	144.732	31.194	87.493
35.312	144.397	30.835	87.243
35.068	145.018	31.522	87.016
35.042	145.297	31.543	87.091
35.076	144.611	31.272	87.643
35.517	144.240	30.870	87.758
34.854	144.630	31.852	87.223
35.025	145.004	31.401	87.403
34.555	144.790	31.637	87.447
35.173	143.725	30.959	88.153
34.833	144.380	31.761	87.211
35.476	144.184	30.547	87.738
35.558	144.979	30.547	87.024
35.429	143.905	30.609	87.814
35.161	144.785	30.953	86.977
35.424	144.691	30.967	87.416
35.923	144.357	29.751	87.466
35.455	144.417	31.055	87.455
35.538	144.785	31.047	87.248
35.458	144.513	30.970	87.430
35.618	145.134	30.340	87.021
35.590	143.884	30.390	88.389
35.042	144.708	31.743	87.175
35.396	143.884	30.384	87.905
35.517	144.552	30.506	87.210
35.550	143.905	30.261	88.412
35.640	144.240	30.549	87.583
35.435	144.123	31.186	87.192
35.558	144.083	30.039	87.709
35.348	144.261	30.298	87.250
35.085	144.843	31.107	87.209
34.940	144.941	30.979	87.154
35.469	144.024	30.699	87.725
34.819	144.396	31.569	87.638
35.132	144.576	30.745	87.256
35.103	144.260	30.262	87.757
34.897	144.396	31.027	87.427
34.980	144.123	31.656	87.281
34.320	144.414	32.586	87.490
34.930	145.072	31.732	86.167
34.613	144.574	31.817	87.324
35.011	144.105	31.573	87.786
34.459	144.732	32.488	87.402
34.527	145.479	33.214	85.961
34.720	144.868	32.075	86.477
34.679	145.288	33.086	85.877
35.270	145.004	32.806	86.111
35.270	145.004	32.557	86.378
35.229	145.219	32.136	86.214
35.394	145.365	32.587	86.247
34.968	145.530	33.373	85.493
35.479	144.907	31.995	86.203
35.205	145.826	32.693	85.667
35.640	145.162	31.864	86.444
35.725	144.162	31.593	87.993
35.520	143.948	31.581	87.853
35.198	144.302	31.464	87.439
35.645	144.263	31.208	87.659
35.686	144.042	30.797	88.045
35.769	143.606	31.247	88.065
34.866	144.066	32.435	88.128
34.679	144.447	32.496	87.783
35.093	144.721	32.261	86.696
34.596	145.314	33.403	86.488
35.139	144.223	32.514	86.923
34.652	144.965	33.456	86.477
35.089	145.128	32.365	86.253
34.955	144.907	32.550	86.615
34.919	145.545	32.955	86.106
35.354	144.476	32.215	86.722
34.759	145.568	32.828	85.730
35.105	145.219	31.911	86.214
35.110	145.634	32.530	85.829
35.229	144.985	32.086	86.154
34.679	145.787	33.128	85.736
35.060	144.985	31.677	86.596
35.310	144.941	31.117	86.973
35.312	144.024	30.835	87.607
34.749	145.018	31.482	87.107
35.435	144.161	30.810	87.747
34.767	144.318	31.899	87.475
34.339	145.159	32.159	87.340
35.299	144.195	30.481	88.246
35.105	144.240	31.127	88.088
34.544	145.043	32.238	87.121
34.680	144.790	31.558	86.185
34.733	145.008	31.538	87.375
34.720	144.790	31.628	87.447
34.970	144.002	30.690	88.055
34.590	145.173	32.045	87.165
34.971	144.275	30.949	87.456
34.714	144.474	31.753	87.620
34.805	144.027	30.851	87.895
34.785	144.863	31.605	87.444
34.785	144.594	31.727	87.884
34.628	144.697	32.113	87.578
34.722	144.302	31.269	87.583
34.847	143.844	30.914	88.094
35.011	144.419	31.336	88.079
34.561	145.128	31.896	87.327
34.847	143.916	30.986	87.669
34.273	145.070	31.833	86.772
34.595	144.829	31.605	87.378
34.574	145.141	31.492	87.036
35.051	144.318	30.481	87.709
34.648	144.240	30.652	87.373
34.320	144.979	32.125	86.994
34.672	145.219	32.211	86.988
34.848	145.184	31.747	86.109
34.368	144.535	31.943	87.453
34.171	144.615	32.016	87.398
34.806	144.537	31.205	87.536
34.929	144.555	31.218	87.743
35.051	144.594	31.516	87.704
35.102	144.633	31.464	87.484
34.980	144.515	31.437	87.542
35.353	144.279	31.180	87.868
35.102	144.002	31.464	88.085
34.971	144.066	30.837	87.946
35.011	144.552	31.336	87.331
35.229	144.476	31.059	87.552
35.229	144.240	30.368	87.848
35.062	144.083	30.653	87.619
35.103	144.279	30.570	87.304
35.348	144.469	30.590	87.120
34.801	144.766	32.480	87.105
35.102	144.657	31.436	86.842
34.906	144.435	31.325	87.237
35.517	144.513	30.943	87.340
35.435	144.552	30.629	87.331
35.388	144.260	30.550	87.578
34.750	144.201	30.933	87.652
34.753	144.513	31.123	87.189
34.784	144.669	31.703	87.395
35.454	144.476	30.365	87.671
34.936	144.456	31.099	87.591
35.022	144.358	31.408	87.700
34.940	144.498	31.369	87.304
35.093	144.669	31.692	87.124
35.211	144.515	31.138	87.662
35.177	144.240	30.936	87.758
35.144	144.318	30.814	87.746
35.076	143.848	30.998	87.975
35.294	143.829	30.628	88.044
35.008	143.906	31.066	89.277
35.052	143.618	30.333	88.295
34.337	144.123	30.708	88.002
34.369	144.396	31.028	87.728
34.418	144.476	31.498	87.581
34.865	144.946	30.294	87.472
35.174	144.142	30.958	88.175
35.811	143.434	30.947	89.034
36.633	143.776	30.368	88.789
37.126	145.275	31.453	88.306
37.636	144.967	31.675	90.208
39.153	145.377	30.947	89.939
40.150	144.313	31.478	91.516
41.875	144.352	31.149	91.508
42.910	145.402	31.837	90.819
43.329	143.884	31.680	91.876
44.665	145.405	31.758	90.659
45.378	144.780	31.886	91.342
45.554	145.811	32.635	90.647
47.505	146.984	31.791	90.286
47.513	148.041	32.304	90.262
48.606	148.707	32.277	90.227
49.223	148.432	32.666	90.258
49.389	148.750	33.252	90.586
50.546	147.325	33.361	92.893
50.915	148.693	34.098	91.162
51.853	149.021	34.261	90.592
53.245	149.313	34.254	90.949
53.535	150.283	34.392	90.632
55.683	151.043	33.354	91.013
56.281	151.421	32.962	92.808
57.323	150.635	33.664	93.531
57.668	150.041	33.722	93.040
58.641	150.380	33.895	93.390
58.346	150.765	34.746	93.924
59.902	152.318	34.051	92.675
59.763	152.888	34.025	93.072
61.072	154.293	33.178	92.708
61.321	154.717	34.463	93.625
62.067	154.217	34.427	93.256
62.102	153.640	36.856	94.542
63.371	153.711	37.140	93.943
64.538	155.128	37.625	94.332
65.921	156.600	36.481	94.904
67.639	157.474	34.461	95.761
68.121	155.384	34.810	98.485
68.583	155.495	35.446	98.407
69.072	154.921	35.449	99.709
69.545	155.803	36.388	100.470
69.752	156.556	36.576	99.250
71.066	158.869	35.649	96.899
71.283	159.437	35.338	97.395
72.942	160.339	35.393	97.670
73.631	159.953	36.095	97.985
73.971	159.542	36.494	98.930
75.774	159.309	36.163	99.934
76.856	160.576	36.880	99.219
78.132	161.348	36.565	98.848
80.220	162.689	35.923	100.782
81.856	162.179	36.201	102.666
82.389	162.801	36.291	101.013
84.065	161.169	36.205	102.774
85.752	162.148	36.251	102.268
86.309	163.480	36.307	101.110
88.735	164.602	35.413	102.273
89.947	165.642	35.628	101.893
90.762	165.770	35.968	102.995
92.621	165.029	37.005	103.604
94.531	165.185	38.299	104.106
95.146	165.834	38.785	103.263
98.528	168.236	38.501	101.927
100.651	169.989	38.148	101.910
103.502	170.381	37.184	103.471
106.695	166.429	36.707	108.095
106.745	168.612	38.716	105.619
109.048	169.723	38.053	106.288
110.502	171.645	37.591	106.007
111.964	172.329	37.606	105.655
112.433	172.976	37.977	105.245
113.357	173.049	38.759	105.439
114.166	173.078	38.958	105.022
114.363	174.183	38.976	103.212
115.350	174.340	39.558	104.509
115.920	174.651	40.110	104.733
117.308	176.277	39.437	104.460
119.230	177.953	38.943	104.865
120.333	177.934	38.705	105.119
122.608	176.766	37.499	107.332
123.360	175.756	37.950	107.806
123.414	176.530	38.484	107.315
124.670	177.537	39.188	107.836
125.005	179.397	40.612	107.556
126.086	180.724	40.094	105.861
127.351	181.071	39.930	106.205
127.666	181.153	40.563	106.476
128.323	180.651	40.620	108.130
130.677	180.438	40.396	108.154
130.948	181.087	40.662	107.031
133.006	180.986	40.366	109.000
135.698	183.047	39.342	108.663
136.576	182.609	39.256	110.971
139.336	184.285	38.625	111.353
141.613	182.653	38.891	113.397
143.518	182.497	39.632	113.589
144.358	182.540	39.867	111.871
147.045	184.098	39.907	112.822
149.350	186.880	40.528	111.157
151.969	187.308	40.502	111.728
152.640	187.832	41.173	112.241
155.287	188.491	42.061	112.503
155.365	188.510	43.870	112.686
157.053	188.867	44.855	111.436
159.037	190.250	47.964	111.762
162.989	192.916	49.410	109.973
167.259	193.108	47.047	110.630
173.200	194.041	44.374	111.109
180.396	193.804	41.249	109.462
188.050	191.601	36.716	112.214
193.042	191.549	35.809	115.511
198.318	192.912	35.837	115.701
202.941	196.420	40.094	113.039
209.484	196.445	37.291	111.704
211.452	194.873	34.252	114.940
214.495	193.028	32.993	117.089
217.852	193.842	32.049	119.138
219.311	194.250	32.742	115.412
221.056	193.570	33.186	114.766
222.568	194.115	32.562	114.440
221.300	196.371	40.332	113.906
222.089	197.234	39.875	112.883
223.373	196.821	40.452	114.488
226.369	196.650	38.756	112.992
225.624	197.496	40.820	112.155
226.978	198.814	40.568	111.645
228.286	198.583	39.779	113.314
229.506	199.214	39.908	114.627
230.787	200.464	40.089	114.811
232.364	201.316	39.756	115.235
232.106	200.215	41.582	116.561
231.161	202.004	45.044	113.678
231.202	204.592	47.836	112.064
231.907	206.325	49.499	112.378
239.930	206.581	42.270	112.085
245.619	206.425	38.789	112.746
249.183	204.242	38.600	116.729
251.383	205.279	37.343	117.166
252.211	205.094	36.762	116.837
255.387	208.588	35.129	115.494
255.159	209.237	36.421	117.016
255.426	211.982	38.827	117.428
252.402	213.695	44.006	115.979
251.719	214.286	47.822	111.912
253.119	214.931	48.828	112.628
256.905	217.245	46.886	114.588
255.279	219.256	48.714	113.757
260.272	219.753	46.017	114.147
258.487	220.911	49.738	113.899
259.925	219.187	49.859	118.992
261.507	219.187	49.755	118.938
265.350	218.819	48.239	119.197
267.647	219.938	48.477	121.219
267.238	221.040	49.885	123.109
272.144	223.506	47.683	121.040
271.385	222.923	49.652	123.491
275.642	224.195	48.154	123.082
279.215	224.695	47.295	121.523
281.042	224.839	46.994	123.196
285.568	227.121	45.219	122.350
289.554	229.013	43.919	125.561
292.099	229.734	43.646	127.200
293.004	229.785	44.369	127.393
294.770	228.362	45.024	128.478
294.820	227.875	45.975	128.848
295.890	229.127	47.593	129.679
296.544	231.572	48.934	132.694
298.996	233.870	47.987	131.816
300.726	233.149	47.647	132.350
302.818	232.612	47.449	133.899
303.542	233.521	48.030	133.097
305.124	234.140	48.680	133.353
305.471	234.455	49.305	133.788
307.996	237.505	48.926	134.671
308.995	239.582	49.179	136.029
311.654	241.275	48.265	136.341
313.211	240.045	48.608	138.430
315.729	239.880	47.809	139.367
316.552	240.494	47.172	138.318
318.751	242.696	46.218	140.377
318.352	246.418	47.369	139.011
318.468	246.686	47.009	137.446
318.530	248.492	46.935	134.057
319.934	247.489	47.904	137.498
321.981	247.746	46.951	138.763
323.091	248.186	45.019	140.419
324.853	248.158	43.683	141.765
326.619	251.125	41.242	141.000
327.209	250.552	42.031	142.265
329.921	249.995	46.054	144.065
332.061	250.642	48.070	142.417
335.216	249.326	51.102	143.967
337.842	249.505	54.571	143.691
339.239	250.607	54.649	142.741
341.142	252.622	56.870	141.872
345.189	254.473	54.781	142.285
348.140	253.346	52.496	143.895
349.515	253.122	50.579	145.102
352.277	252.764	48.251	145.192
354.009	252.602	47.955	145.827
356.032	253.684	48.845	146.644
356.183	253.163	50.046	147.877
356.647	254.084	52.561	148.656
357.293	253.874	53.082	148.377
357.217	256.008	54.848	147.228
357.004	257.027	56.131	145.696
358.618	255.681	54.091	146.832
358.991	254.697	54.300	149.058
359.990	254.038	52.616	149.191
360.212	256.268	52.653	146.968
360.089	255.686	52.397	148.742
361.345	256.349	49.959	147.923
362.095	255.102	48.698	149.267
363.900	254.551	47.069	149.224
365.622	255.838	45.964	148.992
366.773	255.568	46.534	149.240
368.449	255.572	46.157	149.311
369.380	256.246	46.859	148.392
370.591	255.674	46.311	148.486
371.265	255.946	46.523	148.957
371.775	255.979	46.306	149.035
371.609	256.385	47.229	149.026
372.475	255.572	46.486	149.509
372.993	256.233	45.831	149.376
373.070	257.215	45.699	148.431
373.085	256.085	45.015	150.225
372.459	256.812	44.494	149.231
371.889	256.935	44.232	149.468
371.266	256.496	43.942	150.012
370.828	257.211	43.934	149.429
370.626	256.874	43.404	149.800
370.441	256.963	43.364	149.408
369.557	257.014	42.932	149.688
369.572	257.295	42.703	149.047
368.995	258.250	42.816	148.552
368.205	258.383	43.432	148.127
367.820	257.830	43.284	148.094
366.943	258.232	43.716	148.017
366.798	258.633	43.697	147.877
366.301	259.230	43.358	148.002
365.273	258.091	43.990	148.044
365.203	259.045	44.473	147.166
365.024	259.428	44.957	147.147
365.301	260.205	44.496	146.217
365.949	259.900	43.914	147.533
366.072	260.238	44.167	147.458
366.798	260.868	43.939	147.319
367.648	260.702	43.410	148.302
368.499	262.587	43.973	147.086
369.488	262.355	43.680	147.898
370.856	262.833	43.927	147.410
371.502	263.484	44.719	147.281
372.768	263.034	44.827	148.451
372.918	263.398	45.298	148.062
373.225	263.044	45.426	147.827
372.914	263.297	45.682	147.574
372.376	264.348	45.975	147.703
371.880	264.122	46.213	149.003
371.130	265.000	46.085	148.709
370.851	263.731	45.732	151.834
369.290	265.169	45.084	150.786
368.715	265.722	45.119	150.693
367.473	265.533	45.487	150.719
365.718	266.948	44.997	149.633
365.040	267.268	44.634	149.175
363.465	265.986	44.452	150.032
362.158	267.211	44.556	149.929
361.731	267.121	44.563	150.239
360.735	267.121	44.722	150.505
359.884	267.870	44.306	150.355
359.530	267.107	44.632	149.965
358.558	268.636	43.993	148.725
358.243	267.606	44.005	150.100
358.126	268.046	43.793	150.114
356.494	266.464	43.942	151.566
356.323	267.618	44.388	150.005
355.318	267.538	43.671	150.622
354.803	265.942	43.575	152.684
354.418	263.972	43.326	154.013
353.477	263.339	45.276	153.205
352.247	262.196	44.493	153.938
350.221	262.152	46.033	153.506
348.773	263.713	46.404	148.735
348.174	263.372	45.195	149.461
345.824	260.789	45.628	151.732
343.541	261.863	46.117	149.922
340.705	261.871	46.976	150.330
338.939	262.270	47.662	149.581
336.051	261.812	47.656	149.443
335.136	262.006	47.154	148.396
333.236	261.015	45.421	149.784
331.584	261.067	45.820	149.600
329.302	260.133	46.056	149.218
327.928	261.260	46.287	147.598
326.193	260.673	44.569	146.282
324.903	260.918	43.602	146.748
323.277	261.548	43.832	145.960
322.585	259.210	41.976	148.981
321.837	259.413	42.245	148.904
321.429	258.240	42.441	149.752
320.760	257.889	43.136	149.250
320.874	257.407	43.118	149.434
319.779	257.048	43.490	146.737
319.669	256.619	43.357	147.646
318.940	255.718	44.140	148.375
318.545	255.607	44.326	147.744
317.279	255.253	44.760	147.904
316.241	255.173	45.613	147.872
314.295	255.943	46.450	146.079
312.950	254.615	46.053	148.039
311.903	255.659	44.978	147.163
309.771	253.797	43.472	148.275
307.588	253.331	43.118	147.904
305.151	253.495	43.829	147.811
303.529	253.110	43.162	145.098
301.753	252.395	42.991	146.308
300.415	252.645	42.661	145.610
299.917	252.744	42.912	145.704
298.321	253.090	43.372	145.165
298.623	252.049	42.206	146.271
296.403	250.175	42.328	145.526
294.399	248.358	43.476	144.478
293.637	246.645	43.366	143.716
291.653	247.457	42.564	142.144
289.222	246.883	43.131	141.383
288.212	247.729	43.824	140.162
286.478	246.137	42.886	141.976
283.723	245.071	42.868	141.624
282.142	243.672	43.813	141.613
280.473	241.656	43.354	140.608
279.151	241.819	43.607	139.416
278.216	240.531	42.428	141.002
277.252	241.737	42.917	139.558
275.958	241.014	42.590	140.581
275.527	241.452	42.544	139.596
274.771	241.093	42.278	139.275
273.414	239.168	43.386	141.016
272.151	237.802	42.825	137.017
271.331	235.727	42.400	135.673
270.941	234.468	42.335	137.014
269.121	235.272	41.908	135.845
267.766	234.587	42.170	135.908
267.037	233.791	42.680	136.047
265.864	233.060	41.809	135.055
265.084	230.555	41.629	134.573
264.939	229.183	41.938	133.302
264.610	228.771	42.147	132.611
264.695	227.964	41.840	132.438
264.751	228.379	41.840	132.222
264.910	228.289	42.347	130.967
264.737	227.266	43.255	131.958
265.966	225.602	42.845	130.975
266.274	224.949	43.256	130.439
267.876	222.005	42.419	129.226
269.073	220.879	42.254	129.361
269.878	221.083	42.275	128.554
270.615	221.080	42.467	129.878
271.373	220.591	42.229	129.620
272.220	218.231	42.951	129.337
272.018	218.370	43.295	125.705
272.493	214.906	43.065	128.229
272.543	215.080	43.712	127.756
273.082	215.407	44.920	127.178
274.099	215.755	44.146	126.433
275.707	215.256	43.727	127.297
276.244	214.992	43.927	127.164
276.689	210.776	45.797	128.829
277.475	210.242	47.689	125.588
278.622	211.727	45.095	122.928
278.822	210.994	43.060	123.990
278.131	205.552	42.592	123.715
277.891	204.855	42.223	121.667
277.828	204.520	41.944	121.725
277.269	204.606	42.738	120.721
276.900	203.035	43.096	121.606
276.395	199.214	43.130	121.821
276.250	199.235	41.799	119.534
275.481	199.985	41.572	118.931
274.167	199.032	41.440	119.196
272.775	198.598	41.170	119.376
271.802	196.715	41.878	120.303
270.634	196.233	41.849	117.626
269.372	194.011	41.649	118.359
268.570	193.607	41.410	118.040
267.259	192.945	41.857	118.229
266.794	194.506	41.061	116.945
265.678	193.361	39.967	117.586
264.358	190.441	39.651	116.672
263.229	189.536	38.629	115.731
261.287	189.808	39.405	115.765
259.474	189.639	38.172	115.635
256.741	186.838	39.201	114.732
254.796	184.950	39.929	114.674
253.550	185.355	40.832	113.399
253.029	186.625	40.404	112.435
252.963	185.809	39.882	113.208
252.168	183.887	39.626	114.764
251.840	182.413	38.745	112.787
251.026	181.386	38.571	112.323
250.071	181.538	38.123	112.511
248.951	180.663	37.906	112.122
247.092	181.055	37.912	111.583
245.198	180.250	38.950	110.995
243.469	177.953	39.955	110.900
242.435	177.087	38.966	110.866
241.647	176.788	39.404	110.021
241.313	177.119	39.041	109.990
240.642	177.990	38.696	109.630
240.229	177.960	38.397	109.338
239.529	177.898	37.952	108.857
238.306	175.509	37.588	109.706
236.892	175.341	37.800	106.905
235.485	173.502	37.628	110.150
233.941	175.352	37.124	107.117
232.567	174.879	36.422	107.015
230.317	175.085	36.421	106.372
229.355	174.678	36.927	106.787
226.424	172.468	37.419	107.771
224.913	171.512	36.649	107.847
223.686	170.648	37.775	107.217
222.326	171.913	36.678	106.399
221.310	171.847	37.219	106.028
220.187	173.052	36.506	105.201
219.391	172.224	36.170	105.682
216.725	171.629	37.120	106.061
214.941	170.800	36.127	105.972
213.702	170.040	36.933	104.770
212.415	169.555	36.074	105.568
211.093	169.202	36.563	105.838
209.086	169.622	35.798	104.717
207.109	169.577	36.143	103.879
206.710	170.228	34.683	103.688
203.495	168.996	36.004	104.181
200.865	168.523	35.536	103.726
199.620	167.813	36.357	103.455
198.271	168.228	34.710	102.690
197.350	167.786	34.930	102.862
195.284	168.103	35.217	103.049
194.364	168.143	35.553	102.633
193.453	167.694	35.914	102.707
192.115	167.502	34.541	103.101
190.689	166.496	34.890	103.348
189.074	165.764	34.964	101.552
187.132	164.187	34.836	101.616
186.201	165.595	33.311	85.152
184.664	166.235	32.196	78.135
181.650	165.355	32.516	73.975
178.940	164.571	31.825	71.609
176.895	163.181	32.314	68.192
175.780	162.534	32.724	68.527
173.157	160.779	33.103	71.180
171.951	160.951	33.355	69.893
169.954	160.993	33.292	74.567
168.655	161.699	34.346	76.630
166.964	160.650	33.267	79.318
165.249	160.619	34.360	84.721
162.801	160.415	34.514	90.065
159.874	160.019	34.193	94.811
157.149	159.383	33.823	97.668
153.177	160.046	35.824	97.102
151.261	160.163	36.696	97.562
147.936	160.317	37.022	96.316
145.584	159.641	37.596	97.279
141.820	159.163	35.033	95.728
140.148	158.886	33.414	97.453
137.625	158.835	32.178	97.018
136.504	159.251	32.325	97.844
134.695	159.135	31.298	96.113
131.214	159.607	31.425	95.342
129.498	159.319	31.931	95.322
127.202	157.334	32.784	96.251
123.303	154.895	34.831	97.515
119.875	154.653	29.943	97.106
113.789	156.294	29.043	94.803
113.203	157.128	30.507	95.136
108.000	158.129	33.864	94.776
106.188	157.018	32.193	93.953
103.882	156.002	31.874	93.605
101.823	156.395	27.680	93.669
100.854	154.073	26.513	94.984
98.081	155.361	26.721	93.255
95.752	154.355	28.776	94.206
94.883	154.843	29.096	93.999
92.232	155.049	30.575	94.250
89.736	153.889	31.644	95.672
88.074	153.543	31.684	95.817
87.220	153.776	31.534	94.910
86.164	152.797	31.421	95.319
85.567	153.041	31.891	94.860
85.263	152.914	32.001	94.566
85.019	152.644	31.569	94.634
84.802	152.475	31.694	94.383
85.241	152.280	30.994	94.725
85.030	152.875	31.072	94.040
84.398	151.245	32.132	95.497
84.280	151.150	31.493	95.243
83.596	150.541	32.109	96.095
83.368	151.344	32.390	95.294
82.673	151.734	32.349	94.464
82.333	150.882	32.099	96.116
81.091	150.935	32.304	95.536
80.760	150.410	31.733	96.228
79.872	150.623	32.239	96.247
79.005	150.463	32.355	96.401
78.185	150.676	32.907	96.473
77.106	150.387	32.970	96.389
76.482	149.903	33.006	97.045
76.024	149.308	33.212	97.784
75.304	149.714	33.739	97.318
74.570	149.366	34.205	97.867
74.348	148.813	34.376	98.090
74.355	149.223	34.544	97.330
74.118	149.471	34.749	97.202
74.758	149.296	33.967	97.242
75.169	150.326	34.188	96.492
75.304	149.322	34.110	97.710
75.914	148.857	33.787	97.879
76.272	149.332	33.491	97.319
76.561	149.401	33.617	97.647
77.170	148.852	33.389	97.999
76.978	149.071	33.533	97.747
76.888	149.462	33.897	97.055
77.214	149.879	33.686	96.588
77.529	150.005	33.427	96.640
77.663	149.872	33.625	97.053
77.425	149.931	33.933	97.267
77.380	150.104	34.519	96.595
76.644	149.974	35.778	96.824
76.768	150.019	36.063	96.553
76.549	150.106	36.424	95.875
75.865	150.178	37.749	95.614
75.479	150.464	37.903	95.491
75.259	150.637	38.356	95.352
74.465	150.656	39.340	95.096
74.609	150.194	39.275	96.090
74.302	150.359	39.210	95.226
73.219	151.142	39.279	94.745
71.768	150.699	40.470	95.476
69.853	150.552	41.899	95.579
66.103	150.286	44.845	95.693
65.063	150.084	45.510	95.811
62.764	150.520	47.104	95.339
67.962	150.914	42.006	95.656
69.217	150.637	40.351	95.965
70.742	150.612	37.882	96.031
72.113	150.221	36.631	96.118
72.292	150.410	36.406	96.228
71.195	150.410	37.457	96.195
71.759	150.221	36.750	96.481
73.074	150.669	36.181	95.836
72.792	150.988	36.736	96.015
72.465	150.875	37.096	95.786
73.604	151.357	36.186	95.181
74.118	150.722	36.407	95.707
74.143	151.586	36.520	95.151
74.340	151.125	36.897	95.628
73.501	150.875	37.748	95.329
73.998	151.014	37.438	95.393
74.337	151.614	37.428	95.090
74.561	151.048	37.235	95.908
74.286	151.335	37.692	95.786
73.976	150.685	38.239	96.304
73.647	151.324	38.558	95.170
72.624	150.656	39.972	96.047
72.770	150.857	39.956	96.199
72.643	150.788	40.330	96.316
72.979	150.083	39.798	96.593
73.089	149.978	39.835	96.702
73.873	150.549	39.446	95.933
74.669	150.857	38.719	95.966
75.208	150.559	38.384	96.172
75.219	150.949	38.284	95.222
75.513	150.047	38.103	95.932
76.570	150.626	36.391	96.224
77.385	151.656	35.765	95.247
77.704	151.191	35.126	95.655
79.202	150.271	33.695	97.208
78.530	149.671	34.128	97.528
78.205	149.734	34.805	97.435
78.342	150.081	34.820	97.188
78.114	149.777	34.813	97.158
78.022	149.864	35.191	97.205
77.901	149.528	35.228	97.528
77.249	149.888	35.775	96.882
76.415	149.932	36.507	97.071
76.163	150.265	36.983	96.173
76.113	150.366	37.315	95.844
76.696	150.551	37.290	95.802
76.839	150.453	36.886	96.053
77.123	150.280	36.547	96.590
77.170	150.885	36.248	96.085
77.419	150.615	36.196	96.341
76.949	150.615	37.077	96.144
75.618	150.728	38.496	95.768
75.654	150.846	38.555	95.485
75.718	151.346	38.207	95.689
75.843	150.345	38.297	96.051
75.970	151.142	37.627	96.012
76.242	150.946	37.232	96.175
76.791	151.162	36.934	95.761
76.981	150.267	37.175	96.460
76.695	150.352	37.492	96.450
76.888	150.786	37.063	96.182
76.887	150.772	36.621	96.481
77.357	150.859	35.901	96.461
77.419	150.615	35.262	96.374
74.926	149.473	37.725	98.326
74.751	150.683	38.588	99.753
75.664	151.409	38.326	87.002
75.436	151.480	38.074	90.667
76.071	151.318	36.593	93.830
76.644	152.082	36.185	93.900
76.984	151.732	35.143	94.791
76.330	151.647	35.944	94.869
76.597	151.277	34.839	95.277
76.534	150.097	34.851	96.753
76.432	150.255	35.098	96.781
76.072	150.428	35.097	96.741
76.386	150.988	34.667	96.248
75.979	150.366	35.004	96.905
75.637	150.385	35.701	97.019
76.455	150.004	35.466	97.816
76.470	149.677	34.988	98.244
76.190	149.324	35.284	98.296
75.908	150.003	35.631	97.770
76.237	149.853	35.484	97.699
76.377	149.801	35.843	97.873
76.526	149.433	35.309	98.476
76.384	149.828	35.499	98.013
76.424	149.633	35.867	98.020
76.807	150.003	35.697	97.804
76.900	149.985	35.708	97.835
76.887	149.985	35.811	97.501
76.981	150.161	35.733	97.159
76.878	150.453	35.694	97.153
76.785	150.267	36.100	96.822
76.691	150.842	36.283	96.128
76.502	150.702	35.458	96.123
76.797	149.765	34.971	98.120
77.697	149.055	33.271	98.216
77.074	148.980	34.095	99.446
77.339	149.368	33.974	98.085
76.771	149.821	34.585	97.248
75.603	149.472	36.825	97.597
76.041	149.497	36.786	96.953
76.163	149.598	36.844	96.888
77.085	149.547	35.471	97.599
77.480	148.646	34.135	99.167
77.342	149.280	33.854	98.529
77.456	150.064	33.501	97.464
77.920	149.094	33.018	98.105
77.696	148.796	33.271	98.036
77.471	149.027	33.083	97.791
76.724	149.787	34.362	98.166
77.088	148.947	34.481	98.640
77.203	148.834	34.109	98.571
77.591	149.179	33.718	98.248
77.456	149.253	33.947	98.017
77.681	149.428	33.754	98.077
77.636	149.384	33.879	97.552
77.449	149.636	33.852	97.216
76.687	149.365	35.466	98.052
77.444	149.029	35.241	98.195
78.067	149.554	35.490	97.535
78.927	149.495	34.901	98.627
80.234	150.314	34.738	97.350
80.591	150.547	34.460	97.143
81.289	149.913	34.029	97.755
81.625	150.212	33.823	97.226
81.362	150.729	33.787	97.037
81.484	149.840	33.882	97.267
81.432	150.565	33.544	97.026
81.350	150.388	33.687	97.732
80.914	150.682	34.452	97.247
81.096	150.293	34.227	97.712
81.377	150.664	33.692	97.082
81.740	151.035	33.279	96.558
82.107	151.208	33.069	96.274
82.292	150.993	32.902	97.140
82.190	151.008	32.857	96.559
82.553	151.518	32.767	96.268
82.411	150.751	33.166	97.087
82.281	151.008	33.101	96.817
82.006	151.075	33.212	97.010
82.306	150.540	33.128	96.899
82.023	150.886	33.411	96.800
82.371	150.875	33.150	97.080
82.383	151.208	33.298	96.661
82.434	151.439	33.161	96.214
82.622	151.051	33.164	97.391
82.650	150.716	33.464	96.765
82.724	151.248	33.313	96.264
82.639	151.191	33.404	97.247
82.692	151.019	33.365	96.590
82.950	151.208	33.045	96.791
83.052	150.908	33.198	97.133
82.811	151.108	33.525	96.718
82.618	151.241	33.675	96.714
82.978	150.923	33.514	96.599
83.035	150.741	33.258	96.955
82.829	151.183	33.593	96.416
82.582	151.108	33.969	96.031
82.889	150.785	33.479	96.578
82.689	151.150	33.562	97.014
82.945	150.783	33.415	96.145
82.984	151.223	33.395	96.389
82.741	150.975	33.724	96.293
82.439	150.808	33.941	96.417
82.706	150.952	33.288	96.387
82.706	151.223	33.501	96.476
82.978	151.088	33.436	96.111
82.844	150.517	33.279	96.457
82.493	151.225	33.544	96.685
82.741	151.141	32.958	97.117
82.653	150.506	33.384	96.804
82.311	151.281	33.982	95.757
82.311	150.662	33.769	97.037
82.600	150.322	33.611	96.753
82.666	150.574	33.104	96.507
82.605	149.960	33.568	98.042
82.503	150.014	34.015	96.875
82.379	149.902	33.807	97.211
82.164	150.663	34.239	96.449
82.272	150.288	33.914	97.268
82.502	150.848	33.469	96.690
82.485	150.660	33.638	96.586
82.350	150.747	33.566	96.103
82.115	150.629	34.232	97.113
82.467	150.782	33.676	96.843
81.552	150.754	34.826	96.975
81.753	150.664	34.117	96.736
81.753	150.654	34.275	97.075
81.909	150.549	33.656	97.162
81.807	150.588	34.133	96.752
81.698	151.314	34.155	96.459
81.791	150.671	34.181	96.469
81.753	151.117	33.885	95.706
81.539	150.795	33.766	95.916
81.610	150.529	33.998	96.911
81.484	151.150	33.882	96.319
81.574	150.473	33.946	96.795
81.836	151.048	33.885	95.934
81.159	150.927	34.060	96.040
81.251	151.183	33.925	96.416
81.414	150.853	33.762	96.228
81.287	150.754	33.846	96.586
81.566	150.919	33.559	97.158
81.257	150.500	33.979	96.664
81.484	151.150	33.861	96.536
81.819	151.445	33.615	96.024
81.645	150.775	33.876	96.066
81.801	151.355	33.763	96.033
82.157	150.674	34.156	96.893
82.414	150.835	34.340	96.415
82.844	151.347	34.175	96.123
83.415	150.203	33.996	97.839
83.882	151.440	34.381	96.490
84.114	151.301	34.665	96.035
84.477	151.663	34.878	96.059
84.862	151.762	34.944	95.488
84.739	151.729	35.356	95.606
85.417	152.832	35.512	95.411
85.356	154.342	35.819	93.565
85.724	155.404	36.623	92.712
86.010	155.741	36.340	92.826
86.543	156.090	37.206	92.268
88.447	156.184	37.320	92.299
89.270	156.759	37.883	91.988
89.840	156.592	38.327	92.442
90.819	158.065	38.627	91.944
92.445	159.080	38.494	92.615
93.465	159.579	40.384	92.625
93.968	158.958	42.216	93.296
94.313	158.744	43.136	93.707
95.212	159.073	43.882	94.509
95.212	158.992	44.982	94.229
96.292	159.971	45.547	94.947
96.297	160.847	46.426	94.449
96.158	161.309	46.729	94.392
97.024	160.866	46.193	94.843
99.001	160.599	44.381	95.058
100.332	160.364	42.161	95.315
104.126	160.888	38.384	95.988
105.294	161.310	37.672	96.544
107.705	162.893	37.524	96.782
108.376	162.783	38.276	97.644
110.612	163.573	38.677	96.796
111.976	162.954	39.594	98.221
113.117	162.545	39.651	98.610
114.086	162.684	39.738	98.016
115.392	163.563	39.822	98.158
115.559	163.933	40.011	99.377
117.387	166.036	38.890	98.550
118.363	166.376	38.652	98.662
119.790	165.121	38.125	100.200
121.465	164.933	38.305	100.561
122.985	165.595	37.647	101.175
125.681	167.445	36.511	101.248
126.692	168.839	35.905	102.223
128.116	168.361	36.122	103.275
128.372	167.987	36.936	103.331
128.593	167.870	38.102	104.013
128.597	168.552	39.215	103.639
128.855	170.477	39.138	101.649
130.280	171.737	37.786	100.436
130.472	172.582	38.139	99.776
131.205	172.545	37.934	101.541
132.167	171.907	37.338	102.825
132.502	170.904	37.356	104.654
133.826	171.058	38.397	106.862
134.957	172.825	38.493	107.053
136.861	174.643	38.163	106.340
137.596	175.540	38.051	106.149
138.660	175.317	37.874	105.737
139.457	173.339	37.522	109.271
139.232	173.292	38.945	109.727
139.129	174.855	40.012	108.473
139.089	175.892	41.532	109.678
139.033	177.814	41.676	106.721
138.973	180.071	42.487	105.277
139.277	179.861	42.290	105.740
139.955	179.059	42.255	107.168
140.029	178.194	42.252	109.178
140.011	179.762	43.381	109.163
140.382	181.138	44.836	109.311
140.581	182.639	47.656	108.737
142.706	182.995	51.409	109.106
142.885	182.951	55.509	109.439
141.806	183.002	59.226	108.966
141.443	183.554	59.366	108.683
140.191	183.705	60.205	109.509
138.769	184.387	59.419	110.088
136.047	186.404	59.755	110.079
136.966	188.049	58.375	109.541
138.627	186.270	56.467	112.247
137.983	186.961	57.098	111.299
137.557	188.545	56.934	109.754
140.242	189.892	54.400	108.819
144.368	192.257	50.637	108.143
146.376	193.767	49.661	108.449
150.551	194.894	46.966	108.380
148.854	195.783	51.159	107.478
147.285	195.978	51.724	107.580
144.060	195.761	52.460	107.362
139.119	196.088	59.455	109.058
141.932	196.094	57.876	109.142
150.425	195.594	50.357	111.470
141.358	195.540	59.784	113.437
152.628	195.137	46.620	113.487
153.598	195.330	45.428	112.671
153.324	193.820	44.446	113.734
152.324	193.799	45.109	113.765
154.627	193.439	42.682	115.202
154.445	194.018	43.754	116.707
156.034	195.252	42.646	116.615
158.580	195.559	41.673	118.577
154.955	195.711	45.808	117.992
155.621	196.947	45.777	116.734
156.550	195.207	46.047	117.851
155.647	195.950	46.854	117.411
155.773	196.789	47.728	117.912
156.687	198.090	47.431	118.310
157.159	198.883	45.925	117.639
157.359	198.627	46.070	117.027
157.813	199.104	45.181	115.049
157.719	199.338	44.046	114.990
157.259	199.335	41.404	116.719
157.468	198.778	39.230	120.178
157.847	198.504	39.377	122.096
157.490	199.872	39.416	120.391
156.239	200.560	40.380	119.884
154.626	200.286	42.639	119.449
152.627	200.826	46.644	118.029
152.201	201.544	46.870	113.817
154.080	200.614	46.482	116.156
155.780	200.052	42.230	114.946
156.232	200.408	42.126	119.589
157.323	201.788	39.825	115.546
157.432	201.226	37.490	118.559
157.842	203.967	36.399	116.760
156.308	204.407	38.222	117.574
154.721	205.712	42.922	116.742
154.803	206.393	41.676	115.211
154.256	206.619	42.213	116.535
153.894	207.321	45.344	117.485
154.555	209.637	46.541	112.805
154.128	209.335	47.574	115.104
153.506	210.792	47.574	115.324
154.019	211.063	48.060	116.469
154.700	211.784	47.801	118.799
155.236	212.124	48.385	117.884
156.060	212.848	48.534	118.293
157.356	213.647	47.467	117.629
157.680	213.875	47.065	117.100
158.345	214.987	46.914	114.844
159.098	215.259	45.761	118.806
159.796	216.753	44.767	117.075
159.794	219.040	45.484	115.711
160.881	220.908	45.010	116.119
161.328	221.346	44.980	115.983
162.356	221.270	45.480	118.446
164.152	220.245	43.958	119.574
164.225	220.466	46.734	122.484
164.745	221.603	45.678	121.367
165.368	223.153	48.704	121.437
167.541	223.995	47.756	123.558
171.869	225.049	50.257	123.333
174.696	225.560	50.790	122.715
179.529	224.148	48.032	123.459
179.225	224.272	46.248	122.545
181.795	223.734	47.609	118.981
185.150	224.768	54.813	118.373
186.583	226.014	46.173	126.987
187.475	228.007	44.548	122.402
192.021	220.640	49.297	113.417
192.144	225.769	49.545	120.892
197.906	218.844	60.624	117.328
198.315	222.635	64.276	130.979
198.829	221.719	67.138	134.612
199.051	218.508	65.220	139.843
200.307	219.060	63.437	138.965
204.066	222.384	61.915	135.244
209.278	231.515	56.686	133.849
215.211	230.834	58.220	132.377
214.463	233.758	57.245	130.384
219.465	232.857	59.314	133.476
221.307	231.687	59.422	132.827
240.759	231.836	59.114	105.800
249.179	236.020	57.132	112.659
252.984	239.051	56.008	99.462
264.435	240.665	48.936	110.239
262.545	243.199	50.327	115.741
262.882	243.087	55.741	126.229
266.637	240.254	54.613	132.385
268.511	241.039	50.632	132.745
271.773	241.373	51.433	133.247
274.146	244.892	51.329	136.247
274.715	248.681	52.946	133.598
276.950	248.349	54.239	132.022
278.697	249.647	53.367	132.617
281.492	248.351	51.244	133.578
279.579	246.702	52.125	133.089
278.815	249.224	53.176	127.592
276.906	249.291	55.427	127.521
279.918	252.149	54.773	136.606
277.536	255.776	58.642	135.507
276.262	256.121	60.525	134.187
280.436	255.228	58.128	137.949
278.425	255.261	60.282	134.855
279.124	255.419	60.643	136.899
282.829	250.194	58.749	139.078
279.753	252.381	62.399	136.237
278.805	255.782	64.179	135.247
279.470	253.059	64.564	134.777
274.981	254.569	70.495	132.319
272.876	254.736	72.503	136.462
279.747	255.830	68.085	139.050
277.173	251.296	69.150	137.088
279.219	248.576	67.026	137.709
281.645	254.122	67.151	143.178
278.858	256.051	67.438	139.492
277.349	254.695	69.194	143.768
273.430	251.642	72.313	141.924
271.650	250.007	73.107	145.676
266.182	252.650	77.405	132.255
269.421	253.780	73.390	135.497
271.339	251.620	67.364	142.567
270.504	253.744	65.869	138.107
269.875	253.741	63.058	134.130
270.822	253.815	60.547	133.354
273.019	258.259	55.857	132.967
273.535	257.730	54.035	134.647
271.707	256.777	54.673	133.191
272.224	257.163	52.850	138.725
271.375	258.393	53.039	140.519
271.599	256.988	51.576	142.759
270.554	256.680	52.212	142.585
107.518	157.792	41.388	100.627
108.509	157.705	39.232	101.001
104.288	157.555	42.014	99.626
101.648	158.134	43.822	99.073
99.178	157.715	43.352	98.990
96.821	157.697	44.897	99.825
94.865	156.073	43.771	99.502
94.141	154.686	41.697	98.581
93.556	153.797	40.738	100.150
92.797	154.234	38.814	97.747
91.163	155.486	38.082	98.230
89.497	155.238	37.643	97.111
86.324	153.925	37.738	98.920
81.724	152.911	39.170	98.365
79.254	151.962	40.680	98.229
76.692	151.590	41.275	98.507
73.006	150.373	42.495	99.401
70.971	150.072	42.869	98.995
69.296	151.008	42.682	96.521
68.166	150.925	41.707	96.970
66.733	151.201	42.310	95.829
66.107	150.168	40.559	96.549
65.156	148.498	39.254	95.967
64.433	148.003	39.314	96.047
63.697	147.399	37.450	95.861
62.644	148.321	36.480	95.032
62.196	148.197	35.718	95.364
59.938	148.540	35.326	94.211
57.447	147.946	35.340	93.453
55.822	147.482	35.887	94.381
53.960	146.531	35.989	94.514
51.585	145.876	36.320	94.773
49.479	145.625	37.931	94.189
47.286	146.163	38.337	92.825
45.642	145.583	39.644	94.136
44.412	146.454	38.706	92.334
42.932	146.027	39.316	92.758
42.443	145.968	38.847	92.694
41.388	145.330	37.253	92.081
40.725	144.559	36.752	93.372
39.575	142.820	35.663	92.281
38.409	142.627	35.771	92.273
36.996	143.210	34.888	91.282
35.298	143.966	34.180	91.348
34.268	143.992	34.157	91.323
31.743	144.482	33.667	89.407
30.385	143.752	33.497	89.629
27.688	142.503	33.742	90.819
26.271	142.484	33.105	89.515
23.355	140.579	32.793	92.921
22.414	141.179	32.779	91.475
19.931	141.012	32.447	92.014
18.763	141.097	32.434	90.583
17.864	142.209	32.262	90.332
18.886	140.611	30.809	92.644
20.286	139.660	29.368	92.466
19.785	139.013	29.860	92.141
18.129	137.831	32.985	92.848
16.842	138.968	35.089	90.713
16.324	139.155	36.350	88.978
15.908	139.121	39.127	88.518
16.139	139.281	39.640	88.671
17.199	138.793	38.702	89.478
17.407	139.138	38.950	88.612
17.938	139.483	37.938	88.438
18.978	139.668	35.108	88.117
19.059	139.076	34.338	89.153
18.606	138.570	33.651	89.230
18.877	138.233	33.048	89.955
17.805	137.630	33.676	91.421
17.057	137.136	34.297	92.287
16.461	139.103	34.801	88.621
15.524	139.305	35.504	89.140
15.376	138.824	35.245	88.932
15.903	139.480	34.731	89.508
16.134	139.238	33.915	89.688
17.163	139.197	32.776	90.326
17.331	138.213	32.987	92.568
18.304	138.083	33.026	92.611
17.838	138.166	33.924	91.647
18.293	138.399	34.902	90.237
18.745	138.916	34.970	90.507
18.518	137.864	35.222	91.464
18.728	138.541	35.679	90.665
19.190	137.686	35.306	91.757
19.039	138.603	35.747	91.017
19.000	139.603	35.407	90.768
18.942	139.941	35.911	90.011
18.738	140.617	36.545	89.908
18.689	141.033	36.526	89.312
19.177	140.682	35.887	89.552
19.340	140.186	35.648	90.169
19.500	140.155	35.740	89.673
19.380	140.121	35.904	89.796
19.833	140.445	35.672	89.657
20.415	141.089	35.403	90.016
20.749	141.324	34.962	90.121
22.119	142.645	34.698	90.219
22.587	142.962	34.369	90.998
24.656	142.465	33.904	91.873
24.902	141.442	34.330	94.184
26.101	141.186	34.969	94.579
25.909	141.795	36.228	93.560
25.722	142.173	37.008	92.924
25.639	142.947	39.064	91.336
25.701	143.839	39.471	90.966
25.725	144.992	40.400	91.830
26.158	144.758	39.893	92.569
26.681	145.043	39.036	92.327
27.221	144.824	38.746	92.489
28.208	144.813	37.747	92.236
28.689	144.537	37.671	93.049
29.662	145.069	37.504	93.163
30.047	145.782	37.318	93.064
31.301	146.624	37.442	93.424
31.680	147.447	37.102	92.946
33.366	146.705	36.758	94.776
34.325	146.497	36.633	95.622
35.793	146.307	37.194	96.213
35.999	146.656	38.004	96.747
36.364	146.715	39.378	95.681
36.447	146.862	40.564	95.536
37.045	147.259	40.366	95.125
37.293	147.772	40.740	95.260
37.826	149.508	41.635	94.114
38.571	149.712	41.137	94.911
38.927	149.553	40.939	95.005
40.045	148.298	39.106	96.521
40.684	147.910	38.563	96.276
41.875	149.265	38.082	96.391
42.212	149.949	38.304	96.550
43.463	150.170	38.532	98.612
44.291	151.505	37.807	98.618
46.266	152.436	37.143	99.037
46.861	152.147	36.791	99.124
47.766	152.454	36.683	98.989
49.439	152.204	36.550	99.898
50.432	152.238	35.698	100.304
50.205	152.144	36.068	100.025
50.561	153.238	36.407	100.825
51.793	154.248	35.565	100.326
51.716	154.967	36.370	101.370
51.288	155.999	37.563	99.765
51.509	157.389	38.495	98.350
51.913	157.011	38.149	98.719
52.652	157.316	38.720	98.905
52.985	157.312	38.876	99.660
53.943	157.856	38.646	99.315
54.043	158.800	39.484	99.835
54.346	160.082	40.168	99.452
54.826	161.119	40.170	98.785
56.435	161.802	40.080	99.223
57.111	161.679	39.867	99.716
58.364	162.271	39.591	98.808
58.513	162.319	39.418	98.862
58.535	162.677	39.692	98.877
59.615	163.699	38.476	98.957
59.656	165.268	37.793	98.228
60.238	165.719	37.577	98.451
60.438	166.744	37.691	98.143
60.130	167.857	38.095	97.724
59.834	167.763	38.013	97.661
59.808	167.144	39.408	98.788
59.995	166.909	39.654	99.306
59.736	167.178	40.271	99.778
60.106	167.595	40.318	100.268
60.492	168.144	39.992	100.682
61.311	168.873	41.051	101.913
61.822	169.487	40.938	102.536
64.279	169.047	40.160	103.947
65.016	168.540	40.298	104.630
65.383	167.960	41.365	105.218
65.660	167.568	42.438	105.322
66.065	168.163	42.223	104.903
67.214	169.224	43.013	104.941
67.778	170.438	42.830	105.093
68.843	171.577	43.605	104.423
70.067	171.581	43.940	106.077
70.461	171.839	43.513	105.831
71.732	171.165	44.175	106.176
72.113	171.162	43.403	105.638
72.628	171.610	45.272	106.970
72.974	170.969	45.441	107.942
74.158	171.449	45.613	109.674
74.553	172.832	45.468	108.029
75.554	173.693	45.007	107.909
78.804	173.782	43.280	109.466
79.621	173.251	44.769	109.935
82.862	173.059	43.670	109.468
84.228	172.018	42.752	111.721
84.902	172.358	42.749	111.476
86.546	173.506	42.247	109.908
86.429	174.695	42.102	109.876
87.110	174.860	41.739	110.022
88.869	176.701	40.744	110.202
89.364	176.180	42.716	111.884
91.555	175.743	44.470	111.099
92.817	175.303	43.817	108.523
94.809	173.122	42.900	114.362
95.824	172.817	43.109	115.204
96.471	173.043	42.807	115.918
99.318	178.823	42.225	111.138
99.758	178.969	43.180	111.309
102.351	180.803	42.535	111.037
104.373	179.867	42.237	112.915
105.126	179.817	43.272	113.434
108.420	179.648	42.247	114.101
110.340	179.354	44.140	114.830
112.309	179.696	43.706	114.111
114.587	181.059	44.599	115.322
115.930	182.470	43.763	114.137
117.110	183.106	43.893	113.891
118.232	183.894	45.724	114.538
121.440	184.948	44.122	114.662
122.982	184.400	43.947	114.289
124.837	184.078	43.548	113.398
125.927	184.616	43.154	113.330
127.044	184.788	42.985	114.506
129.916	185.468	43.487	117.715
131.112	185.032	43.878	118.019
134.466	188.901	44.133	116.746
137.787	188.562	41.516	114.511
142.175	188.656	40.174	118.457
144.401	188.018	42.488	118.262
146.235	188.107	42.308	118.653
147.407	188.666	45.291	119.532
146.517	190.595	47.851	112.481
150.340	190.641	46.405	111.749
151.005	192.413	46.921	111.612
153.805	194.334	46.468	111.011
153.026	194.293	48.192	111.468
155.970	193.941	47.210	113.429
155.312	193.343	48.704	116.396
156.961	193.396	49.820	117.663
158.348	194.505	50.823	117.421
161.145	194.788	49.862	118.291
163.647	196.426	50.816	118.735
165.313	195.762	50.463	123.347
168.257	196.970	49.914	122.822
172.426	197.192	49.900	122.404
174.193	197.093	49.247	123.372
177.181	196.897	49.596	124.586
178.259	197.658	49.934	124.962
180.537	197.753	51.664	125.512
183.454	199.638	51.680	125.559
184.418	201.596	51.536	124.216
186.062	202.858	51.291	124.166
189.976	203.356	49.685	124.744
192.869	202.872	50.167	126.281
193.986	203.380	48.630	127.803
197.061	203.277	48.540	126.912
199.783	205.145	49.223	126.580
201.764	207.482	49.242	121.996
204.871	209.261	50.767	120.232
208.814	209.359	49.697	121.079
211.469	208.871	49.071	124.004
215.082	208.557	48.049	123.540
219.419	208.891	47.323	120.851
222.357	210.661	48.339	121.234
225.055	213.361	47.385	120.256
225.921	214.862	48.191	119.705
227.328	215.336	49.519	118.166
229.780	214.929	49.718	119.005
232.842	214.819	50.186	122.504
234.230	214.786	48.998	121.525
235.467	213.938	52.676	127.251
240.490	216.824	51.866	125.414
243.694	217.923	51.277	125.636
246.152	218.498	49.802	123.918
249.572	220.960	51.308	124.228
251.739	220.761	52.077	121.059
256.686	220.024	50.984	124.537
261.961	219.676	49.496	123.632
264.733	220.192	49.945	124.538
267.221	222.000	50.374	123.437
268.400	223.755	50.477	125.593
271.237	225.424	51.976	124.994
275.696	227.391	51.375	122.897
277.277	227.781	52.146	121.639
282.124	226.108	50.177	124.907
284.656	226.184	50.519	129.134
290.668	226.459	49.780	132.809
295.171	229.348	50.527	132.029
296.740	231.206	51.203	130.510
301.331	232.611	51.065	129.851
305.817	233.063	51.659	124.688
310.891	231.478	52.534	128.561
312.936	231.891	51.736	127.472
317.934	232.931	53.180	129.420
320.044	234.295	54.542	132.154
321.946	236.826	57.445	129.341
323.661	238.957	57.479	130.151
328.903	240.231	54.579	128.944
330.710	239.449	56.165	130.547
333.426	238.980	55.106	133.686
336.331	238.572	50.916	138.203
340.211	238.551	48.585	143.783
344.205	242.324	46.895	144.758
353.589	247.477	58.317	144.333
353.687	249.629	59.791	137.327
356.964	254.472	55.576	130.522
360.279	255.693	56.640	133.306
362.975	256.686	60.184	135.483
365.914	259.726	59.085	144.010
367.924	261.558	54.155	140.625
372.540	265.710	56.607	138.340
379.671	264.094	54.501	140.871
384.823	265.160	52.626	147.693
384.579	267.733	55.128	148.121
383.301	271.760	56.475	142.657
382.939	271.563	55.299	145.667
382.486	271.460	54.744	147.379
382.856	271.969	54.022	147.946
382.364	270.850	53.959	153.035
381.962	270.932	53.700	156.404
382.895	271.718	52.548	156.742
385.565	272.747	50.170	156.947
387.966	274.358	49.582	157.883
393.393	275.025	45.670	156.808
393.412	274.730	47.485	157.502
394.116	275.913	49.063	155.006
395.311	275.824	51.821	155.295
394.596	276.793	55.018	155.425
391.192	276.686	61.901	156.649
392.408	275.918	63.932	155.866
395.357	277.023	66.746	157.055
396.372	277.142	68.117	156.033
400.983	275.572	69.267	159.404
404.148	275.615	67.530	158.248
407.513	275.096	64.832	158.789
411.945	275.419	64.761	158.948
413.722	275.212	65.480	158.722
418.865	274.504	64.258	160.396
422.189	275.441	62.978	159.017
426.683	274.696	62.239	159.993
430.134	274.558	61.296	159.224
429.408	275.625	62.831	158.621
429.113	274.696	63.666	159.331
427.130	275.561	65.272	158.085
423.032	275.277	69.978	158.424
422.261	273.479	70.230	161.848
420.409	273.692	71.539	159.526
425.636	273.181	66.973	157.655
426.045	273.295	67.448	156.989
430.220	271.150	64.997	157.617
430.201	270.513	66.575	157.592
431.976	268.939	63.847	159.520
433.441	270.017	61.995	159.650
435.187	269.603	59.925	159.389
430.329	269.114	65.283	160.286
429.940	269.240	66.109	160.533
435.827	268.802	58.170	159.643
440.396	269.153	50.520	159.150
444.403	269.569	48.796	148.949
445.885	269.695	50.422	143.619
443.189	265.561	55.513	145.016
438.205	265.971	64.396	154.078
434.041	264.855	68.730	157.237
428.534	263.168	72.597	151.748
433.391	267.370	67.489	158.788
434.806	265.729	59.548	154.023
432.523	266.564	58.607	155.334
430.752	266.559	58.267	153.700
423.114	265.575	63.468	154.801
414.881	265.692	69.994	155.523
411.447	264.952	71.489	155.089
413.909	265.439	68.586	155.290
412.716	264.462	69.104	155.813
406.121	262.302	74.378	156.886
403.549	261.492	75.158	154.672
395.591	257.926	73.715	156.891
391.482	259.073	75.685	155.787
393.488	259.390	66.591	154.816
393.812	259.313	65.458	154.664
392.848	258.456	66.483	155.303
393.417	257.455	66.243	154.797
394.016	257.116	64.357	152.109
396.187	254.136	59.930	151.188
395.717	254.252	59.909	151.305
389.332	251.857	65.347	152.861
385.929	251.313	69.556	153.020
381.298	250.434	75.763	154.094
377.119	249.713	79.866	153.986
373.371	248.896	78.317	152.079
368.545	246.752	74.883	149.368
361.731	245.092	74.680	150.235
351.381	244.850	81.306	151.390
351.300	245.081	75.060	150.406
351.150	244.817	73.494	150.361
350.570	242.851	70.819	151.333
350.513	242.095	71.261	153.266
351.300	241.126	70.623	152.412
351.841	241.035	69.242	150.778
351.610	239.634	67.359	147.343
349.520	238.596	66.232	146.198
345.596	238.755	68.685	143.996
344.107	238.061	69.646	144.908
344.322	239.288	68.339	147.066
343.279	239.273	65.507	144.330
342.055	238.936	64.174	143.909
339.369	236.595	60.628	144.769
335.038	234.594	60.063	140.757
333.423	233.518	60.142	139.097
332.440	233.759	58.562	139.743
331.995	233.136	55.699	140.706
332.414	232.141	53.715	141.544
331.335	233.735	53.362	141.443
330.610	233.773	53.119	140.848
329.295	233.981	52.395	141.278
328.965	234.503	52.046	139.252
326.395	234.205	52.462	139.532
326.305	234.178	51.881	139.937
323.465	233.049	51.949	139.484
321.670	230.542	50.989	133.942
321.556	228.701	49.974	133.902
317.285	226.396	52.179	135.161
314.022	225.070	52.319	135.987
313.145	225.155	51.965	138.320
308.222	225.290	54.422	136.983
305.151	227.123	54.899	135.498
302.581	226.909	55.907	135.693
301.514	225.968	56.406	136.128
295.923	226.459	60.073	135.150
292.017	224.489	61.342	136.808
290.202	222.542	61.151	134.496
291.948	220.469	57.399	130.057
294.065	218.363	55.499	132.289
295.235	216.840	56.250	133.257
293.525	216.906	58.415	133.690
293.798	217.543	57.596	132.949
293.728	217.718	56.602	132.909
291.616	217.691	57.040	132.927
291.307	217.751	55.852	131.722
287.093	214.740	54.351	133.544
285.079	215.963	54.073	132.382
281.665	212.894	50.739	127.307
278.828	211.728	51.849	128.247
276.539	209.881	51.352	127.092
274.426	209.956	52.742	127.006
271.994	210.386	53.618	128.193
268.920	209.218	55.308	127.440
266.807	207.479	56.318	130.696
264.794	205.662	55.339	129.450
262.841	204.558	55.928	126.704
262.806	204.124	56.337	127.459
261.944	204.034	55.524	128.059
261.010	203.714	56.330	128.791
260.278	204.132	57.681	128.189
260.180	203.988	56.760	127.692
258.500	202.831	56.286	126.267
257.686	201.656	55.342	127.534
256.020	198.484	51.872	124.463
254.917	196.891	50.086	126.189
254.224	196.122	47.615	125.874
252.537	196.887	46.950	124.620
252.157	199.039	45.996	121.958
241.479	193.711	50.183	120.923
240.711	194.014	52.890	119.456
242.434	193.330	49.849	121.202
241.965	192.550	48.312	119.972
242.901	192.270	46.141	119.988
243.870	191.457	46.348	117.032
244.817	189.552	45.686	116.385
243.907	188.035	44.764	118.138
240.940	186.976	46.904	119.816
238.707	187.885	49.874	119.548
234.948	187.652	52.646	117.947
233.681	188.338	52.665	118.427
234.509	186.672	49.304	118.939
236.892	184.474	45.197	117.733
237.328	183.882	44.055	117.253
235.877	182.819	44.915	119.042
234.734	182.891	42.954	117.638
236.053	183.188	40.784	117.777
236.887	184.202	38.363	115.870
238.176	183.100	39.754	115.822
237.919	182.840	40.691	116.053
238.348	179.753	40.449	115.004
237.474	180.439	40.379	113.613
234.393	179.139	44.921	113.975
231.077	179.953	50.173	111.692
224.333	180.814	56.693	111.613
222.736	180.074	54.875	113.227
219.751	178.467	53.763	111.307
217.784	177.558	53.623	112.293
215.047	177.044	52.625	110.700
211.962	175.221	51.380	112.131
211.280	175.623	50.726	111.145
208.814	175.180	47.801	109.507
207.272	175.799	46.639	108.975
207.643	175.925	42.118	109.689
206.747	176.254	41.124	108.760
204.664	173.710	39.838	107.534
206.079	174.233	38.512	106.895
199.404	176.691	41.411	101.001
193.989	174.903	42.343	103.088
193.525	175.564	43.084	102.563
191.503	175.142	43.535	100.444
188.902	174.953	41.887	104.002
182.727	173.738	44.556	103.020
177.080	171.724	44.522	103.362
174.816	170.591	44.654	106.829
170.065	171.390	45.778	106.240
163.760	170.744	45.541	100.701
162.012	170.134	43.567	99.576
156.862	169.720	45.847	99.590
136.603	169.362	54.187	96.852
135.461	168.368	41.970	104.718
128.879	170.569	44.167	101.254
124.352	169.175	43.528	97.780
121.847	166.963	43.391	97.409
115.842	167.262	44.014	100.024
113.197	167.332	42.645	102.927
108.925	167.081	41.429	105.253
105.502	167.329	43.086	103.704
103.183	166.759	43.026	103.536
98.960	165.185	42.735	103.280
94.725	166.873	46.548	102.123
89.926	166.468	49.285	103.846
83.735	165.228	51.794	103.891
82.425	164.455	52.591	103.976
82.224	164.141	51.120	103.337
84.300	162.601	46.567	105.810
86.487	162.997	41.856	105.706
83.479	163.127	43.737	105.046
81.124	163.334	45.133	103.373
75.922	162.867	48.059	103.167
73.633	161.619	49.494	103.847
71.636	161.137	50.934	103.754
72.228	160.272	49.217	104.126
72.829	160.330	47.535	103.986
67.543	160.724	52.325	104.449
69.885	159.985	48.968	104.969
68.099	160.040	48.250	104.490
68.702	159.221	46.235	103.295
67.625	158.467	44.003	100.671
68.992	157.810	42.950	102.383
67.531	158.849	44.146	100.357
65.620	158.276	46.866	99.803
62.434	157.644	47.973	98.937
61.275	156.204	47.880	100.112
58.859	154.529	48.407	101.464
58.983	153.358	46.142	101.896
57.732	153.280	47.005	101.475
57.771	154.024	47.357	101.574
56.947	154.965	47.179	100.401
54.529	153.779	48.098	100.597
56.083	152.277	44.268	98.721
56.059	150.615	42.802	98.889
56.580	150.018	41.436	99.008
57.929	150.683	38.797	100.002
57.763	149.960	38.283	99.798
56.013	150.856	39.589	99.315
54.639	149.835	39.725	97.780
51.263	149.800	41.180	97.100
49.754	149.389	40.894	97.657
47.127	148.819	41.692	97.769
45.049	148.897	42.262	95.953
43.221	149.445	42.750	94.815
42.630	148.637	39.463	94.887
41.622	146.235	37.752	93.031
41.423	146.531	36.901	94.301
41.305	145.938	35.847	94.111
41.015	146.241	35.721	93.121
39.421	146.698	36.115	94.019
38.083	146.945	36.514	93.385
34.854	146.287	38.082	93.175
33.520	145.369	38.269	94.030
30.339	144.693	39.340	93.676
28.716	144.357	39.408	92.582
25.912	144.768	40.406	92.790
24.470	143.722	40.725	93.710
23.909	143.896	40.431	93.399
23.158	144.115	39.562	91.792
22.512	144.608	39.613	92.789
20.960	145.346	40.618	91.015
20.273	144.768	40.039	90.674
19.384	143.391	39.659	89.443
18.777	142.849	38.958	88.577
18.887	142.424	37.459	89.895
19.224	142.260	36.917	89.661
20.717	141.803	33.647	90.974
20.727	141.247	32.025	91.454
18.558	140.607	30.988	91.729
18.741	141.274	28.886	90.440
17.020	139.588	29.477	90.830
15.686	140.004	31.355	91.555
15.134	140.112	33.188	90.913
11.860	140.878	38.780	89.645
9.326	141.138	41.308	87.413
8.401	140.424	39.966	87.824
6.707	139.219	35.048	88.173
6.370	140.302	33.907	88.724
4.833	140.994	35.659	89.125
5.715	140.424	35.445	89.534
6.612	139.242	34.651	88.753
7.588	139.728	35.406	88.314
8.160	140.274	34.620	89.249
9.006	140.116	35.985	89.380
10.608	140.243	35.774	89.489
11.565	140.848	36.285	89.099
11.245	140.848	37.245	88.981
12.023	140.495	36.643	89.937
12.178	139.546	36.524	90.482
12.821	140.060	35.972	89.829
13.109	140.616	35.782	90.412
13.096	141.034	35.397	89.796
13.300	141.145	35.996	89.531
13.269	140.774	35.348	89.137
13.585	141.605	35.483	89.595
13.713	141.719	35.497	90.012
14.404	141.889	35.789	89.062
14.809	142.083	35.780	89.277
15.373	142.405	36.258	89.143
22.417	142.452	34.855	90.532
25.955	143.145	36.003	89.491
26.306	142.427	36.043	90.737
27.042	142.386	36.136	90.655
27.322	143.094	35.992	90.485
27.723	144.305	36.352	89.433
27.111	144.556	37.065	88.545
27.463	144.934	36.785	89.098
27.510	144.988	36.336	88.558
27.933	145.204	35.213	88.272
28.198	145.440	36.346	88.316
28.057	144.922	36.074	88.614
28.098	144.922	36.844	88.523
28.929	145.409	35.756	86.224
28.724	145.407	36.404	86.008
30.355	146.442	36.722	85.956
30.629	146.468	37.386	85.206
32.018	146.231	37.563	87.131
33.306	144.671	37.203	88.286
34.381	145.134	37.031	89.560
35.361	144.599	36.920	89.381
35.793	144.921	37.690	88.019
36.612	145.402	37.915	86.738
36.458	144.975	37.974	85.682
36.609	146.335	38.837	84.429
36.487	146.449	38.577	83.970
36.422	146.325	38.585	83.840
37.457	145.702	37.626	84.549
36.985	146.104	38.621	84.636
37.578	146.552	38.181	83.883
38.052	147.459	36.668	83.448
38.744	146.904	36.764	83.905
39.423	148.410	36.871	84.719
39.989	147.437	37.145	88.606
41.354	147.333	37.205	92.768
41.050	147.508	38.791	94.217
41.002	147.955	40.080	93.473
42.121	148.529	39.629	92.527
42.073	149.980	40.955	92.198
42.930	150.107	40.250	95.348
43.346	150.808	40.234	93.988
43.436	152.457	40.247	94.899
43.631	152.512	38.815	95.389
44.280	152.408	38.485	95.441
44.484	152.864	38.729	93.823
44.589	152.827	39.310	94.893
44.920	153.379	38.763	94.644
45.564	154.119	38.282	96.380
46.356	153.870	37.253	98.153
47.677	155.218	37.495	97.045
48.258	155.350	37.641	97.416
49.216	155.987	37.546	97.720
49.844	155.344	38.179	98.434
50.179	155.552	39.715	97.162
50.577	155.920	38.653	96.706
50.496	156.447	40.145	96.683
50.832	157.560	40.594	96.437
50.685	158.401	40.983	96.122
50.615	159.042	40.219	96.555
50.764	159.087	39.108	97.599
50.727	158.820	37.983	97.777
50.732	158.508	38.161	98.215
50.878	157.769	37.732	99.236
50.671	158.226	38.319	97.224
51.267	158.390	38.593	98.228
51.535	159.087	38.766	98.089
52.118	160.451	39.558	97.546
53.931	162.339	39.308	96.429
54.718	162.376	40.202	98.061
55.757	161.988	40.256	99.870
56.943	161.935	40.422	99.470
57.168	162.023	41.445	98.348
58.434	163.099	41.393	96.694
58.353	162.845	41.052	99.475
59.781	165.202	40.973	97.423
60.592	166.837	39.667	93.935
60.052	166.604	40.534	95.699
60.768	166.292	39.875	95.179
60.986	165.987	40.692	94.534
62.034	165.186	40.247	97.403
62.990	165.694	41.031	94.022
63.451	164.750	41.241	97.907
65.691	166.495	40.867	96.646
67.607	167.531	41.064	95.289
69.362	167.193	41.303	96.063
72.655	167.040	40.760	95.999
78.565	166.709	39.977	97.746
79.403	166.490	40.563	97.812
81.656	165.954	41.513	99.692
82.157	166.605	42.675	98.028
83.649	167.528	43.505	94.658
84.959	168.573	42.911	99.249
86.097	170.295	43.472	96.998
86.892	170.039	42.704	97.242
87.116	170.429	42.797	96.406
87.890	170.438	44.427	99.027
88.751	170.384	44.542	97.547
89.992	169.977	45.389	100.612
90.899	169.318	46.738	99.629
91.370	169.241	47.194	100.940
91.962	170.280	46.980	99.097
93.138	170.308	45.809	100.050
94.599	171.921	44.052	98.949
96.895	171.851	41.790	101.776
97.125	172.161	43.168	101.396
98.790	171.533	42.687	102.121
98.677	171.461	43.399	101.279
99.233	171.775	43.643	101.117
98.835	171.949	44.373	101.405
98.258	172.774	46.633	100.487
98.110	173.820	48.008	101.605
98.605	175.062	47.437	100.436
98.836	175.508	46.517	100.298
98.720	176.385	45.608	99.367
98.048	176.537	45.055	97.611
97.904	176.350	44.585	100.110
97.198	176.016	45.037	100.140
95.934	175.757	45.542	100.552
95.219	176.000	46.027	99.438
94.971	175.912	45.849	100.245
94.688	176.927	45.688	101.069
94.443	176.784	45.447	101.791
94.591	178.139	44.685	100.657
95.155	178.084	43.358	101.915
96.649	178.932	41.969	101.518
96.821	179.136	41.492	100.565
98.469	179.314	42.353	102.100
98.452	179.088	42.670	102.487
98.938	179.017	42.911	101.640
99.233	179.276	43.267	101.517
98.751	179.480	43.643	102.089
98.800	179.945	43.391	102.302
99.050	181.259	42.011	101.681
98.851	182.044	41.565	101.808
97.661	183.040	41.560	101.274
96.592	183.441	41.767	101.546
95.585	183.029	42.077	100.757
94.479	183.614	43.832	100.909
94.184	183.949	43.040	100.943
93.790	183.906	43.408	100.043
93.183	184.177	43.227	101.349
93.989	184.415	43.289	104.396
94.198	185.250	42.976	104.874
95.588	185.508	42.921	104.997
95.999	184.863	42.428	106.428
96.811	185.613	43.168	104.437
97.412	186.077	43.003	104.510
97.762	186.068	42.973	104.388
97.007	186.408	43.551	104.596
