377.000	78.000	71.000	48.000
382.363	75.754	68.903	53.442
383.021	75.151	69.162	52.792
384.998	74.959	68.972	53.483
388.811	75.293	67.941	53.125
389.295	74.988	69.342	53.254
393.349	74.563	67.984	54.012
393.796	74.746	68.917	53.299
396.899	74.895	68.461	52.625
406.095	72.895	67.582	54.375
410.619	73.411	67.768	53.983
413.770	72.479	66.184	55.325
417.560	72.380	64.208	54.921
420.058	71.139	62.499	56.034
420.450	71.083	63.203	56.264
423.183	72.352	62.772	54.504
425.310	71.365	61.388	55.452
426.650	71.359	62.391	55.680
428.704	71.969	62.096	54.442
430.361	71.450	61.017	55.096
432.152	72.414	61.606	54.019
434.568	71.255	61.267	55.066
436.855	71.273	60.250	54.482
439.201	71.453	60.211	54.403
442.690	71.531	59.044	54.026
445.316	72.136	57.497	53.798
447.594	71.229	56.650	54.504
450.343	71.810	55.389	53.657
451.594	70.489	54.783	54.539
454.029	71.121	54.078	53.946
454.823	72.082	54.186	52.325
456.674	71.392	53.989	52.962
458.022	71.703	53.785	52.546
459.905	71.501	53.185	52.613
462.606	70.789	53.275	53.066
464.520	70.859	52.485	52.973
467.998	69.317	48.323	54.969
469.893	69.917	48.651	53.947
472.201	70.058	47.500	53.757
473.554	69.400	46.653	54.592
475.105	69.656	46.519	53.426
476.739	69.246	45.424	54.123
477.488	69.305	45.974	53.473
479.025	68.705	45.622	54.147
480.112	68.949	45.037	53.677
480.627	68.542	44.966	53.921
482.276	68.543	44.814	53.298
483.948	68.382	44.583	53.422
485.218	68.219	43.788	53.515
486.953	68.350	43.273	53.115
487.560	68.122	43.133	53.136
488.493	68.221	43.108	52.543
489.371	67.821	42.765	52.669
490.683	67.926	42.832	52.858
491.771	68.138	42.773	52.605
492.904	68.177	42.031	52.244
494.026	67.823	41.994	52.633
494.960	67.823	41.355	52.298
496.322	67.402	41.184	52.287
496.624	67.213	41.169	52.744
497.869	67.500	40.807	52.680
498.365	67.248	40.918	52.442
498.800	67.070	40.859	52.265
499.517	66.782	40.666	52.451
501.063	66.962	40.081	51.938
502.073	66.773	39.731	52.289
503.766	66.773	39.007	51.952
504.240	66.507	39.370	51.823
505.777	66.121	38.652	51.965
506.138	66.346	39.228	51.684
507.958	66.705	38.449	51.178
508.447	66.490	38.825	51.660
509.814	66.450	38.525	51.046
510.529	66.386	38.380	50.980
511.529	66.317	38.405	50.700
512.673	66.166	37.523	50.884
513.236	66.245	37.615	50.619
514.724	66.381	37.559	50.185
515.236	66.245	37.491	50.297
516.511	66.073	37.806	49.954
516.933	65.614	38.194	50.707
517.410	65.395	38.559	50.714
518.614	65.269	38.631	50.882
519.015	65.559	38.817	50.408
519.969	65.201	38.639	50.400
520.413	63.932	38.432	51.259
521.273	64.142	39.068	50.924
523.113	64.212	38.301	50.656
523.773	64.098	38.019	50.978
524.511	63.821	38.031	51.104
525.350	63.163	37.806	50.895
526.952	63.241	37.212	50.613
527.037	63.235	37.771	50.248
528.772	63.415	36.688	50.151
529.019	63.428	37.304	50.297
529.355	62.928	37.379	50.514
530.421	62.660	37.085	50.488
530.764	62.431	37.502	50.750
532.178	62.785	37.265	50.436
533.283	62.922	37.272	50.275
533.937	62.580	37.337	49.928
535.458	62.665	36.707	49.716
535.842	62.648	37.117	49.814
537.248	62.732	36.601	49.307
538.067	62.546	36.317	49.526
539.303	62.308	36.132	49.596
539.760	62.291	36.522	49.332
541.322	62.525	35.931	48.810
542.222	62.278	35.698	49.516
542.185	62.157	36.310	49.515
543.192	62.191	36.014	49.216
543.512	62.134	36.152	48.846
544.805	61.935	35.549	48.854
545.547	62.057	35.277	48.590
546.544	62.189	35.283	48.174
547.666	62.287	34.767	47.341
548.468	62.665	35.134	46.728
549.164	62.504	35.301	46.836
550.202	62.506	35.139	46.223
550.589	62.337	35.477	46.521
551.869	62.116	36.185	46.384
552.966	61.728	35.627	46.320
553.398	61.053	35.761	47.115
554.863	59.949	36.422	47.853
555.174	60.998	36.851	46.804
556.250	59.689	36.658	47.859
556.401	59.965	36.262	47.820
557.360	59.269	34.862	48.313
558.200	59.215	33.003	48.052
557.962	59.010	33.745	47.620
558.766	58.426	33.094	49.033
559.499	58.081	33.176	49.774
560.093	58.026	33.775	50.120
561.435	57.789	33.350	50.564
566.621	57.492	29.300	49.836
570.323	57.950	26.875	48.734
574.607	57.880	23.135	50.238
573.402	57.588	24.761	49.193
572.933	57.495	25.938	49.147
573.840	57.198	26.241	49.109
573.989	57.374	27.078	48.757
574.287	57.193	27.391	48.501
573.447	56.903	28.958	48.698
571.460	56.481	31.221	49.069
572.524	56.759	30.476	48.426
571.321	56.319	32.367	48.890
572.645	56.792	31.382	47.997
572.729	56.713	31.762	48.173
572.987	56.928	31.849	47.585
573.901	56.396	31.393	47.939
573.799	56.902	32.436	47.175
574.622	56.572	31.962	47.295
575.124	56.299	32.401	47.368
575.438	56.382	32.466	47.251
576.282	56.188	32.763	46.898
576.047	55.862	33.603	47.360
576.811	55.973	33.342	47.047
577.326	56.046	33.510	46.967
577.717	56.174	33.690	46.748
578.525	55.229	33.482	47.106
578.676	54.990	34.149	47.333
579.188	55.055	34.066	47.326
579.742	55.253	33.927	46.992
580.264	55.089	33.296	47.234
581.200	54.623	32.819	47.205
581.352	55.454	32.887	46.208
582.291	54.836	32.731	46.717
582.770	55.282	32.412	46.151
583.376	54.863	32.342	46.202
584.151	54.766	32.020	46.210
584.958	54.538	31.883	45.999
585.072	55.004	32.162	45.329
586.000	54.093	31.638	46.262
586.651	54.449	31.587	45.928
587.350	54.275	31.656	45.854
587.916	53.763	31.479	46.168
588.748	53.823	30.958	45.949
589.062	53.751	31.131	45.996
589.190	53.512	31.258	46.190
589.946	53.476	30.999	46.072
590.936	53.351	30.937	45.847
590.863	53.307	31.385	45.792
591.612	53.270	31.253	45.924
592.384	52.867	31.080	46.151
592.978	52.932	30.830	45.868
593.912	52.589	30.860	45.830
594.337	53.285	31.094	45.047
594.789	53.006	30.982	45.315
595.536	53.193	30.971	45.193
595.622	52.833	30.875	45.358
596.472	52.434	30.265	45.348
597.202	52.874	30.127	44.713
597.730	53.008	30.443	44.603
598.983	52.201	29.438	45.194
599.751	51.934	29.061	45.222
600.212	52.174	29.507	44.635
600.879	52.021	28.991	44.787
600.950	51.975	29.050	44.683
602.054	52.390	27.946	44.440
602.206	51.927	27.737	44.262
603.781	52.007	26.162	43.574
603.670	52.116	26.330	43.500
604.710	52.516	25.290	43.308
603.933	51.906	26.067	43.341
604.923	52.271	25.077	42.753
605.676	52.375	24.324	42.705
605.476	52.004	24.524	42.701
606.326	51.573	23.674	42.911
606.642	51.982	23.358	42.876
606.629	50.897	23.276	43.853
606.274	52.600	23.726	40.606
606.825	51.608	23.142	41.426
606.774	51.619	22.987	42.277
606.603	51.806	22.980	41.884
607.512	51.387	22.194	42.423
608.011	51.827	21.843	41.515
608.456	50.619	21.544	42.675
608.714	50.068	21.089	42.732
609.755	50.141	20.098	42.858
609.765	50.357	20.171	42.526
608.279	50.216	21.721	42.049
609.011	50.408	20.989	41.687
609.306	50.079	20.694	42.452
609.698	50.787	20.302	41.506
609.757	50.976	20.243	41.564
