370.000	113.000	17.000	31.000
369.128	112.691	17.507	32.384
366.576	112.924	17.245	32.236
365.672	113.240	17.735	32.535
363.291	113.218	17.259	32.726
360.914	113.809	18.243	32.586
358.789	113.924	18.542	32.729
357.527	114.256	18.051	32.763
354.294	114.566	17.015	32.629
353.362	114.795	18.029	32.559
349.206	115.411	17.700	33.018
347.783	115.548	18.395	32.928
343.904	115.799	17.609	33.453
342.362	115.557	18.946	33.696
339.917	116.438	18.508	33.826
336.289	116.103	19.154	34.364
334.070	116.704	19.279	34.055
330.787	117.791	18.689	33.758
328.031	117.212	20.165	34.519
324.705	118.531	19.135	33.403
322.215	118.555	19.960	33.804
320.223	119.164	19.825	33.680
315.479	118.842	20.077	34.331
313.382	119.337	20.670	34.405
309.202	119.961	20.794	34.298
307.473	119.445	20.484	35.206
305.054	119.824	20.013	35.325
301.027	120.559	19.869	34.777
300.786	120.497	18.521	34.930
298.942	120.506	18.061	35.143
295.581	120.965	17.629	35.318
293.165	121.404	18.576	35.343
290.855	122.037	17.766	35.623
288.199	122.216	16.982	35.203
286.886	123.098	16.238	35.132
283.946	122.668	15.895	35.791
281.030	124.004	17.123	34.275
277.437	122.883	17.879	33.511
268.595	124.784	19.813	36.114
265.797	125.166	21.564	36.517
263.417	124.832	22.360	36.441
260.230	125.127	22.875	36.381
258.884	125.266	21.594	36.620
256.408	126.050	22.383	36.440
253.155	126.230	21.893	37.041
250.834	126.176	23.017	37.899
247.886	126.681	22.581	37.772
245.696	127.278	22.082	37.594
243.147	127.771	22.728	37.746
239.543	128.610	22.960	37.176
238.328	128.969	22.069	37.627
234.088	130.117	22.089	37.678
232.147	128.683	22.615	39.191
229.657	130.508	22.217	37.798
226.941	131.045	22.442	38.211
225.118	131.819	22.611	38.194
223.780	132.481	21.887	38.067
219.875	133.541	22.421	37.530
218.343	132.119	22.686	39.568
214.880	132.887	22.527	39.646
213.545	133.278	22.343	39.688
211.996	133.987	22.461	39.297
208.325	133.596	21.991	40.423
207.679	134.169	22.042	40.558
205.504	134.187	22.585	40.939
202.621	135.371	22.519	40.942
201.291	135.507	22.012	41.061
199.496	136.291	22.984	40.845
196.107	136.818	23.011	41.259
195.148	137.812	23.453	40.534
193.919	138.575	23.002	40.373
190.953	138.904	23.078	40.624
190.603	139.005	22.420	40.796
188.539	139.957	23.031	40.571
186.217	139.909	23.262	41.642
184.930	139.826	22.448	41.803
182.718	140.363	22.673	42.982
181.432	140.866	23.071	42.444
180.145	141.111	23.310	42.603
178.322	141.351	22.523	43.376
177.472	141.996	22.376	43.023
174.594	142.426	22.684	43.687
174.487	142.464	22.457	43.833
173.178	143.045	22.454	43.952
170.874	143.892	22.653	44.387
170.709	144.176	21.963	44.764
169.500	144.522	22.401	44.789
167.727	144.752	22.366	45.655
166.729	145.263	22.530	45.561
165.548	145.713	22.510	45.420
163.378	146.339	23.261	45.249
162.720	146.981	23.538	45.448
160.681	147.608	23.645	46.062
159.881	148.142	23.658	46.197
158.259	148.754	23.824	46.258
157.257	150.114	23.646	46.307
156.485	150.509	23.743	46.260
155.093	151.120	23.603	47.077
154.170	151.422	23.971	47.186
153.486	151.707	23.802	47.277
152.134	153.294	24.127	47.444
151.098	153.312	24.310	47.876
150.777	153.884	24.093	47.602
149.458	154.599	24.166	48.211
149.013	155.061	24.371	47.988
148.402	155.721	24.218	47.612
147.538	156.881	23.997	47.511
147.069	156.888	24.044	48.387
146.144	157.753	24.317	48.265
145.422	158.385	24.541	48.770
144.781	158.787	24.794	48.509
144.234	159.863	24.715	49.419
143.618	159.691	25.238	50.693
142.879	160.599	26.094	49.585
142.479	161.057	26.276	49.810
142.272	162.011	26.716	49.723
142.075	162.344	26.795	51.093
141.884	162.955	26.662	51.213
141.343	163.364	26.940	51.718
141.006	164.030	26.383	51.720
140.666	164.731	26.091	51.534
140.470	165.307	26.213	52.219
139.691	166.260	26.386	52.142
139.078	167.000	26.837	52.033
138.775	167.444	27.328	52.797
138.290	168.139	27.300	53.523
137.624	169.152	27.210	52.472
137.360	169.207	27.194	54.204
136.970	170.111	27.149	54.940
136.789	170.205	27.425	55.743
136.379	171.752	27.415	55.205
136.071	172.479	27.739	55.581
135.095	172.771	27.990	56.266
135.059	174.191	27.475	56.020
134.185	175.133	28.175	55.459
133.441	176.208	28.063	55.362
133.286	176.713	28.171	55.000
132.750	177.106	28.368	55.620
131.711	177.881	28.858	57.060
131.354	178.802	29.250	57.946
131.027	179.405	29.367	58.469
130.400	180.492	29.577	57.868
130.226	181.501	29.340	57.765
129.831	182.231	29.460	57.679
129.908	183.161	28.557	58.934
129.352	184.141	29.012	59.952
128.147	185.029	29.920	58.802
127.574	185.736	30.433	60.131
127.077	186.005	30.201	60.211
126.961	186.194	29.982	61.235
125.791	187.591	30.732	61.540
125.082	188.096	31.359	61.500
124.862	189.254	31.379	61.075
124.024	190.183	31.963	62.227
123.455	191.217	32.698	61.705
123.426	192.117	32.620	62.982
123.014	192.773	32.349	62.707
121.874	193.622	33.373	63.507
122.610	194.446	32.526	64.691
122.020	195.022	32.388	64.128
121.454	195.812	32.860	64.645
120.873	197.067	33.380	65.611
120.654	198.408	33.584	64.775
120.587	199.218	33.483	66.711
120.142	200.363	33.985	66.105
119.950	201.231	34.599	67.156
119.731	202.606	34.145	67.285
119.573	203.776	34.886	67.221
119.425	204.903	34.291	67.919
118.880	205.791	35.566	68.421
118.889	206.561	36.235	68.525
118.908	207.744	36.519	69.839
118.732	208.769	36.304	69.394
118.991	209.111	36.852	70.577
119.758	163.714	33.644	74.204
118.980	165.627	35.647	70.905
120.676	171.199	34.778	71.124
120.588	168.384	35.172	71.287
121.255	170.434	37.153	73.853
122.752	173.164	35.824	71.981
123.175	174.391	35.864	72.626
122.168	174.841	36.754	71.188
123.267	176.695	37.565	73.576
123.592	177.180	37.136	72.593
124.711	179.430	37.254	74.641
125.475	179.703	38.041	75.601
126.108	183.231	39.207	73.886
128.163	182.580	39.054	76.924
128.921	184.663	39.964	75.683
131.764	185.661	39.425	78.256
132.106	186.432	41.067	78.373
134.735	187.995	41.525	79.772
135.699	188.675	41.803	79.142
138.088	190.481	41.641	79.793
139.510	191.515	42.074	80.470
142.059	192.540	42.086	81.347
143.019	194.703	42.349	80.515
145.362	196.360	42.595	81.229
145.406	197.860	43.508	80.484
147.532	200.545	43.107	81.194
148.223	201.941	43.510	79.864
148.558	202.035	45.134	82.492
150.305	203.284	43.713	81.640
150.722	205.819	44.635	82.435
151.498	206.532	44.340	83.368
151.255	209.112	44.948	83.208
151.149	209.243	44.328	84.723
150.375	211.509	46.174	82.835
152.467	174.755	40.766	81.603
149.067	167.438	42.494	84.602
149.279	174.029	41.583	83.657
148.436	171.364	42.642	86.600
147.404	176.528	45.108	85.911
145.332	173.221	44.336	89.675
143.312	176.581	47.029	91.048
139.766	178.606	48.158	89.437
137.950	180.099	47.651	90.296
135.102	180.400	48.975	95.850
132.289	181.379	49.719	95.223
129.732	182.026	50.239	95.485
125.627	183.218	51.766	97.094
122.901	184.191	52.257	98.169
118.323	185.834	52.679	99.863
113.107	187.824	53.208	102.577
109.356	189.962	54.715	99.597
103.081	192.049	55.976	104.542
99.110	193.387	57.745	101.438
91.706	196.739	57.483	104.089
84.433	197.385	62.419	104.596
79.901	200.226	63.005	104.001
72.576	201.954	63.649	106.230
67.702	203.916	63.977	106.181
59.369	159.880	61.010	112.088
50.377	162.883	65.686	105.637
37.801	167.543	69.782	104.962
31.021	167.495	73.367	107.704
18.170	171.648	76.358	105.595
11.246	172.911	77.940	107.755
