447.000	151.000	27.000	86.000
440.171	150.003	28.663	88.913
437.060	151.700	29.185	88.963
433.011	155.487	28.153	88.161
430.058	157.994	29.647	87.604
428.163	158.804	28.773	85.878
423.092	159.980	29.405	85.709
420.342	159.122	30.289	88.413
416.054	160.219	31.050	92.930
413.050	165.294	31.788	89.587
407.652	166.871	32.310	92.055
405.987	170.911	31.293	86.891
402.040	170.435	29.943	90.371
397.599	171.697	32.656	91.990
394.876	174.676	32.706	86.558
391.539	175.967	30.875	87.927
389.391	175.751	30.426	91.077
385.144	175.927	30.064	91.325
382.534	177.687	30.682	90.915
378.701	178.607	29.765	92.062
374.865	180.243	30.393	91.633
371.873	183.455	30.465	94.717
368.783	186.324	30.494	91.310
363.960	187.208	28.616	91.747
360.112	188.019	29.813	90.693
357.323	187.444	29.637	92.937
351.320	186.332	29.747	94.334
347.474	187.064	32.897	90.937
342.493	189.855	32.995	91.706
339.312	191.244	33.809	88.687
337.185	192.034	33.409	90.387
329.399	190.293	33.281	93.212
326.040	193.132	34.789	93.923
324.991	192.496	31.884	94.212
320.629	191.869	31.338	98.900
317.132	190.657	31.028	93.967
314.472	192.232	31.399	94.518
308.850	192.828	33.333	92.468
307.442	191.685	31.842	96.864
303.704	192.529	33.018	97.091
302.159	194.915	32.765	98.292
298.103	199.199	32.364	97.315
296.216	202.103	32.515	96.787
294.749	202.974	31.866	95.908
290.234	204.158	31.399	98.980
286.127	203.931	30.160	96.105
284.145	203.936	30.009	94.001
281.463	205.601	29.396	99.156
280.280	207.202	29.081	99.851
275.773	212.444	30.127	99.219
273.289	216.529	30.195	97.795
271.382	215.545	30.313	100.078
266.963	215.143	31.629	99.899
264.466	216.749	30.401	98.190
260.562	215.574	30.407	98.107
257.966	217.659	29.419	97.389
253.084	221.041	30.049	94.920
250.737	223.517	31.247	96.473
246.393	227.632	30.594	98.361
242.282	230.642	30.682	94.628
238.880	231.226	31.430	94.048
237.033	231.437	30.644	95.237
233.873	233.591	31.392	97.496
230.873	235.946	31.584	96.901
226.723	239.891	30.605	94.019
223.044	239.520	30.052	96.096
221.427	236.616	29.838	101.789
217.922	240.689	30.274	97.732
214.765	241.395	31.416	98.272
210.214	245.506	32.378	102.602
208.128	247.635	32.573	99.236
204.812	250.073	31.492	96.465
204.841	247.438	30.059	101.186
201.944	245.787	28.950	99.588
199.173	249.905	29.376	97.445
196.004	252.131	28.625	97.589
193.444	254.580	29.201	98.754
190.670	256.395	29.332	97.193
187.061	255.423	29.112	98.607
183.823	254.986	28.260	96.440
181.841	253.439	29.289	100.217
178.011	256.101	30.452	97.573
177.928	256.708	29.187	96.830
172.841	258.709	30.925	97.087
171.084	262.547	32.217	94.362
168.238	265.333	32.142	96.885
167.054	268.236	31.878	94.248
163.970	270.074	32.107	93.365
163.662	266.767	30.809	95.112
160.957	267.917	30.684	93.287
160.578	267.918	29.487	94.244
159.173	268.525	28.193	94.568
155.972	270.188	28.905	93.710
151.038	271.351	30.116	99.700
148.032	274.475	30.787	99.549
146.440	276.834	31.404	94.540
143.913	277.206	31.315	96.566
141.977	276.637	31.023	96.181
140.343	275.276	30.210	99.259
139.480	273.865	29.357	101.715
138.326	274.651	28.367	103.792
138.051	276.716	27.517	99.428
136.081	276.835	27.578	104.315
133.497	279.643	28.083	98.069
131.273	277.859	28.918	103.098
131.974	281.046	26.259	104.168
131.444	282.268	26.112	104.369
129.541	281.221	26.022	105.609
127.709	281.439	26.758	105.091
124.817	278.293	26.697	111.145
121.789	280.274	28.127	109.189
112.566	280.944	31.188	112.257
115.979	284.393	30.385	104.033
110.436	288.309	31.296	113.261
111.588	285.361	33.564	110.680
109.638	286.915	30.148	118.921
106.254	289.096	32.026	105.191
105.152	289.583	32.536	113.692
101.740	291.767	29.656	115.363
101.172	294.266	32.071	105.987
99.340	291.757	32.593	101.669
97.967	292.854	32.778	105.304
95.867	290.439	34.088	102.865
92.812	295.706	34.500	107.893
93.973	297.020	33.022	100.963
89.843	301.361	34.222	101.241
88.937	302.124	33.092	97.592
85.267	304.305	34.078	99.199
83.001	307.157	35.430	96.429
80.460	310.008	35.960	94.902
79.101	313.065	34.208	90.380
78.960	312.088	34.997	92.372
76.830	311.538	32.401	95.956
76.020	307.251	33.577	106.633
73.160	309.754	33.216	104.132
71.807	306.249	34.695	105.148
70.565	310.943	33.430	103.331
67.826	309.851	34.709	106.122
65.909	308.262	34.272	104.678
65.391	308.390	34.457	105.174
65.204	309.169	31.573	104.652
64.653	311.163	30.499	104.725
62.032	311.314	29.364	107.941
59.808	312.536	30.609	105.544
55.759	311.895	30.650	102.480
55.332	310.925	32.830	102.278
52.436	310.245	32.599	105.999
51.618	309.663	34.830	102.961
50.982	309.297	35.407	105.906
48.643	311.044	35.542	105.009
47.752	312.782	36.705	103.742
46.271	310.701	37.054	106.099
45.759	309.105	36.740	110.179
45.631	308.415	35.130	111.351
44.718	307.480	36.002	113.139
46.313	307.257	35.724	112.425
47.590	308.696	35.938	111.585
45.238	308.590	36.782	109.801
46.723	308.630	38.907	110.745
48.000	308.956	38.952	110.024
49.151	310.529	37.414	108.265
51.065	306.755	39.007	109.158
53.310	309.143	37.932	106.393
55.056	309.858	37.934	105.204
56.368	310.124	37.304	104.605
56.541	308.981	35.861	103.250
60.910	308.892	33.544	104.951
63.565	310.092	34.761	103.579
64.743	308.699	33.754	100.496
66.805	308.524	34.689	99.021
68.508	308.431	33.206	101.763
70.230	307.176	33.888	104.425
72.182	310.896	35.423	100.341
74.034	306.822	35.846	103.116
75.768	307.273	35.429	103.409
75.489	308.400	36.345	105.599
76.384	306.457	37.368	105.447
78.754	305.269	36.418	108.963
79.719	304.368	36.837	108.995
79.733	304.310	36.914	104.384
81.633	301.626	34.529	106.137
84.098	300.056	32.688	106.176
87.588	298.207	29.084	105.159
89.391	296.375	30.083	107.658
89.577	295.233	30.806	109.334
89.042	296.620	31.774	106.783
89.281	295.825	31.196	106.168
89.830	297.528	31.310	103.068
89.680	297.560	31.789	100.591
89.915	299.312	31.740	97.882
91.335	296.116	31.388	99.879
91.760	295.647	33.771	105.777
91.789	295.999	34.487	106.570
92.077	294.118	31.299	106.258
92.849	292.890	34.790	110.610
92.859	295.125	32.190	108.790
93.283	296.947	31.148	104.393
93.233	294.214	30.561	105.877
93.093	295.978	32.794	104.305
93.465	296.614	31.050	101.754
93.752	296.677	31.255	103.845
93.417	296.868	29.094	103.367
92.819	295.300	29.628	104.030
92.962	295.067	31.551	102.903
92.893	295.475	32.268	105.267
92.663	295.487	30.854	106.385
92.239	295.861	31.467	105.031
91.957	294.601	31.285	108.081
92.626	295.257	30.830	106.236
91.783	296.443	30.931	104.642
92.919	295.656	29.435	104.542
93.130	294.716	30.131	105.607
92.898	295.428	30.636	105.491
92.850	295.543	31.016	105.593
93.072	295.219	31.433	103.851
94.272	293.782	31.487	102.732
93.867	293.652	34.782	104.545
91.860	295.732	34.361	103.835
93.136	294.839	33.922	105.862
93.781	295.111	32.846	106.555
95.360	296.459	31.087	104.522
95.542	295.472	31.406	105.840
95.935	296.397	30.864	104.542
97.024	295.055	29.505	105.680
96.584	295.632	29.830	105.434
97.828	296.082	28.707	105.266
98.189	296.463	28.974	104.353
98.815	296.028	28.793	105.445
99.470	294.454	28.613	106.011
99.467	295.504	28.814	105.711
100.175	294.686	28.669	106.464
100.824	295.260	28.867	106.089
101.379	294.244	28.035	106.520
102.214	292.880	29.277	108.447
103.218	294.471	28.512	106.890
104.829	292.774	29.495	107.859
105.735	294.244	30.942	106.675
106.811	294.967	34.437	106.776
107.530	294.364	35.513	105.000
108.779	293.421	35.310	101.830
109.124	292.421	35.673	102.678
109.633	293.055	37.634	104.740
110.509	296.076	38.062	103.750
111.615	297.186	39.292	100.740
112.010	299.737	42.631	94.554
114.652	300.421	40.092	94.608
115.530	302.237	42.354	91.297
116.899	303.327	44.106	89.852
120.061	302.626	42.400	89.441
121.064	299.768	44.171	91.157
125.188	297.941	39.564	91.087
128.033	294.312	39.740	93.404
128.863	295.845	39.703	93.974
132.271	293.327	41.399	94.564
132.002	293.969	42.079	98.697
135.208	288.654	41.064	100.995
137.796	286.633	44.238	103.104
142.794	279.908	43.172	106.613
147.239	278.362	42.078	101.252
150.616	274.362	39.760	100.676
150.970	272.892	40.468	98.057
157.166	270.750	36.716	101.971
160.307	263.826	34.925	107.831
162.915	263.676	35.315	106.591
165.091	262.868	35.517	108.103
167.553	259.646	36.078	106.868
169.111	258.916	36.385	105.426
173.161	257.272	35.795	104.900
176.034	255.442	35.934	104.830
179.600	252.287	34.903	104.288
183.941	251.414	33.774	102.588
186.142	251.025	33.894	101.277
189.052	250.091	33.523	99.740
190.835	248.623	34.401	102.076
194.366	249.700	34.516	102.697
196.186	250.261	33.606	101.319
198.444	247.628	34.035	102.800
200.489	247.109	34.853	100.392
203.213	244.148	34.802	99.487
205.213	243.478	33.467	102.331
207.787	242.479	32.086	104.602
210.916	242.001	31.252	104.311
211.352	240.323	31.901	107.484
212.877	241.712	32.461	105.057
215.226	239.433	33.424	106.256
218.588	237.299	32.814	104.162
221.207	235.745	32.974	99.612
224.222	235.591	35.144	100.762
226.387	233.575	34.858	101.539
229.519	230.722	34.449	104.555
231.206	231.134	34.142	102.801
234.101	229.771	34.994	102.116
236.633	228.648	33.999	100.699
239.156	225.445	34.190	100.972
241.398	224.491	33.313	97.049
243.841	221.983	31.989	98.900
244.851	221.133	32.977	97.518
248.419	220.836	31.939	99.301
251.265	216.787	32.173	105.941
252.893	215.634	33.080	100.858
254.052	213.806	33.991	101.317
255.669	214.084	33.493	103.658
255.772	212.586	34.481	101.896
257.894	211.296	36.057	101.737
260.175	209.912	35.690	100.478
260.802	209.700	33.820	95.969
264.200	211.005	33.374	93.543
266.054	210.504	35.788	95.085
263.566	210.665	38.073	92.558
266.763	212.935	36.908	92.361
264.262	211.332	41.878	92.090
266.470	210.185	41.125	92.329
267.326	209.689	43.223	93.933
271.158	208.698	42.128	93.856
278.877	207.900	38.178	94.484
281.167	208.443	36.153	95.494
282.934	207.215	35.159	94.385
285.302	203.457	33.975	93.897
285.670	202.281	35.925	96.191
286.296	200.371	36.947	95.944
288.175	197.766	39.619	95.400
285.538	197.689	43.696	95.679
288.613	196.361	43.123	97.640
292.346	195.375	43.696	99.008
294.300	194.669	40.509	98.968
297.993	192.221	37.012	99.611
301.173	191.339	33.808	100.857
301.466	189.689	35.242	106.754
301.521	188.437	38.285	105.194
302.328	188.292	36.956	104.984
304.380	187.260	36.330	105.154
307.154	187.383	36.110	103.949
308.757	187.952	35.923	103.285
311.729	187.446	35.156	104.633
313.372	187.526	35.308	105.388
314.120	188.406	40.599	103.731
314.954	190.605	41.367	100.784
315.459	190.184	44.598	101.338
316.562	190.966	45.882	100.300
320.719	191.410	45.350	98.799
328.055	191.208	40.141	97.123
334.898	187.450	37.858	98.417
339.104	185.749	38.524	101.138
343.048	186.912	37.280	98.929
351.481	186.250	33.384	100.399
355.544	185.292	29.438	99.443
359.655	185.031	28.535	100.465
361.225	184.002	30.285	100.570
365.270	184.444	32.108	96.696
368.468	183.815	32.902	95.976
373.358	179.154	31.484	96.778
378.366	178.205	31.161	96.000
382.639	172.992	30.054	98.436
386.926	173.938	30.819	89.469
390.608	173.131	30.963	95.430
394.054	172.370	29.987	92.467
395.726	172.080	31.008	92.510
398.462	173.519	29.321	90.666
400.161	174.972	30.972	87.878
402.862	177.175	30.123	86.496
405.105	175.813	30.527	86.664
406.779	174.093	32.995	87.794
409.142	172.440	31.918	90.752
412.442	170.498	30.027	87.051
415.163	169.909	30.001	85.730
417.618	166.935	31.005	87.671
419.970	164.361	31.862	89.786
421.912	164.321	32.616	89.900
423.437	162.410	32.835	87.240
425.054	161.739	31.999	86.223
427.817	155.847	31.519	90.576
430.080	155.837	32.711	92.962
430.971	156.125	32.433	91.907
430.967	156.220	33.213	91.989
432.567	156.222	32.026	95.090
433.759	153.115	29.913	93.977
433.887	152.737	29.753	95.488
434.007	152.407	30.298	93.762
434.887	153.084	29.669	93.333
434.399	151.426	31.179	93.787
433.857	150.703	32.166	91.712
434.527	150.946	31.694	90.207
434.775	151.993	33.387	88.804
434.418	152.119	35.234	87.360
435.735	152.506	35.548	86.711
436.472	152.475	34.261	85.681
438.198	151.342	34.053	87.335
439.416	152.494	33.572	85.451
440.643	151.654	33.091	86.967
442.610	150.220	32.585	87.205
444.587	149.104	31.240	86.374
446.549	145.374	29.982	94.023
447.222	144.877	30.488	92.832
447.053	146.197	30.060	90.483
447.753	144.004	31.172	94.161
448.265	144.270	31.486	92.487
450.018	143.836	31.471	91.256
451.496	144.274	30.632	91.508
453.484	142.665	30.376	91.964
453.572	143.310	29.708	89.770
454.661	141.300	30.208	94.358
455.676	142.206	31.199	92.026
457.339	141.689	30.573	92.590
458.780	141.648	29.590	90.946
459.193	139.619	30.150	93.251
460.830	137.137	28.897	95.879
461.702	135.051	27.931	97.088
461.591	136.074	28.284	95.816
462.360	134.282	28.683	95.839
462.762	134.310	30.209	96.708
509.407	129.037	33.123	98.700
463.863	134.709	28.987	96.744
512.095	128.816	30.187	100.543
512.530	120.100	33.995	96.012
465.301	134.095	29.910	96.716
464.794	132.812	29.397	97.583
465.702	132.677	27.345	97.343
465.961	132.889	27.632	97.062
466.691	132.931	27.508	97.968
467.588	133.629	29.339	97.717
468.858	133.073	30.682	97.549
470.683	134.428	31.302	96.346
471.800	135.932	32.477	95.104
476.141	134.596	32.183	97.767
477.955	134.101	32.073	96.740
480.486	133.145	31.530	95.449
482.449	133.520	31.598	96.061
483.240	132.327	31.779	96.034
485.248	131.260	31.392	96.397
487.206	129.614	30.056	97.551
488.438	127.899	28.791	96.988
489.309	127.363	28.944	96.726
490.193	126.315	28.221	97.887
489.529	127.032	28.097	97.805
490.136	125.870	27.950	97.361
489.967	125.954	26.844	98.005
491.000	124.586	26.856	99.846
490.521	126.032	26.084	96.905
490.895	125.474	26.917	98.457
489.824	125.556	25.580	97.490
489.900	124.210	26.473	99.451
488.820	123.735	26.638	99.106
489.497	123.039	26.194	98.368
488.859	124.732	27.156	96.187
488.703	124.373	27.729	98.116
488.408	123.252	27.192	99.859
488.659	123.667	27.634	99.781
487.926	122.632	27.892	99.890
488.758	122.504	26.958	100.529
488.566	124.046	28.102	97.924
488.365	122.802	28.383	99.296
489.220	121.490	29.447	100.740
531.972	117.279	26.668	96.350
527.557	113.640	27.309	102.870
486.089	122.162	30.392	100.380
528.640	114.716	26.212	99.219
523.637	115.250	26.025	104.404
522.723	115.209	27.573	100.574
485.703	122.247	30.029	100.436
514.912	118.316	32.108	101.909
521.683	112.798	25.669	103.428
489.280	122.094	28.367	101.247
514.594	113.757	28.901	103.655
518.904	115.131	26.204	106.465
487.309	121.073	27.241	100.272
511.147	116.287	29.997	99.814
515.213	113.301	26.960	105.294
483.363	124.764	32.013	101.962
485.300	123.159	36.910	99.840
477.024	126.906	31.180	96.360
476.955	129.814	33.108	97.890
474.683	134.799	32.283	94.831
475.849	135.252	33.316	96.506
471.985	136.752	35.100	96.316
471.447	135.940	33.226	98.046
468.598	136.419	32.496	94.441
465.643	136.125	30.883	95.530
463.540	137.231	29.762	99.813
463.721	138.646	28.307	99.209
461.831	142.362	26.121	95.295
459.201	141.889	27.698	97.271
459.188	142.407	27.914	96.906
456.597	143.184	28.037	96.233
455.582	142.566	28.521	95.529
454.677	141.651	29.397	96.511
453.690	141.799	31.149	97.480
452.546	142.846	32.649	96.941
450.280	143.672	36.821	96.300
450.493	143.029	37.027	98.060
449.880	143.618	36.020	95.968
449.840	144.925	35.038	95.917
450.359	146.699	32.167	96.166
451.166	152.234	31.051	92.560
450.651	155.236	31.953	89.557
449.922	153.748	32.046	90.525
450.727	152.430	33.129	92.382
447.463	152.654	32.068	91.890
447.626	151.228	31.141	97.020
446.753	153.496	29.866	95.386
443.756	152.217	32.277	96.034
442.883	152.106	31.895	94.879
441.004	151.277	32.504	98.539
438.151	152.879	32.815	94.805
435.074	154.568	34.431	94.211
429.501	157.786	35.582	96.931
428.187	160.220	36.004	92.469
425.539	160.030	37.087	97.687
422.530	161.165	34.605	93.873
421.104	160.447	33.878	93.171
419.392	163.507	33.311	91.693
419.206	161.780	35.207	93.602
415.413	165.123	35.320	93.015
413.159	163.073	35.754	99.556
411.229	165.119	33.945	99.299
408.471	172.616	32.023	98.260
408.279	173.899	32.347	96.186
406.116	174.169	31.322	96.843
404.190	172.271	29.395	95.019
400.885	172.699	30.309	93.988
398.994	173.577	28.716	89.575
397.137	172.911	28.494	90.318
395.906	175.327	27.279	91.642
394.783	176.017	27.139	92.991
390.955	177.667	29.183	90.668
390.580	178.711	28.040	88.605
387.481	180.480	28.782	88.565
383.819	183.674	30.953	87.768
381.385	187.670	31.240	82.557
380.922	186.761	32.075	84.576
376.523	187.428	31.250	85.128
374.875	188.914	33.155	83.797
371.995	185.525	32.721	90.629
371.716	185.352	32.261	90.897
369.862	183.444	31.724	93.740
366.700	186.249	31.794	92.693
365.364	187.914	29.958	90.291
363.816	186.277	30.987	92.404
361.432	187.355	30.740	92.260
359.750	186.595	31.482	93.474
355.777	189.008	33.093	92.627
353.953	185.078	29.168	97.545
350.825	188.755	30.579	95.082
346.658	188.806	32.996	93.426
342.836	187.969	34.553	94.217
337.989	186.474	33.730	95.698
335.776	187.326	38.815	99.269
334.112	186.588	36.345	99.869
332.264	187.977	39.406	99.995
329.831	188.802	39.849	100.654
328.510	186.476	34.728	103.843
326.516	189.079	37.362	101.202
324.434	187.253	34.184	102.029
321.804	187.438	34.090	100.698
320.997	187.165	34.445	97.865
317.710	186.809	34.346	98.714
317.154	184.764	32.363	101.402
315.177	184.608	33.053	102.769
314.629	184.673	37.191	102.157
312.996	186.004	32.692	103.091
312.074	184.603	31.713	104.833
309.135	185.155	31.949	104.947
305.390	184.306	31.743	102.243
305.448	184.958	34.738	100.806
302.277	183.900	33.555	104.467
301.344	184.222	30.889	106.782
299.558	185.395	32.786	104.232
295.210	184.539	32.775	105.101
294.613	184.543	32.502	105.840
289.756	184.338	33.622	108.153
287.993	186.917	37.611	104.942
285.946	187.415	37.448	106.312
282.393	187.805	35.994	108.114
283.149	193.720	40.290	102.824
273.207	195.677	43.400	102.796
274.191	199.115	41.452	99.126
269.333	199.919	45.815	98.253
267.362	199.515	44.589	99.381
269.574	197.927	43.668	102.400
267.541	200.421	39.762	97.471
267.454	200.175	38.966	98.235
265.539	203.634	37.716	96.446
264.898	204.896	35.788	97.916
265.666	208.672	35.283	94.721
264.057	208.434	35.377	94.699
261.237	209.447	35.092	92.221
259.650	209.446	36.634	91.494
256.253	208.333	38.330	95.627
254.135	208.150	37.725	96.332
253.522	209.346	38.124	96.699
251.600	209.689	36.670	96.441
252.498	210.633	33.913	93.409
251.337	210.574	33.295	95.874
251.733	211.229	32.502	95.488
249.346	212.557	32.911	95.556
247.660	213.417	32.916	98.303
244.408	218.311	33.227	95.636
244.547	219.313	35.955	94.582
241.060	219.816	34.713	95.517
237.705	220.613	34.390	93.930
237.640	220.333	33.469	92.142
232.977	218.742	33.741	91.361
231.427	217.957	34.980	94.658
229.538	219.425	35.398	93.383
229.147	224.892	35.751	90.726
226.036	225.292	34.573	92.805
221.747	229.944	35.203	92.814
219.188	231.506	39.219	91.763
216.534	230.542	38.136	95.051
216.944	229.247	35.618	94.627
214.928	227.708	35.246	96.560
214.827	226.541	34.443	97.048
214.251	226.583	32.998	96.652
214.993	224.993	30.295	100.101
214.771	226.087	30.696	99.975
213.989	226.923	29.854	100.116
214.024	225.931	29.761	103.659
213.262	226.452	29.956	101.731
212.373	226.663	28.932	101.278
211.466	228.525	30.451	100.661
209.902	229.540	30.195	100.231
206.275	232.668	32.101	98.306
204.975	236.748	30.286	95.080
200.996	238.337	32.352	95.841
199.498	240.685	31.759	94.506
195.140	240.948	32.008	92.577
192.615	242.043	31.739	95.819
191.416	239.328	29.314	98.032
190.894	240.106	29.330	96.582
189.720	243.319	31.242	96.520
188.330	244.386	29.328	96.592
184.121	248.974	30.446	93.137
181.488	248.379	31.442	93.973
180.301	251.129	31.530	93.761
177.626	251.020	31.347	94.466
178.690	251.538	31.148	96.688
175.265	250.513	30.998	93.897
174.573	252.679	29.949	94.956
171.756	252.394	30.927	96.927
170.066	253.860	29.993	98.951
168.610	252.851	29.561	102.253
165.215	256.754	30.538	99.210
164.814	260.404	29.990	97.515
162.581	259.852	30.261	98.423
160.728	259.972	29.188	99.657
158.798	259.296	27.904	101.200
157.312	260.260	27.995	101.927
152.399	261.562	29.969	102.245
151.774	264.557	28.452	100.211
150.338	268.081	28.197	100.585
146.832	267.724	32.604	100.289
142.642	270.221	33.246	99.924
141.271	270.657	32.580	100.769
139.764	272.902	30.942	97.832
137.408	270.261	30.386	99.933
136.294	271.742	30.430	100.197
135.551	270.760	29.083	104.022
132.696	272.302	30.808	105.713
131.662	278.363	29.853	100.292
128.444	281.387	30.813	98.648
125.882	282.301	31.239	100.611
126.013	284.162	30.837	97.008
122.138	283.023	31.304	101.059
124.394	282.384	29.562	105.767
120.629	284.069	29.653	103.899
116.616	286.010	30.815	103.345
113.475	288.389	31.248	105.117
113.272	291.626	30.861	103.534
108.282	294.451	33.005	103.395
106.007	298.094	34.650	99.160
102.819	297.975	34.203	99.553
100.786	295.909	34.184	101.843
97.620	295.180	34.571	100.382
100.363	296.982	34.068	103.926
96.702	300.465	34.065	104.198
92.743	298.639	36.104	109.532
92.058	302.494	35.761	104.928
92.561	305.671	33.956	106.581
88.200	311.973	33.944	102.921
92.886	312.854	35.201	98.158
85.574	313.826	35.798	99.550
89.404	312.355	33.063	100.961
85.610	313.977	34.549	103.086
92.259	315.818	32.885	102.891
93.014	315.831	32.011	103.868
95.488	316.870	34.268	103.300
89.402	318.753	34.130	101.778
89.084	317.209	36.736	103.119
87.919	319.603	36.160	98.706
96.262	317.153	32.995	102.325
88.677	318.359	35.325	100.757
100.388	316.150	29.974	104.600
93.491	316.165	34.721	101.527
100.072	314.073	30.349	103.977
99.454	313.996	31.088	101.899
101.937	312.853	30.531	98.631
106.110	312.759	28.605	99.476
104.226	308.251	30.835	105.755
107.855	315.280	30.662	104.324
116.318	300.061	30.439	115.272
108.384	305.493	35.552	118.164
112.269	299.471	34.205	120.602
115.753	301.399	32.673	115.955
114.062	302.093	33.211	114.728
117.208	306.580	33.656	111.645
118.553	303.136	31.738	113.578
124.284	301.037	29.863	111.918
123.842	301.498	30.688	109.020
127.200	301.320	31.632	104.974
128.765	297.932	30.415	109.639
128.613	297.307	32.467	107.742
130.646	297.090	31.926	107.794
134.138	297.764	29.839	108.815
136.597	298.848	28.600	108.068
137.542	298.767	29.551	107.567
138.935	298.654	28.558	107.931
138.769	297.178	28.794	110.049
140.726	298.484	28.943	107.008
142.166	297.477	29.246	108.575
142.225	297.254	28.831	106.536
144.464	295.154	29.495	108.017
145.495	294.313	29.115	109.617
146.486	294.325	31.100	108.885
147.462	292.643	32.031	107.422
149.265	291.931	33.277	105.835
149.708	289.475	33.594	106.511
150.512	289.791	34.014	106.668
153.093	289.979	33.668	105.758
153.802	288.487	31.168	107.776
158.682	288.175	34.050	106.616
157.968	287.485	33.799	106.248
158.553	287.861	35.423	106.275
161.575	286.191	37.994	108.369
167.399	285.752	34.909	106.232
167.591	284.357	32.084	106.909
169.577	283.783	32.483	104.658
168.578	281.589	32.725	104.291
168.140	283.653	34.112	100.976
168.981	282.701	33.898	100.929
170.508	279.545	35.462	101.964
172.578	279.362	35.839	102.460
176.024	280.298	34.797	102.491
174.682	280.114	34.708	102.189
174.736	276.733	32.413	102.995
175.199	275.393	33.428	104.942
177.891	273.795	33.770	105.130
180.430	272.170	34.617	103.302
178.983	270.912	35.277	101.215
180.765	269.695	35.174	99.427
180.469	268.814	35.955	101.223
183.489	266.166	36.638	103.577
183.827	267.508	35.792	103.386
183.935	266.889	35.508	104.616
189.092	265.849	36.304	102.152
188.583	266.795	34.790	102.395
194.911	265.380	33.963	101.054
191.751	263.521	35.363	102.261
196.532	263.143	35.072	101.323
195.722	262.406	34.546	102.527
196.452	261.096	35.578	101.386
197.657	261.645	34.158	102.247
200.178	260.788	33.330	102.685
201.733	259.973	35.414	102.230
202.112	261.193	31.092	101.664
204.749	260.107	32.151	100.346
207.152	259.635	31.129	98.552
209.144	260.689	30.091	96.649
210.562	259.423	30.806	98.005
212.456	258.555	30.040	98.962
214.263	256.796	29.884	98.221
215.502	255.376	27.575	100.215
216.683	255.204	30.274	98.308
217.189	250.362	29.875	102.835
218.863	251.680	29.926	102.932
221.110	247.497	33.502	105.477
224.367	247.011	31.977	104.393
227.082	246.231	31.389	104.042
228.541	245.855	30.509	100.710
229.404	244.657	30.433	100.474
234.473	243.926	30.176	99.241
235.252	243.687	29.125	104.466
237.324	241.914	30.087	106.018
238.306	241.649	28.787	107.158
235.912	237.654	31.140	108.245
236.611	237.574	29.470	107.488
236.654	239.157	29.621	106.011
238.237	237.242	31.803	99.770
239.861	236.960	31.155	104.795
242.915	234.112	30.743	108.478
245.049	233.032	29.574	110.011
245.003	233.689	30.009	108.574
245.105	234.973	32.125	104.844
246.298	234.748	33.449	105.342
244.981	232.373	32.965	100.014
245.923	233.191	32.077	100.673
249.551	233.026	32.811	103.940
249.751	226.689	30.567	105.823
251.737	228.166	31.253	101.494
254.755	228.196	29.842	104.854
253.814	226.446	30.294	105.411
254.166	225.962	30.549	101.552
253.305	222.853	27.149	101.589
253.990	222.773	29.376	97.601
255.094	224.099	28.826	95.284
255.436	222.512	32.985	98.135
255.881	224.671	30.427	96.401
258.110	222.469	31.592	96.758
258.117	222.574	30.259	93.844
260.149	221.377	29.267	95.036
262.263	220.682	31.284	97.922
263.791	220.617	31.274	99.179
266.220	219.379	30.813	96.958
267.171	214.599	32.447	97.074
266.271	216.422	31.993	95.710
268.434	215.329	32.259	95.449
269.403	214.221	33.034	99.056
272.641	212.680	31.547	99.761
274.042	212.720	32.401	95.875
275.279	212.954	33.468	96.151
276.023	213.059	34.033	95.737
277.446	215.373	32.975	95.810
277.798	214.516	34.855	95.412
280.597	211.725	32.970	96.865
281.981	212.208	32.938	95.124
285.009	207.592	32.351	98.100
285.482	208.019	34.086	93.245
287.575	204.592	33.084	93.220
288.765	204.022	32.517	93.038
291.500	200.730	31.260	98.072
291.629	202.417	32.347	98.091
293.739	200.323	31.547	96.981
295.100	202.112	32.534	98.717
297.045	203.234	32.298	97.166
300.293	199.732	33.074	98.583
301.855	199.721	31.199	98.636
303.671	197.575	31.025	96.678
305.167	195.592	32.703	98.029
308.645	193.911	31.692	101.300
310.789	190.245	31.789	99.726
311.544	193.264	31.899	96.331
312.362	188.162	30.679	100.494
313.691	184.926	27.824	99.669
317.359	187.672	30.158	99.649
319.175	187.299	33.099	98.993
320.136	189.796	31.826	99.491
321.368	189.266	32.435	102.856
325.464	187.578	33.464	100.691
325.872	192.584	32.597	96.392
329.048	191.254	32.059	96.317
332.831	188.805	31.126	95.207
335.250	190.125	32.040	94.380
337.885	186.596	31.536	99.132
337.370	191.632	32.181	95.564
342.160	189.064	31.091	93.690
346.393	187.015	29.687	95.838
347.721	187.416	29.052	96.897
351.745	187.956	29.222	101.774
353.187	187.131	29.305	95.273
355.857	188.974	29.273	92.650
356.994	188.866	29.746	93.569
356.880	187.720	30.113	94.863
359.990	187.491	30.352	92.654
361.687	190.820	28.987	88.143
366.591	187.724	27.778	90.433
368.200	186.692	30.008	91.879
371.874	183.896	31.064	91.935
375.635	182.304	30.439	88.576
377.338	182.555	31.197	88.257
378.842	182.036	31.556	89.158
381.190	180.888	31.060	88.087
386.285	180.790	28.866	90.136
388.024	181.249	29.119	88.275
389.566	179.908	27.764	87.442
390.533	177.266	29.083	86.973
391.964	175.844	27.674	84.730
392.891	174.478	25.411	85.804
394.335	175.040	26.592	89.908
396.099	176.247	28.504	89.389
398.514	171.552	31.048	94.757
398.677	174.324	29.716	91.483
399.409	174.118	30.114	94.508
401.438	171.180	29.531	91.822
403.266	172.488	28.740	92.905
404.560	170.640	30.577	91.254
404.837	167.774	30.527	87.735
404.300	165.327	30.709	96.417
405.371	166.001	31.199	91.855
408.145	163.476	29.983	92.359
408.907	165.482	29.981	92.180
409.370	164.110	31.706	92.761
413.971	162.550	31.684	92.045
414.018	163.797	32.764	93.624
414.905	164.463	33.092	91.083
418.646	160.996	32.754	95.852
421.524	165.215	33.505	94.212
423.617	161.752	31.433	92.343
424.406	158.625	30.318	91.847
426.229	158.713	31.169	93.456
426.423	157.449	29.083	90.776
426.009	161.207	29.264	90.312
428.364	156.176	31.029	90.634
431.442	155.306	31.576	91.972
435.096	152.137	30.644	91.775
435.771	153.880	30.747	92.746
437.778	153.772	30.351	89.883
438.854	151.825	29.896	90.563
440.605	156.366	30.362	87.137
444.271	147.909	30.201	91.101
444.548	148.533	31.141	90.493
446.485	148.604	29.942	91.457
448.632	147.334	29.704	91.619
450.814	145.099	29.806	93.117
451.894	144.611	29.857	92.644
452.681	145.002	31.103	90.919
454.062	143.648	31.016	91.851
455.436	144.314	30.778	90.213
456.544	142.829	31.080	92.448
459.670	143.833	31.685	92.670
462.792	140.339	31.504	98.964
464.671	139.066	31.446	96.186
463.659	140.029	31.697	91.422
464.413	139.912	31.545	90.773
467.082	136.829	32.598	94.518
469.680	135.714	31.436	95.581
471.691	137.339	30.542	94.982
474.138	134.457	31.803	96.692
475.980	135.202	32.379	94.423
477.164	134.829	29.702	95.365
478.825	134.220	31.532	93.752
481.726	131.620	32.364	96.821
482.615	131.927	30.732	93.265
483.782	128.358	32.956	95.656
485.862	125.712	33.137	94.437
486.189	128.754	29.505	92.961
492.233	123.919	30.707	95.161
489.209	125.498	28.663	95.275
493.212	124.110	30.860	94.668
494.967	123.517	31.036	95.891
505.332	122.813	29.553	94.475
506.054	121.880	30.654	97.341
507.460	122.197	29.866	94.454
510.206	120.010	29.048	97.712
507.541	119.054	29.026	97.175
510.132	116.464	28.409	100.716
510.384	115.096	27.461	100.556
511.311	115.648	27.657	96.714
512.690	115.716	27.484	92.283
513.871	114.570	27.410	92.434
515.419	114.344	27.536	92.827
517.241	116.127	27.055	90.983
517.474	115.147	26.170	90.006
518.833	112.634	25.467	87.997
520.510	110.648	25.741	83.079
521.036	111.704	25.180	79.015
523.703	108.340	26.560	77.326
524.737	109.138	26.278	75.201
526.076	107.994	25.679	74.357
528.377	106.194	25.414	70.610
529.396	107.207	25.853	69.017
531.528	106.260	25.327	66.359
533.379	106.235	27.148	64.363
535.346	107.229	26.323	65.113
538.868	108.272	25.954	66.419
541.047	105.308	25.528	67.053
542.117	105.580	25.146	64.533
545.030	103.986	25.523	63.596
545.911	101.392	25.920	66.188
547.314	101.760	25.534	67.908
547.633	98.892	27.563	69.304
548.744	98.777	26.850	75.300
550.994	98.093	27.351	74.132
551.697	98.980	27.139	75.969
553.749	98.405	27.087	77.066
554.981	99.008	27.377	77.393
556.359	97.720	26.948	73.363
557.085	97.483	26.583	75.059
558.794	94.992	26.143	77.364
559.599	93.308	26.269	74.274
561.963	91.500	24.840	76.537
562.833	90.860	24.766	78.087
563.853	91.013	24.764	78.291
565.183	90.112	25.734	80.203
566.580	90.696	26.065	78.476
569.161	91.297	25.476	76.279
571.469	91.857	25.271	73.691
574.418	89.472	25.136	77.515
576.669	91.633	25.107	78.683
580.264	90.366	24.502	77.392
581.646	90.676	25.139	83.081
584.712	89.365	25.926	76.113
586.675	88.328	24.424	75.879
588.044	88.913	24.108	77.125
590.364	88.286	24.254	78.002
592.023	88.832	25.069	76.914
594.580	86.934	24.111	76.646
595.998	87.919	23.688	73.762
597.968	87.922	23.441	73.827
599.109	88.302	23.559	74.665
600.641	88.256	22.952	79.443
601.903	86.672	23.384	80.626
603.175	84.427	23.708	83.601
603.787	85.685	23.975	83.678
