177.000	81.000	12.000	27.000
177.159	81.565	14.132	25.784
177.090	80.849	14.413	25.963
178.803	80.997	14.395	26.367
178.412	81.120	15.169	26.457
180.516	81.584	16.006	26.863
181.473	81.400	15.258	27.199
182.528	81.089	14.801	27.574
185.076	81.511	13.858	26.528
186.159	80.871	13.170	26.491
188.470	81.366	13.276	25.992
188.445	80.879	13.996	26.628
189.520	81.112	14.020	26.377
190.390	80.684	14.043	26.820
190.498	80.536	14.922	27.304
190.801	81.213	16.411	26.881
191.893	80.947	15.933	27.931
194.195	80.490	14.576	27.383
196.236	80.122	13.599	26.925
198.292	79.931	13.237	26.449
199.156	79.745	14.401	25.845
200.613	80.036	13.665	26.730
201.019	79.725	13.424	26.864
201.554	79.195	15.321	28.121
201.927	79.975	16.682	27.474
202.889	79.805	16.360	28.131
205.094	80.151	15.197	27.626
206.081	80.278	15.035	27.528
207.560	80.003	13.919	27.162
209.549	79.414	13.223	26.585
209.935	79.404	13.452	27.291
209.872	80.261	15.051	25.940
211.392	79.767	14.167	26.969
212.392	79.954	14.919	27.314
212.445	79.478	15.148	27.436
213.104	79.231	15.979	27.354
214.700	79.046	15.027	27.176
216.907	78.807	14.160	27.545
219.703	78.145	12.627	27.530
220.113	78.089	14.084	26.463
221.025	77.273	14.240	26.804
221.988	77.490	14.681	27.937
222.432	77.955	15.204	27.687
222.611	77.614	16.403	28.428
223.286	78.104	16.718	27.939
223.926	77.352	16.099	29.001
225.253	76.699	15.908	28.892
226.946	77.056	15.361	28.693
228.568	76.942	14.959	28.198
230.349	76.784	14.184	28.409
231.940	76.681	13.827	28.183
231.618	76.232	14.534	28.224
232.367	76.353	15.323	28.601
233.053	76.902	15.760	28.293
233.181	76.416	15.736	28.568
234.518	76.023	15.656	29.132
235.194	75.823	15.413	28.873
236.621	75.060	15.360	28.206
237.443	74.218	15.338	28.869
239.690	74.299	15.553	28.474
239.714	73.626	16.051	29.310
241.590	74.939	15.448	28.363
241.273	73.869	15.537	28.294
241.746	73.032	16.384	30.037
242.358	73.305	17.342	29.520
243.243	73.500	16.606	29.978
243.445	74.527	17.771	30.041
244.782	77.494	17.508	29.832
247.725	89.156	16.307	26.881
249.057	95.887	16.455	23.924
250.967	103.509	15.520	25.204
250.317	104.426	16.340	27.398
252.022	113.664	15.611	24.417
252.687	115.245	14.846	26.597
253.601	120.461	15.702	26.393
255.032	126.894	15.143	24.598
255.611	129.813	15.091	25.750
255.888	134.145	16.443	26.390
256.911	137.988	15.730	26.568
257.401	142.976	16.042	26.994
258.182	151.587	16.565	26.468
259.574	156.852	16.585	24.318
260.653	161.009	16.464	25.012
260.884	166.666	16.887	26.213
262.731	171.752	15.925	26.180
263.535	180.579	15.953	23.919
265.120	185.269	15.672	23.334
267.801	193.525	14.569	23.618
268.695	199.904	14.301	23.688
269.039	198.975	14.360	25.837
269.363	198.890	14.823	25.897
270.168	199.365	15.076	25.284
270.895	199.612	15.020	26.130
271.352	199.508	15.267	26.091
271.951	199.239	14.967	26.598
272.505	197.825	14.814	26.483
273.232	197.450	14.687	25.946
273.988	196.916	14.359	26.447
274.629	197.382	14.082	26.747
275.967	198.041	14.276	25.766
277.106	196.480	14.028	25.832
277.585	196.190	14.087	25.662
278.005	195.630	14.168	25.875
278.785	196.302	14.603	26.279
278.977	196.965	15.162	25.679
279.341	197.242	14.831	25.717
279.944	196.799	14.944	25.682
280.598	195.767	15.578	26.386
281.831	195.579	15.161	25.956
283.307	195.916	14.249	26.260
283.320	195.712	14.718	26.763
284.248	195.956	14.896	26.193
284.436	194.862	14.784	27.126
285.501	193.828	14.425	26.735
285.790	194.388	14.487	26.501
286.356	194.500	14.612	26.334
287.004	194.940	14.605	26.004
287.535	195.077	14.951	25.988
287.838	193.793	15.016	26.083
288.424	192.872	14.634	26.321
289.498	192.155	14.735	27.091
289.780	192.526	14.896	26.894
291.091	192.464	14.418	27.067
291.834	192.468	14.414	26.304
292.272	191.663	14.430	26.458
292.955	190.388	14.429	26.724
292.722	190.728	15.005	26.400
294.061	190.761	14.416	26.122
294.706	191.604	15.099	25.722
295.535	191.597	14.824	25.306
295.831	191.287	15.356	24.817
296.459	190.655	15.094	25.137
297.021	189.811	15.000	25.091
299.837	190.138	16.942	24.785
302.196	189.867	14.687	25.384
303.019	188.668	15.147	26.519
304.084	188.496	15.298	25.972
304.780	187.596	15.044	26.343
305.402	186.666	14.697	26.717
305.783	186.707	14.636	26.337
306.967	186.799	14.569	26.639
307.469	186.453	14.241	27.159
308.300	185.842	13.977	27.140
308.585	185.395	14.142	27.167
308.302	185.403	14.608	26.125
309.036	185.111	14.862	26.303
309.796	185.311	14.893	26.945
310.585	185.247	14.632	26.521
310.416	185.301	15.176	26.200
310.971	184.225	15.348	26.711
310.742	184.177	16.412	26.624
312.488	184.848	15.572	25.768
313.539	184.850	15.310	26.445
314.925	185.267	14.594	26.397
315.123	184.472	15.022	26.312
315.383	183.395	15.310	27.180
316.121	182.574	14.986	27.591
317.187	182.400	14.518	27.681
317.351	182.675	15.271	27.742
318.021	182.928	15.486	28.274
319.129	182.319	15.026	28.113
319.182	181.745	15.103	28.368
319.568	180.810	15.613	27.970
319.961	181.403	15.976	28.455
320.887	181.251	16.027	28.389
321.495	181.319	16.528	27.818
321.889	180.200	16.442	28.696
322.440	179.172	16.312	28.639
322.841	178.679	16.412	28.618
323.573	178.640	15.688	28.537
324.808	179.292	15.575	27.764
324.972	179.102	15.175	27.878
325.371	178.692	15.280	27.309
325.698	178.250	15.157	27.271
325.903	177.101	15.315	28.343
326.651	177.886	15.329	27.082
327.248	178.204	15.413	27.462
328.416	178.022	14.792	27.435
329.322	177.193	14.380	27.850
329.799	175.889	14.665	28.975
330.620	176.796	14.486	28.464
330.987	175.978	14.609	28.672
331.354	174.664	14.502	29.231
331.457	175.272	14.608	28.312
332.701	175.590	14.535	28.969
332.790	176.216	15.067	28.905
333.686	176.221	14.836	28.960
334.196	175.973	14.660	28.395
334.507	175.407	14.595	28.564
335.334	174.230	14.318	29.027
335.624	174.055	14.386	29.210
336.553	174.608	14.232	29.194
337.318	174.775	14.598	28.647
337.888	174.137	14.407	28.950
338.229	172.944	14.789	28.963
338.738	172.344	14.344	29.056
339.588	172.046	14.240	28.257
340.702	172.676	13.984	29.228
341.287	173.311	14.083	28.621
341.858	173.019	14.379	28.045
342.383	172.395	13.665	27.782
342.986	171.715	13.761	28.560
343.548	171.880	14.356	28.646
343.850	172.068	14.284	28.758
344.765	171.825	14.689	29.831
344.887	171.851	15.014	28.481
344.955	171.370	14.444	28.387
345.702	169.609	14.405	29.388
346.123	169.334	14.367	30.293
347.047	170.302	14.911	29.680
347.387	170.729	14.941	30.133
344.198	170.221	17.066	29.092
327.098	171.689	19.772	27.047
320.330	170.032	19.308	28.175
309.014	174.748	16.480	24.707
304.535	175.397	15.748	23.628
297.577	175.303	17.150	24.156
287.455	174.649	17.230	24.921
282.334	173.074	16.458	24.864
277.347	170.892	16.289	26.247
269.465	169.405	18.824	26.500
262.516	170.531	17.222	26.629
254.904	171.028	16.128	28.599
246.391	171.514	17.994	28.639
238.042	170.468	18.631	28.008
232.043	169.579	17.124	28.269
222.115	167.629	17.995	28.048
217.697	170.349	18.067	27.374
200.110	169.270	18.145	27.810
192.028	169.412	18.018	24.870
193.123	169.742	16.384	26.656
194.075	168.407	16.612	27.646
195.122	169.835	16.592	25.670
196.526	169.850	16.257	26.347
198.048	170.477	16.192	24.193
197.807	170.801	16.719	25.630
198.556	170.420	16.515	25.023
199.236	169.082	16.866	24.169
199.687	168.858	16.681	25.214
200.236	169.122	17.348	26.334
200.265	168.642	17.593	26.470
201.470	167.926	17.649	26.848
201.485	166.541	17.329	27.042
202.478	166.404	17.150	26.142
203.283	166.310	17.780	24.670
203.660	167.000	17.620	24.171
203.367	167.613	17.315	23.787
204.084	167.013	17.291	24.155
204.437	166.191	16.975	24.381
205.483	166.282	15.790	25.783
205.646	165.981	15.863	25.005
206.893	167.723	14.777	25.543
207.606	167.523	14.778	25.508
207.279	167.171	14.966	25.621
207.905	166.188	14.979	26.184
207.696	165.160	15.126	26.996
207.607	165.729	15.610	27.376
208.691	165.993	15.215	26.863
208.998	166.140	15.054	26.762
209.452	165.622	15.220	25.843
208.945	165.711	15.137	25.240
209.141	165.138	16.002	24.935
209.441	164.512	16.215	25.357
210.554	165.660	15.562	25.786
211.106	165.401	16.550	25.595
212.435	166.173	16.146	25.017
212.553	163.618	16.792	26.497
213.841	162.460	16.336	27.250
214.170	163.696	16.590	26.578
215.287	163.633	15.887	27.295
216.456	162.896	15.439	27.280
216.970	163.339	16.432	26.671
216.061	163.814	16.018	26.274
217.170	162.594	16.053	27.850
218.312	161.905	14.956	28.193
218.389	162.319	14.944	27.968
218.321	162.408	15.591	27.308
218.784	162.108	15.005	27.737
220.787	160.431	13.860	28.136
219.893	161.286	15.142	28.063
220.790	161.854	14.695	29.250
220.510	161.805	15.961	28.398
221.208	161.581	15.162	28.183
222.246	161.125	15.384	27.591
221.681	160.623	16.318	27.642
223.490	161.009	15.338	28.255
225.723	160.940	13.801	27.896
226.910	161.553	13.327	26.794
226.409	160.725	14.086	27.388
227.377	160.615	13.686	26.505
227.831	160.080	13.466	27.843
228.098	160.356	13.847	27.656
228.820	161.215	13.663	26.968
229.287	160.588	13.512	27.851
229.332	161.490	13.372	26.778
228.527	159.937	13.964	28.302
228.928	159.955	14.918	28.258
229.320	160.006	15.088	28.263
221.786	160.957	16.869	27.915
215.392	160.997	15.802	26.775
214.211	160.703	14.656	27.643
205.684	160.109	16.704	27.258
198.080	159.941	17.414	26.840
192.425	161.598	18.627	26.433
188.998	161.249	17.388	27.545
183.939	162.921	16.185	25.740
178.025	162.237	17.298	25.982
169.328	161.666	15.527	25.711
170.616	159.791	14.420	28.020
171.981	160.116	14.622	28.814
172.674	161.799	14.005	27.426
173.192	160.098	14.123	28.864
174.050	160.184	13.785	28.587
173.992	160.788	13.528	27.616
174.439	160.973	13.742	28.199
174.145	161.272	14.218	28.321
174.749	160.724	13.430	28.306
172.736	161.281	15.712	27.511
165.562	160.400	16.107	27.063
158.219	161.272	17.277	26.695
154.190	160.654	18.876	27.852
147.121	160.610	17.255	29.141
145.120	161.822	16.921	28.598
146.046	161.560	16.351	28.228
145.508	160.726	16.762	29.722
147.304	160.963	15.733	27.119
147.541	161.149	15.747	28.562
149.128	162.309	15.275	27.818
150.001	161.177	14.946	29.487
150.966	160.757	14.672	29.179
150.342	159.836	15.841	29.249
151.357	159.931	15.091	30.699
150.980	161.092	16.197	29.127
146.630	161.449	17.798	27.584
137.868	160.570	16.982	27.408
135.743	161.089	17.859	27.482
128.440	161.271	16.349	28.002
126.782	160.805	15.156	28.306
127.075	161.394	15.485	28.299
127.401	162.018	15.448	28.620
127.131	160.857	15.134	29.384
127.573	160.905	14.233	29.208
128.534	160.438	13.864	29.253
128.329	160.428	14.317	29.748
128.802	161.054	14.568	29.237
129.029	162.263	14.607	28.159
130.012	161.663	13.939	28.104
130.084	160.218	13.400	28.070
127.341	160.968	15.346	27.045
117.554	162.223	16.225	27.343
114.088	161.833	16.964	28.028
108.809	162.480	15.689	27.725
99.280	160.478	16.066	28.114
97.008	161.505	15.959	27.939
88.982	161.833	17.350	27.928
77.990	160.921	17.273	28.982
81.648	163.711	14.845	28.214
80.952	163.626	15.011	27.409
80.884	163.661	15.205	27.099
80.689	161.498	15.269	28.669
82.184	162.503	14.580	29.438
81.630	163.084	15.180	28.717
80.755	162.123	15.404	29.194
81.321	162.579	15.027	27.580
81.529	160.916	14.790	30.370
82.434	162.668	14.347	29.411
83.100	162.269	13.956	29.005
83.253	164.755	14.388	27.012
83.037	162.158	15.083	28.224
83.937	161.674	14.903	29.968
84.227	163.374	14.801	29.625
84.113	163.416	15.880	28.682
83.464	163.498	15.911	28.794
84.770	162.805	15.236	28.950
85.239	161.728	14.311	31.093
85.420	163.274	14.626	29.417
85.727	164.006	14.971	30.189
84.953	163.633	14.644	28.202
85.858	163.155	13.987	28.756
85.322	163.322	14.707	28.059
87.193	163.446	13.596	29.175
88.029	165.457	13.308	27.108
87.102	165.461	13.449	26.876
87.386	164.637	13.927	26.947
88.478	166.122	13.170	25.390
87.867	163.277	14.635	27.491
89.199	164.969	14.532	28.152
88.816	165.402	14.932	27.538
90.645	165.325	13.788	28.155
92.566	165.015	13.490	28.140
92.880	165.403	13.737	27.402
93.212	164.411	14.582	30.375
93.514	163.676	14.160	29.039
94.033	164.174	14.096	29.775
94.100	165.594	14.145	28.589
93.538	164.378	15.097	29.363
93.582	165.329	14.108	27.539
94.450	164.620	13.599	27.001
95.688	162.499	13.215	29.891
90.532	164.080	15.546	28.410
93.348	164.374	15.373	28.211
95.473	165.093	14.448	28.182
94.156	163.068	15.575	28.696
96.231	163.163	14.694	29.630
95.823	163.512	14.830	31.087
97.241	162.841	15.113	31.138
93.861	163.373	16.678	29.724
91.536	164.075	17.679	30.243
96.093	163.626	16.255	30.894
98.346	162.905	14.319	31.283
99.391	163.740	13.709	31.133
96.336	165.170	15.852	29.572
98.876	164.311	13.969	30.541
98.649	165.091	14.620	29.084
97.855	163.828	15.016	29.994
98.904	163.050	14.250	30.915
