361.000	217.000	49.000	168.000
358.481	219.150	60.180	169.318
364.246	216.942	55.591	172.996
370.591	215.685	55.998	172.487
376.760	215.229	56.150	173.922
380.740	216.853	57.767	173.955
384.419	217.892	58.995	174.850
386.351	222.295	68.017	171.164
393.256	222.929	62.513	167.567
397.918	224.749	59.733	167.964
401.750	223.621	60.568	172.769
404.909	223.201	60.794	172.674
409.296	224.283	58.997	170.499
412.660	223.642	59.298	170.131
407.398	224.542	64.415	170.827
396.808	226.123	68.084	168.186
385.442	228.443	71.505	168.116
378.842	227.484	67.615	168.420
372.469	225.174	60.101	172.866
363.842	224.525	62.589	177.591
356.477	223.964	60.151	176.518
346.128	224.476	63.181	177.641
338.252	224.115	62.848	178.358
323.570	229.873	70.180	172.823
313.438	230.754	76.944	171.671
302.383	234.022	76.623	168.057
293.476	231.323	75.758	168.105
284.074	231.726	66.726	166.644
269.783	230.645	62.431	173.097
257.044	232.450	66.497	172.819
241.383	233.336	74.370	170.950
230.288	236.153	72.863	167.367
220.392	234.954	62.736	171.312
208.976	232.781	62.094	173.597
199.619	233.264	65.806	173.043
192.042	232.518	62.305	174.074
177.222	233.501	68.196	174.560
156.198	238.311	84.293	167.472
143.597	239.099	85.889	167.235
137.581	238.484	80.156	169.057
125.763	238.242	60.123	170.072
109.147	235.870	60.314	175.000
98.241	236.278	66.865	174.130
81.376	237.995	78.763	172.539
65.038	242.829	80.521	171.172
62.142	241.331	76.880	167.014
55.752	239.590	71.837	169.353
45.460	238.117	63.473	172.312
31.935	237.116	59.380	173.988
25.194	236.215	62.739	173.152
20.986	238.764	72.949	172.770
22.544	241.118	84.370	164.857
30.741	239.212	72.873	164.438
36.622	233.145	66.697	169.869
42.749	230.509	62.378	173.681
44.142	229.511	64.419	175.162
50.731	229.169	68.606	173.619
50.707	231.964	73.977	167.972
58.094	232.500	75.812	166.403
65.396	230.959	74.279	166.212
69.698	227.962	64.488	166.744
72.141	225.060	64.196	169.041
79.342	223.035	63.629	172.540
81.211	224.645	74.449	174.834
86.340	228.936	82.420	164.511
95.375	227.755	84.721	167.329
100.206	227.685	82.603	166.328
106.146	226.620	79.788	170.655
109.567	225.978	64.864	169.921
112.928	225.491	64.654	171.405
118.087	224.292	66.664	171.837
121.451	224.892	70.977	171.842
123.481	228.365	80.588	166.415
131.067	230.069	76.568	163.220
134.419	227.884	64.047	164.264
139.373	226.030	63.192	169.850
142.540	223.110	63.233	171.859
149.344	221.460	58.980	172.288
155.362	221.296	63.832	175.439
154.218	221.225	74.947	176.424
155.229	227.035	85.941	165.586
164.497	228.024	85.549	164.022
169.084	226.438	78.437	165.210
176.900	224.047	73.266	168.274
178.280	221.923	68.095	170.558
186.766	219.877	59.314	172.488
191.096	218.702	60.223	172.818
192.965	220.888	66.938	171.289
193.937	226.519	78.826	161.439
191.914	225.065	75.349	165.127
188.056	222.175	70.373	166.430
180.219	221.507	62.497	169.120
166.139	220.772	61.156	172.331
160.990	220.139	63.680	172.816
146.112	223.797	72.685	168.073
136.175	225.508	76.270	164.921
133.120	229.351	77.548	158.040
140.434	228.203	75.660	162.448
144.313	228.497	70.952	162.072
151.642	220.869	62.438	169.006
157.208	218.923	58.610	172.631
162.676	220.515	59.222	172.123
167.101	221.534	58.149	166.871
166.887	220.444	67.147	168.489
173.577	221.361	71.462	162.937
177.379	215.552	68.176	165.611
182.765	215.299	64.095	165.467
190.680	214.971	60.004	166.007
200.736	213.080	55.480	166.747
209.406	208.739	52.768	171.927
210.173	207.494	56.645	173.302
214.227	214.068	60.477	161.076
210.606	215.885	64.914	159.533
201.633	213.677	63.888	160.868
195.599	211.947	66.836	162.966
188.718	210.412	64.326	164.214
181.426	209.731	63.188	163.081
176.674	208.554	58.316	166.600
168.904	206.205	55.677	170.964
156.933	209.576	61.546	166.570
144.457	212.858	67.478	160.540
135.149	213.525	65.074	157.397
130.019	209.058	66.171	159.970
127.485	211.023	63.367	158.919
132.671	208.707	58.255	160.156
137.628	207.753	59.198	162.195
144.429	208.963	69.189	159.965
150.571	210.645	78.100	155.999
156.032	209.146	78.307	157.528
165.177	207.017	74.269	158.819
172.497	205.449	63.890	161.753
177.501	203.096	58.277	164.350
184.478	201.974	56.362	168.446
191.630	202.698	56.466	167.148
194.049	202.778	62.688	165.221
198.600	203.313	67.704	163.589
203.105	202.838	69.678	161.510
212.253	201.459	60.251	163.923
219.237	199.081	55.696	167.054
215.898	197.374	59.849	168.000
211.155	197.778	60.015	166.509
205.494	196.925	59.343	168.089
193.411	198.544	63.477	166.573
184.549	201.568	66.528	162.074
178.912	200.224	62.471	161.301
175.294	198.786	62.291	160.815
174.828	196.592	58.396	161.173
184.536	197.156	53.701	162.535
192.662	197.357	54.172	166.000
212.048	192.462	55.653	165.576
224.778	192.526	54.176	167.299
230.074	192.035	56.660	165.291
243.717	190.962	55.902	166.377
256.709	188.520	55.956	167.378
261.893	188.164	58.394	168.467
275.145	187.001	55.026	167.534
283.340	186.390	56.925	169.270
294.882	188.260	55.887	163.794
310.329	186.501	54.549	164.356
319.838	185.339	53.934	166.317
332.627	186.778	52.466	165.479
342.623	186.171	51.323	165.446
354.907	186.507	51.705	163.690
361.495	185.307	53.406	164.511
357.108	187.088	55.805	161.176
348.642	188.593	61.986	158.932
343.183	190.598	66.988	153.482
340.732	188.861	67.532	156.462
327.470	187.612	60.418	158.928
310.694	184.041	59.072	162.039
314.669	183.229	58.341	154.823
316.463	179.699	54.683	159.596
301.858	181.639	56.749	156.539
291.261	183.053	60.048	154.421
284.380	181.816	65.785	156.376
281.360	182.076	64.761	153.867
276.540	179.548	58.347	155.240
277.024	179.951	55.170	152.298
272.255	176.654	49.636	159.558
268.766	175.476	50.559	163.125
263.414	177.291	49.915	161.645
258.661	177.221	51.720	161.472
253.986	178.812	54.629	159.516
249.336	178.927	54.525	158.956
253.743	179.041	56.611	158.543
262.908	176.977	58.421	157.969
276.803	173.262	55.350	156.407
285.431	172.321	52.304	158.822
296.392	169.896	53.329	158.889
289.569	168.919	52.979	160.789
277.873	168.797	58.086	159.445
274.951	170.122	59.846	157.887
266.784	172.648	66.522	154.572
262.191	171.210	67.401	153.283
256.531	168.896	61.140	154.469
253.835	167.086	52.332	153.815
249.069	165.019	49.041	158.097
244.664	161.593	49.707	162.073
242.015	164.378	51.062	160.513
234.710	162.684	53.460	159.296
226.089	166.553	59.020	153.404
221.664	168.383	61.726	151.052
217.426	166.128	60.579	152.345
215.298	164.979	59.901	151.087
212.390	164.024	57.924	149.749
208.123	161.684	53.147	152.159
202.567	159.473	52.127	155.024
200.677	161.124	50.328	151.726
194.995	159.629	51.389	154.838
189.067	160.500	54.893	155.292
179.905	161.802	59.390	154.137
172.291	162.249	63.411	152.765
168.556	161.687	61.548	151.583
163.529	159.257	58.050	152.328
161.244	159.257	57.059	152.094
157.581	158.454	51.680	155.065
151.732	157.123	49.882	157.890
146.096	157.849	50.064	155.446
139.563	158.777	54.109	153.351
132.093	158.714	59.373	154.323
126.771	160.902	58.802	149.920
123.386	158.588	58.968	150.982
119.106	156.424	54.336	148.273
116.630	153.754	52.165	147.675
112.694	153.293	50.879	148.485
108.582	153.755	49.372	148.278
104.353	153.779	50.931	148.114
97.427	153.848	54.823	147.837
92.476	154.421	57.757	147.575
86.724	155.542	61.932	146.190
80.990	155.341	63.222	144.956
76.220	154.141	64.067	145.403
71.991	152.774	58.563	146.542
67.542	151.826	54.201	144.567
63.915	151.031	54.036	145.849
62.874	151.187	50.368	145.310
59.925	150.123	49.952	146.996
56.100	151.249	51.133	146.853
53.833	151.435	50.762	144.872
49.370	150.319	51.657	147.202
46.917	148.920	52.345	145.017
49.982	147.311	50.653	143.912
56.000	145.078	51.203	143.331
61.066	144.687	51.420	143.315
64.361	144.249	51.626	141.972
69.056	142.731	51.190	142.128
75.131	143.227	52.570	141.470
78.946	145.312	54.274	136.548
85.813	144.717	56.090	138.424
89.683	143.179	57.678	137.735
94.491	140.471	59.912	141.858
98.916	138.945	58.830	139.781
103.169	139.127	55.174	140.340
107.460	136.555	52.136	140.991
111.098	136.052	51.657	142.745
119.080	135.539	51.033	140.682
122.319	134.529	52.704	141.169
127.127	135.839	52.667	139.652
134.087	136.546	53.658	138.772
136.180	135.764	57.803	136.034
142.846	133.249	54.430	138.164
148.049	132.960	51.847	136.302
150.773	128.889	52.436	138.779
156.294	129.764	51.372	136.884
162.907	129.153	50.236	137.093
170.059	129.557	50.682	135.632
170.843	127.222	53.764	137.072
175.502	129.923	58.596	134.116
179.274	129.089	59.698	134.134
183.096	127.918	58.190	135.938
188.911	126.909	54.770	133.875
193.699	124.944	53.405	137.228
196.965	123.486	49.025	135.747
201.960	122.243	48.123	139.523
208.222	121.737	47.569	138.686
212.800	122.389	47.543	136.912
215.322	121.533	48.187	138.581
223.153	121.638	47.937	136.930
226.676	121.006	48.764	137.719
232.732	117.424	45.786	136.671
239.946	116.310	44.600	134.096
247.172	115.138	44.341	124.389
251.320	114.920	45.343	123.960
260.713	113.934	41.966	107.309
266.625	114.376	40.959	88.831
271.784	113.926	40.712	90.783
279.375	113.465	40.622	86.371
281.861	112.203	39.717	84.467
287.447	111.481	38.250	85.216
295.037	109.190	37.417	84.375
299.433	108.624	37.486	83.332
300.978	114.731	41.660	90.179
311.212	108.811	36.421	85.041
300.514	115.139	49.136	91.404
319.567	110.634	37.029	90.570
324.553	106.986	38.730	78.994
310.463	101.985	45.024	78.589
341.780	104.788	35.537	72.347
348.336	105.796	37.328	67.139
351.889	99.610	40.966	64.455
361.924	100.104	36.213	62.067
360.751	100.367	41.223	59.308
372.560	99.421	38.177	59.696
374.614	98.488	39.747	60.171
379.891	97.346	41.238	61.560
383.701	95.581	41.073	65.378
393.919	94.957	40.740	66.433
398.049	94.754	42.420	68.391
401.054	93.603	43.766	66.466
406.399	92.001	43.695	71.674
413.964	91.525	42.752	70.306
419.207	91.186	42.498	74.534
426.178	92.111	42.391	74.271
432.119	91.294	44.743	74.737
441.227	89.478	41.337	79.750
446.355	89.115	43.672	86.988
450.979	86.615	46.632	98.797
456.361	83.999	48.067	108.007
459.958	83.668	51.172	116.075
468.579	84.751	47.374	116.836
475.447	84.799	47.568	118.923
479.359	86.188	47.370	119.573
485.076	86.386	48.477	118.765
491.794	85.578	45.879	118.954
498.719	83.184	46.846	120.232
504.467	81.584	46.473	122.314
511.032	80.375	45.421	122.680
523.045	79.412	46.392	123.528
533.547	79.898	44.914	119.757
544.686	79.928	43.041	117.449
552.569	76.349	41.861	121.160
561.048	75.849	42.234	118.985
560.829	72.719	42.503	125.105
557.072	72.710	44.567	122.984
554.936	72.848	42.759	120.903
550.520	72.358	42.793	120.784
546.792	73.344	42.921	118.176
542.694	73.635	43.397	116.190
541.194	74.831	42.339	115.327
538.490	71.615	41.104	119.458
538.284	70.530	39.146	120.233
526.046	69.245	35.731	118.808
516.296	65.700	40.412	119.921
512.935	65.280	39.804	118.057
510.926	66.033	39.580	122.284
508.669	66.181	40.522	122.843
489.907	62.240	40.806	123.206
484.887	60.164	39.382	124.577
478.585	60.480	38.794	122.157
474.458	59.281	39.385	121.717
470.500	60.380	37.992	118.993
469.083	59.342	35.514	118.363
467.437	60.951	34.880	110.537
463.551	60.115	35.869	110.766
461.985	60.659	35.677	109.131
461.596	60.504	34.577	110.707
460.720	56.491	35.064	114.022
458.394	56.725	35.722	112.995
454.540	56.032	36.671	111.302
450.101	54.699	37.422	112.019
449.115	55.046	36.666	115.985
437.750	51.286	35.003	117.593
435.834	50.967	32.567	117.198
429.397	48.404	34.432	116.293
426.883	49.990	33.160	112.941
425.844	51.822	31.862	105.224
425.815	50.819	31.488	108.494
424.383	49.834	34.720	109.387
421.134	49.858	33.366	109.023
417.459	46.253	38.372	112.909
417.395	50.407	34.680	112.875
415.085	51.113	35.148	115.216
448.478	61.814	39.523	113.274
412.306	68.571	34.451	113.294
410.181	78.480	32.712	104.486
408.062	84.841	28.313	102.805
406.122	91.531	28.636	105.464
453.182	82.044	37.374	123.784
460.309	85.135	34.853	126.494
452.313	88.396	36.636	125.299
452.619	90.384	37.731	124.428
447.068	97.083	36.658	121.975
391.687	115.853	37.198	107.794
387.217	123.008	32.036	106.839
386.979	128.114	34.364	111.027
389.972	127.828	34.531	113.980
385.889	136.018	34.331	112.904
385.394	138.896	33.849	114.317
385.811	147.255	35.056	110.083
381.604	151.949	31.584	112.925
420.987	150.476	41.937	120.594
420.073	152.626	38.788	120.596
417.537	156.107	38.841	122.124
371.279	177.654	40.398	122.751
368.461	187.020	37.403	117.633
370.743	191.642	36.365	113.429
369.332	197.909	35.806	111.576
364.082	202.530	36.209	111.787
363.067	208.159	37.238	109.602
371.080	210.609	38.416	116.693
400.084	215.310	39.921	114.443
396.741	216.310	39.518	117.170
392.438	224.428	40.433	117.345
389.053	233.614	41.096	114.506
388.253	239.284	39.791	114.261
384.210	248.281	39.588	112.817
378.971	257.970	40.579	112.921
378.804	257.706	37.620	114.809
375.183	258.328	38.495	114.748
372.388	253.015	40.089	116.717
371.551	255.507	40.489	115.042
371.762	253.004	39.065	118.112
373.082	253.014	36.448	117.097
368.547	257.695	37.603	110.795
367.220	253.033	37.333	113.018
364.468	257.343	37.960	104.483
362.255	254.953	36.798	110.264
359.173	255.517	37.284	110.041
359.980	250.718	38.335	113.594
360.987	255.366	42.316	111.121
366.393	253.858	40.859	110.356
376.480	252.535	37.385	109.268
378.891	257.973	36.080	104.873
391.579	248.878	37.451	114.814
390.822	256.797	38.147	107.454
399.883	255.230	35.445	110.279
405.652	253.693	38.300	111.095
439.397	253.298	36.433	105.484
469.971	246.257	42.210	108.130
489.349	245.950	42.354	109.414
497.506	245.464	47.227	111.687
515.682	248.289	44.986	105.944
495.645	247.612	40.546	107.340
507.115	247.765	37.552	104.563
513.247	242.936	37.719	109.068
521.160	241.554	36.859	114.058
524.626	245.679	38.727	110.467
533.436	248.896	37.240	105.976
541.590	245.734	35.274	109.228
545.281	246.375	38.148	109.735
548.035	242.307	42.881	111.864
554.901	246.703	41.662	107.217
559.816	243.690	41.247	108.158
557.608	238.498	39.993	113.374
556.535	245.536	38.510	107.996
556.500	238.453	37.164	110.394
552.797	234.375	40.166	112.520
547.975	241.226	39.095	107.122
544.593	237.151	36.863	109.454
541.319	236.687	36.039	108.210
540.830	237.207	36.513	108.823
537.485	237.960	37.767	108.133
537.765	234.045	37.620	114.184
534.400	231.534	38.719	112.364
532.328	235.994	40.244	107.869
534.749	237.472	37.848	107.708
530.979	235.528	38.536	107.218
531.083	234.600	35.558	103.246
528.737	236.319	36.233	101.855
527.456	236.554	35.019	100.117
524.179	232.789	35.509	102.677
521.267	229.985	35.242	106.620
521.149	230.224	35.255	104.227
520.646	230.682	34.396	103.331
517.694	230.051	35.857	103.074
518.199	229.075	34.781	104.074
515.551	229.594	34.820	103.258
512.587	230.235	35.324	103.644
513.291	227.891	35.343	105.748
512.520	229.460	34.578	103.723
511.653	228.805	33.963	105.290
509.469	227.621	33.868	106.098
506.716	223.966	34.323	107.285
506.002	225.617	34.267	103.433
504.639	224.682	33.305	104.794
503.130	226.006	33.561	102.629
501.731	226.980	33.396	103.464
500.898	226.924	34.239	99.724
500.520	226.102	32.641	101.358
498.392	228.047	34.884	99.623
498.716	228.617	35.419	97.600
495.393	226.541	33.100	98.212
490.152	223.205	32.721	98.835
467.683	229.112	33.176	94.137
481.367	220.485	38.003	101.465
485.676	223.723	36.738	99.565
481.086	225.202	37.454	96.521
473.643	223.681	40.135	97.363
483.880	222.999	35.301	97.110
476.770	223.092	39.093	95.437
482.053	220.503	35.811	93.405
479.564	227.918	35.494	89.398
452.430	225.720	32.304	89.368
450.049	225.281	33.461	92.110
447.441	226.767	34.190	92.344
445.034	226.856	34.557	93.945
458.061	221.632	40.318	96.810
454.477	226.252	33.267	91.481
474.574	216.379	34.338	97.594
478.849	219.516	38.830	96.630
481.767	217.487	31.574	96.084
478.779	215.726	30.987	91.334
