381.000	94.000	30.000	71.000
381.090	94.163	31.068	71.252
381.070	94.276	30.330	71.058
381.237	94.007	30.202	71.691
380.778	93.610	30.460	70.892
380.845	93.585	30.507	70.555
380.874	92.205	30.101	70.995
380.761	91.256	30.021	71.421
380.220	91.778	30.219	70.097
380.035	90.744	29.819	70.463
379.543	90.356	29.920	71.209
379.676	89.902	29.875	71.166
379.420	89.228	29.306	71.398
378.829	88.409	29.308	71.659
379.131	89.800	29.014	69.826
378.173	89.520	28.835	69.829
378.037	90.087	28.817	68.565
377.758	87.660	28.632	70.346
377.789	89.041	28.517	68.426
377.292	86.553	28.620	70.150
376.785	87.837	28.748	67.956
376.183	86.667	28.526	68.302
375.683	87.574	28.221	66.943
375.251	85.295	27.878	68.644
374.868	84.979	27.627	68.026
373.722	84.251	27.641	68.218
370.544	82.159	28.762	67.005
369.753	80.804	27.115	67.394
368.309	77.929	27.753	69.136
367.437	80.523	27.574	66.467
367.003	77.976	27.695	68.550
366.421	80.061	27.711	66.506
365.535	77.825	27.925	67.994
364.877	76.048	27.229	69.629
364.052	77.513	26.982	67.352
363.382	78.099	27.446	66.632
362.850	77.434	27.307	66.586
362.175	77.129	27.115	66.711
361.583	77.233	27.210	65.552
361.241	77.061	27.008	64.942
360.634	75.689	27.207	65.646
360.196	75.529	27.187	65.375
359.651	76.213	26.829	64.162
359.464	75.916	26.897	64.183
359.271	75.887	26.466	64.014
358.936	75.037	26.071	64.015
358.212	76.581	25.601	61.475
357.875	75.481	26.059	62.228
357.821	74.495	25.349	63.307
357.001	74.379	25.855	62.722
356.602	74.012	25.541	62.984
356.519	73.118	25.781	63.300
355.631	73.190	26.306	62.668
355.089	72.347	26.273	62.758
354.529	72.821	26.506	61.388
353.996	70.672	26.383	62.670
352.789	72.019	27.507	61.246
352.239	70.955	27.228	60.851
352.621	71.666	26.755	59.086
351.326	71.091	26.457	56.648
350.980	70.487	26.868	54.070
350.052	71.881	27.676	58.250
348.827	69.476	29.065	59.175
347.774	69.119	27.770	57.000
347.742	68.977	27.337	54.014
347.877	68.148	27.595	56.005
347.591	67.761	26.446	55.489
346.491	67.745	26.759	59.639
345.018	68.561	28.759	58.522
345.023	67.734	28.260	57.517
344.601	66.410	25.751	58.676
343.992	64.886	26.257	57.838
343.373	65.187	25.504	52.558
342.502	64.965	25.938	48.355
341.900	65.233	25.205	48.436
341.122	65.047	25.655	53.708
339.818	62.568	28.320	52.952
339.475	61.704	27.271	54.186
338.609	62.846	25.024	56.641
338.269	63.921	25.977	56.262
337.450	63.089	25.393	55.860
337.556	62.727	24.822	55.466
337.232	61.676	25.413	53.905
336.934	62.345	24.881	56.837
336.176	62.782	24.830	55.120
335.318	62.109	25.218	55.662
335.259	61.350	23.671	56.562
334.312	60.098	23.715	58.548
334.170	59.732	23.936	58.749
333.199	58.930	24.987	59.895
332.210	58.785	25.063	59.992
331.532	59.031	24.331	59.603
331.043	58.292	24.467	60.256
324.461	57.859	25.657	60.447
320.882	57.179	24.911	60.824
315.523	57.574	25.810	60.001
305.446	57.135	25.896	59.747
296.385	56.927	25.539	59.667
291.594	56.956	24.857	60.078
287.924	56.812	24.671	60.087
277.508	55.983	25.993	60.570
270.026	56.307	24.188	58.719
270.355	56.065	25.214	59.576
270.016	55.648	23.974	59.085
269.600	55.416	24.647	58.841
269.266	55.167	24.494	58.066
269.013	53.932	24.510	59.074
268.750	54.408	24.438	57.590
268.547	54.168	24.582	57.597
268.311	53.851	24.460	57.697
268.236	53.572	24.275	57.474
268.177	53.430	24.140	57.256
267.649	53.133	23.949	57.163
267.271	52.681	24.314	57.059
267.351	52.608	24.085	56.957
266.945	52.390	23.934	56.869
266.563	52.050	24.182	56.824
265.947	51.256	24.312	57.427
265.642	51.000	24.337	56.989
265.546	50.976	24.312	56.817
265.020	51.028	24.244	57.302
265.137	54.055	23.828	56.404
264.996	55.867	23.662	57.552
264.672	60.189	23.897	56.242
264.395	65.856	23.603	56.579
264.113	70.664	23.898	55.463
264.171	76.071	23.372	55.943
264.085	79.253	23.380	55.215
264.035	82.206	23.397	55.178
264.048	86.378	23.267	55.213
263.849	89.347	23.525	54.933
263.823	93.935	23.346	54.677
263.911	97.485	23.258	54.583
263.833	100.169	23.074	54.483
263.521	98.964	23.329	54.931
263.579	99.049	23.218	54.837
263.498	98.646	23.417	54.572
263.309	98.699	23.518	54.588
263.347	97.945	23.451	55.324
263.249	101.073	23.234	54.351
263.385	105.270	23.181	54.056
263.459	111.659	23.044	53.678
263.682	115.989	22.652	54.150
263.766	116.123	22.909	53.556
263.971	116.187	22.845	53.935
263.959	115.579	22.914	54.266
264.008	115.399	23.096	54.269
263.947	115.076	23.275	53.729
264.133	115.221	23.176	54.032
264.059	117.711	23.396	53.492
264.657	122.083	22.592	52.670
264.856	128.235	22.657	51.855
264.882	129.760	22.804	52.733
265.257	134.938	21.918	52.366
265.136	141.200	22.302	52.290
265.334	145.896	21.996	51.831
265.204	150.854	22.549	51.584
265.394	156.058	22.346	51.149
265.520	158.651	22.318	51.607
274.671	224.943	22.390	34.120
275.859	226.484	21.343	40.993
276.282	231.466	21.746	43.420
276.874	234.110	21.309	40.025
277.732	238.116	21.564	40.326
278.197	239.318	21.491	42.484
279.173	238.457	21.849	43.053
280.247	238.555	21.442	44.882
280.825	238.166	21.207	44.674
281.478	238.355	21.611	44.779
283.052	237.742	20.848	44.230
283.531	237.704	21.598	45.398
284.067	237.643	21.654	45.393
284.892	237.495	21.976	47.765
285.688	237.819	21.976	45.889
287.449	237.589	21.526	46.571
288.692	236.960	21.880	46.589
290.344	236.743	21.821	47.573
290.781	236.923	21.624	46.718
291.888	236.786	21.142	46.773
293.810	236.134	19.905	45.197
294.836	236.218	19.401	44.302
295.701	236.188	18.934	40.476
297.769	235.215	17.812	43.367
299.085	234.520	18.158	41.906
300.017	235.297	18.053	42.244
302.361	234.720	20.033	43.640
303.446	235.559	20.147	39.755
305.703	235.105	20.023	40.919
307.195	234.768	19.247	40.366
308.300	234.095	18.718	38.498
309.675	234.834	17.733	38.828
311.502	234.600	17.943	36.868
312.732	234.924	17.468	38.876
313.592	234.433	18.279	37.199
314.234	234.945	18.214	35.199
315.288	234.941	18.957	34.526
316.465	233.734	19.021	36.670
318.261	233.380	19.419	36.229
319.737	232.982	19.869	37.155
320.738	233.333	20.514	40.603
321.751	232.966	18.245	41.052
323.891	233.235	17.597	41.243
325.692	232.257	17.717	40.481
326.961	231.018	17.502	40.867
328.118	232.870	17.229	36.488
329.248	233.020	17.200	36.013
330.423	230.633	18.193	37.287
331.022	232.384	19.242	34.238
332.207	231.667	18.930	37.715
333.610	231.995	18.165	37.673
334.425	231.874	18.179	38.583
334.301	231.613	18.799	38.795
335.632	231.381	18.007	37.021
336.412	231.293	19.992	38.795
337.677	230.711	19.905	39.107
338.916	230.039	18.921	39.890
340.904	230.436	19.370	38.507
341.717	230.648	19.935	39.247
344.687	230.716	17.224	36.854
345.716	230.671	16.526	37.264
346.190	230.315	16.241	34.406
346.862	229.352	16.343	32.346
348.124	230.587	17.226	30.016
349.101	229.717	17.071	30.991
350.200	229.296	17.810	32.810
352.575	228.414	19.134	35.453
350.587	228.473	20.703	35.504
352.357	228.605	19.962	35.242
351.593	228.372	20.948	35.680
353.250	227.935	20.729	37.188
355.270	228.048	21.071	36.431
357.421	227.529	20.184	34.513
359.692	227.758	18.720	35.252
361.268	227.977	18.523	34.208
362.105	227.901	18.656	38.320
363.614	228.073	17.678	37.228
364.633	227.044	17.601	36.924
365.031	227.039	18.329	37.711
365.483	226.835	18.278	38.533
366.034	226.759	19.022	39.429
367.124	225.794	20.037	40.405
367.335	225.591	20.999	39.754
368.358	226.273	21.142	37.324
369.652	226.004	20.035	38.262
369.542	226.247	20.947	37.456
372.175	225.755	18.297	37.709
373.929	225.662	17.744	36.825
375.341	225.762	16.592	36.248
375.924	225.649	16.587	38.342
376.380	225.331	18.407	33.248
377.741	224.745	17.599	31.954
377.793	225.088	18.711	32.454
378.754	224.574	20.667	33.570
379.049	223.103	22.132	35.945
380.215	223.186	18.661	36.396
381.351	223.850	18.178	34.431
381.315	223.959	19.223	34.429
381.176	223.673	18.850	35.833
381.922	223.459	20.082	32.402
376.289	222.795	20.182	34.447
370.134	224.047	20.594	32.359
365.879	223.239	19.783	32.851
361.938	221.034	19.391	34.623
355.884	222.563	19.206	32.116
351.482	223.522	18.514	32.065
348.801	223.342	18.217	29.433
340.112	222.633	16.654	27.783
332.422	222.786	15.867	27.614
325.269	223.122	17.723	30.360
321.174	223.265	18.288	29.815
312.302	221.925	18.087	31.319
308.153	221.431	19.446	31.753
305.547	220.586	18.383	30.311
301.298	219.752	18.402	30.168
297.528	220.691	20.254	31.071
288.163	221.922	18.767	30.305
284.967	222.966	18.632	30.397
281.402	221.594	18.813	31.218
273.960	222.571	18.778	30.733
270.255	222.769	17.919	29.185
264.902	222.691	16.904	28.276
261.215	221.464	19.459	29.810
257.446	221.646	17.974	31.507
251.503	222.370	17.776	30.592
256.931	232.394	19.695	41.377
275.316	215.717	21.617	40.182
270.406	217.416	21.160	38.060
266.127	215.807	20.030	39.994
259.514	217.506	21.644	38.885
252.965	219.687	23.185	33.703
248.114	218.436	18.788	38.697
241.975	218.300	19.699	38.800
239.442	218.596	19.808	38.222
239.607	218.574	18.568	38.028
241.347	216.416	17.844	39.020
242.860	217.496	18.105	37.520
242.202	217.174	17.898	35.905
242.772	216.303	16.992	34.774
243.550	214.820	15.770	34.947
242.903	216.175	15.773	33.773
243.912	215.210	16.221	34.392
243.893	214.510	16.565	34.442
220.244	228.731	16.660	38.237
218.869	226.416	18.596	38.720
213.366	233.568	22.939	53.034
218.220	250.872	19.440	49.003
216.752	248.827	18.802	44.656
217.769	248.287	19.894	44.026
217.933	245.903	19.334	46.827
216.989	246.820	20.975	41.202
217.404	244.322	20.916	41.933
218.164	234.506	21.376	46.145
218.485	241.813	20.425	44.360
219.361	228.217	21.175	48.629
219.490	243.869	19.328	44.379
219.391	233.516	19.512	48.764
219.959	237.001	18.863	48.570
220.408	241.964	19.846	48.858
220.747	237.544	19.292	47.122
220.777	236.971	20.157	51.529
221.125	238.535	19.851	49.307
220.976	231.759	19.632	50.688
219.248	238.753	21.592	46.474
219.356	237.649	20.575	46.245
220.622	238.461	20.410	42.351
223.944	234.526	26.685	44.467
222.960	233.130	18.523	42.736
241.033	237.625	20.743	41.435
239.212	239.500	22.802	40.676
241.746	230.006	20.860	47.590
234.203	233.983	28.889	47.789
241.213	233.378	21.228	44.491
242.454	235.010	20.578	42.724
239.811	232.782	24.108	45.109
242.114	229.600	21.347	46.371
242.765	231.121	20.630	43.690
243.156	233.009	19.907	42.699
237.384	231.065	25.695	45.451
243.601	232.761	20.580	45.129
238.702	231.333	24.820	46.037
237.564	233.275	28.023	47.219
234.991	232.686	30.707	45.559
227.228	227.802	31.143	51.321
224.401	223.987	24.686	50.938
224.485	243.231	21.169	46.199
225.214	243.175	19.539	43.279
225.727	242.176	20.630	45.760
226.015	243.509	19.564	44.946
225.328	244.342	20.767	43.769
224.879	242.042	21.191	41.972
225.488	237.535	22.420	45.175
227.888	215.750	21.053	46.973
225.957	237.341	20.517	42.941
231.007	211.160	17.809	37.979
231.425	215.989	17.743	34.171
232.907	218.161	16.934	38.748
232.079	217.295	17.709	32.274
234.420	207.834	16.735	37.228
234.569	213.044	16.801	32.150
235.142	209.590	16.929	34.803
234.671	214.229	17.311	32.089
235.883	214.682	16.973	32.187
236.369	214.176	16.245	31.919
236.628	215.322	16.594	32.333
237.028	214.064	16.435	32.202
236.885	213.984	16.496	32.227
237.497	213.010	16.159	34.503
238.305	213.170	16.587	33.066
238.241	214.941	17.668	34.947
239.062	213.408	17.322	32.605
239.010	213.495	17.499	33.232
239.435	213.273	17.473	31.201
239.477	213.608	17.022	32.231
244.133	211.104	17.169	32.807
245.159	211.207	16.555	29.821
245.953	211.934	16.805	29.746
247.013	211.940	16.002	30.022
247.852	211.944	16.147	28.711
248.956	211.951	16.501	29.800
