456.000	306.000	39.000	52.000
457.838	303.139	33.391	58.078
457.701	306.619	31.409	53.791
456.697	306.010	31.924	54.299
456.028	305.518	30.847	57.201
454.876	304.422	31.114	56.605
453.413	303.274	30.978	57.031
451.880	302.007	31.108	56.651
451.120	300.396	30.288	55.298
449.992	300.911	30.844	55.093
448.972	301.584	31.328	55.325
446.986	302.390	29.741	56.059
446.120	303.111	30.734	55.760
442.770	302.719	29.958	57.280
442.000	302.366	30.143	55.488
439.851	300.446	30.681	55.012
437.563	298.989	31.614	54.888
435.923	298.754	31.821	56.587
434.743	299.332	31.861	54.339
432.884	299.814	30.825	55.646
432.103	300.865	30.131	55.575
430.624	299.879	30.505	56.340
429.695	299.351	30.549	55.811
428.639	297.198	30.363	58.022
426.035	296.150	30.687	55.714
425.692	294.812	29.683	55.871
422.894	295.363	29.664	56.808
421.907	296.404	29.199	56.336
419.606	297.256	28.710	57.904
418.956	297.028	28.596	58.059
416.695	297.055	27.643	57.616
415.495	296.975	28.061	57.447
412.847	295.901	28.851	57.718
412.601	294.752	27.518	57.037
410.005	294.700	28.314	55.069
410.219	294.875	27.088	56.438
408.959	295.980	25.760	57.225
406.779	296.408	26.524	58.199
406.304	296.274	26.743	55.752
404.750	294.843	25.554	54.579
402.936	293.173	26.324	56.413
401.838	291.723	25.979	54.541
400.484	291.572	25.705	55.960
400.208	292.309	24.402	55.255
399.503	292.457	23.306	56.171
397.220	293.480	24.238	53.309
396.277	293.146	23.597	53.420
394.009	291.948	24.392	54.125
389.741	289.519	26.592	59.492
388.507	292.392	28.086	52.451
386.891	291.418	27.622	49.654
385.286	291.029	29.235	49.426
384.422	290.512	28.875	48.554
383.654	292.003	27.323	48.301
382.756	292.880	27.510	47.474
381.712	291.430	28.236	48.586
380.952	290.918	28.862	47.939
381.041	288.720	27.060	53.034
380.373	286.414	27.128	51.418
378.837	284.375	27.017	56.287
377.820	283.449	27.278	54.007
377.572	283.005	26.225	57.125
376.163	283.771	21.741	56.660
375.129	284.239	22.733	56.859
375.922	283.957	22.221	59.949
375.075	284.131	24.206	56.324
374.229	282.833	24.396	58.277
373.327	282.550	24.632	55.882
371.415	281.309	25.787	58.137
369.560	281.661	28.304	59.879
368.534	281.891	27.165	58.694
367.354	282.653	27.814	59.101
366.424	282.712	26.235	55.643
364.910	282.898	27.007	53.421
364.481	280.593	25.720	56.317
363.548	280.254	25.587	55.824
361.260	279.435	26.226	55.828
360.324	279.401	24.833	52.447
359.524	278.843	24.655	55.086
357.351	279.754	24.348	56.989
355.798	279.896	25.314	55.815
354.556	279.233	25.439	60.438
353.669	277.899	24.820	61.773
351.811	276.398	25.765	58.205
351.235	276.700	25.826	56.135
349.066	276.568	24.758	53.081
348.156	276.515	24.382	54.475
346.773	276.677	23.717	55.985
345.705	276.745	24.064	56.635
343.851	275.267	23.871	63.849
342.020	274.623	24.668	62.643
340.854	272.239	24.056	64.912
339.514	272.421	24.746	68.152
337.593	271.264	24.939	70.436
336.170	271.589	25.255	70.517
333.112	272.535	26.596	71.083
331.513	273.681	26.840	67.439
329.575	272.041	26.160	66.928
328.497	270.752	25.688	69.889
327.171	268.719	25.386	71.693
326.423	268.956	25.369	71.491
324.687	269.054	25.251	70.597
323.618	269.923	25.282	69.708
321.453	270.009	25.666	68.303
320.330	271.025	26.234	65.906
319.578	269.265	25.421	67.260
318.953	268.732	25.301	65.966
316.840	267.619	26.175	65.739
315.669	266.990	25.954	68.823
313.942	267.332	26.514	66.464
312.300	267.459	26.938	65.303
310.903	267.622	26.737	65.641
309.896	267.559	26.936	65.861
309.405	267.499	25.860	66.768
308.123	266.755	26.487	67.468
307.138	265.489	27.019	68.855
306.045	265.361	27.788	69.828
304.210	266.578	29.463	67.830
303.353	267.155	29.960	67.439
302.522	267.178	29.888	66.920
301.294	267.204	30.515	66.517
300.069	266.014	30.639	66.145
299.458	264.879	30.016	67.332
298.369	264.038	29.274	68.153
296.423	263.393	30.396	68.860
294.595	264.787	30.621	67.172
293.657	264.840	31.130	67.350
292.851	265.067	30.673	66.235
291.410	263.996	31.256	67.645
290.188	263.343	31.412	67.106
288.988	261.524	30.787	68.567
287.841	261.588	31.316	68.738
286.271	261.304	31.875	68.028
284.990	261.681	32.854	68.160
284.587	262.463	31.753	67.109
284.048	262.901	31.714	65.884
283.863	262.622	30.075	65.861
283.567	261.787	29.529	65.974
282.936	261.839	29.516	65.359
281.943	259.525	28.994	67.780
281.541	259.446	27.786	66.451
280.010	259.577	27.958	67.470
279.316	260.044	28.355	66.500
279.136	260.052	26.547	66.573
278.241	260.657	26.157	65.396
277.054	260.827	26.803	65.082
276.108	259.489	25.599	65.785
275.376	258.749	26.459	66.004
274.606	257.406	25.659	66.648
273.484	257.124	26.963	66.466
272.229	258.369	26.914	61.868
272.588	257.878	26.874	64.220
271.406	258.707	27.165	61.232
271.057	258.582	27.321	59.439
270.707	257.102	26.347	61.903
270.122	255.627	26.415	58.961
269.534	255.190	25.632	60.406
269.291	254.852	25.878	60.276
268.498	254.831	25.785	56.650
267.523	255.632	25.873	55.316
266.861	256.737	25.162	56.823
266.039	257.547	25.244	56.338
264.861	255.646	25.075	59.275
264.263	255.157	25.034	57.807
263.411	254.052	25.177	58.813
262.247	253.694	25.421	55.256
261.889	253.431	26.480	55.328
261.117	254.179	26.813	53.197
260.700	254.363	26.668	53.129
260.188	254.472	26.687	51.971
260.069	254.182	26.295	48.949
259.970	253.223	25.034	51.727
259.457	252.612	24.331	51.911
258.946	251.590	24.296	51.057
257.404	251.196	25.572	50.000
257.032	250.988	25.910	48.661
255.526	251.595	25.377	48.360
254.677	252.434	25.649	47.753
253.152	252.673	24.639	47.359
253.246	252.060	24.732	46.914
251.666	250.793	24.669	48.400
251.456	250.341	24.592	48.833
250.721	250.111	25.369	46.676
249.284	249.689	25.753	46.565
248.395	249.006	26.280	46.848
247.866	250.234	25.599	44.458
247.749	250.057	25.930	44.972
246.993	249.781	24.486	45.818
246.881	249.088	24.569	46.869
246.097	248.463	24.007	47.847
245.201	247.376	24.027	46.121
243.861	246.994	24.171	43.931
243.687	246.377	24.169	46.708
242.031	247.290	24.751	46.825
240.275	247.905	25.253	45.759
239.434	248.294	25.545	44.514
238.690	247.886	24.186	45.173
238.815	247.613	24.053	45.095
237.711	245.799	23.874	45.073
236.385	245.528	25.465	43.828
235.504	245.333	26.890	42.881
234.697	245.404	27.501	44.102
233.515	246.080	27.895	43.476
233.558	246.481	25.554	43.814
233.221	246.352	24.803	42.560
233.199	246.048	24.258	42.117
232.635	245.502	24.696	43.458
232.225	244.234	22.893	42.137
231.181	243.708	23.787	42.116
229.861	243.870	23.749	42.497
228.779	243.947	25.152	41.292
227.218	244.529	25.075	42.465
226.756	244.800	25.044	40.737
225.595	244.541	25.425	41.036
225.085	244.012	25.187	41.792
224.727	243.204	25.309	42.150
224.079	241.920	25.378	41.992
223.756	241.475	25.696	41.682
222.089	242.229	26.682	40.582
221.890	242.404	26.399	41.026
221.106	242.990	26.905	40.937
220.565	243.305	26.913	39.963
220.128	241.705	24.918	40.644
219.795	241.128	25.574	41.309
219.046	240.101	25.635	40.433
218.458	239.649	24.631	39.726
217.017	240.446	25.104	40.122
216.366	240.791	24.871	40.060
215.366	241.366	23.957	40.066
214.767	241.677	23.860	39.779
213.499	240.944	23.338	38.952
213.190	240.015	23.443	39.356
212.382	239.428	23.285	39.095
211.283	238.486	24.198	38.912
211.146	238.467	23.829	38.232
209.746	238.821	25.466	38.706
209.538	239.372	24.050	38.041
208.630	239.923	25.266	38.549
208.549	239.575	24.415	37.963
207.827	238.225	24.075	38.404
207.297	237.907	23.951	38.618
206.688	236.312	23.388	39.111
206.010	236.277	23.060	38.207
205.387	236.547	23.253	37.999
204.007	237.638	23.202	37.851
203.829	238.070	22.059	37.750
202.374	238.097	21.612	38.023
201.678	238.139	22.035	38.234
200.953	237.342	21.754	37.668
200.089	236.642	21.894	37.203
199.503	235.797	22.396	37.520
198.179	235.061	23.293	37.678
197.802	235.176	23.581	37.770
196.342	236.521	24.366	36.919
195.766	236.075	24.795	36.870
195.815	236.372	23.960	37.632
195.247	235.775	23.250	37.647
195.132	235.326	22.040	37.662
193.848	233.857	23.033	39.425
193.463	233.501	22.806	39.746
192.283	233.196	22.926	39.803
192.179	233.505	22.727	39.380
191.327	234.213	22.301	39.222
190.829	234.551	21.904	38.908
189.132	234.720	22.488	38.208
188.813	234.198	22.104	37.892
187.610	233.820	23.049	37.955
187.305	233.234	22.817	37.987
186.342	232.306	23.549	37.819
185.951	232.113	23.667	38.161
185.387	232.178	24.742	38.374
185.063	233.006	24.693	38.310
184.352	233.209	24.141	37.922
184.333	232.547	23.393	38.505
183.951	231.804	22.948	38.618
183.181	230.507	22.052	38.476
182.314	229.913	21.754	37.805
181.986	229.554	21.716	38.870
181.271	229.873	21.559	38.513
180.477	230.548	21.426	38.863
179.752	230.837	21.219	39.006
178.795	230.984	20.151	39.509
177.852	230.570	20.701	38.757
178.017	229.229	20.342	39.376
178.266	228.589	19.240	39.388
175.726	227.966	21.759	39.652
174.535	227.944	22.675	39.059
173.387	228.530	23.722	39.093
172.811	228.878	23.795	39.475
172.215	229.702	24.227	38.426
171.922	228.944	24.388	38.782
171.352	227.997	23.580	39.047
170.949	227.591	23.944	39.075
170.438	226.433	22.713	38.006
170.092	226.560	23.651	38.537
169.586	226.983	22.579	38.612
168.933	228.208	22.690	37.917
167.823	229.379	22.541	37.022
168.160	228.036	22.152	38.105
166.877	227.640	22.327	37.750
166.997	226.411	21.589	38.505
165.953	225.860	22.829	37.809
165.502	225.534	23.461	37.909
164.678	225.918	24.272	37.792
164.231	226.640	24.884	38.634
164.281	226.668	24.756	38.226
163.639	226.959	24.804	38.217
163.522	226.572	24.241	37.877
162.926	225.610	22.973	37.979
162.723	224.875	22.564	39.111
161.938	224.417	20.779	37.457
161.457	224.164	21.734	37.389
161.272	224.284	22.071	37.784
160.274	225.287	21.198	37.435
160.274	225.571	21.683	37.412
158.819	225.379	21.009	36.879
158.710	225.114	20.515	37.231
158.145	224.160	20.497	37.269
157.762	223.721	21.113	36.947
156.588	223.247	21.799	36.350
156.334	223.659	21.968	35.504
155.582	224.339	22.932	36.096
155.443	224.493	22.539	36.231
155.357	224.717	22.315	35.662
154.718	224.296	22.055	35.843
154.670	223.629	22.495	35.565
153.900	222.510	21.255	35.609
153.613	222.314	21.166	34.943
152.350	222.242	21.189	34.539
152.246	222.568	20.778	35.123
151.874	223.867	19.299	34.626
151.212	224.049	19.741	33.964
149.521	223.638	19.627	33.268
148.820	223.369	19.571	33.463
147.556	222.403	20.023	33.161
147.598	221.990	20.038	33.765
146.499	221.815	20.392	34.117
146.106	221.946	20.644	33.748
144.940	222.652	21.118	32.738
144.462	223.166	21.793	31.989
144.278	223.506	21.625	31.617
143.014	223.680	21.033	31.614
142.647	223.541	21.426	31.796
141.480	224.688	21.213	31.492
139.890	224.184	21.986	32.004
138.825	223.438	21.624	32.016
138.935	222.566	21.618	31.710
136.418	222.757	22.623	31.732
