333.000	201.000	29.000	89.000
334.103	200.668	31.790	89.869
338.544	200.723	32.593	87.692
339.810	202.653	34.388	84.967
346.834	201.796	33.505	84.855
349.041	202.131	32.783	83.836
353.024	201.009	33.991	83.629
356.968	199.929	34.353	85.217
360.891	199.293	34.031	86.579
363.801	199.615	35.171	86.502
364.681	200.977	35.884	84.854
371.450	199.052	34.712	87.040
374.929	198.480	35.135	86.780
379.452	198.282	34.820	87.165
381.660	198.986	33.612	85.460
385.990	197.751	31.467	85.425
390.752	194.259	30.634	90.045
392.376	195.647	31.024	87.692
397.278	194.235	31.591	88.662
400.430	194.545	31.768	88.192
403.703	194.025	31.921	88.855
407.942	192.943	33.651	89.450
412.884	194.142	33.511	87.022
417.143	193.299	31.915	87.074
422.674	190.567	31.098	91.078
424.562	188.592	32.984	92.007
430.018	188.358	32.419	90.157
433.151	188.476	31.030	92.594
437.789	188.566	33.491	91.244
440.633	186.845	34.775	90.873
445.831	187.342	34.866	90.790
448.851	190.483	32.669	87.937
452.970	186.767	33.688	89.909
455.327	186.027	31.895	91.496
461.950	187.599	30.829	88.387
465.131	185.280	30.932	87.577
469.667	188.375	30.036	83.584
475.224	188.579	31.344	81.361
477.332	184.875	31.951	84.870
480.488	183.243	31.614	84.329
483.635	182.576	33.761	85.223
487.892	183.341	31.981	82.591
492.213	183.271	31.654	83.199
496.936	180.189	32.405	85.831
500.387	182.422	32.854	84.455
505.380	182.522	34.825	82.059
510.300	185.244	32.963	80.903
516.415	186.496	32.019	75.497
518.774	183.381	30.930	77.018
523.405	182.601	31.349	77.407
522.526	185.065	28.877	76.125
522.503	178.549	27.161	76.832
518.224	181.579	28.219	74.439
513.375	183.179	28.443	72.586
511.596	186.744	28.616	67.770
512.529	186.041	30.839	68.033
508.340	182.858	27.443	70.196
505.621	181.396	26.998	74.738
504.369	175.930	27.602	78.842
500.998	181.022	28.908	75.509
499.130	177.793	29.108	77.866
497.624	179.618	27.313	77.808
490.509	177.948	27.706	78.960
491.132	181.404	28.095	74.155
486.524	177.953	28.971	72.290
484.818	176.696	29.232	74.793
478.077	179.890	27.392	72.060
476.290	179.610	29.746	70.161
476.611	177.683	29.701	72.907
466.126	182.483	27.808	72.787
464.612	182.057	29.536	71.409
460.661	183.451	28.791	71.776
460.634	182.496	27.624	73.018
461.818	180.335	28.355	78.730
462.834	181.165	27.953	77.843
461.026	178.393	27.389	82.325
458.959	176.862	29.104	81.598
455.388	177.791	29.029	81.257
455.935	178.327	29.759	78.526
454.288	176.830	29.982	78.679
451.152	174.955	28.756	82.285
447.675	172.019	28.646	79.670
445.176	170.975	28.521	83.224
443.889	173.510	31.738	81.728
441.681	175.746	30.321	80.674
439.805	177.574	29.319	78.176
437.218	176.219	29.728	78.564
434.891	178.077	28.609	74.734
434.786	178.609	26.369	75.040
429.438	178.258	26.144	75.097
429.330	175.468	26.618	75.337
426.843	176.624	25.943	74.135
424.864	173.788	27.358	75.028
423.638	176.333	28.013	75.797
422.718	175.254	27.912	77.869
422.179	171.637	27.662	81.778
419.301	173.611	32.228	79.304
418.474	172.995	33.112	83.067
417.010	174.953	33.454	77.652
414.829	176.143	31.535	73.900
410.802	168.645	30.335	81.139
412.774	170.724	30.728	80.478
409.097	172.513	29.869	76.667
406.921	171.914	29.520	77.659
404.010	170.768	30.242	74.780
400.606	171.469	29.291	74.606
399.860	170.430	30.410	67.709
398.114	170.539	28.388	72.709
396.986	168.566	29.244	73.310
395.515	170.567	28.885	73.367
393.842	167.041	28.962	73.093
392.527	165.902	28.687	76.634
389.388	166.477	30.897	75.942
391.029	168.137	27.154	80.199
389.972	166.412	29.367	77.857
386.905	168.230	30.415	75.299
384.343	168.743	30.064	74.201
381.237	171.912	30.561	70.421
379.860	169.945	28.962	70.546
382.501	170.991	29.043	70.459
376.534	169.242	26.917	69.023
376.389	170.851	27.150	71.386
375.166	172.557	26.556	72.324
372.092	172.750	25.772	71.120
370.477	173.223	27.188	72.725
370.574	172.242	26.620	73.209
370.533	171.864	26.388	73.235
366.335	172.869	24.660	72.696
363.685	171.487	27.980	71.868
360.456	168.782	30.275	74.603
355.005	165.153	30.910	77.909
349.612	164.046	33.415	79.582
354.205	161.379	30.510	81.214
358.932	166.871	33.215	79.468
344.421	162.273	27.766	78.357
342.130	166.803	27.254	72.918
341.702	164.723	23.890	76.499
337.997	163.225	25.567	79.467
335.400	161.236	26.008	78.885
330.725	162.161	27.416	76.619
329.948	161.010	26.273	75.574
327.828	160.318	24.441	78.278
328.256	165.430	26.786	75.148
324.113	163.006	26.554	74.331
317.113	162.258	27.486	74.103
331.339	163.909	28.964	73.053
313.710	160.946	29.412	74.291
323.220	163.206	28.959	74.086
319.543	162.718	28.543	76.925
310.009	160.261	30.351	76.014
308.151	160.951	31.312	74.147
312.329	162.741	26.846	71.992
308.448	163.007	27.305	72.149
300.016	161.260	27.392	73.609
302.146	161.256	24.144	74.066
297.676	162.045	25.503	73.209
300.130	162.330	24.725	73.206
292.522	161.707	28.100	73.663
298.284	161.926	24.814	74.399
302.569	163.840	24.346	71.674
295.960	163.383	26.128	71.004
296.069	162.349	24.979	73.831
293.269	163.004	24.064	72.652
289.536	161.795	25.694	75.204
289.240	161.400	26.780	74.412
286.039	161.006	25.917	74.112
282.419	161.476	28.770	74.513
281.876	161.785	29.504	71.463
281.762	162.002	27.681	71.711
278.983	162.068	26.521	71.555
275.134	161.949	25.990	70.572
273.395	161.038	24.477	71.353
269.518	161.714	25.334	64.786
264.801	159.873	28.287	65.851
264.583	161.668	27.474	62.760
263.052	162.051	26.658	61.060
264.487	161.763	26.352	64.448
264.183	160.482	23.939	62.542
262.782	157.998	24.895	63.826
256.901	154.797	25.288	72.036
251.027	155.092	28.390	71.343
253.437	156.714	29.765	72.371
250.670	155.892	31.176	72.322
249.632	153.824	30.630	72.157
244.998	155.587	29.304	71.193
247.315	155.188	26.941	68.155
246.715	153.706	27.616	67.650
236.287	156.257	27.302	66.905
235.042	152.495	28.622	65.848
233.885	151.816	29.979	67.223
237.113	153.900	28.387	66.086
238.419	154.501	27.234	65.817
240.511	143.712	29.796	72.482
233.986	150.892	32.030	64.646
228.736	148.519	34.096	68.067
228.718	148.494	29.511	73.837
221.072	151.226	25.813	68.689
221.869	151.448	25.421	68.668
221.078	151.668	25.658	68.483
219.429	150.482	26.268	70.117
219.669	150.791	25.919	68.818
213.209	150.611	25.626	69.840
213.821	151.181	23.771	69.086
212.814	152.887	24.131	65.874
211.083	152.743	24.526	66.750
209.489	151.981	25.865	67.400
209.179	151.900	24.625	67.313
207.151	151.385	23.576	67.840
208.552	150.248	22.960	65.781
204.701	151.437	24.040	64.795
202.911	151.494	23.529	64.377
203.135	151.484	23.771	65.325
204.064	152.421	23.294	65.857
209.864	152.814	22.316	64.123
205.156	152.361	22.939	65.875
207.498	151.553	23.846	66.589
206.345	149.557	23.510	66.033
201.911	149.428	23.648	67.685
200.012	148.981	24.581	67.838
196.277	149.277	26.670	66.941
196.044	149.082	24.361	66.466
201.151	151.113	22.870	63.419
198.547	149.721	23.217	64.588
196.169	149.408	24.301	68.009
194.607	148.553	25.095	64.061
195.883	149.002	26.338	68.538
199.140	147.200	29.749	69.960
201.450	145.318	29.936	69.766
195.076	145.698	33.229	68.408
190.702	145.450	30.162	60.257
200.180	144.422	29.558	65.243
201.273	145.563	30.244	64.627
210.479	143.557	27.512	61.617
215.589	143.211	29.727	64.717
221.109	144.177	28.902	63.421
228.988	144.743	28.901	63.281
234.889	143.850	27.352	62.125
231.206	144.720	27.971	58.461
229.417	143.854	28.662	61.215
220.376	140.183	26.975	59.993
219.950	144.970	25.321	61.674
218.373	141.960	26.406	58.925
218.587	143.535	24.911	62.198
215.741	142.018	24.523	57.141
217.625	142.130	31.387	57.495
215.194	140.359	30.241	61.267
244.440	143.430	24.769	63.738
241.775	143.938	23.753	58.812
241.188	142.565	24.606	59.547
238.413	144.098	25.415	57.640
237.925	143.501	26.226	57.838
235.085	142.406	25.350	57.070
233.742	146.011	25.901	53.338
233.394	143.258	24.205	56.537
235.934	146.675	25.493	53.675
238.446	142.839	24.103	53.356
245.483	142.916	25.322	55.405
247.815	144.134	26.193	57.135
252.878	143.389	29.124	54.847
256.950	140.081	29.658	57.433
267.218	141.350	26.000	57.303
266.623	139.825	22.870	56.225
265.006	140.827	23.282	56.694
262.228	139.253	23.013	55.068
259.820	140.637	22.868	56.404
256.942	141.147	21.892	54.982
253.429	139.968	22.911	53.637
248.484	141.133	21.642	54.970
246.225	140.265	20.855	52.890
240.755	140.354	21.392	51.426
242.171	139.149	21.381	53.156
241.949	137.372	21.626	56.277
239.512	134.801	23.752	62.189
237.376	135.224	25.630	61.989
235.823	135.826	27.112	61.132
234.481	136.789	26.305	64.078
234.240	135.734	25.046	61.278
234.758	127.474	23.092	66.667
231.643	133.569	25.361	60.092
230.854	127.915	27.160	63.057
230.334	125.335	30.229	68.123
224.878	131.047	30.699	73.475
231.636	126.548	29.434	78.219
217.436	144.421	34.866	86.450
206.019	138.738	33.242	74.453
203.801	136.412	27.344	66.788
202.273	132.431	24.838	64.140
202.448	133.646	27.090	68.448
201.251	135.351	24.524	65.361
198.337	139.941	28.549	73.466
196.639	136.457	26.526	67.977
191.285	133.963	28.193	71.753
195.232	131.201	33.974	87.040
218.254	122.989	31.912	90.623
237.117	119.341	27.285	86.046
242.375	147.130	34.579	83.476
247.718	125.569	47.886	87.549
248.289	140.382	46.005	94.003
237.469	125.394	35.532	100.870
224.366	166.393	43.029	85.361
257.675	249.387	36.165	86.931
260.805	256.340	45.482	105.816
260.479	258.105	47.659	99.980
263.273	251.221	45.627	103.613
262.677	254.025	48.462	108.118
256.854	258.154	52.735	103.968
262.744	262.127	47.376	110.143
261.786	263.214	56.864	123.536
253.787	268.625	60.356	118.371
227.462	273.086	78.887	131.990
207.766	274.989	97.685	119.964
211.364	287.128	85.362	124.344
209.244	272.228	109.791	124.371
221.298	287.411	85.833	125.745
224.849	265.990	94.021	118.617
226.625	284.532	96.056	123.306
243.228	267.331	95.985	120.229
240.657	280.098	87.696	125.379
229.936	282.640	85.058	112.949
236.473	279.626	86.489	115.172
228.168	264.813	90.647	128.294
236.048	277.888	90.722	127.444
230.120	289.056	89.280	116.193
237.141	264.762	86.898	125.613
223.280	280.283	92.127	122.631
224.239	263.203	91.054	119.143
229.688	279.465	80.689	123.101
239.523	274.351	93.689	124.534
215.131	257.807	90.446	124.902
213.076	272.439	87.318	127.753
221.774	229.642	87.581	150.183
168.495	120.065	71.948	95.946
176.887	124.777	50.582	77.779
180.196	122.554	37.515	73.138
180.504	123.237	36.002	63.882
178.468	124.161	34.135	64.700
172.407	125.051	29.346	59.189
176.696	125.712	28.587	50.458
171.675	121.782	24.308	47.868
173.067	119.591	23.194	46.525
169.329	118.173	22.574	50.119
165.979	117.550	22.340	50.445
166.067	117.585	20.636	46.855
164.199	115.485	21.299	48.541
163.828	116.354	19.817	48.057
163.095	118.065	19.646	46.169
161.049	115.280	19.529	47.293
158.213	115.960	20.407	48.154
154.176	117.057	21.220	47.627
152.039	116.359	23.440	50.736
196.033	121.743	26.513	49.860
193.565	122.795	30.110	55.735
192.845	122.385	28.322	64.012
188.553	123.017	30.567	58.968
188.896	121.532	29.589	60.883
187.729	121.492	29.807	60.869
189.993	125.641	36.294	65.442
177.308	119.384	30.695	65.611
178.190	120.303	22.571	60.346
178.756	119.202	22.819	50.086
176.420	120.800	21.070	48.355
176.202	123.218	22.916	47.301
173.944	120.246	20.957	43.356
173.964	121.919	21.438	41.706
166.379	118.739	20.288	41.465
165.705	118.441	20.818	42.538
161.897	115.591	21.371	45.912
162.466	118.491	20.251	43.873
158.771	116.480	20.214	44.417
156.859	116.617	19.865	43.311
152.508	115.474	21.921	42.865
145.381	115.972	26.671	46.649
143.628	114.288	25.423	49.819
146.146	112.814	22.603	46.427
146.111	112.612	20.527	43.378
146.840	114.141	19.254	41.650
140.887	111.506	22.144	44.981
136.571	109.836	23.684	49.687
132.654	109.864	26.317	50.794
133.333	111.292	26.495	52.364
132.839	110.754	24.345	53.786
128.032	109.925	25.063	51.402
98.821	106.138	23.304	48.505
98.648	104.960	25.339	49.328
101.182	105.720	27.711	49.582
101.022	102.785	29.013	51.556
108.858	103.470	29.153	50.031
115.367	101.480	31.635	52.130
122.505	103.903	33.260	53.200
119.751	100.877	29.719	57.816
124.453	101.039	28.113	55.313
128.404	102.244	32.132	56.178
133.095	101.494	28.698	57.716
137.622	101.797	29.336	53.665
142.780	100.255	29.278	54.801
148.245	100.480	28.338	54.639
152.376	101.604	27.363	55.713
158.180	99.783	28.150	56.023
163.680	99.824	29.710	56.210
168.486	99.069	28.831	57.463
176.884	97.775	27.931	58.290
179.028	100.981	28.953	60.692
185.168	99.570	29.295	58.606
189.531	97.262	28.684	57.647
196.566	97.500	25.824	51.251
200.820	96.173	25.670	50.491
206.717	94.993	27.327	50.853
211.008	94.074	26.222	50.138
217.360	95.038	27.290	50.631
220.575	95.104	26.388	47.784
226.269	95.219	27.537	48.641
230.923	94.823	25.193	50.079
236.764	94.869	25.625	46.293
240.327	93.777	25.066	46.871
246.945	92.822	25.184	49.125
250.969	92.622	23.874	45.432
255.777	91.484	25.623	45.449
258.968	90.999	25.267	46.318
263.536	89.845	27.088	46.603
269.473	90.443	27.240	47.685
275.656	89.873	25.642	47.389
280.291	89.261	24.157	47.770
283.875	88.845	26.716	47.464
289.063	89.821	24.685	46.598
293.063	88.314	26.833	44.942
295.722	85.336	27.365	48.390
301.270	84.962	27.626	50.611
308.345	83.820	26.899	49.729
315.606	84.371	25.633	48.983
319.993	84.249	26.374	50.596
324.061	84.064	23.474	48.913
323.507	84.491	21.885	47.383
320.241	84.396	20.498	47.710
319.400	82.868	22.006	48.935
313.171	83.164	23.191	50.735
312.931	81.656	23.064	52.305
310.213	80.887	25.262	53.524
308.496	80.727	23.489	52.989
305.827	79.265	22.658	58.074
304.989	79.988	23.305	54.333
302.692	80.778	22.776	52.683
302.590	81.033	22.163	53.110
301.768	80.146	22.281	53.804
298.845	79.092	22.248	52.394
297.678	79.544	22.450	51.770
294.027	77.642	21.946	51.262
291.600	77.699	21.576	53.870
285.669	73.804	22.922	54.640
286.412	77.752	25.330	55.214
283.094	74.025	20.739	52.459
283.701	78.623	23.690	51.922
280.875	78.573	21.361	50.790
281.381	80.043	21.303	49.948
276.090	75.576	20.454	46.809
276.215	80.714	21.714	47.207
273.195	79.872	19.319	44.279
273.344	78.508	23.979	45.224
269.495	75.565	21.170	46.427
271.214	77.496	22.358	47.319
264.086	76.343	24.769	47.816
264.845	76.577	24.280	51.796
260.898	74.439	24.240	48.969
256.035	75.631	25.673	48.641
249.561	71.174	23.235	51.744
248.203	71.209	22.156	50.720
247.904	71.828	22.596	52.706
242.691	68.035	24.159	46.690
238.945	67.953	26.610	50.852
238.124	67.678	24.476	50.611
237.496	67.156	24.635	58.656
233.886	67.329	24.209	57.603
233.413	67.608	25.533	55.801
232.030	68.733	22.485	54.646
231.125	67.423	21.337	54.940
227.503	66.659	19.194	48.741
222.377	66.916	21.864	45.489
219.114	64.957	23.930	45.819
209.560	57.936	26.100	46.962
203.590	54.072	25.072	47.737
205.309	51.894	26.881	51.470
205.574	50.297	23.582	54.164
205.231	49.823	24.125	52.255
201.049	55.050	25.162	57.086
202.812	59.044	26.610	55.961
205.637	64.452	25.598	55.471
209.772	65.177	22.494	52.268
208.680	63.261	20.938	50.246
203.455	63.743	23.170	47.952
194.462	61.055	29.077	48.240
201.249	61.288	28.839	50.919
193.015	63.733	26.835	50.457
194.516	64.041	25.577	44.497
185.171	63.677	26.647	39.571
177.922	57.374	23.254	42.596
178.654	57.823	21.440	42.891
176.379	56.951	24.638	41.770
180.219	59.934	21.976	39.354
179.602	62.873	21.408	36.785
175.747	63.175	21.233	37.538
174.107	61.960	19.759	37.368
180.996	63.098	17.747	35.539
181.368	61.719	20.452	35.270
189.270	62.665	18.354	34.120
187.674	57.024	20.310	36.975
196.032	61.509	20.706	36.360
199.710	61.091	20.307	36.998
198.918	56.697	24.300	38.203
197.927	54.350	27.227	40.894
197.066	51.551	28.191	41.801
201.380	52.299	26.334	46.910
210.485	52.237	27.151	41.560
217.557	53.379	24.579	40.454
219.666	53.079	26.708	39.969
225.475	54.284	26.286	41.071
224.447	50.832	27.937	41.553
235.651	58.026	24.239	41.797
231.965	46.318	28.810	42.300
243.541	53.990	23.726	43.123
243.647	50.397	25.721	44.696
248.293	50.032	25.963	43.284
256.741	51.464	23.125	39.158
255.415	47.715	27.288	38.456
263.362	50.366	21.677	48.731
251.894	43.138	28.590	48.375
249.859	42.019	25.832	49.221
246.793	42.162	25.955	47.301
247.830	44.450	24.614	45.216
245.675	44.952	22.036	42.846
245.198	42.899	21.756	42.337
245.114	45.277	20.880	42.870
241.166	45.734	21.786	38.153
237.439	43.484	22.033	37.799
233.384	42.035	22.630	40.819
227.742	40.746	23.969	40.377
222.615	42.590	24.896	40.611
215.674	41.234	29.733	42.822
210.861	42.490	33.635	46.986
206.566	47.709	35.483	44.964
213.313	40.743	27.517	48.715
206.338	42.625	29.494	49.021
208.544	39.807	26.053	49.387
201.761	39.598	28.289	46.922
197.746	37.608	26.399	49.033
196.845	36.571	26.550	48.285
194.881	37.111	24.384	47.323
197.525	39.820	25.320	42.475
193.454	41.391	26.959	43.661
179.182	32.507	29.402	70.692
178.912	38.772	32.943	74.960
162.436	44.413	38.557	80.160
147.268	44.900	45.297	75.265
142.780	45.128	43.434	78.267
135.014	47.853	45.309	86.356
123.982	51.109	51.784	85.860
128.399	57.690	52.128	89.742
134.857	54.995	51.328	105.598
117.903	66.225	59.595	122.115
104.188	69.522	68.703	133.684
84.805	111.760	81.410	152.088
78.048	173.041	77.786	165.891
62.469	167.889	85.778	170.463
50.678	164.395	87.614	180.271
67.659	174.882	87.686	169.088
85.735	180.481	88.229	168.177
72.792	157.210	94.768	179.385
96.778	167.546	90.934	193.418
82.029	151.416	99.484	204.105
68.633	146.080	105.258	199.379
60.003	132.832	105.553	199.410
