417.000	306.000	179.000	112.000
406.600	299.352	182.096	112.729
402.486	296.912	179.098	111.423
394.501	291.158	173.822	109.909
391.073	290.630	171.537	106.827
386.141	287.363	168.630	106.166
378.482	282.714	165.623	104.402
376.196	280.209	161.116	102.796
372.088	276.360	158.254	103.737
366.550	273.343	153.700	99.463
364.068	270.818	151.413	99.472
357.194	267.014	147.914	96.631
353.689	266.150	146.854	95.212
348.214	261.034	144.220	94.372
344.765	260.479	143.220	93.061
342.074	256.751	140.368	94.221
335.943	253.121	138.675	93.463
333.593	251.057	136.833	92.519
328.101	247.951	134.511	90.407
325.613	245.567	131.743	90.570
322.224	244.051	130.694	88.703
318.170	239.707	128.663	89.056
316.785	239.091	126.895	87.801
311.037	236.163	125.551	84.404
309.283	236.017	123.729	82.802
305.484	233.513	123.226	83.128
301.214	230.956	121.069	81.423
299.519	230.801	121.281	79.964
293.683	226.351	120.361	80.195
292.099	226.511	118.050	78.006
287.461	222.171	115.990	78.928
285.498	222.543	114.994	77.088
280.458	219.201	113.305	76.327
279.280	218.891	112.765	75.366
276.676	216.125	111.892	75.915
272.298	214.299	110.784	73.674
270.874	213.519	109.608	73.270
266.857	210.718	108.024	72.711
264.914	209.771	108.165	72.284
263.182	208.009	106.230	72.379
259.231	205.868	105.886	71.716
257.740	205.847	105.425	70.087
254.457	203.201	103.292	69.890
252.615	201.821	102.271	69.592
251.641	200.568	99.932	68.966
248.942	199.165	98.421	67.113
247.616	197.212	98.142	67.433
246.536	196.025	95.968	67.053
244.155	194.174	94.608	65.815
242.541	194.217	94.823	64.743
240.686	192.151	91.823	63.734
240.090	191.751	90.323	63.286
239.536	190.635	89.212	63.072
237.963	187.992	87.907	62.739
236.933	188.020	87.206	61.697
235.819	185.612	84.937	61.793
235.121	184.741	84.942	61.368
234.683	182.883	82.908	60.545
234.176	182.852	81.416	59.637
234.224	180.915	81.430	59.989
234.303	179.176	78.576	59.709
233.415	179.324	79.395	57.979
233.020	176.920	78.051	58.547
233.158	176.624	77.048	58.022
232.283	176.137	77.107	57.111
233.077	174.130	75.238	57.449
233.329	173.605	74.412	56.578
234.056	172.343	73.265	55.832
233.857	171.446	73.151	56.235
234.181	170.353	72.190	55.582
235.366	169.375	71.112	54.525
235.136	168.458	71.289	54.688
236.169	166.937	70.187	54.648
236.719	166.554	69.827	53.857
236.775	165.687	69.900	53.944
238.849	164.836	67.655	52.919
238.593	163.853	68.197	52.544
239.300	163.487	68.418	52.105
240.764	161.677	67.735	52.236
241.271	161.662	67.897	51.454
243.080	159.850	66.821	51.204
243.463	159.535	66.716	50.462
244.451	159.003	66.879	49.910
245.928	157.947	66.239	49.639
246.660	157.628	66.586	49.170
248.676	155.975	65.992	48.889
249.681	155.895	65.686	48.331
250.133	154.913	66.078	48.125
252.051	153.638	66.115	48.057
253.831	153.214	65.016	48.016
255.045	151.899	65.982	47.478
256.186	151.391	65.561	47.063
256.550	150.638	66.406	46.995
259.707	150.103	65.497	46.151
260.775	149.581	64.652	45.876
262.329	148.738	64.530	46.216
264.481	148.121	64.996	45.407
265.250	147.494	65.288	45.126
268.564	146.764	63.738	44.659
269.281	146.093	64.954	44.739
270.721	145.801	64.719	44.415
273.334	145.023	64.563	44.050
274.883	144.581	64.230	43.913
277.121	143.899	64.805	43.098
278.647	143.683	64.108	42.878
279.326	143.213	64.348	42.863
282.120	142.333	64.904	42.268
283.112	141.389	65.296	42.604
286.277	140.070	65.242	42.603
287.497	139.518	64.201	42.666
289.381	138.824	65.377	42.528
291.861	137.332	64.439	43.398
292.986	137.092	63.891	42.637
294.364	136.650	63.253	42.130
297.804	135.855	62.347	42.170
298.729	135.431	62.985	41.883
300.289	134.552	63.012	42.335
303.232	133.718	62.317	41.735
304.840	133.514	61.868	42.010
307.832	132.482	61.999	41.425
309.201	132.729	61.396	41.078
310.682	131.895	61.806	41.347
313.775	130.968	61.416	40.775
315.037	130.786	61.972	40.232
318.602	130.322	60.926	40.164
319.922	129.411	60.497	40.220
321.195	129.319	60.859	39.795
324.148	129.142	60.282	39.419
325.592	128.689	60.604	39.202
328.888	128.241	60.317	39.018
329.545	127.888	60.612	38.796
331.199	127.060	60.976	38.374
334.604	126.913	60.692	37.897
335.469	125.968	60.843	38.021
340.403	125.168	58.742	38.029
341.122	125.280	59.017	37.486
343.248	124.397	58.923	37.803
346.780	124.418	58.495	36.970
347.997	123.841	58.785	37.172
352.320	123.714	57.377	36.401
353.554	123.310	57.940	36.267
355.069	122.546	57.670	36.484
359.413	122.035	56.229	36.156
360.201	121.323	57.204	36.346
363.870	120.793	56.515	36.071
365.189	120.158	57.146	35.818
366.886	119.692	56.966	35.957
370.929	119.979	55.469	34.786
372.461	119.416	56.339	34.949
375.518	118.798	56.082	34.847
377.670	118.843	54.384	34.604
379.342	117.878	54.490	35.031
382.861	117.322	53.686	34.895
384.165	117.104	52.325	34.824
385.814	117.146	50.836	33.941
389.993	116.583	50.764	33.167
390.900	116.748	53.027	32.502
394.007	115.922	52.417	32.418
395.853	115.676	51.645	32.546
397.848	114.844	51.233	32.852
401.136	113.742	50.888	33.595
402.543	114.091	50.757	32.646
403.807	113.647	51.164	32.556
407.633	113.648	49.722	31.934
408.459	112.613	50.153	32.843
411.668	112.862	48.278	31.711
412.587	112.313	48.725	31.813
416.961	110.934	47.345	32.490
418.013	110.483	47.449	32.612
419.565	110.434	46.625	32.064
422.719	110.076	46.262	31.636
423.222	109.456	47.142	31.579
424.608	110.827	46.764	29.768
426.639	110.749	46.911	29.334
428.061	109.608	46.309	29.900
433.226	109.365	43.892	29.506
435.632	108.980	42.918	29.661
436.344	107.953	43.635	30.311
436.536	107.880	44.948	29.706
438.256	107.488	45.124	29.827
