324.000	26.000	13.000	18.000
324.862	24.801	11.198	20.542
324.773	24.861	10.679	20.757
324.125	24.880	10.956	20.179
323.936	24.765	10.677	20.949
323.205	24.890	11.181	19.779
323.301	24.902	10.676	20.475
322.276	25.117	11.048	20.210
322.098	24.883	10.841	20.676
321.654	25.147	10.610	20.263
321.544	24.893	10.721	20.530
321.105	25.204	10.941	20.320
321.241	24.903	10.372	20.698
320.842	25.030	10.685	20.901
320.850	24.134	10.220	21.855
320.731	24.177	10.602	21.050
320.381	24.104	10.507	21.277
320.471	23.871	10.216	21.791
319.874	24.222	10.714	21.011
319.755	23.973	10.654	21.003
319.334	24.134	10.675	21.209
319.293	24.271	10.752	20.925
319.030	24.274	10.669	21.425
318.887	24.204	10.590	22.342
318.303	24.145	11.350	20.994
318.115	23.967	10.791	20.862
318.227	23.928	10.844	21.429
317.725	23.996	11.101	21.780
317.913	23.857	10.869	22.192
317.531	24.331	11.397	21.455
317.628	24.564	11.123	21.652
317.522	24.344	11.122	21.927
317.533	24.673	10.632	21.372
317.634	24.218	10.677	22.298
317.314	24.510	11.172	21.895
317.517	24.271	10.848	22.096
317.380	24.417	11.119	21.818
317.267	24.427	11.167	21.741
317.347	24.209	10.644	21.707
317.482	24.722	10.629	21.791
317.058	24.887	10.691	21.464
317.227	24.607	10.805	21.887
316.854	24.334	10.943	21.996
316.926	24.448	10.985	21.684
317.155	24.692	10.752	21.640
316.978	24.556	11.186	21.728
317.028	24.876	11.229	21.763
316.965	24.230	11.198	21.990
316.965	24.775	11.319	21.263
316.950	24.965	10.907	21.290
317.136	25.016	11.108	21.691
316.984	24.980	11.259	22.068
317.451	24.625	11.242	22.077
316.937	24.592	11.648	21.918
316.977	24.508	11.820	21.695
316.944	24.197	11.857	22.399
317.386	24.192	11.502	22.787
317.614	24.713	11.485	22.401
317.611	24.636	11.543	22.341
317.420	24.835	11.980	22.187
317.555	24.837	11.721	21.652
317.721	24.734	11.455	21.859
317.788	24.916	11.441	21.900
318.028	24.981	11.623	21.707
317.970	24.814	11.641	21.940
318.100	24.604	11.539	22.306
317.944	24.648	11.722	22.155
318.093	24.795	11.722	21.889
318.189	25.001	11.777	21.923
318.608	25.511	11.528	21.911
318.604	25.571	11.465	21.752
318.815	25.355	11.537	21.547
318.659	25.104	12.055	21.422
319.075	24.929	11.543	21.414
319.390	24.976	11.446	21.973
319.183	25.248	11.687	21.782
319.310	25.012	11.532	23.256
319.430	24.992	11.443	22.108
319.230	24.978	11.599	23.064
319.033	25.401	11.758	22.358
319.629	25.298	11.183	22.303
319.183	25.323	11.646	22.840
319.361	25.127	11.320	22.997
319.449	25.610	11.341	22.059
319.230	25.303	11.544	22.459
319.414	25.150	11.198	22.697
319.244	25.086	11.682	23.020
319.122	24.972	11.545	22.895
319.150	25.097	11.752	22.496
319.102	25.361	11.579	22.059
319.183	25.420	11.416	22.280
319.250	25.816	11.415	22.243
319.196	25.866	11.243	22.331
319.169	25.783	11.114	22.845
318.897	25.622	11.588	22.287
318.960	25.600	11.303	22.332
318.774	25.370	11.369	22.990
318.632	25.388	11.549	23.005
318.777	25.377	11.337	23.293
318.883	25.635	11.131	22.939
318.369	25.785	11.426	22.369
318.440	25.887	11.660	22.669
318.562	25.414	11.182	23.036
318.618	25.720	11.036	22.704
318.270	26.084	11.669	22.299
318.148	26.713	11.504	22.433
318.023	26.540	11.456	22.287
317.942	26.709	11.937	21.978
318.037	26.224	11.588	22.331
317.812	26.160	11.841	22.410
318.041	25.839	11.535	23.124
317.773	25.646	11.508	23.691
317.832	25.568	11.654	23.448
317.694	25.667	11.934	23.540
317.876	26.443	11.409	22.424
317.909	26.340	11.561	22.814
318.084	26.377	11.765	22.505
318.170	26.496	11.085	22.650
318.033	26.241	11.812	22.491
318.136	25.979	11.559	23.135
317.969	25.984	12.102	23.328
318.119	26.005	11.724	23.364
318.289	26.188	11.824	23.271
318.139	26.390	11.986	23.159
318.177	26.332	11.907	22.792
318.560	26.571	11.749	23.035
318.559	25.794	11.498	23.867
318.296	26.188	11.994	23.353
318.741	26.485	11.917	22.511
319.122	26.148	11.383	23.871
319.493	26.442	11.555	22.637
319.183	26.600	11.890	23.086
319.386	26.278	11.778	23.582
319.614	26.211	11.858	23.206
319.844	26.621	11.799	23.213
320.025	26.199	11.727	23.583
320.206	26.431	11.415	23.638
320.671	26.712	11.132	23.239
320.839	26.458	11.077	23.939
320.600	26.557	11.283	23.723
321.121	26.755	11.394	23.761
320.857	26.755	11.686	23.770
320.811	26.457	11.742	24.076
321.083	26.220	11.853	23.559
321.119	26.734	11.879	23.278
321.383	27.199	11.500	22.833
322.180	27.319	10.863	23.871
322.309	27.247	10.868	23.997
322.608	27.388	10.897	23.814
322.754	27.539	10.618	23.580
322.826	28.011	10.816	23.328
323.301	27.397	10.934	23.948
322.962	27.951	11.267	23.500
323.259	27.284	11.610	23.889
323.380	27.398	11.577	23.713
323.504	27.041	11.432	24.369
323.680	27.189	11.734	24.614
323.833	27.413	11.880	24.358
323.920	27.581	11.941	24.282
324.017	27.037	12.031	24.963
324.185	26.833	11.996	25.039
323.923	27.047	12.097	24.871
324.625	27.186	11.570	24.826
324.497	27.232	11.620	24.811
324.490	27.480	11.821	24.256
324.585	27.357	11.997	24.695
324.942	27.506	11.849	24.746
325.268	27.203	11.766	25.261
325.423	27.471	11.847	24.827
325.693	26.752	11.740	25.534
325.836	27.323	11.548	24.493
325.718	27.413	11.850	24.502
326.047	28.142	11.725	23.918
325.982	28.178	11.735	23.916
326.323	28.123	11.409	23.897
326.354	27.708	11.350	24.164
326.193	27.098	12.022	24.856
326.178	28.184	11.799	23.949
326.448	28.289	11.724	23.847
326.697	28.034	11.518	24.278
326.827	28.023	11.484	24.030
327.185	28.134	10.698	24.077
326.939	29.047	11.213	23.064
327.226	28.785	11.174	23.776
327.026	29.327	11.139	23.206
327.357	29.474	11.141	22.989
327.525	29.245	10.917	22.973
327.189	29.033	11.396	22.915
327.578	28.785	11.021	23.265
327.850	29.065	10.736	23.113
327.727	29.224	11.060	23.140
327.858	29.234	11.003	23.552
327.959	29.366	10.736	23.571
327.618	29.083	11.075	23.303
327.731	28.947	11.046	23.631
327.656	28.484	11.444	23.637
327.883	28.590	11.269	23.743
327.958	28.755	11.514	23.606
327.970	28.744	11.389	23.633
327.970	28.886	11.460	23.083
328.150	28.717	11.028	23.176
328.379	29.455	11.175	23.198
328.872	29.362	10.593	23.555
328.548	28.731	11.687	23.689
328.369	28.928	11.621	23.142
328.523	29.188	11.434	23.181
328.620	28.798	10.966	23.955
328.822	28.917	11.263	24.574
328.517	29.112	11.368	23.899
328.688	29.233	11.410	24.115
328.419	28.989	11.385	24.337
328.864	29.298	11.264	24.268
328.587	29.233	11.675	24.193
328.808	28.888	11.789	24.509
328.645	28.974	12.097	24.396
329.363	29.128	11.234	24.068
329.119	29.579	11.584	23.437
329.783	29.500	10.749	24.222
329.899	29.301	11.030	24.231
329.819	29.417	11.320	23.937
329.694	29.098	10.979	24.016
329.927	29.061	10.996	23.827
329.976	29.128	10.880	24.234
329.927	29.106	11.185	24.414
330.197	29.067	10.833	24.527
330.037	28.487	10.899	24.989
329.957	28.713	10.809	24.864
330.272	29.134	10.600	24.687
330.387	29.483	10.536	24.037
330.109	29.381	10.853	24.305
329.933	29.392	11.399	23.689
329.895	28.735	11.619	24.346
329.963	29.063	11.447	24.015
330.303	29.561	10.851	23.641
330.276	29.043	11.432	24.247
330.551	29.112	11.195	24.627
330.503	28.784	11.010	24.669
330.545	28.764	10.847	24.483
330.423	28.839	10.810	24.453
330.656	29.123	10.788	24.463
330.278	29.208	11.114	24.706
330.291	29.504	11.276	24.185
330.065	29.217	11.461	24.327
330.079	29.512	11.089	23.851
330.097	29.557	11.028	23.786
329.958	30.642	11.194	22.916
329.839	30.620	11.315	23.231
329.903	30.560	11.063	23.030
329.799	30.563	11.422	23.161
329.773	30.837	11.697	22.929
329.926	30.159	11.552	24.018
329.975	30.433	11.416	23.511
329.970	30.290	11.659	24.055
330.329	30.637	11.076	23.667
329.948	30.533	11.491	23.679
330.462	30.244	10.968	23.891
330.399	29.241	11.066	24.480
330.342	30.401	10.957	24.006
330.026	29.406	11.628	24.299
330.086	29.562	11.279	24.413
330.429	29.117	10.764	24.452
330.191	29.384	10.934	24.081
330.085	29.284	10.985	24.506
330.162	29.199	10.922	25.013
330.292	29.559	10.866	24.684
330.398	28.464	10.835	25.580
330.171	28.879	11.508	24.798
330.217	28.312	11.435	25.286
330.125	29.210	11.610	24.531
330.198	28.519	11.836	25.318
330.069	27.602	11.340	26.098
330.211	28.652	11.687	25.277
330.460	27.410	11.345	26.301
330.396	28.615	11.566	25.108
330.520	28.346	11.428	25.264
330.538	28.268	11.439	25.389
330.532	28.233	11.416	25.659
330.478	28.320	11.405	25.383
330.889	28.689	11.544	24.933
330.378	28.564	11.990	24.909
330.069	27.659	12.202	25.525
330.348	28.622	11.673	24.750
330.490	28.483	11.719	25.232
330.339	28.790	11.777	25.255
330.268	28.841	11.534	25.439
330.687	29.108	11.246	25.244
330.236	28.622	11.856	25.145
330.129	28.902	11.905	25.051
330.072	28.218	11.552	25.277
329.914	28.804	11.723	25.140
330.490	28.604	11.587	25.535
330.282	28.867	11.862	24.695
330.466	29.177	11.453	24.468
330.563	28.899	11.266	24.956
330.558	28.634	11.234	25.432
331.144	29.095	11.092	25.105
331.320	28.456	11.162	25.936
331.330	28.372	10.968	25.791
330.684	28.884	11.325	24.857
330.770	28.148	11.584	25.953
330.437	28.287	11.961	25.629
330.908	29.221	12.059	25.585
330.721	28.317	11.176	26.455
330.857	28.745	11.506	25.748
330.799	29.091	11.500	25.667
330.632	28.489	11.374	25.780
330.710	29.335	11.574	25.471
330.381	29.206	12.060	25.346
330.416	29.084	11.968	25.453
330.916	28.624	11.803	25.785
330.939	29.696	11.738	24.810
331.300	28.604	11.562	25.844
331.745	29.798	10.932	24.966
331.853	28.879	11.004	25.775
331.654	29.587	11.645	25.058
331.710	29.806	11.589	24.897
331.839	29.907	11.728	24.878
331.865	30.188	11.801	24.492
332.339	29.393	11.764	25.546
332.458	30.140	11.304	25.434
332.878	28.973	11.127	25.617
332.652	30.288	11.097	24.409
333.322	29.106	10.535	25.740
333.254	30.596	11.372	24.892
333.496	30.224	11.128	24.745
333.714	30.068	11.894	24.666
333.587	30.329	12.205	24.538
333.617	29.919	11.883	25.208
334.130	29.498	12.346	25.008
334.297	30.393	11.974	24.678
334.715	30.198	11.971	24.772
335.079	30.712	11.713	24.841
335.099	29.723	11.623	25.201
336.282	31.102	11.116	25.188
335.852	30.757	11.950	24.773
335.610	30.425	11.987	24.802
335.451	31.410	12.982	23.944
336.158	29.293	11.992	25.371
336.783	30.333	11.474	25.322
336.546	29.502	11.795	25.232
337.121	31.612	11.717	24.419
337.647	31.676	11.301	24.161
337.503	31.612	11.756	23.859
337.845	31.328	11.583	23.800
337.669	31.046	12.372	24.200
338.052	31.882	12.391	23.951
338.389	31.731	12.356	24.104
338.852	32.160	12.235	23.541
339.691	32.095	11.495	23.994
342.173	32.480	11.173	23.553
342.019	31.423	11.133	24.221
342.524	31.645	11.047	23.635
343.699	33.876	10.432	22.613
343.560	32.668	10.606	22.642
343.941	33.680	10.746	22.044
343.737	33.183	11.041	21.785
344.418	33.395	11.468	23.064
344.560	31.669	11.176	24.265
345.234	32.615	11.218	24.847
345.203	31.948	11.628	23.635
345.173	31.157	11.941	23.580
345.754	31.626	11.676	24.046
345.738	31.848	11.856	23.613
346.533	32.518	11.595	23.947
346.944	32.928	11.112	23.328
346.760	32.188	11.326	23.150
346.799	31.961	11.713	23.354
347.121	32.492	11.422	22.128
347.698	31.569	11.104	23.138
348.077	32.060	11.158	23.198
348.090	32.751	11.269	22.736
347.973	32.035	11.222	22.247
347.714	32.329	11.665	21.543
348.310	30.936	11.263	21.559
349.010	32.768	10.714	20.803
349.538	33.033	10.786	21.657
349.634	32.845	11.348	21.268
350.365	33.056	10.756	22.180
350.670	31.286	11.744	23.427
350.607	29.510	11.477	24.831
351.808	32.442	11.193	23.825
351.945	33.078	11.289	23.825
352.237	32.850	11.137	23.868
352.287	32.881	10.569	22.835
352.420	32.446	10.673	23.065
352.382	32.073	10.685	24.057
352.067	32.945	11.213	23.954
352.391	32.225	11.119	24.894
351.884	30.794	11.697	25.322
352.103	33.126	11.586	24.107
352.501	32.293	10.984	24.863
352.587	32.832	11.173	24.278
352.541	32.073	11.604	24.838
353.128	31.748	11.581	24.116
353.474	31.397	11.572	25.261
353.208	30.131	12.250	26.130
353.734	31.120	12.447	24.843
353.521	31.831	11.784	23.710
354.051	31.898	11.795	22.903
353.766	32.047	11.146	23.748
354.064	32.990	11.589	21.994
354.442	33.429	11.747	21.925
354.334	33.074	11.395	22.780
354.848	34.356	11.261	22.341
354.468	32.271	11.370	22.377
354.709	32.928	11.772	23.607
354.752	31.343	11.527	23.756
354.570	32.861	11.940	22.771
355.025	33.751	11.647	21.736
355.797	32.689	12.235	22.142
356.014	34.155	11.278	20.442
355.693	35.240	11.589	19.574
355.956	33.417	11.967	21.199
358.602	32.895	11.310	24.944
358.993	32.212	11.538	25.073
359.085	34.253	12.095	23.815
359.099	33.713	11.786	23.015
358.401	31.621	11.750	24.893
358.595	31.723	11.604	24.168
358.599	31.730	11.783	24.584
358.801	32.760	12.201	23.493
358.819	34.140	12.536	22.868
358.746	33.753	12.014	24.995
358.659	32.545	12.716	25.525
358.351	32.890	12.122	25.217
358.451	31.535	12.448	25.634
358.268	32.398	12.332	24.923
358.925	33.638	12.483	25.721
358.944	33.114	12.069	25.161
358.884	32.658	11.821	25.168
358.586	32.471	12.074	24.389
358.504	32.615	12.210	25.413
358.832	33.416	12.468	24.203
359.066	33.998	12.287	24.917
359.195	34.031	12.118	24.726
359.279	30.831	11.636	26.238
358.589	33.273	12.187	25.111
358.786	32.728	12.078	24.067
359.061	33.899	11.744	24.246
359.030	33.856	11.912	24.043
359.268	33.629	11.870	24.375
358.499	33.330	12.535	23.647
358.632	32.625	12.641	24.505
358.526	31.876	12.253	25.019
358.587	32.832	12.413	25.034
358.953	33.688	11.952	26.464
358.496	33.005	12.698	26.587
358.570	32.691	12.579	25.925
358.272	32.671	12.312	26.064
358.509	33.373	11.944	25.912
358.449	33.179	12.151	25.256
358.786	33.181	12.063	24.520
359.119	35.196	12.269	23.305
358.797	34.475	11.581	25.160
358.534	33.787	12.118	25.707
358.459	33.619	12.621	25.744
358.422	34.732	12.710	25.466
358.662	33.994	12.582	27.043
358.748	33.663	12.590	25.586
358.756	33.087	12.553	26.705
358.727	33.402	12.519	25.804
358.829	34.130	12.486	26.068
359.025	35.408	12.260	25.143
359.407	36.597	12.195	24.655
359.437	35.268	12.552	25.223
359.319	33.926	12.672	25.321
359.415	34.002	12.608	25.295
359.304	33.803	12.688	25.637
359.946	36.007	12.751	24.404
360.360	34.773	11.938	25.927
360.297	34.824	12.070	25.068
360.054	34.254	12.489	25.297
360.007	33.541	12.355	25.351
360.531	35.287	12.478	25.122
360.529	34.679	12.610	25.168
360.842	35.933	12.611	24.404
360.892	35.181	12.608	24.494
360.281	34.236	12.684	24.406
360.884	35.063	12.575	24.026
361.079	34.519	12.583	25.443
361.254	34.864	12.955	26.222
361.525	35.174	12.757	25.961
361.152	34.394	13.224	25.194
361.319	34.218	13.257	25.363
361.563	34.374	13.029	25.124
362.296	34.209	13.262	26.031
362.236	35.083	13.241	25.522
361.841	34.826	13.924	25.321
361.539	34.642	14.147	25.255
361.388	34.086	14.109	25.231
361.750	36.283	14.349	23.692
362.035	35.333	14.142	25.319
362.476	36.045	13.615	24.761
362.667	34.864	13.942	25.639
362.174	33.358	14.475	26.655
362.298	34.298	14.019	25.376
362.302	34.723	14.269	25.972
363.070	36.221	13.926	24.666
363.600	36.643	13.284	25.157
364.230	36.426	12.996	24.978
364.268	35.815	13.179	25.032
364.595	34.656	12.973	25.328
364.382	36.543	13.705	23.921
364.382	34.826	13.699	25.415
365.326	37.104	13.310	24.285
364.957	36.891	13.697	24.546
365.027	35.235	13.763	24.944
365.188	36.768	13.548	23.627
365.773	36.506	13.004	24.378
366.251	39.309	12.881	22.274
366.123	36.234	13.160	24.794
365.728	33.239	13.268	26.612
366.309	36.286	13.457	24.208
366.331	35.190	12.905	24.827
366.475	35.915	13.162	25.072
366.806	36.876	13.336	25.322
367.048	36.782	13.572	24.788
367.787	35.976	13.292	25.675
367.928	35.818	13.248	25.443
367.621	36.008	13.779	25.367
367.839	35.626	13.539	25.627
368.018	34.888	13.610	26.656
368.642	35.801	13.133	25.900
369.243	35.260	12.730	25.949
369.397	35.795	12.918	24.979
369.513	35.739	13.155	25.528
369.135	35.794	13.566	25.670
369.476	36.337	13.465	25.765
369.913	36.371	13.503	25.195
370.501	32.826	13.040	26.412
370.616	35.616	12.836	25.219
370.506	35.679	13.218	25.225
371.155	36.265	12.738	25.369
371.723	36.634	12.284	25.418
371.529	37.489	13.125	24.952
372.116	37.440	12.860	25.118
372.197	36.845	13.115	25.652
372.330	35.851	13.319	26.355
372.692	36.452	13.720	25.807
373.026	36.242	13.844	26.382
372.852	35.224	14.161	27.120
372.537	36.109	14.134	25.294
373.554	36.290	13.726	26.222
373.651	36.546	13.890	26.021
373.808	36.312	13.554	26.263
374.591	36.485	13.421	27.019
374.003	35.936	14.214	26.873
374.449	36.660	13.966	26.820
374.332	35.508	14.299	27.299
374.579	36.761	14.052	26.301
374.945	36.321	13.923	26.638
374.952	36.985	14.193	26.499
375.287	37.472	13.725	26.676
375.155	36.588	13.991	26.512
375.739	37.424	13.549	26.033
375.710	36.655	13.722	26.127
376.026	37.478	13.450	25.864
376.186	36.938	13.939	26.332
375.874	36.461	13.707	26.950
376.147	37.193	14.407	26.071
376.908	37.639	14.249	25.734
376.901	37.981	14.613	26.600
376.589	37.847	14.266	26.184
377.026	38.169	14.484	25.834
376.984	37.812	13.840	26.077
376.658	37.766	13.835	25.494
377.135	37.638	14.162	26.132
377.075	36.988	13.765	26.122
377.298	37.883	14.046	25.639
377.228	37.840	14.049	26.030
377.155	38.443	14.679	25.710
377.066	38.076	14.625	25.770
377.587	39.168	14.400	25.196
377.184	38.191	14.184	25.302
377.236	37.999	15.074	25.818
377.729	37.812	14.303	26.085
377.086	37.562	15.037	26.478
377.492	37.503	14.573	26.800
377.581	38.641	14.704	26.372
376.983	37.885	14.980	26.554
376.618	38.203	15.199	26.338
377.163	38.557	14.781	25.855
376.652	37.961	14.908	26.189
376.761	38.176	14.786	26.157
376.537	37.936	14.827	26.699
376.483	38.142	14.700	26.142
376.373	38.095	14.443	26.389
376.441	38.709	14.342	25.899
376.959	38.729	14.002	26.651
376.528	38.014	14.158	26.425
376.591	39.318	13.889	25.437
376.629	39.182	13.835	26.583
376.777	38.748	13.699	26.765
376.627	39.022	13.816	26.270
376.480	38.428	13.562	26.367
376.354	38.312	13.271	26.982
376.075	38.497	13.757	27.171
376.018	39.806	14.061	26.548
375.877	39.052	14.168	26.739
375.792	38.796	14.336	27.020
375.660	38.642	14.642	26.474
375.844	38.463	14.461	27.655
375.755	38.334	14.301	27.183
376.347	39.725	13.752	27.398
376.108	39.014	13.685	27.567
375.805	39.599	13.610	27.630
376.156	39.147	13.442	26.952
375.749	38.492	13.391	27.391
375.836	39.278	13.546	27.556
375.737	39.028	13.745	27.227
375.187	38.654	14.261	27.778
375.019	38.426	14.280	27.415
375.450	38.541	13.835	27.320
375.195	39.050	13.753	27.421
375.273	40.571	13.787	26.760
375.287	39.728	13.891	26.609
375.256	39.674	13.939	27.204
375.221	39.317	14.096	27.016
375.213	39.574	13.689	27.394
375.498	39.382	13.757	27.127
375.498	38.988	13.754	27.096
375.713	39.952	13.141	27.614
375.401	39.452	13.777	27.080
375.449	39.849	13.421	27.241
375.767	39.836	13.098	27.517
375.613	40.065	13.599	27.144
375.721	40.321	13.645	27.191
375.752	39.426	13.533	27.184
375.836	39.448	13.829	27.915
375.337	39.082	13.891	27.471
375.713	40.228	13.985	27.761
375.062	39.659	14.306	27.213
375.886	40.868	14.167	27.328
375.642	40.212	14.028	26.973
375.698	39.821	14.352	27.497
376.391	39.893	14.965	27.328
375.863	40.161	15.613	26.957
376.276	39.774	14.906	27.624
375.762	39.149	16.296	28.727
376.575	39.449	15.269	28.963
377.130	39.429	14.336	28.112
377.679	40.034	13.920	28.111
377.953	40.247	14.041	27.931
377.955	40.478	14.144	27.519
377.922	39.434	14.244	28.522
377.431	40.077	14.837	27.730
378.272	40.090	14.614	28.003
378.030	40.011	14.205	27.395
378.309	39.988	14.680	27.647
378.461	39.386	14.585	28.863
378.594	39.726	14.445	28.248
379.016	39.800	13.863	28.576
379.562	40.051	13.654	28.545
379.028	39.868	13.932	28.001
379.537	40.247	13.528	28.216
379.677	40.027	13.140	27.720
379.787	39.975	12.429	28.290
379.505	40.194	13.491	28.071
379.840	40.629	12.703	27.695
379.613	40.234	13.399	28.232
379.989	40.272	13.161	28.421
380.042	41.214	13.258	27.382
380.026	40.240	13.392	28.525
380.226	40.868	13.715	28.348
379.642	39.102	13.773	28.806
380.158	40.021	13.784	29.371
380.144	40.349	13.759	28.109
380.324	41.476	13.893	28.139
379.966	40.475	13.931	28.348
379.903	40.635	13.762	28.641
380.150	41.194	13.007	27.556
379.969	40.545	13.607	28.267
380.194	41.136	13.380	27.750
379.977	41.014	13.587	28.047
380.443	40.765	12.678	28.589
380.177	40.778	13.337	28.187
380.155	41.375	12.753	27.428
380.430	41.518	13.046	27.842
380.691	41.460	12.774	28.126
380.848	41.719	12.507	28.369
380.642	41.584	13.404	27.872
380.859	41.160	13.458	27.914
380.970	41.001	13.561	28.542
381.151	40.935	13.132	27.450
380.952	40.923	13.098	27.533
381.450	41.599	13.043	27.813
381.781	42.113	12.987	27.386
381.464	40.563	13.469	29.023
381.806	41.924	13.040	27.199
381.922	40.946	13.537	28.395
382.233	41.881	13.166	27.692
382.210	41.754	13.099	27.583
382.218	41.610	12.893	28.201
382.163	41.369	13.418	28.236
381.939	42.808	14.010	26.875
381.712	41.608	13.508	27.892
382.071	42.488	13.476	27.925
381.712	42.577	13.943	27.386
382.135	43.586	13.828	27.472
382.012	43.447	13.627	27.589
382.400	42.424	13.417	28.401
382.194	42.242	13.821	28.507
382.747	43.237	13.556	27.858
382.452	42.387	13.295	28.392
382.309	42.057	13.075	28.700
382.271	41.580	13.240	28.588
382.240	41.540	13.366	28.339
382.376	42.349	13.262	28.588
382.853	43.021	12.453	28.542
382.828	43.147	13.069	28.842
382.015	42.322	13.574	28.810
382.819	42.919	12.895	27.790
382.310	41.356	13.768	29.608
382.629	42.671	14.075	28.554
382.565	42.114	13.812	29.233
382.546	42.964	14.048	28.291
382.722	42.426	13.710	28.970
382.779	42.399	13.566	29.266
382.731	42.813	13.829	29.427
382.930	42.974	13.681	28.892
383.103	43.015	13.860	29.099
383.180	42.579	13.699	29.198
383.309	42.827	13.520	29.466
383.287	42.825	13.137	29.209
383.309	43.002	13.737	29.822
383.827	43.699	13.488	28.477
383.842	43.474	13.841	28.940
383.879	42.826	13.248	29.472
384.600	42.853	13.131	29.513
384.686	43.169	13.616	29.178
384.499	42.950	13.877	29.338
385.113	42.702	13.827	29.624
385.289	41.698	13.717	30.060
386.377	42.348	12.920	29.752
385.812	42.196	13.298	30.034
386.540	42.065	13.365	30.497
387.198	42.847	12.706	30.562
387.140	42.489	12.939	30.632
387.339	42.501	13.548	30.403
387.722	42.137	12.770	30.687
387.996	42.009	13.026	30.205
387.776	42.455	13.271	30.860
388.237	43.145	12.619	29.997
388.165	42.715	12.956	29.632
387.944	42.747	13.075	29.827
387.916	42.947	13.747	29.451
388.835	43.547	13.583	28.984
388.911	43.641	13.355	29.631
389.488	43.606	13.825	29.358
389.279	43.372	13.720	29.513
389.443	42.811	14.271	28.958
390.248	42.565	13.815	30.353
390.808	43.240	13.144	30.528
391.134	44.626	13.215	29.388
391.720	44.399	12.994	30.010
392.044	44.427	13.004	29.399
391.989	44.520	13.610	29.025
392.555	44.237	13.458	28.627
393.253	44.400	13.533	29.498
392.960	44.073	14.622	29.795
393.779	44.470	14.494	29.710
393.871	44.306	14.627	30.042
394.241	44.056	14.222	29.602
394.053	43.487	14.498	30.397
394.529	44.476	14.110	30.095
394.682	44.487	14.464	29.881
395.068	44.832	14.395	30.097
394.823	44.422	15.074	29.704
395.285	43.536	14.539	31.283
394.727	43.380	15.105	30.319
395.135	42.993	15.165	30.961
396.063	44.883	14.408	30.292
396.204	44.903	14.420	30.070
396.096	45.361	14.540	28.960
396.813	45.225	14.321	28.942
397.448	45.573	14.166	29.355
397.754	44.628	14.151	30.063
397.568	44.571	14.347	30.338
397.328	44.790	15.423	29.758
397.453	55.934	15.593	29.460
397.026	54.821	15.238	30.746
398.768	57.689	14.437	29.446
398.144	57.024	14.495	28.793
398.952	57.561	14.776	29.769
398.478	57.010	14.949	29.336
399.470	56.626	14.576	29.999
399.319	56.734	14.846	29.864
399.363	56.307	14.871	29.771
400.739	56.689	14.307	29.932
400.482	55.967	14.293	30.098
400.838	56.525	14.499	30.745
400.770	55.778	15.027	31.050
400.682	56.316	14.645	30.404
401.860	56.007	14.070	30.518
401.624	56.443	14.403	30.289
402.385	57.160	14.203	34.232
403.151	93.594	16.300	28.992
403.026	113.792	15.122	32.085
404.855	135.498	14.506	31.832
403.737	135.001	14.496	32.856
403.630	133.869	15.049	32.091
404.247	135.900	14.297	30.470
404.292	134.697	14.514	30.039
405.549	135.742	13.760	30.562
405.198	135.192	15.021	30.326
405.946	135.628	14.994	30.855
405.999	134.752	15.139	30.443
406.177	134.778	15.327	31.117
406.495	134.798	15.638	30.766
406.402	135.762	15.976	30.839
406.651	136.926	16.500	31.126
406.925	165.612	17.191	29.924
407.495	190.633	16.263	32.421
408.229	207.292	16.053	33.775
408.806	210.593	16.269	30.827
408.452	208.555	16.590	32.049
409.426	210.113	15.994	31.970
409.186	209.505	16.076	32.206
409.341	210.233	15.739	31.644
409.581	210.282	15.667	32.033
409.002	210.062	15.377	30.761
409.741	211.527	15.357	30.713
409.415	211.017	15.594	30.160
409.782	211.139	15.692	30.669
409.948	210.165	15.449	30.675
409.715	210.312	15.612	30.717
409.930	209.535	16.195	31.416
410.362	210.737	15.964	31.463
410.299	211.062	16.443	30.575
410.732	210.829	16.104	31.282
410.826	211.972	15.947	29.980
411.302	210.589	15.856	30.861
411.807	210.638	15.901	30.936
411.466	210.407	16.572	31.404
412.325	210.808	16.348	30.705
412.338	210.532	16.075	31.277
412.809	210.094	15.895	31.920
413.002	210.062	15.911	31.701
413.882	210.072	15.647	31.397
414.687	210.804	14.690	31.718
414.838	211.259	15.036	31.206
414.898	211.102	15.137	31.437
415.186	211.340	14.919	31.065
415.097	210.482	15.043	31.413
415.292	210.468	15.090	31.169
415.842	210.426	15.555	31.875
416.155	209.837	15.025	31.842
416.750	209.774	14.993	32.477
416.953	211.829	15.071	30.379
417.560	211.017	14.667	31.596
418.008	211.401	14.131	31.277
417.887	211.308	14.829	31.114
418.321	211.046	14.691	31.772
418.536	211.056	15.081	31.487
418.625	211.041	15.159	31.512
419.287	211.421	14.937	31.089
419.025	210.819	15.535	31.931
419.539	211.282	14.829	32.281
419.461	211.697	14.896	31.838
419.444	211.959	14.853	31.259
419.758	211.985	14.966	31.775
419.535	211.614	14.978	31.834
419.909	212.175	15.124	31.290
419.472	212.189	15.386	31.202
419.856	211.871	15.566	31.477
420.244	211.499	15.242	32.160
420.134	211.211	14.975	31.483
420.061	211.378	15.123	31.740
420.561	211.995	15.019	32.127
420.716	211.997	14.699	31.812
420.956	212.595	14.636	31.325
420.898	212.333	14.541	31.111
421.042	212.076	14.437	31.032
420.765	212.648	14.775	30.719
421.224	211.648	14.551	32.246
421.117	211.744	14.692	31.851
421.117	212.100	14.662	32.040
421.151	212.102	15.171	32.184
421.125	211.631	14.471	32.838
421.026	212.223	14.606	32.317
420.941	212.401	14.258	32.981
421.150	212.237	14.535	32.755
421.059	212.490	14.345	32.547
420.909	212.308	14.793	32.471
420.855	212.177	15.008	32.501
420.714	211.950	15.167	32.431
421.042	211.746	14.937	32.839
420.970	211.671	14.615	32.960
421.071	212.472	14.682	32.552
421.473	212.843	14.390	32.538
421.465	213.739	14.856	31.715
421.538	213.417	14.730	32.395
421.510	213.311	14.774	31.875
421.823	212.774	14.897	32.634
422.130	212.807	14.384	32.587
422.651	213.319	14.448	32.010
422.807	213.943	14.302	31.880
422.745	213.388	14.596	32.650
422.890	213.931	14.041	31.948
422.945	214.265	14.168	31.456
423.098	214.639	14.404	30.996
423.276	215.822	14.277	30.007
423.164	215.222	15.182	30.782
423.248	214.856	15.280	30.853
423.208	214.798	15.377	30.541
423.786	214.788	15.324	30.630
424.050	214.810	15.143	30.665
424.150	214.951	15.340	31.981
424.294	216.078	15.196	30.250
424.638	215.395	15.266	30.456
424.443	215.524	15.186	29.817
424.774	215.067	15.479	30.194
424.618	215.890	15.723	30.269
425.852	214.708	14.676	31.215
425.874	215.173	15.630	30.927
425.809	215.543	16.434	30.264
425.527	214.296	16.925	31.737
425.461	215.195	17.394	31.031
426.104	215.374	17.353	31.254
425.952	216.593	17.551	30.649
426.632	216.709	17.188	30.351
425.090	217.121	18.462	29.561
427.146	216.118	16.985	31.012
427.048	215.981	17.216	30.683
427.703	216.181	16.467	30.110
428.785	215.275	15.718	31.507
429.117	215.574	15.700	31.808
429.228	215.695	15.814	31.652
429.952	215.177	15.393	31.754
430.119	215.532	15.312	31.349
430.839	215.290	14.753	31.817
431.099	216.175	14.640	30.754
431.988	215.792	14.221	32.839
431.870	215.569	14.576	32.414
431.986	214.966	14.698	32.405
432.051	214.291	14.723	32.243
432.730	214.222	14.480	33.358
432.806	215.326	14.490	32.169
433.099	215.173	14.348	33.731
433.432	215.398	13.960	32.584
433.462	215.049	14.176	32.784
433.701	213.948	14.288	33.390
433.758	214.596	14.719	32.497
433.829	214.446	14.962	33.878
433.719	214.894	15.063	33.354
434.061	214.540	15.463	33.220
434.443	214.239	14.644	33.892
434.255	214.161	15.267	33.505
434.401	215.238	15.121	32.751
434.852	215.499	14.957	32.898
434.750	216.545	15.267	32.386
435.355	216.626	14.815	32.280
435.373	216.490	15.270	31.815
435.427	215.560	15.257	32.133
435.422	215.416	15.258	32.363
435.750	215.565	15.382	32.727
436.167	215.383	15.149	33.363
436.350	215.743	14.719	33.768
436.499	216.077	14.574	32.987
436.556	216.207	14.758	32.797
437.027	215.799	14.914	33.284
437.544	216.123	15.193	32.964
437.978	216.244	15.243	33.913
437.874	216.364	15.545	32.760
438.102	215.648	15.101	33.302
438.454	214.892	15.419	34.016
438.643	215.225	15.454	34.351
438.603	215.411	15.454	34.359
439.160	216.386	15.496	33.718
439.363	216.364	15.623	33.938
439.611	215.896	15.583	34.051
439.859	215.754	15.394	34.299
440.203	215.254	15.360	34.119
440.874	215.285	15.048	34.953
441.658	214.771	14.689	35.494
441.955	214.352	14.947	36.520
441.756	214.802	14.735	36.306
442.153	213.849	14.967	36.509
441.905	214.522	15.578	35.946
442.160	214.573	15.245	35.746
442.708	215.887	15.255	34.879
443.093	215.532	15.604	35.120
443.161	215.619	15.881	35.420
443.240	215.134	16.263	35.516
443.356	214.056	16.206	36.148
443.750	214.070	16.603	35.929
443.925	213.420	16.452	36.944
444.393	214.891	16.666	36.715
445.339	214.706	16.140	36.221
445.322	215.565	15.906	36.180
445.800	216.660	15.505	34.832
446.053	215.121	15.624	35.745
447.036	216.953	15.529	34.835
447.280	216.105	15.796	35.383
447.286	216.446	15.532	35.497
448.295	217.657	15.204	34.506
448.237	215.383	14.868	35.913
448.638	216.626	15.248	35.315
448.544	215.871	15.247	35.691
448.837	216.490	15.146	34.797
449.581	218.173	14.464	34.640
449.423	217.205	15.073	34.143
449.655	217.536	15.311	33.869
449.302	216.274	15.502	34.494
449.904	216.746	15.038	34.702
450.064	216.194	15.367	34.777
450.651	218.363	15.284	34.190
450.515	217.421	15.362	35.468
450.708	216.640	15.314	35.237
451.264	217.917	15.102	34.035
451.605	217.566	15.007	34.777
451.911	218.272	14.877	34.682
452.519	218.411	14.767	34.299
452.583	219.336	14.755	33.457
452.814	218.302	15.237	33.947
453.294	218.269	14.241	34.429
453.507	218.478	14.475	34.739
453.648	218.301	14.600	35.307
454.671	219.007	14.023	35.410
454.577	219.395	14.355	34.433
454.599	219.200	14.595	33.926
454.696	219.208	14.321	33.436
455.195	219.200	14.804	34.072
455.065	218.912	15.489	34.719
455.363	218.970	15.393	34.173
455.194	217.853	15.576	35.424
456.234	219.475	15.345	34.659
455.662	217.787	15.516	34.834
456.156	218.636	15.404	35.363
456.693	218.635	14.870	34.747
456.798	218.611	15.396	34.302
457.947	220.007	14.802	35.197
456.940	218.520	15.380	35.084
458.132	219.146	15.428	35.115
458.314	218.205	14.538	35.003
458.400	218.127	15.250	35.543
458.845	220.446	15.139	34.968
458.780	218.804	15.548	34.849
459.187	219.352	15.103	35.570
459.108	218.772	15.194	35.093
459.781	219.146	15.255	35.929
459.954	219.409	15.354	34.924
460.029	220.010	15.629	35.465
459.938	220.126	15.643	34.265
459.719	218.853	15.494	34.246
460.616	218.468	15.016	35.861
460.281	218.590	14.967	35.224
460.774	219.321	15.343	35.716
460.645	219.296	15.683	35.730
461.312	219.684	15.269	35.458
461.599	219.182	15.096	35.562
462.097	219.361	14.886	35.703
462.400	219.166	15.297	35.396
462.830	219.002	14.790	35.950
462.882	219.842	15.101	35.585
462.881	218.951	14.868	36.359
463.175	219.475	15.230	36.723
463.068	219.583	15.359	35.613
463.471	220.667	15.224	36.051
463.995	220.458	14.750	36.133
463.822	220.060	15.941	35.837
464.274	220.097	15.611	36.320
463.725	219.583	16.534	35.321
464.033	218.916	16.286	37.198
464.328	219.182	16.311	36.156
464.733	219.541	16.085	36.300
465.262	219.673	15.903	38.047
466.731	220.225	16.538	36.112
467.116	219.719	15.041	37.001
467.679	219.733	14.920	38.185
467.768	220.057	15.150	36.481
468.559	221.988	15.214	35.902
468.107	221.871	15.135	34.983
468.567	221.776	15.591	35.697
468.798	221.508	15.170	35.509
468.822	221.522	15.839	35.741
469.356	221.622	16.003	36.421
469.412	221.263	16.127	36.085
469.946	220.956	15.436	36.217
469.927	220.347	15.613	36.769
469.938	221.357	16.186	36.269
470.167	222.017	16.476	35.487
470.674	222.571	16.064	35.336
470.549	222.851	15.915	36.257
471.010	222.633	16.012	35.933
471.348	222.673	16.031	35.806
471.697	222.690	15.602	35.315
472.304	222.900	15.395	36.208
472.542	222.683	15.093	35.919
472.623	222.981	15.438	37.070
472.648	223.392	16.030	36.137
472.775	223.309	16.023	36.307
472.906	223.624	16.342	36.676
473.133	223.787	15.745	36.377
473.146	224.490	15.738	35.802
473.494	224.704	15.468	35.409
473.607	224.143	15.513	35.646
473.756	223.953	15.904	36.086
474.365	223.516	15.174	36.626
474.502	224.081	15.363	36.036
474.342	223.965	15.739	36.314
474.474	223.849	16.184	35.776
474.699	223.683	16.039	36.483
475.080	223.619	16.147	36.408
475.678	224.367	15.821	36.586
475.849	223.956	15.710	36.935
476.048	224.607	16.228	36.979
476.082	224.569	16.118	36.538
476.082	222.814	16.520	37.123
476.238	223.988	16.276	37.414
476.698	224.117	15.941	37.351
476.711	224.434	16.410	37.866
477.063	225.419	15.885	36.810
477.056	225.920	16.260	36.156
477.193	225.703	16.525	36.066
477.211	224.415	16.607	36.348
477.446	224.866	17.399	36.415
477.407	224.613	17.570	36.691
477.817	225.541	17.786	36.503
477.991	224.943	17.896	37.132
478.404	224.655	17.849	36.887
478.508	224.462	17.722	36.813
478.638	225.425	18.008	35.977
479.358	225.536	17.507	36.705
479.837	226.942	17.466	35.689
480.138	226.199	17.405	35.764
480.915	225.047	17.084	36.631
480.209	224.392	18.048	36.675
481.399	224.514	17.328	37.452
481.128	225.057	18.368	37.652
482.114	225.645	18.049	38.367
482.401	226.230	17.328	37.376
482.640	226.117	17.522	36.327
483.150	226.201	16.798	36.638
483.105	225.962	17.421	35.917
483.645	226.301	17.616	36.358
484.048	226.820	17.171	36.357
484.567	226.460	17.098	36.360
484.361	225.569	17.686	36.979
484.537	225.702	17.562	36.954
484.709	225.616	17.765	37.401
484.767	226.479	17.915	37.212
485.254	227.258	17.342	36.823
