264.000	100.000	27.000	61.000
266.135	100.870	27.707	59.101
267.844	100.490	26.965	59.215
271.779	99.603	25.748	61.414
273.306	100.569	28.915	60.228
274.042	100.751	33.239	60.169
274.465	100.706	35.182	60.106
274.818	100.726	35.400	60.124
277.739	100.698	33.868	60.110
278.975	100.423	32.895	60.474
284.070	100.189	29.214	60.871
286.637	98.948	28.365	61.885
289.375	98.298	29.637	62.545
291.454	97.625	29.835	62.735
295.357	98.954	28.957	61.189
296.598	99.893	29.568	60.199
300.099	99.609	27.673	60.481
301.134	99.087	27.810	61.362
305.860	98.997	25.631	60.673
307.787	98.375	25.682	62.350
309.303	98.090	27.761	61.433
310.638	97.650	28.959	61.766
312.976	98.055	29.609	61.005
314.609	97.887	30.484	62.029
316.461	98.393	29.975	62.098
318.508	97.771	28.405	61.470
321.853	96.638	26.941	62.922
325.309	96.035	26.139	63.350
326.386	95.952	26.294	63.305
328.353	95.865	28.815	63.161
328.998	96.120	29.442	61.718
331.715	95.685	28.934	63.574
332.313	95.822	29.382	61.265
335.448	94.753	27.336	60.530
336.378	94.884	27.320	61.228
338.170	95.461	26.696	59.373
339.027	95.406	28.100	60.723
340.461	95.915	29.181	59.777
342.057	96.039	29.434	59.160
343.762	95.769	30.359	59.893
344.950	95.034	29.101	60.744
348.508	94.765	27.255	61.249
349.547	94.646	27.630	60.822
351.853	94.374	26.254	60.347
354.452	93.715	26.066	61.116
355.198	93.790	26.987	60.986
357.232	93.572	27.538	61.342
358.248	94.113	28.153	59.724
359.365	94.449	29.279	59.359
360.918	94.390	28.701	59.387
363.864	93.551	26.736	59.482
366.116	93.239	26.004	60.151
367.837	92.968	25.494	60.697
370.267	92.863	25.449	60.036
371.804	92.154	25.459	61.658
372.287	93.144	27.533	59.589
374.116	92.669	28.152	60.037
374.775	92.227	28.683	60.478
378.752	91.319	26.844	60.958
381.784	91.488	25.614	60.614
385.058	91.039	24.132	60.474
386.098	90.191	24.533	61.693
387.250	92.255	23.982	60.011
381.893	94.903	25.384	57.804
375.594	93.133	29.866	59.390
370.393	89.870	26.984	60.477
367.194	89.846	24.827	60.211
363.288	90.113	21.614	60.874
314.994	89.050	26.663	58.638
348.836	92.241	29.139	58.052
347.874	89.993	26.874	59.679
341.555	88.842	30.546	60.796
337.534	88.655	30.183	60.472
333.347	89.093	31.452	60.979
329.638	89.969	28.877	60.949
330.540	90.115	23.994	60.445
324.095	89.637	26.607	62.482
316.970	90.500	27.891	59.644
315.700	90.679	26.439	59.439
310.819	91.441	27.367	57.930
308.163	91.037	26.524	59.027
302.153	92.107	26.233	58.263
297.830	90.748	27.905	59.256
292.756	90.616	25.781	57.713
290.191	90.141	24.949	59.220
283.904	90.187	23.733	59.214
281.251	90.683	24.650	58.421
274.837	91.043	25.227	58.247
269.847	90.247	27.794	59.773
270.285	91.237	25.308	59.107
270.791	90.178	25.756	61.019
273.758	89.716	25.040	59.454
275.905	89.837	24.442	59.618
277.936	88.954	24.737	59.254
278.999	88.566	25.098	58.511
280.024	88.207	26.631	57.094
281.526	89.108	27.145	57.239
283.863	89.729	27.366	56.042
284.792	89.506	27.090	55.056
285.533	89.509	28.062	55.027
282.457	88.595	24.592	55.356
278.527	87.917	25.796	56.109
272.838	87.490	25.226	55.918
269.945	87.512	25.196	55.841
261.556	88.233	26.738	55.172
258.300	88.884	26.155	54.678
252.749	89.452	25.114	54.821
248.669	89.785	25.241	53.943
246.481	90.084	24.234	53.837
240.869	91.575	24.645	52.254
237.474	91.099	24.991	52.698
233.956	90.965	24.177	52.357
228.688	90.049	24.537	52.361
225.127	89.733	24.461	53.149
217.640	90.499	25.166	51.263
210.527	91.278	25.813	51.548
202.965	90.539	25.658	50.630
199.805	90.543	23.142	50.622
193.848	90.076	22.634	48.528
191.683	89.268	22.083	50.678
184.418	89.027	23.721	52.240
178.903	89.337	24.365	50.882
174.543	90.008	23.696	49.822
172.249	90.579	21.312	49.224
172.564	90.417	22.155	49.227
173.002	89.603	22.031	51.717
174.903	88.872	23.364	49.717
178.198	88.706	21.141	50.992
177.757	88.003	22.778	50.876
181.412	90.045	20.666	51.922
175.042	90.051	22.906	50.189
173.144	89.473	22.258	50.339
165.264	90.327	23.353	49.340
162.946	89.233	20.707	52.000
157.338	88.533	21.425	50.461
152.517	87.039	21.966	50.626
147.463	87.431	21.372	49.778
143.561	87.555	22.129	50.062
143.262	87.882	21.872	51.506
136.087	87.562	24.079	50.664
133.128	88.317	23.093	51.054
129.118	88.395	21.927	52.950
123.971	86.974	22.504	50.988
119.715	87.449	23.047	52.749
115.795	87.026	22.458	53.720
109.858	86.408	25.037	54.978
107.866	87.124	23.980	50.785
103.302	88.299	25.239	56.522
96.360	88.008	26.978	56.628
93.175	87.487	26.570	56.739
87.019	87.640	25.440	56.370
82.646	87.430	24.768	56.441
80.221	87.242	25.383	57.124
75.947	86.940	26.019	58.595
78.580	88.171	23.920	56.129
81.078	88.559	26.470	55.699
82.864	88.305	26.080	55.477
84.822	87.665	23.982	56.533
86.172	87.644	23.678	57.490
88.452	87.154	23.434	57.020
90.102	86.598	23.308	57.710
91.921	86.574	24.096	56.472
94.234	86.658	25.068	56.789
95.189	86.613	25.671	56.508
97.335	86.976	25.582	56.106
98.423	86.299	25.176	56.629
100.111	85.937	25.246	55.865
101.869	85.877	24.180	55.831
104.283	85.509	23.838	56.723
105.735	85.442	23.612	55.565
107.862	85.827	25.865	55.580
108.723	86.132	27.901	54.936
109.411	85.973	27.518	55.249
111.901	85.634	26.042	55.945
112.998	85.383	25.601	55.776
114.101	84.910	25.536	55.983
117.299	83.957	24.125	56.147
119.271	83.372	24.688	57.092
121.034	83.549	24.047	56.346
122.637	84.842	25.541	54.994
124.051	84.453	24.959	54.704
125.000	84.178	24.905	54.661
125.889	83.419	25.595	56.212
128.680	83.608	24.279	55.387
130.387	82.617	23.912	57.245
133.723	82.133	22.787	56.959
135.353	82.148	22.655	56.228
137.110	82.038	25.364	56.248
138.051	82.641	25.947	55.590
139.841	82.281	25.255	56.511
140.311	82.493	26.062	56.130
141.852	82.357	25.428	56.145
145.346	81.295	23.499	56.650
146.523	81.047	23.462	56.732
148.339	79.931	23.133	57.874
150.519	81.279	23.587	55.556
152.255	81.796	24.255	55.337
153.625	82.423	24.241	54.297
155.330	81.792	23.921	54.265
157.647	81.411	23.175	54.715
160.044	80.856	23.085	55.544
162.008	80.962	22.553	55.671
163.436	80.690	22.669	55.206
165.569	80.259	23.459	55.016
166.899	81.017	24.684	53.720
169.250	80.263	25.684	55.141
169.604	81.076	24.983	54.173
173.347	85.486	22.624	55.450
175.209	87.645	22.302	55.248
178.177	91.795	21.490	56.654
179.098	94.146	22.111	56.102
180.720	98.439	22.440	55.930
183.166	104.112	22.895	55.054
183.473	107.169	24.525	54.078
185.330	110.481	24.108	53.162
187.301	114.391	23.443	54.601
188.694	117.092	23.058	54.721
191.409	121.243	22.370	55.210
194.799	125.433	21.326	56.888
196.846	129.531	20.882	54.626
198.735	135.586	23.702	54.277
199.344	138.296	24.842	54.150
201.414	143.478	24.135	54.268
202.667	145.569	23.211	54.697
205.765	151.041	22.449	54.340
208.519	154.351	22.050	55.751
209.875	156.852	22.343	55.464
212.409	162.858	22.926	55.690
214.084	168.550	23.625	54.818
215.357	172.390	24.227	53.859
217.854	176.736	23.479	54.095
219.178	179.698	22.901	53.112
220.666	182.722	22.612	53.417
223.129	186.730	22.232	54.800
224.775	189.495	22.025	53.858
226.103	192.273	22.455	54.661
227.721	198.855	24.941	54.155
229.138	201.099	24.222	54.172
231.277	205.946	23.452	54.587
232.549	208.397	23.295	54.049
233.319	210.937	23.812	53.924
235.518	213.330	22.688	55.094
237.870	218.035	22.033	54.849
238.548	220.768	22.845	54.361
239.548	223.411	22.887	54.176
241.180	229.263	22.902	53.796
242.331	232.205	21.513	53.828
243.130	235.291	22.479	54.150
243.212	237.410	22.618	53.435
245.764	241.255	21.673	54.755
246.693	244.469	22.064	53.974
247.308	248.402	22.745	53.356
247.738	250.880	23.417	53.582
249.301	255.636	25.286	53.033
250.817	258.863	24.052	52.671
251.891	261.351	23.950	53.577
254.920	266.798	23.090	53.693
255.928	269.679	22.997	52.978
257.222	271.645	23.475	54.316
260.117	275.598	23.936	54.662
261.276	278.930	25.313	54.351
262.774	282.891	26.290	53.688
264.342	285.461	25.840	52.430
266.513	287.559	24.920	51.460
267.638	287.716	25.326	51.661
269.514	287.160	24.246	50.987
270.986	286.935	24.256	49.626
273.262	286.476	23.776	50.831
274.976	286.508	23.163	50.305
275.976	286.427	23.570	48.496
278.009	287.061	22.436	47.559
280.490	287.385	22.462	45.276
282.674	286.567	22.225	44.764
284.015	286.418	22.773	44.617
287.050	285.516	22.690	44.057
289.568	284.699	20.790	43.544
290.528	284.538	21.848	43.975
291.688	284.540	21.960	45.304
294.228	284.643	22.404	45.409
295.041	285.151	23.429	45.955
296.969	285.261	23.230	48.168
298.619	284.845	22.451	51.719
299.747	285.086	22.082	52.203
302.499	285.022	20.868	54.032
302.105	284.828	22.436	52.507
297.786	284.762	20.845	54.201
292.456	284.108	22.112	54.214
288.041	283.783	24.583	53.982
285.988	284.416	25.457	54.115
279.376	285.390	27.671	53.005
276.099	285.104	27.203	53.970
270.975	284.412	25.080	54.261
269.573	283.954	23.591	53.971
266.975	283.694	23.669	55.007
260.004	283.964	22.622	53.713
256.933	283.719	23.404	54.621
254.922	284.368	22.550	52.711
249.000	285.153	23.690	52.552
243.629	284.180	24.972	53.416
240.777	284.912	24.582	52.863
234.850	284.886	23.380	52.905
231.845	284.460	22.459	52.800
231.856	284.721	23.172	52.816
234.200	284.521	20.871	52.614
235.944	284.016	21.000	53.281
237.732	284.294	21.410	52.330
239.708	284.071	22.907	53.082
240.577	284.811	22.315	51.852
241.309	284.348	22.236	52.563
241.287	284.363	23.015	51.846
244.646	283.690	21.338	52.393
245.980	283.281	21.136	53.000
248.724	283.482	21.207	52.823
249.624	283.646	21.561	52.540
250.747	283.880	22.293	52.210
251.543	283.780	22.925	51.312
252.746	284.436	22.585	51.055
254.313	283.981	22.821	51.223
255.464	283.543	22.489	51.823
256.848	282.931	21.513	52.124
257.788	283.617	21.930	50.918
258.926	282.678	21.307	51.709
261.404	282.981	21.172	51.741
261.998	282.624	21.851	51.416
263.116	283.363	22.933	51.216
264.309	283.500	23.735	51.996
265.497	283.838	23.738	51.943
266.080	283.008	23.585	51.740
267.155	282.961	23.318	51.246
269.710	282.633	21.740	51.234
271.015	281.696	21.415	51.738
273.105	281.787	21.983	51.816
273.902	281.664	22.665	51.673
276.006	282.668	23.600	50.752
276.960	283.016	23.252	50.341
277.650	283.058	23.421	50.146
278.765	282.710	23.099	50.528
281.061	282.201	22.308	50.556
282.354	282.346	21.752	50.529
283.307	281.821	21.989	50.846
284.199	281.983	22.110	50.034
286.261	281.777	22.141	50.194
287.134	281.768	22.389	50.305
288.008	282.121	22.684	49.828
288.990	282.154	22.476	49.748
290.667	282.143	21.685	50.218
291.637	282.189	21.829	50.173
293.098	281.868	21.085	49.637
294.038	281.208	21.293	51.096
296.029	280.555	21.493	50.745
296.402	280.933	22.352	50.314
297.275	281.273	22.335	50.582
298.711	281.449	23.160	51.296
299.260	281.787	23.683	51.011
299.673	281.543	23.766	50.502
301.123	280.669	23.059	51.128
302.015	280.881	23.137	49.833
302.708	280.286	23.304	51.928
303.520	279.808	23.087	52.513
305.343	282.732	22.111	53.106
305.762	284.940	23.349	54.033
307.105	287.453	23.370	54.391
307.435	291.439	24.686	52.969
308.535	294.142	23.380	52.244
310.202	298.622	23.276	51.752
311.910	301.163	22.089	51.764
312.840	303.466	22.286	50.610
314.167	306.263	22.078	49.644
314.930	305.812	22.040	50.643
316.634	305.705	21.357	50.175
316.570	305.879	22.535	49.034
317.973	305.702	21.882	50.209
319.105	306.477	20.866	48.768
319.987	305.799	20.286	49.875
321.080	305.915	21.176	48.729
321.360	305.117	23.259	50.158
323.287	304.858	22.389	52.560
325.711	309.037	21.906	55.920
326.330	311.530	21.368	54.358
327.636	314.488	20.767	53.432
325.728	317.241	22.168	51.411
326.669	320.345	22.107	54.193
330.800	322.308	20.133	52.549
331.394	327.385	20.584	52.095
332.999	330.632	21.388	53.743
334.346	328.284	21.264	55.340
335.073	328.254	21.374	55.624
336.051	328.901	22.455	54.824
336.242	329.101	23.449	53.686
336.919	328.951	23.834	52.758
337.111	329.620	24.326	50.731
337.486	330.943	24.988	48.672
338.981	332.777	23.885	49.687
339.144	335.977	24.602	50.599
339.624	338.252	24.467	50.136
340.656	340.214	23.484	52.373
340.277	343.939	24.486	51.271
341.498	347.154	24.213	50.419
342.211	349.650	23.971	51.200
343.332	353.925	23.906	51.152
343.933	356.452	24.298	50.629
345.220	356.978	23.100	50.305
346.326	356.360	22.834	50.708
347.294	356.079	22.136	51.116
348.134	355.798	22.125	51.735
348.798	354.899	21.841	50.538
349.526	354.591	22.491	51.261
349.688	354.406	23.468	53.076
349.933	354.636	23.629	50.502
350.752	354.757	23.332	50.309
351.152	354.727	23.654	48.786
351.849	354.713	23.525	49.966
352.628	354.497	23.073	51.324
352.610	354.520	22.609	49.495
353.323	353.915	22.265	49.445
352.887	354.507	22.669	47.834
353.654	354.539	22.353	47.354
354.035	353.856	22.110	48.835
354.552	354.224	21.861	48.309
354.758	353.972	21.617	48.115
355.532	354.077	21.060	47.183
355.536	353.938	21.309	47.394
356.197	352.984	21.328	48.144
354.679	352.634	21.342	49.279
349.615	352.668	21.543	48.070
341.760	352.152	21.289	48.051
333.735	352.136	21.789	48.138
329.516	351.928	21.884	48.797
325.926	352.099	22.018	46.869
315.852	352.200	23.141	48.276
313.067	352.512	22.296	47.959
308.599	352.881	23.051	46.169
304.454	351.829	22.852	47.227
301.039	352.298	22.293	48.376
295.756	352.240	23.465	47.891
291.926	351.997	22.012	47.763
292.281	352.165	21.908	46.809
292.441	351.982	21.975	48.441
293.507	352.116	21.187	47.411
293.094	352.527	21.550	47.496
292.907	352.682	21.503	45.830
293.164	352.730	21.980	46.655
293.522	353.292	21.332	45.729
294.066	352.897	21.366	46.447
295.674	352.546	19.996	46.567
295.619	352.010	20.494	46.146
296.598	351.897	19.723	45.707
296.907	351.428	20.123	46.208
296.906	351.584	21.327	45.581
297.341	351.589	21.873	46.171
297.167	351.604	22.320	46.387
297.640	352.022	22.621	45.454
297.776	352.033	22.577	45.683
304.871	350.470	21.982	45.836
307.667	350.733	23.531	47.040
313.306	349.758	22.094	46.806
316.442	349.915	22.133	47.280
320.794	350.007	22.220	46.401
326.803	349.612	21.551	46.926
336.004	349.722	21.829	45.147
341.750	350.043	21.192	44.190
344.958	350.344	21.501	44.315
350.485	349.076	21.281	45.384
355.240	348.881	20.039	45.327
364.731	349.382	20.667	45.032
369.962	348.656	20.456	45.323
374.362	347.153	21.280	45.948
379.132	348.422	20.689	44.977
387.264	348.215	22.039	45.172
392.859	347.770	21.430	45.113
397.140	348.719	21.673	45.035
402.276	348.445	21.792	44.290
405.885	348.403	21.537	43.934
414.507	346.577	21.462	47.170
424.064	347.001	21.671	46.387
428.023	346.265	22.155	45.629
432.043	346.682	22.135	44.481
437.150	346.783	21.481	45.305
441.361	346.813	21.251	43.738
446.873	346.691	22.281	45.071
451.535	347.133	21.781	43.673
459.662	347.164	22.333	44.330
464.244	346.691	21.867	44.517
468.499	346.023	22.762	44.286
473.893	345.383	22.239	44.680
478.967	344.849	22.059	44.845
483.086	344.792	22.084	43.341
488.415	344.601	20.963	45.522
496.456	344.982	21.638	44.935
501.004	345.343	22.407	43.995
506.943	345.479	21.277	44.269
512.147	346.091	20.735	44.587
513.135	346.191	21.076	43.677
512.813	345.041	20.946	45.037
513.473	345.838	20.788	44.409
513.135	345.374	21.124	44.358
513.135	345.053	20.920	44.391
512.910	344.883	21.713	44.086
513.354	344.319	21.592	44.864
512.994	344.494	21.385	45.048
512.699	344.889	22.363	44.505
513.151	345.056	22.656	44.277
513.759	345.086	21.803	44.081
514.028	344.949	21.582	43.281
514.195	344.222	21.620	43.387
514.173	343.540	21.659	43.113
514.220	342.862	21.361	43.603
513.982	342.721	22.030	44.579
513.942	342.950	22.276	43.238
514.107	343.440	22.789	43.076
514.100	343.383	23.316	44.007
513.983	343.588	23.314	43.218
514.180	343.056	22.579	43.193
514.100	341.800	22.967	43.581
514.127	339.040	22.711	44.163
514.118	335.808	22.333	45.158
514.010	331.486	22.852	45.151
514.194	328.711	22.638	44.797
514.226	326.998	22.454	42.885
514.324	323.838	22.253	43.899
514.706	320.989	22.092	43.739
514.712	318.286	22.410	43.481
515.262	313.222	21.054	45.454
515.362	310.843	21.151	44.209
515.236	306.874	21.326	45.604
514.469	302.498	21.466	45.740
514.587	300.155	21.817	44.089
514.550	297.607	21.589	45.029
515.225	292.909	21.261	44.521
514.498	292.006	22.547	42.227
514.883	288.493	22.477	44.141
514.590	285.820	22.896	42.262
514.911	283.141	22.424	41.135
515.461	277.567	21.152	43.542
515.185	275.075	21.827	42.627
515.715	271.744	20.963	42.810
515.975	265.612	20.741	44.155
515.701	263.527	21.459	43.663
515.513	260.463	21.721	43.153
515.776	258.579	21.535	43.131
516.024	253.173	21.173	44.823
515.550	250.237	21.689	43.784
516.251	247.405	21.242	43.623
516.443	244.392	21.082	44.299
517.215	239.225	20.217	44.803
517.041	235.250	21.295	45.115
516.977	232.376	21.110	44.484
517.135	229.651	21.462	44.048
516.845	226.926	21.694	43.342
517.065	223.429	21.558	42.582
517.095	220.612	21.358	42.501
517.252	216.993	20.644	42.902
516.935	211.584	20.553	44.707
516.818	208.152	20.478	44.102
516.645	205.560	20.956	42.275
516.588	200.071	20.225	42.810
516.384	196.706	20.448	42.201
515.918	194.100	21.291	41.429
516.377	189.907	20.514	41.786
516.464	187.257	20.575	42.286
516.638	182.399	20.344	43.266
516.351	180.524	20.281	41.819
517.352	175.665	19.488	42.175
516.791	172.477	20.075	42.049
517.223	169.674	19.741	42.865
518.270	163.851	18.688	41.982
517.543	161.426	19.886	42.847
518.183	158.164	19.268	43.034
517.775	153.757	19.772	42.468
517.477	151.176	19.694	42.228
517.522	150.141	20.032	42.546
517.085	150.446	20.129	42.296
517.251	149.625	20.073	42.558
517.186	149.588	20.187	43.091
517.056	149.396	19.861	42.257
517.595	148.943	19.348	43.109
517.077	149.061	20.135	42.609
517.639	149.758	19.734	41.992
517.545	150.100	19.841	42.462
518.153	149.500	19.346	41.953
518.537	149.112	19.089	41.148
518.840	149.105	18.788	42.472
519.252	148.856	19.087	40.687
519.288	148.608	19.104	41.110
519.452	148.938	19.034	40.957
519.828	149.063	18.564	41.208
519.420	148.938	19.018	40.636
519.757	149.091	19.170	41.588
519.487	148.380	19.178	40.656
519.343	148.424	19.209	40.781
518.722	148.211	19.923	40.733
518.696	147.980	20.110	40.920
519.411	147.443	19.167	41.548
519.369	147.592	19.110	41.631
519.391	147.479	19.439	41.522
519.827	147.689	19.410	41.196
519.281	148.320	20.039	40.527
519.897	148.147	20.354	40.839
520.350	148.232	20.350	40.106
521.484	147.965	18.990	40.551
522.284	147.095	18.017	40.965
522.493	146.713	17.170	40.749
