303.000	330.000	39.000	99.000
302.223	330.675	40.064	96.087
302.411	330.547	39.457	97.208
302.152	331.080	39.453	97.297
301.284	331.427	40.508	97.326
301.201	331.290	39.252	97.100
299.660	329.643	39.133	98.295
298.884	331.528	39.146	97.671
297.472	332.687	38.991	98.150
296.431	331.483	38.493	98.495
295.349	332.036	37.974	97.934
294.858	331.093	37.941	98.709
294.535	331.510	36.900	98.805
293.113	331.692	38.448	98.726
293.074	330.668	37.810	99.360
291.488	331.510	39.156	99.048
292.416	331.279	38.047	98.678
292.127	330.937	37.712	99.171
292.191	331.510	36.744	98.943
291.229	331.250	37.807	99.374
291.133	332.137	37.226	97.721
290.649	332.569	36.782	97.204
290.734	331.324	36.927	99.234
290.795	332.236	36.523	97.976
290.316	332.770	37.155	97.374
291.009	331.409	36.604	98.910
290.911	332.088	38.108	98.024
290.617	332.324	38.906	97.923
290.880	332.156	39.362	98.247
291.427	332.049	39.060	98.285
291.204	332.401	39.265	98.275
291.454	332.796	39.114	98.156
291.495	331.891	39.871	98.921
291.316	332.448	40.166	97.958
291.799	332.796	39.290	97.983
291.329	331.535	39.238	99.551
291.108	331.691	39.828	99.089
291.247	330.926	39.134	100.059
290.979	331.459	39.329	99.221
291.189	331.501	38.994	99.316
291.685	331.855	36.867	98.686
293.201	331.692	33.520	98.897
294.271	331.601	32.210	99.671
295.415	332.166	31.591	99.626
297.358	331.438	29.668	100.285
297.708	331.171	30.228	101.877
295.710	331.302	32.350	100.320
294.242	330.696	34.152	101.325
297.448	331.564	30.995	101.792
299.152	330.506	29.681	102.537
299.102	331.309	29.982	101.158
299.859	330.441	29.339	102.490
299.991	330.267	28.512	101.722
299.554	330.590	29.330	101.694
299.621	330.441	29.306	102.310
299.594	331.131	29.448	101.665
299.399	330.957	29.596	101.835
299.595	330.406	29.280	101.539
299.415	329.933	29.471	102.307
299.746	330.203	29.172	102.011
300.219	330.925	28.494	101.333
300.141	330.315	28.425	101.747
299.785	329.723	29.220	102.292
299.439	329.863	30.170	102.018
299.122	330.070	30.602	102.148
299.115	330.823	30.717	101.941
297.397	332.060	32.621	101.445
297.028	332.221	33.858	101.191
297.058	332.019	33.912	99.965
297.905	332.187	33.963	101.270
299.227	332.887	33.263	100.117
299.002	332.144	34.228	101.123
299.957	331.881	33.993	100.864
300.278	331.717	34.958	101.340
300.818	332.109	35.690	100.557
301.843	331.528	36.108	100.685
303.328	331.150	35.659	101.881
304.016	330.692	36.600	100.471
308.191	329.418	34.052	99.734
310.216	329.619	33.590	99.976
312.129	329.367	33.820	99.590
312.543	329.444	34.233	100.128
314.004	329.432	33.447	99.680
316.130	329.177	33.534	99.798
316.756	329.356	34.765	99.680
318.602	329.961	34.730	98.670
319.876	330.055	34.977	98.704
320.000	330.402	36.233	97.739
321.634	328.977	37.510	97.536
323.442	329.328	37.201	97.338
326.274	329.147	38.055	94.158
327.242	329.038	36.281	95.335
329.985	329.326	36.553	91.974
331.414	329.139	35.834	92.743
331.675	328.193	37.165	94.840
333.073	329.676	36.590	91.872
333.089	330.004	38.088	91.037
334.540	330.512	38.348	89.843
335.425	331.414	38.368	88.905
336.518	330.982	38.067	89.274
337.925	330.278	38.716	89.340
339.491	330.096	39.180	89.660
341.713	329.822	38.119	89.703
342.563	329.957	38.410	87.906
343.985	329.618	37.834	86.888
345.462	329.002	36.726	87.102
347.251	326.926	37.510	87.980
346.976	325.974	37.838	89.105
349.253	325.007	36.242	88.891
350.217	323.952	35.504	91.938
349.998	322.640	36.511	91.624
351.112	322.418	34.772	92.064
352.240	320.301	34.157	93.562
352.852	320.992	34.352	94.033
353.243	319.300	32.959	96.569
353.592	319.176	33.022	95.408
352.759	319.187	33.366	92.158
352.552	319.197	34.021	90.615
352.513	319.203	35.346	90.949
352.229	319.774	36.035	91.014
352.314	320.456	35.824	88.811
351.669	319.724	35.380	89.560
351.583	320.204	34.367	88.169
351.614	319.702	34.951	88.667
351.343	318.565	34.121	88.963
350.063	317.814	34.591	86.987
349.123	318.547	33.539	86.269
348.287	319.530	34.410	86.140
346.040	320.556	34.867	86.225
343.451	321.514	36.113	83.608
342.336	321.966	35.983	84.071
338.620	322.806	38.610	81.660
337.428	324.256	38.518	80.372
333.271	316.751	38.720	86.489
331.687	319.310	38.294	84.386
327.200	315.710	36.172	87.007
325.882	315.859	34.598	84.693
323.760	316.994	34.818	85.304
320.669	316.181	36.507	85.832
314.209	315.682	41.696	87.212
310.072	316.353	44.605	87.322
304.609	314.933	46.344	89.108
304.162	313.697	41.641	87.493
301.775	314.761	33.821	87.598
301.252	309.368	31.413	93.757
298.233	311.049	28.023	96.197
293.866	310.064	31.279	96.967
286.572	310.913	35.396	93.390
281.632	315.101	40.748	88.255
282.052	315.829	38.141	89.254
280.829	316.824	38.522	88.074
278.352	312.483	36.994	91.766
275.793	313.448	35.512	90.393
272.227	312.458	33.062	91.980
268.997	314.342	33.293	90.953
262.961	312.281	35.835	95.003
255.896	315.870	40.855	89.734
252.429	313.989	43.471	92.738
253.164	313.350	40.754	93.511
252.265	314.079	39.166	93.340
250.317	310.066	37.730	97.188
248.905	310.976	36.857	96.688
246.245	309.323	38.025	98.303
245.916	309.332	37.197	98.029
246.336	311.023	36.744	97.090
245.384	309.220	37.577	98.975
246.381	310.527	36.962	98.937
246.715	310.875	36.816	98.852
246.769	310.122	37.074	99.106
247.060	312.514	38.336	97.163
246.278	311.505	39.587	98.470
245.383	310.429	41.829	101.337
243.507	312.696	43.880	101.381
245.469	312.061	41.193	103.060
246.353	312.372	40.345	105.160
245.927	315.126	41.245	104.628
248.382	315.027	38.511	105.663
251.068	310.473	36.235	110.340
252.004	315.572	35.044	105.016
252.904	314.577	36.312	106.126
254.291	319.176	36.635	100.638
256.481	321.623	37.127	98.070
256.465	325.182	39.821	95.581
258.525	327.218	39.600	94.491
260.504	326.764	40.695	95.444
261.132	329.190	43.302	94.512
261.713	332.469	45.957	90.841
265.433	333.001	47.498	90.067
280.703	334.619	40.277	86.608
283.583	334.583	41.627	88.047
284.008	335.315	45.460	87.608
284.948	334.630	52.308	87.518
287.102	335.076	54.773	86.575
287.724	336.336	59.795	86.185
287.499	336.212	60.594	86.614
293.960	336.765	56.295	84.138
301.963	335.916	52.129	84.299
304.724	335.757	52.589	83.751
316.802	334.373	43.256	85.905
318.812	334.151	43.382	85.158
322.785	332.281	41.825	86.654
324.282	332.348	40.783	86.834
327.120	329.879	40.203	89.636
330.808	330.381	37.906	88.085
331.197	331.932	40.302	86.605
335.520	331.839	38.021	85.463
337.190	332.829	38.085	83.534
338.750	331.820	40.052	81.643
342.097	330.577	37.155	81.684
342.681	329.771	37.285	81.608
345.095	326.697	36.951	82.316
346.821	325.117	35.613	86.227
349.128	322.408	36.834	87.342
352.183	322.898	35.655	87.929
355.143	323.308	32.961	88.723
356.917	323.076	33.555	87.862
358.506	322.080	32.646	86.326
360.546	320.234	34.710	87.651
360.936	320.254	37.200	88.830
361.442	318.761	37.607	91.421
362.921	317.081	37.866	92.724
363.583	316.730	38.195	93.370
364.127	316.783	36.178	92.873
364.784	316.105	35.687	91.641
364.511	313.997	36.129	97.867
365.289	312.015	35.055	101.217
366.061	311.349	34.146	99.651
366.100	313.189	34.130	99.681
366.786	311.491	33.264	101.702
367.088	313.238	33.700	98.305
368.149	311.929	32.209	100.327
368.936	309.941	31.676	102.106
369.964	307.998	31.031	102.592
368.903	307.547	32.190	101.066
369.861	308.125	31.569	102.287
369.135	308.704	31.864	102.597
369.508	309.611	31.651	101.870
368.876	309.037	32.380	101.835
368.739	307.192	31.689	103.469
368.012	307.790	31.594	99.701
366.593	308.252	33.946	97.630
366.296	307.687	34.554	96.826
367.193	309.064	33.601	94.655
367.610	306.487	33.060	96.436
368.288	307.210	33.539	96.842
369.004	307.054	32.313	94.281
370.174	306.054	31.755	94.573
371.094	307.985	31.530	92.073
372.539	301.146	30.479	101.416
373.510	306.177	30.372	103.437
374.362	298.815	30.418	104.621
374.933	302.274	29.166	101.831
379.274	305.117	26.682	97.077
377.561	303.137	28.747	97.383
378.621	305.597	28.758	90.921
377.543	305.575	30.563	90.071
378.136	305.103	30.751	91.047
380.998	304.054	29.656	92.406
380.370	303.810	31.777	92.810
383.275	300.249	29.993	91.662
385.949	297.448	29.683	92.383
387.783	297.138	28.873	96.549
386.970	297.349	30.762	97.652
387.113	297.424	31.476	101.176
389.162	298.748	30.849	93.508
390.070	299.642	33.997	87.999
391.007	300.445	36.613	84.385
393.488	299.622	36.022	83.854
395.695	297.654	35.576	85.495
397.643	296.666	35.011	82.627
397.815	296.434	35.373	78.709
398.487	296.172	34.936	78.923
399.752	297.668	33.790	77.593
399.418	297.545	34.493	77.271
401.033	298.180	33.738	75.498
401.554	297.420	33.502	75.353
401.538	296.500	33.524	76.086
401.687	295.541	33.995	77.319
402.423	294.900	33.786	77.270
402.995	293.386	32.960	77.700
403.955	293.065	32.143	76.438
404.490	292.432	32.114	76.871
405.069	292.605	32.250	77.000
405.399	293.388	31.845	75.937
405.983	293.711	32.181	76.981
407.292	295.507	32.742	74.574
408.464	296.336	33.034	74.551
409.328	296.937	33.797	73.915
411.529	296.682	32.855	74.603
412.846	296.076	33.411	73.889
415.254	294.180	32.502	74.851
415.999	292.256	32.782	76.629
417.264	291.770	31.717	76.429
418.293	292.303	30.962	75.428
419.580	292.661	29.830	75.297
420.321	293.216	29.901	73.166
421.254	293.486	29.287	73.755
422.045	292.528	30.433	74.653
423.696	291.925	30.183	74.556
424.801	290.573	30.824	76.297
426.648	289.532	30.101	77.706
428.431	290.737	29.814	76.339
428.580	290.943	32.763	74.684
429.604	291.998	36.189	75.370
431.048	293.329	37.865	74.382
433.268	291.999	36.990	76.630
435.691	290.355	36.791	76.965
440.979	289.136	32.656	78.585
444.922	286.556	30.442	80.155
445.724	285.411	31.449	80.469
448.620	285.793	29.414	79.009
450.062	285.011	29.487	79.773
451.894	285.936	28.363	79.711
452.978	285.769	28.918	79.199
453.518	285.448	29.923	78.148
455.383	284.549	29.377	76.825
455.966	283.338	29.212	76.975
457.672	282.866	28.468	78.258
458.798	283.677	28.260	77.840
460.125	283.863	28.593	77.469
461.043	283.933	29.219	77.533
461.525	283.672	29.925	76.940
462.863	283.130	29.905	77.531
464.932	281.964	29.614	76.832
466.505	282.020	29.585	76.722
468.254	281.322	28.937	76.359
468.375	280.585	29.136	77.402
469.492	280.742	28.420	76.479
470.819	281.233	27.871	74.702
471.116	281.365	28.358	75.543
471.852	280.746	27.554	76.375
472.221	280.030	28.024	77.711
472.670	278.389	28.187	76.316
473.298	278.194	29.441	77.407
474.042	278.722	29.628	76.306
475.022	279.763	29.580	74.935
475.815	279.845	29.297	74.238
477.298	278.769	28.857	75.065
477.317	278.935	30.144	74.097
478.679	277.707	29.902	74.303
479.224	277.288	30.468	74.346
479.746	277.083	30.173	74.126
480.240	277.399	28.553	73.767
480.059	276.813	28.824	73.439
480.655	276.899	27.938	73.031
480.236	276.595	28.474	73.417
480.804	277.157	27.616	73.396
481.061	275.600	28.158	73.132
480.468	274.878	28.922	73.614
480.508	274.365	29.281	73.067
481.509	274.445	29.148	73.182
481.432	274.841	29.395	73.293
482.164	274.466	28.610	72.647
482.003	274.573	28.994	72.446
483.286	274.354	28.529	71.801
482.885	274.582	29.261	71.105
483.146	272.749	29.331	72.889
483.370	273.005	28.547	71.875
483.883	272.869	27.827	71.599
483.655	273.259	28.092	70.872
483.800	273.584	27.638	70.288
483.734	272.787	27.205	71.235
483.694	272.556	27.418	71.144
483.312	271.447	28.045	70.418
483.432	270.589	28.893	70.967
484.200	270.711	28.336	70.684
484.505	270.936	28.543	69.960
484.608	271.087	28.864	69.759
485.182	269.417	29.089	70.744
486.028	268.967	28.399	70.351
486.191	267.906	29.244	70.918
486.596	267.743	29.455	70.871
486.616	267.550	29.530	70.410
487.186	267.194	28.241	69.935
487.091	267.196	28.513	70.384
487.431	266.975	27.537	70.293
487.573	267.164	27.637	69.762
487.662	266.188	27.485	70.428
487.648	265.665	27.292	69.968
487.844	264.439	27.755	70.689
489.358	264.359	27.939	69.814
490.514	262.026	28.210	69.852
491.293	261.751	27.459	69.817
491.831	261.873	27.517	69.518
491.572	262.519	27.765	68.508
492.634	262.875	26.858	68.291
492.740	262.799	26.624	67.918
492.579	262.633	26.551	67.615
492.432	261.830	26.759	67.617
493.026	261.233	26.176	66.988
493.046	261.094	26.270	66.982
493.232	260.748	27.149	67.235
494.257	260.418	26.571	67.301
495.059	260.798	26.409	66.910
495.984	260.534	25.836	66.185
495.943	260.368	26.904	65.839
497.180	258.766	26.276	66.565
497.440	258.185	26.505	66.193
497.481	258.109	26.804	66.199
497.745	258.746	26.841	65.949
498.179	259.829	26.992	65.346
498.576	260.183	26.103	64.632
498.696	258.998	26.124	64.708
499.125	258.565	26.470	65.100
499.320	257.294	26.714	65.779
499.303	256.806	27.017	65.306
500.516	256.350	26.498	66.116
501.068	255.685	26.770	65.887
501.761	256.006	26.799	65.010
502.025	256.708	27.341	64.807
501.572	256.534	28.550	64.585
502.938	256.061	28.193	64.832
504.258	254.687	27.229	65.834
505.179	252.953	26.441	66.483
505.603	253.031	26.992	66.318
506.153	253.657	26.570	65.350
507.410	254.674	25.896	64.727
507.367	254.916	26.288	63.897
507.736	253.862	25.919	64.365
508.126	252.504	25.895	64.959
508.570	252.002	26.228	64.270
508.749	252.621	26.439	64.109
509.468	252.066	26.330	64.775
509.653	252.004	26.775	64.287
510.868	252.411	26.238	63.821
511.744	252.843	26.071	62.946
512.289	253.500	26.745	62.393
513.325	251.995	26.877	62.884
513.870	251.772	27.081	62.888
514.989	250.746	26.444	63.225
515.288	250.570	26.750	62.771
516.136	251.199	26.136	62.273
516.589	251.947	25.267	61.770
517.189	251.566	24.970	61.974
517.402	251.053	25.340	62.237
517.510	249.702	26.031	62.539
518.031	250.035	26.020	61.493
518.079	249.198	26.232	61.786
518.868	249.925	26.518	61.179
519.666	249.986	25.546	60.999
519.988	250.169	25.693	60.282
520.984	250.365	25.609	60.096
521.249	249.132	25.984	61.095
522.740	248.196	25.449	61.681
522.666	248.270	26.364	60.936
523.016	246.514	26.180	61.890
523.338	246.694	25.874	61.618
523.183	246.930	25.720	61.159
523.969	247.473	24.900	60.982
523.544	247.513	25.075	60.388
523.558	246.159	24.577	61.955
522.988	245.617	25.276	61.200
523.636	244.822	24.469	61.711
523.208	243.245	25.137	62.288
523.081	244.926	25.458	61.451
523.832	245.854	25.230	60.560
523.062	245.067	26.054	61.184
523.894	246.090	25.493	59.562
524.860	244.787	24.902	60.604
524.643	244.047	25.981	60.714
525.624	243.418	25.815	60.617
525.450	243.445	25.782	60.399
525.493	243.141	25.145	60.536
525.921	243.279	24.927	60.201
525.727	244.010	24.619	58.671
525.747	243.683	24.138	58.748
525.734	244.055	24.241	57.842
525.656	241.823	24.383	59.569
526.091	241.375	24.646	59.790
526.380	242.086	24.713	58.793
526.279	241.521	24.913	58.951
527.300	241.599	24.689	58.787
527.498	241.032	24.977	59.435
528.202	241.542	25.075	59.011
528.369	240.182	25.716	59.903
529.106	239.706	26.073	59.928
529.845	239.374	25.356	59.637
529.284	240.297	26.276	58.215
529.482	239.572	25.957	59.836
530.904	240.575	25.012	58.065
530.622	240.141	25.229	58.054
530.944	239.656	25.690	58.205
531.862	239.411	25.479	57.291
532.592	238.976	24.572	56.717
532.957	238.503	24.739	57.666
533.373	238.386	24.089	57.464
534.218	238.326	24.415	57.559
534.264	238.483	24.729	57.541
535.242	238.360	24.361	57.863
536.977	237.772	23.563	57.405
537.891	236.276	22.737	57.811
538.170	235.913	23.237	57.923
539.576	234.898	22.833	59.131
539.145	235.424	22.185	58.787
540.128	236.285	22.946	57.641
540.435	235.308	22.558	58.354
540.031	235.781	23.050	56.593
541.044	234.728	22.552	57.432
541.505	235.204	22.929	56.170
542.136	234.224	22.589	57.954
542.732	233.540	22.225	57.719
542.862	232.728	22.688	58.396
543.661	233.311	22.260	57.695
544.415	233.225	21.933	58.690
544.646	232.780	22.604	57.998
545.158	231.807	22.279	58.323
544.810	231.628	23.240	58.120
546.533	231.739	21.919	57.706
546.893	232.086	21.655	57.596
547.013	232.224	21.852	57.814
547.009	233.936	22.486	55.516
548.035	233.486	21.594	55.337
548.568	232.927	21.203	55.552
548.413	233.307	21.786	54.777
548.390	234.428	21.985	53.317
548.908	233.902	21.447	53.372
549.412	233.143	21.130	55.178
549.468	235.214	21.185	52.681
550.393	234.218	20.010	53.584
550.154	232.715	21.447	51.028
551.714	233.448	21.271	49.677
552.500	233.936	21.273	49.039
554.014	234.826	20.978	50.128
553.550	234.045	20.430	51.051
553.877	234.176	20.838	50.770
554.320	234.245	20.529	47.761
554.910	234.524	20.515	49.380
555.651	231.553	20.474	49.212
555.991	231.567	20.526	52.468
556.593	232.705	21.822	52.220
557.476	231.213	20.645	52.596
557.603	233.294	21.287	54.225
558.749	237.297	20.199	52.242
558.553	232.911	20.353	54.172
558.843	230.875	20.837	55.237
558.782	231.626	21.982	55.148
558.956	230.368	21.972	53.611
559.457	231.171	22.058	52.651
559.225	230.285	22.569	53.243
559.581	232.966	22.190	54.078
558.868	232.167	21.030	54.257
559.001	231.676	22.806	53.084
559.468	230.122	21.988	54.430
560.550	225.688	23.556	53.330
562.865	226.379	21.437	53.795
564.499	228.636	21.477	49.242
565.228	227.045	21.817	52.521
564.160	226.172	23.274	53.618
567.163	226.025	21.849	52.334
568.952	226.360	21.749	52.887
567.163	225.752	22.995	52.903
568.636	224.935	23.109	53.507
569.876	225.391	21.861	53.451
570.846	226.459	21.360	51.632
572.267	226.121	19.854	51.877
570.836	225.352	21.558	52.992
571.866	225.934	21.408	51.192
572.099	225.352	20.928	51.932
573.019	225.948	21.069	51.834
572.164	226.074	20.606	51.693
572.116	223.521	22.213	53.340
573.274	223.491	21.698	52.830
573.119	225.164	21.169	52.141
574.577	224.389	21.709	52.145
574.368	225.195	21.629	52.081
575.490	225.896	21.159	50.744
575.239	225.056	21.504	52.300
575.788	225.523	21.609	51.029
576.631	225.752	21.862	50.077
578.335	225.266	20.469	50.324
578.584	224.542	20.945	50.453
578.385	223.899	21.659	50.770
579.379	223.705	21.062	51.544
580.041	223.611	21.045	51.252
581.010	224.608	20.532	50.854
582.213	224.876	20.531	49.877
583.161	224.576	19.971	49.453
583.134	223.841	20.253	50.224
584.038	223.578	20.041	50.192
584.412	223.165	19.857	50.546
584.893	223.280	20.061	50.363
585.637	223.303	19.634	50.288
586.521	223.207	19.623	50.417
586.704	223.074	20.123	50.380
587.591	222.238	20.522	50.455
587.850	221.573	21.047	50.667
588.342	221.615	20.960	50.470
588.697	221.520	21.634	50.496
588.910	221.333	21.476	50.082
590.213	221.452	21.085	50.148
590.184	221.771	21.206	49.452
590.411	221.576	21.028	50.067
590.819	220.197	21.165	51.043
590.825	219.635	21.587	50.814
591.957	219.682	21.072	50.767
592.248	219.661	21.009	50.805
593.036	219.937	20.561	50.687
594.100	219.852	21.228	50.370
594.819	219.103	20.924	50.930
595.206	218.060	21.908	51.615
596.531	217.600	21.160	51.691
597.701	217.426	20.154	51.042
598.401	217.161	19.754	51.369
598.713	217.068	20.700	51.148
599.390	217.313	20.097	50.910
599.216	217.578	21.257	50.812
599.238	217.266	20.719	50.595
599.473	217.497	20.258	50.240
599.786	217.074	19.927	50.448
600.076	216.797	19.715	50.502
600.368	216.021	19.638	51.753
600.149	215.736	19.917	51.580
599.745	215.596	20.949	51.473
599.945	215.588	20.994	51.033
600.425	215.983	20.831	50.694
600.921	215.338	20.106	51.158
601.507	215.601	19.803	50.685
601.347	215.807	20.847	50.254
602.703	215.416	19.835	50.507
602.546	215.257	19.752	50.768
603.194	214.612	19.648	50.910
603.375	214.417	20.178	52.055
603.659	214.962	19.786	51.709
604.312	214.291	20.234	52.254
604.436	214.269	20.253	51.863
604.888	214.411	20.580	51.745
605.292	213.877	19.927	51.554
605.050	215.087	20.172	50.948
605.585	215.383	19.793	50.442
606.139	214.449	19.318	51.350
606.093	214.693	19.238	50.628
606.608	215.139	19.225	50.728
606.266	215.621	19.376	50.457
606.111	214.948	19.733	51.258
605.645	215.045	20.383	51.381
604.939	215.453	20.497	50.979
605.020	215.891	20.254	50.874
604.708	216.038	20.514	50.979
603.610	216.906	21.219	50.392
604.064	216.592	20.678	50.631
602.599	216.952	21.582	50.294
603.035	216.937	20.685	50.705
602.574	217.038	21.578	50.665
602.171	217.425	21.443	50.543
602.340	217.615	20.913	50.401
601.824	217.839	20.502	50.442
601.444	218.308	20.653	50.082
600.606	218.691	20.607	50.211
600.523	218.693	20.362	49.992
599.310	218.462	20.650	50.863
598.732	218.707	19.851	50.395
598.678	218.731	19.878	50.526
597.881	219.185	19.440	50.528
595.822	219.611	20.327	50.403
594.806	219.785	20.829	51.081
593.195	221.001	21.024	50.229
592.671	221.172	20.476	49.872
591.346	220.565	20.032	50.666
590.895	220.922	20.105	50.312
590.608	220.820	19.344	50.428
589.251	222.027	19.806	49.539
589.220	222.991	19.455	48.711
588.607	223.021	19.298	49.051
587.804	223.733	18.686	48.339
587.033	223.725	19.568	49.344
586.276	223.678	20.250	49.637
585.027	223.834	21.039	49.079
584.370	223.959	21.192	49.306
582.576	225.972	21.832	47.475
580.640	226.055	21.419	48.172
580.577	226.992	20.920	47.530
579.047	225.817	20.568	48.746
578.365	225.207	20.600	48.577
577.804	226.140	20.838	48.368
577.438	225.139	20.543	49.327
576.325	225.320	20.753	48.084
575.124	224.562	20.921	49.455
575.842	226.758	20.115	47.729
574.363	225.953	20.834	45.350
573.981	226.419	20.251	48.179
573.034	226.634	20.339	48.464
573.156	226.517	20.742	49.534
573.465	225.191	20.171	51.520
572.132	225.516	20.321	50.639
571.450	226.443	21.140	49.327
567.959	225.470	20.774	51.860
567.341	225.845	22.252	51.105
567.476	226.727	22.311	50.842
566.047	226.198	22.953	50.958
567.511	225.647	21.842	50.941
566.836	226.893	22.171	50.698
567.906	226.233	21.491	51.411
566.731	225.912	21.726	52.678
566.871	226.257	21.856	50.930
566.784	226.983	21.458	50.755
566.477	225.961	21.283	52.381
565.713	227.037	22.024	51.053
564.748	225.943	22.784	53.329
564.099	225.237	22.593	53.844
561.751	222.996	23.883	53.742
561.192	222.164	22.171	52.316
558.978	226.625	22.817	49.380
560.920	227.294	21.594	48.349
560.270	227.049	21.891	48.912
559.743	223.991	21.470	51.937
559.643	226.146	21.564	49.405
560.307	227.794	21.713	47.858
559.773	226.929	21.342	48.487
559.554	224.914	22.111	50.811
558.680	226.341	22.980	50.603
596.020	192.170	24.453	45.556
595.244	191.011	23.850	48.089
592.216	191.141	24.738	46.932
592.956	187.403	23.689	50.087
554.016	230.097	25.464	53.571
554.344	229.223	25.539	52.764
551.780	227.899	25.358	54.670
551.464	227.715	25.125	56.399
551.637	229.344	24.336	54.757
550.233	230.443	21.718	55.119
549.797	232.023	22.477	53.665
548.646	231.416	22.890	53.540
546.780	231.847	24.139	54.124
545.803	233.170	23.752	51.047
545.343	232.364	23.591	53.865
544.562	233.499	23.098	52.651
543.966	233.642	23.269	53.240
543.599	232.257	23.275	55.808
542.745	232.223	23.721	55.643
542.178	232.189	23.046	55.481
541.414	232.045	22.897	55.271
540.069	231.367	24.474	56.770
539.364	231.979	25.190	55.721
539.275	232.088	24.313	56.308
540.066	232.658	23.463	56.335
539.061	232.459	23.400	56.663
538.327	232.846	24.024	56.141
538.341	232.329	24.060	56.333
537.840	232.479	23.467	56.534
537.959	231.807	22.622	58.578
535.964	232.442	23.448	58.702
535.269	233.326	23.494	57.559
535.107	234.113	23.638	57.783
534.896	234.959	22.581	56.495
533.789	235.501	23.608	55.634
532.873	235.827	23.609	55.314
532.574	235.573	24.026	56.416
531.320	236.493	25.386	55.324
530.919	237.624	25.212	53.888
530.165	237.255	25.153	56.108
530.533	237.544	24.786	56.175
529.382	237.701	25.422	57.186
528.672	237.782	25.882	56.797
528.958	236.416	26.159	58.761
528.565	235.730	25.760	58.611
527.744	236.887	26.286	57.952
526.844	238.242	26.674	57.497
527.382	238.688	25.607	57.638
526.845	239.797	24.961	56.476
526.501	238.931	24.522	56.541
525.784	239.139	24.268	56.610
525.424	239.318	24.858	57.110
525.083	239.717	24.249	55.511
524.798	239.903	23.428	57.041
524.329	239.807	24.138	58.837
523.505	239.335	25.361	60.300
523.413	239.465	25.214	59.457
523.092	239.493	25.079	59.304
522.917	239.271	25.269	60.178
522.430	239.602	24.916	60.833
521.573	239.706	24.921	61.367
520.588	242.148	24.906	59.584
519.978	243.203	25.316	58.807
519.710	242.134	25.477	59.805
519.516	241.977	25.073	59.841
518.428	243.351	25.560	58.776
518.497	243.515	24.711	58.668
518.524	243.087	24.951	60.253
518.465	243.844	25.233	60.144
518.487	243.793	24.889	60.856
518.025	244.446	25.196	59.743
518.106	244.031	25.188	60.512
517.837	244.052	24.721	60.898
517.166	244.328	24.821	61.428
515.995	245.501	24.478	60.445
514.715	247.562	25.456	59.467
514.260	249.009	25.127	58.597
514.313	247.532	24.564	59.742
513.593	246.969	24.072	60.707
512.835	247.354	23.785	60.220
512.272	248.688	24.486	58.788
511.493	248.281	25.328	59.380
511.692	248.547	25.260	59.745
511.204	248.168	25.811	60.544
511.321	248.637	25.287	60.563
510.997	247.476	25.317	62.173
510.856	248.569	24.552	61.330
510.318	247.618	24.689	62.756
509.680	248.522	24.546	62.634
509.031	248.110	24.900	63.152
508.221	249.143	24.774	62.653
507.829	249.396	24.215	62.675
506.932	248.794	24.666	63.105
506.883	248.109	24.617	63.941
506.148	248.176	25.334	63.626
506.016	250.058	26.314	62.410
505.543	250.612	26.426	62.457
505.675	252.058	26.886	60.484
505.839	252.181	26.830	61.610
505.527	252.422	26.677	60.637
506.172	252.403	25.925	61.734
506.338	251.311	24.979	63.244
505.796	251.889	25.057	63.458
504.926	253.422	25.556	62.143
504.870	252.599	24.784	63.213
503.810	253.340	25.538	63.499
504.016	253.650	24.942	63.529
502.881	253.379	26.037	63.466
502.526	252.398	26.645	64.845
502.021	252.969	26.713	64.682
501.741	253.093	27.361	65.787
502.702	254.567	26.766	64.509
502.211	256.100	26.754	63.847
502.140	254.674	27.049	65.140
502.440	255.034	26.039	64.731
501.995	253.698	25.696	65.900
501.912	253.678	26.258	66.943
501.533	254.864	26.418	66.273
501.233	255.657	26.313	65.853
501.048	256.800	25.124	64.916
500.058	259.721	25.480	63.003
500.070	256.678	25.359	66.471
499.578	257.976	25.497	65.380
499.583	258.125	25.912	65.367
499.137	257.313	25.656	66.770
498.506	258.095	26.800	65.804
498.629	259.070	26.965	65.904
498.717	259.031	26.300	66.456
498.979	259.410	26.338	65.785
499.065	260.326	26.442	65.514
498.564	260.088	27.249	65.519
498.519	259.519	26.899	66.945
497.756	260.489	27.468	66.104
498.313	260.112	26.710	67.850
498.102	260.479	26.160	67.908
497.227	262.082	26.014	66.589
496.297	262.768	27.348	66.967
495.422	261.830	27.668	68.187
495.202	262.030	26.663	68.395
494.715	261.271	27.049	69.433
494.421	261.751	27.245	69.199
493.674	261.979	27.627	69.245
493.208	263.124	27.971	68.993
492.572	263.707	28.528	68.720
492.106	264.111	28.609	69.057
491.612	264.249	28.674	68.903
491.548	264.281	28.626	69.303
490.493	263.335	28.505	69.925
489.959	264.087	27.946	70.248
489.703	264.637	27.093	70.759
488.278	265.918	27.139	69.784
486.923	267.018	27.808	69.563
486.758	266.344	26.870	70.479
485.172	267.124	27.068	70.436
484.245	266.439	26.919	70.976
483.122	267.101	27.852	71.021
482.755	267.135	27.443	70.662
481.869	268.600	28.772	69.920
481.864	270.790	28.075	68.742
481.680	269.508	27.251	70.299
480.329	270.468	28.002	69.945
480.709	269.342	27.608	71.289
480.387	269.424	27.210	70.931
479.501	269.431	27.563	71.690
479.310	269.713	27.617	71.978
478.306	270.642	27.816	72.039
478.774	271.833	26.489	71.015
477.649	273.592	27.049	70.242
476.833	274.048	27.367	70.339
475.823	273.504	27.243	71.467
474.990	273.943	26.710	71.049
474.618	273.921	27.082	71.270
473.595	273.394	27.571	72.187
472.635	274.163	28.510	71.140
472.950	275.901	28.525	70.500
473.095	276.728	28.187	70.338
472.704	276.803	28.063	70.384
472.865	275.981	27.953	71.452
472.129	274.930	27.865	72.645
471.301	274.991	27.586	73.501
471.147	275.803	26.733	73.143
470.378	276.224	26.479	74.023
470.020	276.859	26.061	73.430
468.725	278.259	27.269	72.678
467.780	278.257	26.881	72.219
467.081	278.520	26.478	72.272
466.254	277.083	25.615	75.667
464.888	277.712	28.538	74.979
464.204	278.205	28.916	74.180
463.579	279.179	29.224	73.603
462.827	280.245	29.736	75.045
462.480	281.257	29.573	74.417
461.497	281.508	29.296	71.336
460.233	281.319	29.527	74.021
459.650	280.168	28.363	74.327
457.674	280.265	28.119	75.380
456.400	281.120	27.817	75.185
452.541	281.986	30.217	74.744
448.155	282.484	33.771	74.169
445.295	283.158	35.680	73.399
444.307	282.901	36.174	74.042
442.375	283.071	34.152	74.870
441.093	281.576	28.456	76.167
438.032	280.469	29.010	76.299
436.933	280.979	29.689	75.846
434.578	282.941	31.990	74.578
431.984	283.294	33.743	74.618
430.001	284.536	33.996	75.355
427.285	284.801	32.738	73.441
425.113	283.986	33.144	74.756
423.572	283.708	32.085	76.596
421.118	283.154	30.083	76.545
419.503	283.073	28.747	76.872
417.385	283.953	30.195	77.022
414.696	285.253	31.405	76.546
410.944	286.099	32.808	75.858
407.419	286.388	34.389	77.137
405.340	285.999	30.628	78.136
403.184	285.779	28.860	76.852
399.836	286.512	29.342	74.310
397.006	285.115	30.721	76.528
394.841	284.445	33.528	78.495
392.664	288.333	34.666	75.661
391.113	289.908	33.400	75.623
388.631	290.077	31.476	75.935
386.968	289.972	30.649	73.926
385.605	292.901	30.899	71.118
382.896	288.984	27.685	76.775
381.153	287.345	26.930	76.437
371.205	293.813	32.038	82.699
367.032	308.292	34.500	87.823
366.829	308.002	34.074	69.437
363.451	293.005	35.321	79.568
361.910	287.355	37.311	83.622
357.642	298.848	34.693	74.785
352.517	293.076	33.160	78.439
351.534	294.472	31.813	77.771
346.703	297.537	34.360	75.491
345.506	300.279	34.324	72.782
343.801	299.987	32.480	74.657
341.757	295.563	31.817	78.140
338.695	296.612	30.213	78.532
333.988	298.291	31.397	75.393
331.171	295.174	33.810	78.232
323.775	294.521	35.277	79.328
319.726	295.297	38.459	79.674
318.378	295.818	37.055	82.087
316.899	296.664	35.396	80.818
313.622	294.215	31.499	82.392
308.590	291.787	32.404	85.168
307.548	291.042	32.446	87.032
304.731	294.327	33.590	83.389
302.643	297.941	35.163	78.973
301.250	299.714	33.288	74.965
300.598	297.628	31.175	79.138
297.135	285.758	28.350	87.295
291.025	294.603	31.195	77.998
288.138	291.523	30.703	85.389
285.421	294.842	31.562	82.794
279.188	297.964	36.160	81.648
276.596	298.143	38.853	80.519
274.104	297.463	40.163	83.709
273.128	300.434	38.762	81.749
270.959	297.486	33.833	83.821
267.921	294.310	33.695	86.921
266.048	289.307	34.581	93.321
265.835	291.024	33.280	91.555
262.965	291.480	29.918	92.507
259.410	292.392	32.895	92.563
256.506	291.089	34.005	94.134
254.546	288.109	32.584	97.183
253.036	291.478	31.353	94.780
250.303	287.976	32.113	98.939
245.723	287.160	31.021	100.120
242.530	290.785	31.342	96.054
235.971	288.174	37.067	98.723
230.249	292.590	42.129	94.603
225.733	295.102	45.018	93.559
224.093	296.982	44.843	91.915
220.976	300.396	43.851	89.535
218.168	297.828	37.818	92.826
213.310	297.518	37.221	93.401
210.286	299.485	36.562	91.519
206.488	302.608	37.848	89.129
202.620	303.568	39.695	89.806
200.870	304.981	39.355	86.944
197.420	305.552	35.762	87.055
192.672	303.415	34.741	90.597
190.576	303.257	34.238	90.262
186.207	303.329	35.308	90.978
183.036	305.653	36.613	89.342
177.428	307.187	39.493	89.069
173.273	308.447	42.350	88.699
171.898	310.826	42.210	89.308
169.497	312.163	41.526	89.322
166.687	312.765	40.674	89.331
164.292	312.091	38.101	90.946
158.491	312.332	34.580	92.542
154.686	312.362	37.687	91.524
