525.000	55.000	19.000	39.000
523.293	55.965	20.099	37.578
523.504	54.025	20.679	39.182
524.726	55.471	19.272	38.677
523.814	53.317	19.254	40.331
524.716	54.016	18.558	39.624
524.372	54.487	19.019	37.529
524.247	55.381	19.455	38.044
524.305	55.352	18.862	38.611
524.493	55.864	19.468	38.287
524.018	55.251	19.878	37.417
524.985	54.196	18.565	38.957
525.297	55.693	18.693	37.689
525.689	54.562	18.913	37.458
526.248	55.547	18.639	38.157
526.391	54.830	18.442	38.522
526.872	55.142	18.485	37.400
526.853	55.662	18.975	38.336
527.371	56.143	18.373	37.901
527.067	56.155	18.407	37.598
526.626	56.038	18.697	37.814
526.213	55.930	18.862	38.510
526.021	55.649	18.480	38.892
525.742	56.202	18.736	38.269
526.131	57.239	18.367	37.967
526.292	56.012	18.160	39.587
526.707	56.775	17.460	38.830
526.630	56.489	17.888	38.466
526.539	57.246	18.109	38.319
526.196	57.048	18.585	37.519
526.078	56.755	18.770	38.348
526.150	56.592	18.176	39.226
525.833	56.264	18.624	39.108
525.760	57.210	18.586	38.484
525.472	57.276	18.603	38.767
524.604	56.098	18.940	39.799
524.515	57.339	19.340	38.181
523.743	57.010	19.922	38.460
523.240	57.379	20.078	37.762
522.840	56.807	19.987	39.198
522.027	57.873	20.340	38.478
522.183	57.516	20.268	39.518
522.074	57.362	20.529	39.600
522.445	57.300	19.945	39.387
522.956	57.063	20.010	38.839
522.999	56.594	20.623	38.635
523.461	57.056	19.766	39.245
523.858	56.445	19.866	40.098
524.017	56.540	18.880	39.681
524.063	56.636	19.631	40.203
524.559	56.353	19.558	41.380
524.568	56.925	19.442	40.125
523.994	56.114	20.438	40.960
524.373	57.062	19.269	40.379
523.947	56.721	19.605	39.439
523.485	56.259	19.580	39.099
523.138	57.004	19.977	38.479
522.478	56.636	20.541	39.398
522.707	56.521	20.238	42.096
522.475	56.503	20.242	41.907
522.197	56.532	20.399	41.453
522.384	56.525	20.115	39.822
523.044	55.923	19.755	40.724
523.282	57.088	19.858	39.428
523.999	56.501	19.228	41.720
524.171	57.426	19.168	40.270
524.726	57.427	18.926	40.946
524.888	57.885	18.618	41.347
525.094	58.981	18.761	39.238
525.346	58.272	17.915	39.654
525.143	57.792	18.590	39.827
525.031	57.248	18.873	39.999
525.334	56.836	18.685	40.606
524.759	57.371	19.586	39.954
524.669	58.448	19.936	39.992
524.185	58.161	21.119	41.495
524.016	57.922	20.942	42.312
524.497	58.773	20.434	40.280
524.672	57.395	20.785	40.750
525.728	57.901	19.678	39.968
525.956	57.579	19.506	40.514
526.913	58.254	18.909	39.820
527.299	57.960	18.369	40.222
527.201	57.822	18.523	40.584
527.042	59.249	18.703	40.377
527.000	60.119	19.112	39.604
527.385	60.609	18.386	37.024
527.796	59.940	18.905	38.110
527.592	59.666	18.843	38.333
527.646	59.783	19.545	37.865
527.650	58.939	19.340	38.614
527.676	60.274	19.735	37.527
527.355	60.952	20.319	36.684
527.581	61.239	20.501	36.880
527.366	61.608	21.028	35.980
528.340	60.368	20.159	37.507
529.475	61.328	19.532	37.590
529.475	61.030	19.652	38.060
530.628	60.415	19.057	38.673
530.327	60.614	19.019	38.137
530.563	60.618	19.111	38.574
530.537	61.167	19.547	38.452
530.017	61.001	19.887	39.342
530.669	60.932	19.983	38.456
530.276	61.818	19.719	37.793
530.471	61.415	19.636	38.713
530.596	61.842	19.652	38.556
530.360	61.341	20.942	38.700
530.261	60.702	20.832	38.852
530.830	61.276	20.786	38.538
531.272	61.382	20.879	39.753
532.123	61.025	20.062	39.269
531.591	62.000	21.596	37.657
532.981	61.758	20.401	37.701
532.943	61.896	20.347	39.042
533.722	61.566	20.872	40.893
534.224	62.215	21.088	40.896
534.380	62.907	21.147	38.930
535.631	62.603	20.530	42.034
535.872	61.755	21.009	42.442
537.085	63.114	20.046	38.518
537.206	62.623	19.439	42.795
537.173	62.101	19.891	41.644
538.022	62.370	19.859	40.573
538.059	61.624	20.034	42.834
537.872	62.944	21.133	41.735
538.372	62.090	21.272	42.601
538.570	63.418	21.741	42.473
539.060	62.558	21.471	43.700
539.217	63.923	21.778	40.942
540.935	63.450	20.658	42.419
541.508	62.477	20.725	43.268
541.461	63.510	21.305	42.079
542.302	63.745	20.721	42.501
542.663	62.585	20.243	43.507
543.302	62.792	20.261	43.752
543.822	62.817	20.298	43.706
543.474	63.676	20.471	42.223
543.744	62.626	20.189	43.524
543.929	62.632	20.760	43.180
543.818	61.703	21.176	44.352
544.053	62.009	21.808	43.522
544.580	62.212	21.288	43.475
545.226	62.342	20.996	43.831
546.842	62.564	20.592	43.243
548.364	63.110	19.377	42.843
548.687	61.778	19.917	44.558
549.259	62.283	19.412	45.033
549.226	62.243	20.048	44.667
549.258	62.757	19.769	43.827
549.366	63.315	20.375	42.416
549.614	63.458	20.587	42.366
550.042	62.148	21.419	43.874
550.372	61.475	21.244	45.554
550.903	63.111	21.103	42.911
551.486	65.715	20.736	41.340
551.244	64.993	21.457	42.887
551.863	65.605	21.097	41.937
553.969	64.664	20.358	42.767
554.804	64.690	19.207	42.722
555.740	65.315	19.324	41.457
556.043	64.704	19.194	42.530
556.417	65.200	18.823	41.833
556.613	64.792	18.343	42.735
557.120	65.591	18.829	43.111
557.213	66.057	18.928	42.783
557.707	66.279	18.763	41.436
558.332	66.396	18.341	41.778
558.353	65.625	19.062	41.816
559.221	65.088	18.486	42.722
559.140	65.074	19.535	42.021
559.047	65.285	19.701	41.457
559.448	65.224	19.513	42.776
559.494	65.633	20.048	43.084
559.737	64.509	19.784	44.216
560.602	65.676	19.537	41.807
561.507	65.568	19.152	43.334
561.693	64.527	19.096	43.903
561.468	63.651	19.452	44.531
562.039	64.548	18.991	44.135
562.050	65.226	19.188	43.056
562.398	65.675	19.250	44.883
562.384	64.860	19.905	45.418
562.788	64.867	19.022	45.621
562.545	65.069	19.084	43.586
562.337	65.785	19.958	42.584
562.519	66.079	19.634	42.349
562.201	66.511	20.055	42.368
562.168	66.388	20.713	42.452
561.533	66.226	21.003	43.257
562.036	67.155	20.864	43.148
562.453	67.024	20.717	43.075
563.445	66.977	19.839	43.277
563.069	67.570	20.124	41.843
564.876	67.518	18.611	41.990
565.101	67.671	18.131	41.266
564.848	67.273	18.710	43.098
564.757	67.854	18.976	41.677
565.038	68.037	18.737	44.945
564.392	66.951	19.164	44.925
564.530	66.936	19.122	43.884
565.010	66.808	19.062	44.986
564.928	67.105	19.455	44.357
565.356	68.009	18.781	43.207
564.774	68.242	20.237	42.598
564.831	67.961	20.521	43.021
564.914	67.887	20.399	43.575
564.740	68.244	20.865	45.197
564.713	67.784	21.212	45.318
564.709	68.689	21.135	43.383
566.462	69.562	19.957	42.840
566.187	68.096	20.785	44.119
567.257	68.549	20.187	42.596
567.200	68.051	20.404	44.222
567.591	68.842	20.583	44.327
568.378	70.101	20.810	42.970
567.719	69.271	21.152	43.749
568.606	69.043	21.231	44.832
569.325	69.927	20.207	43.186
571.932	71.319	21.533	40.877
573.017	71.141	21.585	42.455
572.639	72.155	22.021	41.367
574.324	71.396	21.538	41.198
574.745	71.849	21.082	41.041
575.442	70.364	21.012	41.596
577.686	70.450	19.133	41.705
578.024	70.577	19.171	43.780
578.532	71.094	19.140	41.948
578.606	70.966	19.716	41.805
578.940	71.413	19.501	42.666
