571.000	225.000	33.000	76.000
568.053	223.913	33.901	77.728
565.298	224.849	34.221	77.170
563.083	224.035	33.352	77.711
559.863	223.523	32.324	77.657
558.742	224.094	32.473	78.200
557.210	224.006	29.749	78.151
552.542	225.475	32.970	77.800
548.866	225.657	34.793	77.167
547.420	227.324	34.622	75.137
543.588	226.571	35.093	76.544
541.997	226.052	31.704	77.724
539.067	224.380	28.875	79.190
536.634	224.951	27.294	79.136
534.615	224.429	28.583	79.250
529.039	225.352	32.731	79.095
526.691	226.591	33.689	77.789
521.842	227.289	36.355	76.765
520.578	227.088	37.095	77.744
518.298	227.446	36.542	78.074
516.628	226.636	36.223	78.242
513.004	226.368	34.325	78.552
511.615	226.839	33.025	79.113
508.231	226.358	32.011	79.202
506.006	226.758	31.564	79.736
503.201	226.649	32.453	79.100
498.003	227.617	34.753	78.294
497.053	228.346	34.593	77.888
494.572	228.982	35.712	77.794
492.324	228.255	34.529	78.682
490.407	228.201	33.669	79.207
487.307	227.562	29.356	79.342
485.544	226.983	28.888	79.436
482.930	226.265	28.418	81.427
480.443	227.720	29.930	80.159
473.421	229.429	35.257	77.935
472.563	230.209	34.987	76.815
470.482	229.893	35.314	78.062
468.720	230.803	35.605	76.038
466.310	229.440	36.302	76.546
463.005	229.724	34.961	76.966
461.385	229.653	33.921	77.529
456.954	227.922	32.062	79.772
455.934	228.512	31.003	78.562
451.900	227.722	32.520	80.083
449.709	228.661	33.210	79.936
446.719	230.417	34.591	77.468
443.531	231.089	35.736	78.488
441.779	230.990	35.686	78.245
438.634	230.663	34.220	76.458
436.911	230.513	31.166	77.480
433.987	229.973	30.242	78.553
432.513	230.049	29.714	79.801
428.904	230.010	30.657	79.809
426.756	230.228	32.590	78.273
419.764	232.014	35.806	77.549
420.543	232.265	35.141	75.681
414.992	232.735	36.515	76.436
410.718	232.460	34.960	77.551
407.987	229.949	33.822	81.143
404.104	230.351	32.989	78.800
402.349	230.760	33.403	79.281
399.719	230.546	33.503	81.706
393.237	231.262	35.352	79.859
392.617	232.454	33.556	80.701
388.933	234.004	34.173	78.010
388.554	234.299	32.621	77.856
385.333	233.575	30.532	78.476
383.475	232.974	32.327	79.708
381.293	232.837	29.298	80.084
380.116	232.215	27.658	81.544
376.576	232.185	28.932	81.891
373.608	232.855	31.024	80.786
365.279	234.723	36.826	77.783
364.284	235.087	37.707	77.761
362.489	235.011	35.688	78.907
359.957	234.581	35.276	79.812
358.378	235.054	34.772	79.138
354.925	235.460	33.252	80.474
352.989	234.045	32.296	81.134
349.307	233.787	32.170	82.347
347.924	234.218	33.168	81.887
342.820	235.589	34.747	80.254
340.733	236.662	35.817	79.376
337.392	237.571	36.966	79.530
337.127	237.869	34.887	78.689
334.371	236.827	34.992	80.762
333.127	236.054	32.937	80.846
330.407	235.378	30.767	82.168
328.484	235.926	28.719	82.469
325.961	235.615	27.147	83.064
317.810	235.914	33.584	83.104
315.294	237.280	35.512	80.780
310.136	238.124	37.892	80.866
310.504	238.633	36.055	80.533
306.765	238.612	37.251	81.264
304.897	238.965	36.723	80.757
301.504	237.580	34.381	82.688
298.057	238.385	33.381	81.743
296.513	237.261	33.170	83.980
291.960	238.793	34.626	81.675
289.625	239.133	35.172	81.545
286.160	240.419	37.434	81.107
285.633	240.481	36.823	81.189
281.910	239.889	37.604	82.073
280.964	239.393	34.987	82.241
278.071	238.365	32.207	83.903
276.110	237.682	28.722	85.297
275.169	237.941	27.798	85.483
271.782	238.454	28.330	84.452
270.071	240.582	28.649	82.363
258.442	240.850	39.591	83.237
259.851	241.120	38.149	82.822
256.785	242.185	38.203	83.072
254.541	241.747	36.389	83.449
252.206	240.883	35.150	84.214
248.077	240.707	33.135	85.096
244.975	240.686	36.042	85.180
242.110	241.161	34.891	84.500
240.197	241.598	35.187	84.607
234.796	243.103	37.758	82.533
233.973	244.298	37.130	81.272
232.090	244.225	36.630	82.397
229.743	243.398	35.177	82.798
226.692	243.033	30.707	84.371
224.185	242.027	27.762	86.388
222.165	241.579	27.329	86.363
216.483	243.319	30.812	86.046
208.133	243.560	37.913	84.654
207.784	245.236	36.301	82.130
204.129	244.986	38.262	83.572
202.233	245.162	37.147	83.149
200.813	245.280	35.855	83.928
196.560	244.751	35.027	84.901
195.079	244.188	33.016	85.372
191.090	244.211	33.761	86.974
188.645	243.812	34.961	86.134
182.220	245.800	37.424	83.998
