195.000	254.000	39.000	103.000
195.172	257.439	44.951	98.178
197.554	259.091	44.388	96.376
199.910	259.350	44.075	96.655
202.661	260.461	43.227	96.170
204.192	260.231	43.060	96.120
206.599	260.949	42.951	96.326
207.915	261.495	43.468	99.237
210.727	262.800	44.517	99.555
213.627	265.046	45.178	99.162
216.725	266.221	43.788	97.299
219.381	265.061	43.283	99.097
223.495	265.765	42.952	98.930
226.495	264.549	42.791	98.865
231.296	265.446	42.243	99.223
234.451	265.128	43.495	98.998
236.126	265.304	44.574	101.145
238.807	267.740	44.637	99.471
241.490	269.380	44.429	98.970
244.292	269.439	44.275	98.789
246.444	271.107	44.716	96.368
249.238	270.646	43.764	96.320
251.026	270.325	43.862	96.875
253.993	270.909	43.984	98.447
255.719	270.961	43.943	99.891
258.520	270.268	45.356	103.599
262.176	270.738	47.617	104.802
264.129	270.894	50.391	105.896
268.810	273.040	49.428	102.941
272.170	271.577	44.739	102.912
275.465	269.254	44.559	105.811
273.215	269.591	51.387	105.503
277.244	269.378	48.988	108.506
283.815	271.302	47.575	109.595
286.620	275.904	46.985	106.990
288.663	277.380	47.410	105.930
292.142	279.391	49.334	105.090
295.280	281.020	47.313	104.717
298.002	281.277	47.117	105.499
300.215	281.076	46.516	106.698
304.174	281.263	44.139	106.943
306.438	280.862	44.545	110.792
308.939	281.846	45.644	111.022
310.760	283.185	47.886	109.758
313.710	284.774	48.527	109.935
316.462	285.411	48.624	109.922
320.446	284.645	48.626	110.876
326.240	283.669	47.089	111.114
330.703	282.767	47.025	113.692
334.788	283.060	47.945	112.951
338.659	283.857	48.504	112.673
342.871	283.882	47.859	114.711
345.992	287.197	49.939	112.075
349.140	290.065	52.569	110.767
352.983	291.184	51.919	111.214
356.178	290.430	51.999	112.814
362.145	290.669	48.158	113.034
366.300	290.346	46.977	113.749
370.250	290.116	47.400	114.928
374.147	289.716	48.778	115.736
377.577	291.661	54.376	116.198
382.150	293.307	59.790	114.958
384.525	294.167	58.582	116.789
389.574	296.052	56.225	114.292
397.050	295.616	52.478	115.012
405.511	295.098	49.415	115.195
410.126	294.997	48.574	116.824
414.687	294.135	49.563	117.221
418.323	298.018	50.193	113.675
422.088	299.774	53.978	114.769
426.900	303.609	55.826	110.826
431.666	304.742	53.807	110.631
434.946	302.599	54.007	112.399
439.555	302.323	49.844	114.209
444.136	302.406	49.903	116.887
448.789	299.702	50.239	120.172
451.707	303.984	55.150	116.436
455.118	306.514	56.829	114.371
458.256	307.373	55.437	115.332
461.881	309.503	54.914	115.252
468.090	306.369	53.655	118.415
474.422	308.091	50.891	118.656
479.638	306.259	51.101	119.422
485.564	308.042	51.775	120.363
491.048	309.146	53.594	118.178
493.460	312.497	57.197	115.366
496.013	313.093	57.874	115.723
499.660	314.750	57.340	116.889
499.295	314.180	60.033	117.725
504.523	313.953	58.277	119.007
509.226	314.182	55.687	117.942
515.720	312.523	53.970	119.983
520.943	312.408	54.327	122.285
526.372	313.994	60.510	123.187
529.096	315.732	63.393	122.015
533.714	314.968	62.498	125.130
538.409	317.989	61.577	124.491
545.050	317.515	57.986	125.294
551.840	316.303	54.843	125.893
558.710	313.307	51.693	126.914
561.788	315.616	51.508	124.675
567.244	316.155	52.731	125.050
