543.000	236.000	37.000	96.000
503.826	234.545	40.136	90.247
511.838	233.940	38.451	94.302
503.901	233.030	36.328	89.818
498.543	232.568	38.750	91.659
491.643	233.961	37.811	88.892
483.045	232.380	34.737	81.350
475.959	231.289	37.879	81.979
467.222	229.537	43.529	85.613
459.602	229.998	38.262	83.223
454.008	227.799	35.068	79.915
447.498	226.762	33.033	85.467
427.286	226.993	40.083	88.935
425.537	225.614	36.894	86.004
422.273	225.231	36.881	89.108
416.921	225.859	34.082	81.390
411.277	223.129	33.886	79.136
405.588	222.319	32.217	83.256
398.188	223.676	33.334	80.143
389.361	222.897	34.534	82.351
382.564	222.636	35.282	81.736
375.752	222.388	36.391	80.223
370.882	221.313	36.332	83.367
368.088	221.305	33.980	78.980
364.349	220.868	33.007	77.270
360.462	220.221	32.485	81.286
343.979	219.602	34.159	73.287
318.653	215.773	36.160	72.507
323.927	215.329	33.400	74.025
319.285	215.114	33.390	76.900
313.826	216.325	34.666	77.848
287.947	216.413	27.455	75.411
288.082	215.590	31.142	77.988
285.567	216.684	32.187	75.636
270.021	216.564	32.876	74.075
265.456	216.618	30.780	72.839
261.058	212.420	32.641	77.181
256.677	214.437	36.860	78.957
247.759	214.165	39.280	78.789
245.021	213.114	32.666	79.924
238.963	212.034	31.039	79.913
232.336	210.946	31.137	79.798
227.597	211.686	32.599	81.078
222.817	212.592	35.932	79.505
219.528	211.852	35.013	80.013
216.068	211.195	30.541	77.578
211.601	211.224	28.057	77.851
203.015	211.780	31.753	77.460
193.965	213.460	37.828	77.321
170.382	211.969	32.004	77.133
161.519	212.628	36.115	76.977
168.548	213.735	35.642	78.909
159.470	213.554	38.210	80.095
155.374	213.718	35.249	76.762
153.098	213.644	29.560	76.316
142.811	211.017	31.209	75.158
139.370	214.339	32.216	75.660
131.964	213.539	35.710	76.792
125.706	214.804	43.861	80.807
123.883	214.561	40.129	82.298
120.932	214.740	36.365	78.408
116.927	213.603	31.375	80.464
109.245	214.081	33.081	79.458
103.815	213.291	33.733	77.899
95.836	215.093	41.822	78.083
90.893	213.492	44.519	81.481
89.910	211.729	38.753	83.377
81.782	210.023	35.443	84.461
73.078	208.447	33.565	84.791
68.296	212.648	32.005	77.534
62.941	220.912	31.794	72.473
52.638	215.541	32.127	75.266
40.757	208.873	31.824	80.692
37.754	212.626	29.507	76.583
30.474	217.725	31.533	73.934
27.694	216.244	31.995	76.375
18.311	215.049	31.305	75.676
