420.000	287.000	32.000	90.000
415.488	287.033	38.379	91.475
409.135	287.353	41.979	89.818
405.091	286.779	43.143	89.230
406.754	286.318	39.243	89.525
406.527	285.466	35.552	89.458
408.680	284.493	30.874	90.752
406.773	281.938	31.198	94.148
405.666	281.741	30.740	92.668
404.335	282.383	30.905	92.299
402.299	282.598	31.183	92.394
399.585	282.689	31.926	92.089
396.704	283.136	33.094	90.107
395.017	282.539	33.545	90.790
394.139	281.504	33.016	90.494
392.232	279.203	34.052	94.852
390.728	279.169	34.961	93.299
388.836	279.784	35.660	91.346
388.356	280.293	36.624	90.913
386.438	281.655	37.999	89.044
385.904	282.117	35.559	87.607
384.405	281.984	34.268	87.264
382.482	279.957	32.754	88.636
381.499	279.127	32.445	90.368
379.380	277.387	33.553	90.174
377.728	277.068	34.405	88.518
376.896	276.476	34.008	89.376
376.299	276.679	32.992	89.875
375.048	278.172	32.400	86.953
374.089	277.927	32.343	86.182
372.709	276.769	31.314	86.778
371.980	277.744	30.537	85.821
370.537	275.800	30.641	87.988
369.547	275.265	31.069	88.066
368.847	273.673	30.782	89.030
368.070	273.352	30.708	89.822
367.394	273.891	31.100	88.571
365.310	275.004	32.696	87.127
363.779	275.941	33.463	84.004
362.684	276.332	33.419	83.145
362.227	275.020	32.644	83.007
361.301	273.514	32.998	84.518
361.632	271.411	33.121	86.199
360.354	269.967	34.500	85.599
359.399	268.831	34.616	86.286
358.048	268.163	35.271	85.190
357.587	269.571	34.356	84.979
356.328	270.111	34.241	84.343
355.532	271.441	33.365	82.345
355.202	269.958	32.088	83.190
354.882	269.394	30.249	83.951
353.769	266.640	29.501	87.818
352.340	264.980	30.247	88.223
351.510	263.553	30.357	89.638
350.710	263.568	30.434	88.148
349.649	264.530	31.519	85.639
348.115	265.824	32.518	83.362
346.771	267.094	33.426	82.288
344.888	266.797	33.949	81.395
343.985	265.429	32.991	82.256
342.979	262.199	32.602	86.146
342.805	260.452	31.768	86.638
342.733	259.234	30.651	89.471
341.199	259.557	31.586	88.351
340.508	260.867	31.515	85.017
339.039	262.351	32.912	81.821
337.997	262.441	32.886	81.392
337.505	262.789	31.558	80.919
336.546	260.586	30.741	82.470
336.470	258.984	29.230	85.486
335.920	256.423	28.688	89.074
335.078	256.308	29.187	87.386
334.536	256.324	29.349	86.694
333.538	256.899	30.471	85.281
331.837	258.054	32.281	83.897
331.180	258.914	32.697	81.761
328.511	258.725	34.790	80.749
328.116	257.567	33.623	80.682
327.069	256.175	32.787	82.258
326.207	255.562	32.400	83.190
325.627	253.833	31.355	84.686
325.086	253.885	30.813	84.102
324.146	254.111	30.495	82.621
322.546	255.328	31.225	80.625
322.496	257.077	29.229	76.634
320.885	256.271	29.036	77.243
320.462	255.715	27.843	76.284
319.574	252.235	27.274	82.686
318.901	251.211	27.172	80.931
317.795	248.389	27.468	84.674
316.712	247.320	28.281	83.794
316.223	246.053	28.481	85.502
314.575	248.382	31.056	83.807
312.477	251.180	32.733	79.323
311.511	254.791	32.725	75.445
310.638	252.919	32.054	76.730
313.812	252.156	31.596	76.553
317.026	249.337	30.673	79.365
321.298	245.872	30.637	83.812
324.191	245.496	29.372	85.045
326.826	245.048	29.601	84.067
329.754	245.120	29.767	85.109
332.052	247.351	30.634	78.510
335.849	247.936	30.590	77.170
339.156	247.378	30.334	77.302
340.761	245.773	29.759	76.767
345.009	243.679	29.393	77.893
348.280	241.987	29.359	80.093
351.426	240.421	30.466	81.569
354.001	239.973	31.930	80.695
358.242	242.123	32.593	77.410
360.479	244.374	34.849	76.227
365.054	244.524	33.987	77.467
368.175	243.736	33.124	76.653
371.927	241.789	32.649	80.460
375.343	239.249	32.833	83.616
378.790	235.924	33.628	85.308
382.520	237.740	35.158	84.407
386.703	236.944	34.931	82.757
389.238	238.270	34.130	80.167
393.497	239.657	31.348	77.283
396.239	239.861	33.201	76.700
399.699	239.913	33.250	76.764
404.649	238.852	31.015	77.404
407.735	236.732	31.051	81.185
413.252	235.724	29.115	79.711
416.812	233.955	30.318	82.904
420.069	234.339	30.474	80.975
424.995	236.149	30.015	76.682
429.828	236.623	29.141	75.976
429.116	236.096	30.072	74.913
429.405	237.515	29.516	73.776
427.991	235.079	29.705	77.727
428.763	235.235	28.911	77.003
427.233	232.818	28.344	79.621
425.999	231.953	29.537	80.170
425.813	232.470	29.704	78.284
425.891	232.694	28.866	76.569
426.560	234.047	28.224	75.257
425.829	235.307	28.028	72.450
425.355	235.775	26.927	71.150
425.106	234.657	25.490	72.964
424.457	233.771	25.327	74.621
423.628	234.542	25.464	73.039
422.957	232.575	25.999	73.883
421.968	230.657	27.051	75.166
421.153	230.119	28.291	75.775
420.258	231.990	28.705	73.552
419.111	231.866	29.193	73.161
417.650	233.082	29.234	71.986
416.610	230.972	27.170	74.389
415.261	230.657	26.176	75.203
413.620	230.778	26.331	73.415
412.396	229.435	25.950	74.040
412.098	229.336	25.121	73.288
410.608	229.949	24.389	71.704
409.185	230.080	25.369	71.062
407.940	230.128	24.497	71.284
406.341	230.155	25.065	71.912
404.618	229.277	25.276	72.535
402.460	227.237	26.053	74.224
400.597	226.349	27.735	74.789
399.225	225.488	29.391	74.241
398.266	225.239	30.189	73.693
397.339	225.442	31.474	74.920
395.041	225.585	33.390	73.708
393.657	226.087	33.450	73.970
391.897	226.609	33.036	70.984
390.323	227.044	30.609	71.842
387.970	225.544	30.443	72.507
386.838	224.684	27.826	73.948
384.881	223.284	28.846	74.018
384.225	223.029	28.042	73.181
382.723	223.409	26.685	72.636
381.319	223.450	26.403	72.443
380.002	225.213	25.966	69.926
378.119	225.689	25.136	67.369
376.161	225.563	25.720	69.343
374.417	224.738	24.763	69.871
372.900	223.229	25.630	72.168
370.898	221.969	26.510	74.216
369.261	220.916	27.345	73.358
367.069	221.645	29.391	71.402
365.671	221.286	30.466	71.736
364.565	221.657	31.411	71.995
363.239	222.161	31.600	71.176
361.426	222.164	29.959	70.391
359.970	222.772	29.078	70.177
364.262	221.613	28.068	70.407
364.110	220.362	29.010	72.794
368.735	219.195	26.672	72.378
369.658	217.759	28.878	73.706
373.365	219.276	26.907	71.503
376.490	219.942	28.011	69.888
378.603	220.949	27.233	69.630
382.001	221.769	25.183	68.445
383.488	220.671	25.085	69.625
386.761	219.444	23.750	69.665
388.990	216.831	25.870	71.936
391.236	216.116	27.473	72.348
393.479	215.775	29.566	69.521
395.704	215.524	30.493	69.802
398.854	216.505	30.824	69.171
400.437	217.405	32.134	67.928
402.647	217.876	30.195	68.002
400.090	217.551	28.980	68.096
397.785	216.321	28.503	68.799
396.218	214.166	26.176	69.932
393.381	213.684	27.279	70.073
392.401	212.953	26.457	70.009
391.332	212.684	25.171	69.131
389.712	213.129	25.389	69.704
387.982	215.082	24.569	67.933
386.647	215.125	24.529	68.633
385.278	214.202	23.760	70.444
383.743	213.103	22.553	68.782
382.068	212.186	23.228	69.272
380.421	210.293	24.181	70.086
378.521	210.544	25.456	69.582
376.238	210.396	27.466	69.332
374.027	211.972	29.106	67.598
372.305	212.746	29.243	66.192
370.700	212.982	29.075	66.834
367.975	213.594	29.318	65.397
366.527	210.870	28.287	67.099
365.332	210.583	27.108	67.120
363.521	208.356	26.662	68.483
361.654	208.240	26.416	67.812
359.336	208.037	26.715	68.091
357.360	208.628	26.814	66.951
355.288	209.816	26.118	65.227
353.613	210.998	25.990	63.622
352.112	211.431	25.837	62.422
351.525	210.325	24.488	63.065
350.400	208.915	24.054	65.121
349.273	206.866	23.002	66.073
346.853	206.190	24.479	67.768
344.393	205.739	26.278	67.954
342.088	205.966	27.679	66.545
341.322	207.291	27.479	65.550
339.355	207.532	27.542	63.785
338.144	208.507	26.459	63.430
336.497	208.057	25.692	63.271
334.933	206.936	25.100	64.157
333.896	205.401	24.922	65.470
332.300	204.534	24.210	66.074
330.368	204.148	23.868	66.006
328.491	203.084	24.153	66.301
326.845	205.199	24.191	63.157
325.216	206.042	24.420	62.030
323.662	206.235	24.249	61.309
322.328	206.610	23.206	61.428
320.474	204.709	22.941	62.855
320.024	203.447	21.867	64.822
318.223	202.299	21.645	66.088
315.809	201.591	23.410	66.445
314.273	201.987	23.990	65.561
313.360	201.783	24.459	65.436
312.195	203.489	24.721	62.480
310.937	204.101	24.310	61.573
309.075	203.280	24.351	61.903
308.088	202.017	23.159	61.864
307.078	201.054	22.709	62.934
306.380	198.422	22.601	66.127
305.363	198.386	22.450	65.891
303.860	198.709	22.662	63.922
302.055	200.802	23.214	61.124
300.917	201.796	23.302	60.124
299.847	201.885	23.106	60.415
299.213	201.340	22.492	60.922
298.239	200.447	22.195	61.798
297.116	199.286	22.540	62.893
296.479	198.374	21.974	63.890
295.797	197.863	21.985	63.585
294.603	197.462	22.375	63.745
293.613	198.914	23.211	61.893
292.705	199.183	23.510	60.868
292.329	201.151	22.976	58.468
291.324	199.835	22.624	59.164
290.786	199.357	21.836	59.723
290.005	197.743	21.779	61.337
289.257	196.331	22.496	62.303
288.839	195.854	22.100	62.408
287.815	195.570	22.433	62.777
286.808	196.867	22.804	60.321
286.534	198.143	22.134	58.576
285.693	197.357	22.539	58.941
285.435	199.195	21.267	57.072
284.284	197.183	21.795	59.480
283.683	195.373	21.674	61.612
282.990	193.485	21.794	64.025
282.115	193.050	21.666	63.856
281.437	193.519	21.786	63.229
280.599	193.498	22.127	62.408
279.912	195.322	23.383	59.764
278.778	196.319	24.410	57.340
278.339	196.847	24.313	56.978
278.028	197.125	23.507	56.382
277.750	194.584	23.111	59.163
276.591	193.274	24.079	60.811
275.458	192.167	24.669	61.183
274.928	191.702	24.940	60.973
274.056	193.326	24.985	58.065
273.430	194.288	24.581	56.314
273.197	194.674	24.132	56.273
272.410	195.195	23.301	55.920
271.372	193.922	23.490	57.262
270.991	194.007	22.892	56.875
270.320	191.266	22.053	59.880
269.719	190.168	21.738	60.889
268.717	188.441	21.920	62.164
267.820	189.187	22.583	60.213
266.681	189.465	23.528	58.910
266.067	191.460	23.892	57.471
265.037	192.078	24.387	56.333
264.563	192.203	23.746	55.709
264.280	192.148	23.263	55.497
263.883	190.729	22.676	57.232
262.384	187.687	22.899	60.578
261.396	188.227	22.530	60.219
259.489	187.823	23.339	59.164
258.634	188.466	23.694	57.856
257.776	189.208	23.730	57.178
256.947	190.317	24.358	56.502
255.884	190.663	24.057	55.714
255.327	189.258	22.635	57.170
254.902	187.441	21.577	60.306
253.969	185.852	21.279	60.646
253.035	185.526	20.896	61.293
252.070	184.570	21.044	61.650
250.779	185.589	22.409	59.692
249.258	186.934	23.841	57.759
248.712	188.139	23.831	56.437
247.869	188.913	24.021	55.892
251.253	188.055	26.504	55.834
255.387	188.423	23.967	55.611
258.865	186.299	24.461	56.651
261.116	186.104	24.841	56.654
265.706	184.191	23.838	58.445
267.658	183.503	24.750	60.031
271.454	183.427	23.998	57.588
275.330	184.242	24.395	56.758
278.193	185.438	24.195	56.722
282.184	185.350	23.604	56.332
285.010	184.896	24.190	56.825
288.904	183.471	21.810	56.327
291.881	181.370	22.717	58.698
294.011	182.047	21.247	58.381
292.652	180.586	21.722	59.535
291.559	180.870	22.444	58.469
290.254	181.605	23.432	56.823
289.327	182.490	23.673	56.598
287.700	182.646	24.458	56.495
286.949	183.526	23.545	55.029
284.691	184.093	24.488	54.507
284.096	183.740	23.962	54.961
283.125	182.994	22.739	56.354
281.976	180.803	22.635	58.767
280.762	180.679	22.045	57.828
279.355	181.419	22.422	56.123
277.923	181.469	22.300	55.816
277.024	182.325	22.619	55.813
276.176	182.906	22.335	54.497
275.255	182.445	22.305	55.326
274.153	182.675	20.955	54.228
272.580	181.213	20.951	55.836
271.522	180.502	21.092	56.571
270.693	179.540	20.943	57.063
269.063	178.953	21.832	57.434
267.843	179.688	23.130	56.020
267.171	179.878	22.818	55.219
265.966	180.874	22.945	54.329
264.560	181.882	23.218	53.266
263.146	181.460	22.754	52.586
262.251	180.759	22.236	54.588
261.209	178.673	21.904	57.244
259.680	177.546	22.555	57.783
258.298	177.968	22.664	57.539
257.474	178.147	22.265	55.914
256.361	178.948	22.710	54.679
255.111	179.720	22.272	53.321
254.526	179.924	21.501	53.439
253.446	179.658	21.093	54.075
252.635	178.326	20.191	54.697
251.265	176.756	19.950	56.637
250.207	176.218	20.543	56.922
249.454	175.954	20.645	57.363
248.056	175.853	21.461	56.824
247.220	176.868	22.125	54.733
245.788	178.007	22.397	52.698
244.763	178.069	21.877	52.424
243.751	178.810	21.001	51.956
242.742	178.259	20.790	52.596
241.817	178.562	20.594	52.659
240.684	176.402	20.773	55.579
239.768	175.874	20.322	55.795
238.484	175.775	20.219	55.759
238.281	175.424	20.266	55.665
236.726	176.907	20.708	52.553
235.513	178.079	21.244	51.046
234.950	178.067	20.602	51.204
234.054	178.323	20.594	51.109
233.019	178.092	20.173	51.200
233.159	176.505	19.123	53.180
231.961	175.528	18.749	54.599
230.289	174.749	19.558	54.342
229.537	174.329	19.893	55.139
228.818	174.771	20.155	53.986
228.134	175.519	20.452	52.786
227.465	176.144	20.747	51.852
226.849	176.776	20.864	50.241
226.444	176.231	20.873	51.090
226.508	175.179	20.198	52.009
226.633	174.060	20.017	54.087
225.613	173.484	20.647	53.034
225.955	172.851	20.000	53.413
224.822	173.373	20.517	52.178
224.661	172.979	19.970	52.575
224.024	174.120	20.521	51.035
223.922	175.222	19.889	50.650
222.915	175.234	21.174	49.643
222.758	174.670	20.748	50.931
222.794	172.964	20.489	52.520
222.782	173.192	20.492	53.181
221.945	171.490	21.184	53.082
222.645	172.028	19.777	51.245
222.314	172.347	19.983	51.501
221.765	172.549	20.364	52.034
221.659	173.608	20.544	49.926
221.498	173.779	19.959	50.176
222.028	173.777	19.353	49.256
222.009	173.369	18.828	49.763
222.034	171.946	18.419	51.785
222.513	170.529	18.217	52.521
221.930	170.149	18.748	53.547
221.404	170.347	19.152	52.120
221.088	171.406	19.341	51.684
220.936	171.967	19.521	49.769
220.473	171.929	19.443	51.173
220.252	172.485	19.258	49.831
220.170	172.047	18.822	49.369
219.863	171.414	18.546	50.878
219.393	170.309	18.533	53.216
219.358	169.835	18.254	53.109
218.943	169.074	18.581	53.295
218.372	169.299	18.883	52.150
218.387	169.967	18.811	51.419
217.516	170.394	19.687	51.596
217.719	170.876	19.709	49.464
217.128	171.241	19.976	49.596
217.644	170.754	19.396	50.365
217.573	170.502	18.992	50.308
217.537	169.726	19.084	51.479
217.510	169.820	18.994	51.118
216.876	170.142	18.909	49.920
216.293	169.662	18.934	49.543
216.009	170.415	18.934	49.665
215.317	170.919	19.705	48.754
215.165	170.494	19.245	49.092
215.178	170.298	18.249	48.705
214.741	169.255	17.939	50.137
214.434	168.375	17.320	51.281
213.912	168.205	17.757	50.318
213.879	168.674	17.299	50.158
213.937	168.445	17.402	51.052
213.178	169.542	18.519	49.078
212.890	170.438	18.355	47.548
213.156	171.026	18.453	46.625
212.618	170.598	18.569	47.325
212.856	168.460	18.150	49.667
212.722	166.986	18.139	50.906
212.706	167.272	18.190	50.566
212.730	167.549	17.628	49.889
211.883	167.669	18.598	49.036
211.506	168.653	19.237	46.973
211.043	168.709	18.688	46.958
210.651	168.282	19.017	46.791
210.554	167.873	18.544	48.999
210.528	166.521	17.924	49.540
209.869	165.467	17.467	50.820
209.503	166.030	17.733	49.863
209.317	165.805	18.088	49.849
208.997	165.919	18.521	49.209
208.205	167.154	19.288	46.879
207.753	167.479	18.955	46.317
206.970	167.077	19.628	46.517
206.500	167.415	19.812	45.471
205.850	166.123	19.315	47.625
206.465	165.551	18.387	48.524
205.941	165.858	18.508	47.119
205.832	165.962	18.361	47.172
205.010	166.679	19.041	45.407
204.224	166.572	19.419	45.836
204.144	167.259	18.835	45.297
202.930	165.861	19.265	46.776
203.323	165.088	18.250	47.566
202.618	164.218	17.611	48.052
201.872	163.204	17.719	49.262
201.089	163.595	18.287	49.910
200.379	163.494	18.899	48.223
198.980	164.320	19.564	46.142
197.924	165.627	20.705	45.768
196.541	165.331	20.328	47.147
196.316	165.156	20.192	48.145
195.113	164.165	20.919	47.511
194.568	163.739	20.242	47.157
194.535	163.510	20.174	47.832
194.468	163.634	19.826	46.487
192.753	163.605	20.094	45.374
192.531	163.887	20.222	44.273
191.818	164.914	20.535	47.611
190.725	164.786	20.817	46.980
190.300	164.179	19.812	47.950
189.797	165.482	18.403	44.263
188.997	165.704	17.765	43.141
188.529	163.034	17.291	45.336
187.391	164.317	17.309	44.602
186.491	163.688	18.387	45.916
185.294	164.861	19.582	44.132
184.388	165.499	19.078	43.454
183.420	165.850	19.488	43.362
182.457	165.738	19.406	43.946
182.139	165.698	18.247	43.894
181.185	165.040	18.561	43.630
179.980	165.919	18.852	44.227
179.233	164.969	19.268	42.970
178.384	165.395	18.864	42.450
177.244	165.014	18.734	42.332
176.419	164.883	19.360	42.166
175.355	164.418	18.954	44.014
174.530	164.537	18.504	43.874
173.532	163.432	18.387	46.267
172.998	163.863	18.032	45.498
172.064	162.640	18.249	47.493
170.888	162.325	19.467	45.846
170.006	162.825	20.401	46.735
169.306	162.177	20.078	46.537
167.569	162.975	22.492	46.121
166.797	164.034	21.330	45.274
166.015	164.978	20.793	44.469
165.449	163.684	19.851	44.689
164.079	163.519	19.094	44.988
162.756	162.897	19.254	46.211
161.922	162.110	19.355	46.200
160.551	162.651	19.681	46.245
159.378	162.304	20.002	45.945
159.118	163.408	19.088	45.952
157.677	163.574	19.420	44.960
156.891	164.223	19.163	44.237
154.572	163.541	19.504	43.714
153.135	163.178	20.412	45.017
152.564	162.269	19.759	45.043
151.321	162.602	19.753	43.524
150.256	162.679	20.313	43.224
148.615	162.724	21.231	44.206
147.226	164.352	21.700	42.524
146.354	164.171	20.114	43.210
145.588	163.858	19.211	43.343
144.970	163.664	18.671	43.064
143.861	163.240	18.795	43.795
142.674	161.506	18.790	44.945
141.933	161.641	19.494	44.882
142.241	160.921	18.271	44.365
141.742	161.884	17.499	43.141
141.639	160.674	17.279	44.469
140.389	160.889	18.123	44.190
139.577	161.121	17.936	43.854
138.746	160.981	18.059	43.798
138.089	161.319	17.964	42.653
137.182	160.779	18.205	42.799
135.967	159.236	18.356	44.849
136.024	159.396	17.811	43.702
135.395	159.400	18.151	45.304
134.115	158.939	18.850	44.110
133.338	158.031	19.005	45.329
132.305	157.489	19.292	46.736
131.696	158.340	19.057	44.530
130.793	158.497	19.165	45.344
131.110	158.806	18.145	44.638
130.359	159.825	18.215	44.205
130.153	159.258	17.788	44.751
129.273	160.278	18.456	43.696
128.452	159.843	19.665	44.497
129.006	159.394	20.054	44.509
127.931	159.110	19.645	44.208
127.653	159.087	21.896	43.951
126.987	159.021	23.388	43.448
126.005	159.250	21.205	43.567
125.839	160.405	22.890	41.987
125.573	160.132	21.726	42.660
124.928	159.130	21.042	44.780
125.116	158.108	21.749	45.087
131.942	157.721	18.975	44.407
134.289	157.025	21.367	43.681
139.076	157.505	18.784	44.224
142.956	156.014	19.627	45.008
146.137	157.258	19.315	44.546
151.179	157.411	20.812	44.254
155.142	156.743	19.381	44.753
159.042	157.661	19.581	42.930
162.119	156.828	19.613	43.970
166.220	156.497	19.919	44.451
170.128	156.607	19.723	43.713
173.547	155.947	20.647	44.921
177.575	156.795	19.548	44.547
175.250	156.559	20.607	43.751
175.607	155.925	22.315	45.186
176.200	156.705	21.732	44.254
175.390	157.144	22.342	43.711
175.472	157.205	22.406	43.338
175.614	156.940	20.507	44.340
175.309	156.801	20.354	44.701
175.331	156.785	18.369	45.173
174.338	157.932	18.649	42.265
174.160	157.290	18.596	43.452
173.882	157.160	17.778	41.939
172.514	155.824	18.841	43.855
173.011	155.563	17.964	43.553
171.588	155.294	18.828	44.087
171.838	156.038	18.927	43.459
170.806	156.344	18.983	43.575
169.731	157.337	19.674	42.753
169.267	157.590	19.547	42.113
168.216	156.069	19.955	43.617
167.582	155.722	20.388	43.068
167.349	155.497	19.427	42.588
166.919	154.619	19.298	43.731
165.983	155.295	19.158	41.664
165.489	155.421	18.919	41.370
164.718	155.690	18.910	42.077
163.289	155.380	19.623	42.009
162.755	156.023	18.574	41.592
161.842	154.916	18.707	41.937
161.592	154.126	17.816	42.818
161.138	153.820	17.595	42.836
160.444	153.879	17.772	41.693
159.736	153.864	18.113	42.312
158.480	153.616	19.081	42.250
157.139	154.426	20.101	40.822
155.857	154.577	19.296	41.021
155.549	153.916	18.745	41.536
154.515	153.767	19.548	42.220
153.417	152.192	20.265	42.743
153.139	152.673	19.271	42.568
152.254	151.552	19.646	43.306
151.208	151.646	20.321	42.353
150.157	152.224	20.208	41.426
149.576	152.763	20.058	42.417
148.819	152.937	19.143	41.674
147.827	152.483	19.107	41.604
147.519	152.731	17.847	41.992
146.569	151.839	18.483	40.813
145.496	151.397	18.609	42.100
144.600	149.908	18.638	42.348
143.768	149.733	18.748	42.990
142.515	151.828	19.031	41.131
