466.000	306.000	142.000	60.000
466.177	305.682	140.081	63.008
467.684	305.578	139.643	62.994
470.273	305.502	138.194	63.071
472.402	305.338	136.907	63.253
474.311	305.060	136.247	63.256
475.462	305.791	135.538	62.310
477.890	305.620	133.110	62.420
479.933	304.973	131.067	62.949
481.942	305.716	129.058	62.066
481.868	305.578	128.277	61.793
485.552	305.590	125.032	62.298
486.312	305.602	123.979	62.360
488.172	305.353	122.551	62.679
489.326	305.664	121.657	62.326
490.477	305.673	119.702	62.763
491.406	305.551	118.696	62.898
492.225	305.336	117.550	63.113
493.578	305.444	116.449	62.894
493.858	305.197	116.136	63.696
493.042	305.486	116.968	62.921
493.751	305.450	115.918	63.182
494.188	305.708	115.365	62.999
494.508	305.449	115.085	63.151
493.876	305.262	115.682	63.338
493.759	304.937	115.834	63.287
494.562	305.199	115.396	63.208
494.193	305.086	115.984	63.212
494.407	305.271	115.806	62.801
494.030	305.160	116.148	63.064
494.136	305.054	116.158	62.906
494.786	305.343	115.388	62.617
494.030	305.227	116.068	62.897
494.245	305.197	115.929	62.659
494.356	305.180	115.861	63.241
494.461	305.234	115.752	62.659
494.356	305.215	115.981	63.092
493.864	305.086	116.590	62.880
494.516	305.199	115.778	62.761
494.627	305.251	115.829	62.757
494.735	304.636	115.244	63.404
494.573	305.038	115.644	63.082
494.627	304.787	115.510	63.179
494.681	305.180	115.298	62.530
493.823	304.936	115.776	63.002
493.867	305.418	115.565	62.512
494.252	305.371	115.227	62.716
494.198	305.046	115.723	62.893
494.081	305.038	115.958	63.270
493.918	305.163	116.295	62.798
494.190	305.126	116.063	63.206
494.136	305.450	116.158	62.547
493.702	305.160	116.754	63.027
493.645	305.235	116.565	62.799
493.864	305.235	116.630	63.097
493.917	305.414	116.293	62.583
494.455	305.271	115.219	62.806
493.823	305.009	116.383	63.301
492.932	305.450	117.479	62.547
493.321	305.271	116.674	62.838
493.267	305.450	116.605	62.547
492.888	305.160	116.862	63.027
492.394	305.414	117.514	62.472
492.339	305.199	117.856	62.836
492.067	305.402	118.211	62.705
491.736	305.407	118.788	62.856
491.626	305.444	118.856	62.446
490.800	305.408	119.516	62.668
490.966	305.408	119.428	62.742
490.413	305.551	119.901	62.599
489.803	305.505	120.591	62.421
488.686	305.470	121.371	62.494
488.355	305.638	122.458	62.425
487.854	305.594	122.322	62.396
487.524	305.629	123.159	62.286
487.296	305.781	122.961	62.063
486.553	305.733	124.344	62.182
486.467	305.532	123.912	62.355
485.661	305.497	124.590	62.312
484.925	305.567	124.980	62.320
484.693	305.636	126.074	62.101
483.717	305.928	126.484	61.965
483.031	305.949	127.735	61.925
481.778	306.065	128.153	61.748
481.507	306.132	128.762	61.605
480.559	305.997	129.666	61.664
480.194	305.578	129.845	62.091
479.745	306.022	129.886	61.280
478.889	306.135	130.636	61.088
477.836	305.818	131.365	61.784
477.827	306.168	131.589	61.143
476.440	305.937	132.337	61.600
475.893	305.796	133.096	61.320
474.147	305.889	134.100	61.460
473.935	305.904	134.149	61.612
472.832	305.904	134.972	61.612
471.416	306.166	135.943	61.321
470.768	305.998	136.343	61.187
469.661	306.343	137.315	60.781
469.261	306.181	137.081	61.018
466.318	306.726	140.452	60.247
464.870	306.961	141.196	59.948
465.519	306.202	138.826	60.951
463.405	306.643	141.748	60.567
461.605	306.710	142.686	60.158
462.498	306.207	140.533	61.132
459.335	306.740	144.241	60.642
458.381	306.689	144.733	60.676
458.671	306.103	142.163	61.067
458.882	306.044	141.253	61.372
456.076	306.871	144.389	60.524
456.236	306.001	142.183	61.299
454.756	306.077	142.716	61.263
453.121	306.596	144.664	60.768
452.794	306.561	142.729	60.610
450.446	306.783	144.986	60.405
449.733	306.496	145.208	60.523
448.783	306.689	144.913	60.481
447.216	306.721	145.695	60.525
446.873	306.224	143.557	61.047
446.678	305.867	142.860	61.344
444.742	306.314	144.712	60.667
444.416	306.650	143.772	60.203
443.190	306.346	143.862	60.559
442.163	306.627	144.860	60.354
443.325	306.589	142.124	60.494
441.195	306.807	143.020	60.286
439.926	306.720	143.245	60.240
438.975	306.783	143.252	60.329
438.109	306.720	143.957	60.165
436.441	306.156	142.823	60.370
433.909	306.939	145.861	59.419
434.260	306.919	144.341	59.627
433.799	306.596	143.857	60.081
431.361	306.689	145.228	59.837
430.952	307.038	145.349	59.356
429.992	306.565	145.031	59.960
429.824	306.589	145.034	59.728
428.627	306.830	145.112	59.564
428.283	306.565	144.196	59.960
428.067	306.843	143.548	59.607
427.577	306.497	143.448	60.312
427.338	306.565	142.778	60.188
427.460	306.593	141.738	59.691
426.135	306.394	139.989	59.929
426.562	306.642	140.335	59.529
425.557	306.823	141.081	59.575
425.400	307.351	139.941	58.598
425.122	307.132	139.874	58.723
424.739	306.995	139.747	58.718
423.499	307.146	140.446	58.790
423.930	307.236	138.374	58.477
423.509	307.084	138.825	58.935
422.770	307.070	138.713	58.859
423.242	306.663	136.087	59.266
422.117	306.923	137.899	59.165
422.515	307.328	137.556	58.672
420.973	307.077	137.731	58.863
421.253	307.173	137.610	58.920
420.409	307.259	137.196	58.976
420.279	307.199	137.786	58.593
419.428	307.470	137.072	58.174
419.162	307.917	137.080	57.729
419.497	307.370	136.438	58.641
418.663	307.339	137.147	58.526
417.542	307.138	137.593	59.024
417.737	306.892	136.795	58.826
417.265	307.077	136.693	58.642
417.374	307.058	136.534	58.733
416.207	307.027	137.513	58.765
416.350	306.673	136.761	59.192
415.556	306.923	137.869	58.795
414.381	307.054	138.423	58.593
414.342	307.173	138.535	58.399
412.957	306.782	138.410	58.716
412.859	306.752	138.784	58.895
413.518	306.568	137.498	58.921
411.522	306.506	137.490	58.918
411.710	306.813	138.012	58.834
411.382	306.964	138.277	58.535
410.387	306.843	139.653	59.027
410.161	306.842	139.059	58.870
409.972	307.163	137.982	58.546
409.810	306.382	138.624	59.861
409.361	307.236	138.338	58.403
408.817	306.964	139.235	58.980
409.431	307.008	137.985	58.921
408.675	307.203	139.887	58.741
407.868	307.236	140.248	58.849
408.679	306.873	139.121	58.840
409.290	306.536	138.253	59.541
408.630	306.852	138.786	59.003
408.772	307.039	138.517	59.112
408.678	306.663	139.120	59.340
407.827	306.842	139.907	59.093
406.926	306.688	141.131	59.098
408.069	306.882	139.733	59.138
408.349	307.025	139.002	58.836
408.298	306.536	139.563	59.393
407.779	306.842	139.827	58.944
407.689	306.842	139.278	59.168
407.689	306.964	139.661	58.748
407.731	307.176	139.747	58.611
407.540	307.070	139.492	58.933
408.538	306.977	138.876	58.952
408.155	306.946	139.008	59.279
406.916	307.101	140.117	58.976
407.834	306.873	138.748	59.137
407.529	306.536	139.234	59.615
408.162	306.781	139.060	59.080
407.588	307.070	139.699	59.229
407.261	307.085	140.218	59.074
407.499	306.781	140.236	59.378
406.830	307.381	141.163	58.714
407.787	306.866	139.693	59.445
407.309	307.236	140.941	59.073
408.812	306.675	138.886	60.083
407.874	306.719	140.372	59.665
409.137	306.898	139.263	59.562
408.463	306.964	140.574	59.646
409.747	306.898	139.748	59.192
410.024	306.781	140.488	59.453
412.124	306.834	138.285	59.403
412.538	306.631	138.104	59.372
413.704	306.440	137.566	59.416
414.356	306.721	137.924	59.074
415.374	306.475	137.630	59.097
416.348	306.444	137.787	59.351
417.182	306.875	137.111	58.703
417.369	306.421	136.865	59.297
418.430	306.934	136.165	58.861
420.040	307.152	135.220	59.006
421.147	306.834	135.275	58.817
419.711	306.922	137.498	58.681
420.558	306.611	137.766	58.887
421.996	306.752	136.323	59.118
422.360	306.830	136.352	59.110
422.311	306.673	137.132	59.192
423.249	306.843	137.237	58.952
423.889	306.452	137.708	59.192
424.275	306.691	137.145	58.956
425.145	306.611	138.721	59.034
426.462	306.600	138.122	59.109
426.637	306.547	139.417	59.180
426.579	306.781	140.973	59.006
428.600	306.245	139.599	59.775
429.992	306.245	140.071	60.305
432.127	306.123	139.414	60.115
432.135	305.901	139.976	60.648
434.807	305.780	138.930	60.692
436.597	305.870	138.797	60.756
437.532	306.027	139.462	60.068
440.196	305.583	138.094	60.512
442.475	305.107	138.165	60.754
443.825	304.863	138.797	60.858
445.162	305.171	138.701	60.636
445.950	304.661	140.415	61.059
447.677	304.728	139.860	60.350
449.932	304.205	139.007	61.162
451.509	303.939	139.482	61.052
455.578	303.661	137.203	60.889
457.520	303.397	136.832	61.079
460.034	303.141	136.481	61.456
462.716	302.520	135.678	61.847
464.628	302.186	135.104	62.029
467.448	301.776	133.799	62.439
469.230	301.540	132.312	62.194
472.860	301.872	132.341	61.245
474.776	301.470	129.031	61.493
478.105	300.417	127.959	62.187
482.034	300.560	125.434	61.910
482.975	300.175	124.722	62.117
485.963	299.460	123.103	62.768
487.615	299.860	122.497	62.190
490.709	299.084	119.420	62.606
492.819	298.594	117.617	62.996
495.052	298.510	115.397	62.737
496.932	297.929	113.407	62.959
500.324	297.745	110.139	62.541
502.215	297.470	108.262	62.896
504.764	297.310	106.102	62.501
506.156	297.166	104.639	62.439
510.098	296.760	100.902	61.864
511.218	296.811	99.423	61.459
513.777	296.608	97.073	61.621
514.706	296.384	95.944	60.992
518.325	295.889	92.461	61.208
520.323	295.257	90.677	61.365
523.420	294.746	87.580	61.037
524.819	294.659	86.181	60.925
526.807	294.725	84.193	59.832
528.819	294.494	82.181	59.158
530.513	294.123	80.487	59.298
532.191	294.003	78.809	59.475
533.914	293.735	77.086	59.301
534.277	294.563	75.588	57.885
536.511	293.613	73.665	58.632
538.334	293.384	72.264	58.511
539.537	293.218	71.016	58.296
540.353	293.040	70.304	58.143
541.999	291.803	68.742	58.368
542.369	291.819	68.141	58.050
543.693	291.707	66.820	57.568
545.881	291.693	64.683	56.960
546.896	291.170	63.949	56.851
546.963	291.178	63.474	55.725
547.673	290.939	62.954	55.731
548.612	290.879	62.388	55.135
549.382	290.494	61.362	55.108
550.372	290.409	60.373	54.888
551.837	291.253	58.918	52.940
552.511	290.606	57.810	53.382
552.427	290.397	58.094	53.425
553.783	290.394	57.159	52.567
553.502	289.640	57.323	52.776
553.238	289.354	57.762	52.341
553.577	289.029	57.131	52.251
554.201	288.456	56.443	51.744
553.975	288.399	56.713	51.547
554.514	288.106	56.486	51.225
554.522	287.446	56.192	51.231
555.344	286.474	55.270	51.267
555.172	286.394	55.332	51.335
555.311	286.421	55.043	50.543
554.747	286.180	55.910	50.262
555.519	285.773	55.340	50.704
555.557	285.504	54.950	49.799
554.857	285.121	55.580	49.769
555.118	284.421	55.515	50.277
554.662	284.359	55.623	49.730
554.287	283.845	56.385	49.596
554.145	283.067	56.603	49.453
553.864	282.385	56.495	49.544
553.943	281.907	56.516	49.273
554.312	281.359	56.085	49.730
553.553	281.200	56.768	49.634
553.864	280.688	56.646	49.634
553.013	280.805	57.187	48.840
553.344	280.227	57.217	49.325
553.554	280.084	56.492	48.769
553.155	279.411	57.246	48.914
552.898	279.137	57.418	48.441
553.065	278.675	56.974	48.172
552.618	277.882	57.311	48.444
552.783	277.629	57.454	48.403
552.755	276.596	57.363	48.646
551.955	275.464	58.083	48.870
552.069	275.690	58.042	48.245
551.868	275.373	57.966	47.934
550.760	275.221	59.152	47.716
550.140	274.111	59.503	48.316
550.198	274.079	59.599	47.963
549.581	273.588	59.889	47.756
549.425	273.897	60.402	46.943
548.413	273.255	60.493	46.700
547.998	273.442	61.453	46.234
547.749	273.108	61.975	46.130
547.423	272.561	61.772	46.305
546.663	272.138	61.537	45.852
546.777	271.514	60.458	46.069
545.458	271.147	61.348	46.032
544.410	270.640	61.754	45.686
544.425	270.148	60.695	45.887
543.757	269.453	60.908	46.177
542.531	269.249	61.388	45.701
541.463	268.818	62.159	46.018
540.597	268.523	62.629	45.343
539.973	268.159	62.468	45.629
539.423	267.210	61.517	46.093
538.290	267.043	62.816	45.654
536.521	266.136	62.970	45.867
536.234	266.007	62.227	45.583
534.917	265.867	62.786	45.431
534.855	264.930	62.520	45.886
533.928	264.982	61.802	44.772
533.176	264.429	60.941	45.116
532.638	264.345	60.787	44.651
530.094	264.609	62.900	43.339
529.670	264.090	61.480	43.647
529.683	263.691	60.411	43.510
527.940	263.020	60.762	43.785
527.226	262.707	60.691	43.535
527.553	262.370	58.571	42.598
527.867	262.438	56.817	41.825
527.699	261.847	56.217	41.832
527.106	261.720	55.187	41.197
526.535	261.846	53.575	40.371
525.833	260.827	53.737	40.894
525.301	260.571	52.933	40.711
523.382	260.525	53.986	40.434
522.719	259.823	52.695	41.168
522.928	259.890	52.027	40.371
521.352	259.710	53.375	40.212
519.007	259.381	53.408	39.193
517.031	259.305	54.509	38.467
515.068	259.863	54.816	37.679
514.130	258.666	54.231	37.220
512.930	258.979	53.400	36.551
511.072	258.335	53.782	36.614
512.009	258.096	51.816	37.579
505.852	257.892	56.062	37.134
505.041	258.371	55.371	35.459
504.386	257.770	54.828	37.113
502.396	258.039	56.271	36.926
500.993	258.162	55.350	36.406
499.555	258.440	55.809	35.438
498.447	257.822	55.961	36.102
496.987	257.085	56.997	36.859
495.272	256.450	57.547	37.126
493.921	255.760	57.083	37.895
492.480	256.821	58.534	36.259
490.866	255.161	56.432	37.603
490.466	255.357	55.851	37.200
489.309	254.210	55.520	37.894
484.429	252.691	55.324	37.275
481.489	251.339	54.923	37.833
479.394	250.750	54.581	37.815
477.220	249.936	54.593	37.926
476.704	249.653	54.203	37.912
476.174	249.051	53.544	38.260
474.807	248.465	55.428	37.827
474.257	247.991	54.037	38.263
473.181	247.829	54.502	38.037
472.286	247.360	53.510	37.902
471.901	246.930	52.275	38.088
469.953	246.317	53.911	38.329
468.664	246.594	53.752	37.536
468.074	246.008	54.002	38.007
467.743	246.056	53.762	37.536
466.406	245.656	53.508	37.913
465.557	245.948	53.911	37.043
464.541	245.617	53.650	37.305
463.888	245.221	53.617	37.646
463.627	244.933	52.253	37.596
462.687	244.673	52.326	37.340
461.841	244.442	52.224	36.847
460.570	244.184	52.749	36.543
460.413	244.390	52.166	36.276
458.935	243.953	52.820	36.704
458.593	243.971	51.882	36.136
457.483	243.900	51.531	35.844
457.510	243.646	51.009	35.823
456.645	243.480	51.317	35.351
456.374	243.418	50.520	35.261
455.145	243.018	50.609	35.246
454.498	242.088	49.866	35.892
453.698	241.903	50.122	35.611
453.397	241.718	49.522	35.507
452.474	241.509	50.227	35.558
452.391	241.489	49.264	34.852
451.226	241.120	49.932	34.895
451.036	241.003	49.220	34.910
450.050	240.674	48.920	34.902
449.368	240.896	49.246	34.843
448.670	240.164	48.875	35.116
448.319	240.509	48.088	34.048
447.724	239.637	47.971	34.983
447.215	239.712	48.081	34.390
446.481	239.415	47.541	34.657
445.877	239.723	48.151	34.143
444.760	239.667	48.544	33.590
444.794	239.595	47.668	33.669
443.596	239.152	48.319	33.708
443.111	239.049	48.173	33.799
442.877	238.984	47.509	33.808
442.283	238.589	47.099	34.024
442.337	238.631	46.682	33.633
441.511	238.145	46.993	34.230
441.104	238.081	46.006	33.930
440.937	238.087	45.800	33.833
440.367	237.939	44.859	33.495
439.776	237.777	44.612	33.347
439.292	237.410	44.490	33.629
438.736	237.262	44.509	33.777
439.019	236.913	43.253	34.054
437.849	237.220	43.888	33.531
437.359	237.384	43.730	33.113
437.048	237.164	43.015	33.225
436.160	237.186	43.019	32.702
435.038	237.079	43.203	33.127
432.353	237.114	45.597	32.545
431.328	236.795	45.799	33.077
430.266	236.877	46.135	32.635
430.513	236.643	45.429	33.044
430.699	236.482	44.921	33.074
429.798	236.312	45.457	32.962
430.489	236.142	44.026	32.611
431.547	236.233	42.452	32.508
431.179	236.081	42.291	32.654
431.347	236.118	41.566	32.291
431.912	236.273	40.251	31.670
431.466	236.053	39.612	31.554
431.507	235.866	38.837	31.318
431.284	235.945	38.428	30.986
430.796	235.282	37.185	31.552
429.424	235.569	38.392	30.441
429.239	235.342	37.676	30.141
429.304	235.181	35.913	30.336
428.366	235.340	36.289	29.589
428.758	235.224	35.529	29.207
428.311	235.307	35.382	28.405
427.513	235.122	35.513	28.125
427.351	234.749	35.425	28.156
426.819	234.611	34.429	28.240
425.909	234.956	34.852	27.494
425.287	234.531	34.796	28.496
424.779	234.518	34.146	28.548
422.321	234.607	34.130	27.700
421.074	234.252	35.338	28.907
420.968	233.607	34.845	30.423
419.984	233.745	33.698	27.899
420.123	233.654	33.086	29.156
418.972	233.330	33.890	29.426
418.104	232.892	34.673	30.158
418.671	233.276	34.411	29.790
416.555	234.047	38.583	28.294
415.859	234.169	38.426	27.316
415.370	233.366	36.724	28.718
414.973	233.224	35.540	28.506
412.308	233.306	37.211	28.407
411.006	233.518	38.650	26.769
410.568	233.304	38.162	27.979
409.950	233.364	38.578	27.727
409.552	233.521	38.465	27.036
408.658	233.270	39.024	27.516
408.003	233.005	38.731	28.004
407.354	232.919	39.472	27.411
407.085	232.859	39.080	27.556
406.632	232.829	39.533	27.382
406.518	232.511	39.082	27.479
405.408	232.565	39.813	27.787
404.497	232.304	40.925	27.771
404.278	232.010	40.546	27.987
404.478	231.603	39.739	28.219
403.809	231.395	40.054	28.465
403.258	230.962	40.115	28.143
403.047	230.333	40.027	28.895
402.794	230.595	38.961	28.695
402.434	230.435	39.833	28.640
401.517	230.381	39.803	28.616
400.908	229.783	40.433	28.919
400.800	229.765	40.203	28.825
400.601	229.370	39.047	29.246
400.122	229.627	39.058	28.534
399.834	229.308	38.330	29.074
399.358	229.260	38.027	29.513
398.929	229.116	37.730	29.138
398.522	229.242	37.927	28.528
398.646	228.960	37.077	28.858
398.140	228.960	37.607	28.713
397.929	228.484	37.088	28.745
397.328	228.663	37.518	28.457
397.553	228.579	36.950	28.387
396.861	228.350	37.128	28.680
396.831	228.256	36.793	28.599
396.318	227.647	37.137	28.618
395.710	227.616	37.085	28.686
395.636	227.523	36.870	28.383
394.934	227.501	37.484	28.048
394.248	227.303	37.880	28.272
393.912	227.303	38.033	27.603
393.560	227.184	38.173	27.669
392.950	227.153	38.552	27.508
392.740	227.128	37.451	26.990
391.734	227.062	38.272	27.290
391.541	227.677	38.015	26.413
391.092	227.378	37.814	26.610
391.279	227.273	37.345	26.506
391.765	227.116	36.277	26.718
392.447	226.840	35.757	26.558
391.875	227.075	36.173	25.827
391.667	226.936	35.836	26.012
391.535	226.400	35.466	26.114
391.852	226.191	33.358	26.159
390.859	225.931	33.132	25.684
390.862	226.075	32.573	24.503
389.282	224.997	32.528	25.240
387.227	225.267	33.691	24.496
386.435	223.950	34.609	25.720
385.539	223.949	35.065	25.457
383.837	222.218	37.025	26.467
383.350	221.899	37.856	26.811
383.950	221.704	35.958	27.202
384.627	221.417	34.708	27.449
383.497	221.206	35.581	28.390
382.427	220.874	36.676	27.612
383.111	221.027	34.413	28.404
381.850	221.085	35.771	27.104
380.850	221.001	36.263	27.609
381.051	220.549	35.701	28.498
378.774	220.519	37.565	26.742
378.353	220.497	37.603	26.822
378.499	220.467	37.025	27.072
377.724	220.213	37.379	27.309
377.056	220.512	37.563	26.640
376.260	220.057	37.398	26.610
374.933	220.072	38.134	26.317
