209.000	155.000	100.000	63.000
201.254	155.740	98.373	62.349
193.302	156.092	91.980	60.863
187.203	155.811	89.059	60.438
182.668	157.109	86.022	58.134
178.010	157.251	84.814	57.473
173.183	157.872	81.812	55.971
169.263	158.445	80.636	54.782
164.507	158.805	78.585	53.727
159.018	158.931	77.808	53.028
156.339	159.656	76.296	51.542
154.272	159.772	73.453	51.018
154.347	159.829	73.615	50.756
152.001	159.983	71.351	50.120
150.073	160.215	67.731	48.969
149.032	160.260	65.150	47.978
146.918	160.375	63.901	47.591
145.785	160.669	61.649	46.694
144.010	160.792	60.442	46.048
143.122	160.734	58.777	45.816
142.589	161.114	57.090	44.623
141.594	161.203	55.931	44.252
140.583	160.804	55.051	44.222
140.424	161.022	53.650	43.374
139.281	160.567	54.402	43.436
139.661	160.990	52.488	43.000
139.130	161.045	52.307	42.585
139.530	161.375	50.377	41.736
139.220	161.502	50.390	41.201
139.528	161.304	49.046	41.204
139.819	161.503	48.586	40.330
140.332	161.366	47.442	40.386
141.038	161.540	46.786	39.646
141.561	161.353	46.137	39.418
141.355	161.427	46.280	39.284
142.362	161.729	45.938	38.524
142.866	161.879	45.871	38.090
144.486	161.687	44.420	38.097
145.474	162.035	44.148	37.073
146.039	162.095	44.128	36.495
147.396	162.059	43.470	36.703
148.206	162.415	43.292	35.858
149.319	162.264	42.868	35.618
150.374	162.274	43.223	35.640
151.539	162.297	43.014	35.446
153.183	162.182	42.526	35.315
153.949	162.293	42.501	34.927
155.065	162.224	42.620	34.720
155.927	162.423	42.600	33.913
156.826	162.526	42.508	33.364
157.208	162.643	43.412	33.065
158.270	162.941	43.095	32.427
159.333	162.803	42.982	32.300
161.525	162.885	42.145	31.955
161.554	163.021	42.172	31.839
165.335	163.330	39.461	31.371
168.370	163.090	38.808	31.283
168.103	163.359	38.955	30.756
169.578	163.334	38.446	30.773
170.839	163.166	38.977	30.546
172.321	163.400	38.010	29.691
173.703	163.640	37.997	29.152
174.869	163.421	37.832	29.465
175.949	163.246	38.513	29.021
177.507	163.302	36.845	29.247
178.113	162.502	35.858	29.196
179.409	162.238	34.193	29.475
181.433	162.146	34.083	30.042
182.344	161.576	34.788	30.700
182.515	161.742	35.401	31.102
181.009	162.571	37.559	30.204
181.062	162.409	38.677	29.992
179.926	162.516	40.689	30.006
180.146	162.416	41.487	29.597
180.560	162.569	42.701	28.842
180.157	162.376	44.035	28.917
180.889	162.827	44.286	28.313
182.559	162.736	43.702	27.883
192.048	162.504	35.199	27.928
192.787	162.490	34.522	28.196
194.670	162.615	34.086	27.515
195.812	162.719	34.132	27.401
198.248	162.837	33.032	26.837
199.323	162.586	32.876	26.929
200.364	162.813	32.493	26.391
202.193	162.641	32.090	26.259
203.663	162.554	31.919	26.262
204.688	162.741	31.727	25.940
205.308	162.679	32.091	25.588
206.771	162.626	31.720	25.720
207.694	162.649	31.848	25.642
209.038	162.731	31.245	25.125
210.427	162.711	30.773	25.050
211.682	162.540	30.627	24.931
212.857	162.660	30.210	24.571
213.355	162.595	30.794	24.573
214.872	162.596	30.349	24.464
216.477	162.579	29.261	24.163
217.723	162.581	29.241	23.998
218.863	162.665	28.987	23.786
220.791	162.802	27.529	23.207
221.916	162.687	27.481	23.491
223.111	162.610	26.986	23.224
224.301	162.840	26.649	22.417
224.844	162.605	26.801	22.952
225.785	162.911	26.728	22.259
225.374	162.784	27.173	22.215
227.134	162.925	26.694	22.078
228.139	162.862	26.296	22.202
230.161	162.963	25.484	21.762
230.437	163.118	26.373	21.663
231.239	163.229	26.502	21.684
233.171	163.310	25.531	20.897
233.860	162.802	25.903	21.709
234.715	162.757	26.321	21.413
