66.000	28.000	31.000	35.000
66.340	28.151	31.406	37.533
66.203	28.808	32.653	37.725
65.594	29.096	34.498	39.050
65.678	29.218	34.497	38.891
66.344	28.925	35.720	41.665
65.971	29.014	36.227	41.449
66.104	29.279	36.165	40.774
67.112	29.659	37.353	43.234
69.595	31.063	37.245	44.027
70.740	30.159	35.972	44.775
73.153	34.674	36.408	42.777
74.193	34.483	36.398	44.278
73.900	33.818	36.674	44.702
76.615	38.751	36.803	42.569
77.790	40.098	37.198	42.475
78.823	41.167	37.395	42.667
78.795	40.305	37.511	43.635
80.176	42.143	38.153	43.585
81.168	43.251	38.567	44.070
82.751	45.298	39.290	43.992
82.933	45.283	39.305	44.042
84.924	47.312	40.181	44.608
86.315	48.608	40.150	44.898
87.664	49.794	40.629	45.364
88.973	51.400	41.664	45.563
89.007	51.636	41.713	45.486
90.446	52.626	41.806	45.823
91.362	53.461	42.675	46.737
92.894	54.603	42.833	47.035
94.131	56.141	43.468	47.314
96.403	58.077	44.068	47.918
96.155	58.005	44.675	48.393
97.991	59.632	45.384	48.477
100.171	61.534	46.155	49.184
100.194	61.741	45.920	49.060
100.407	61.792	45.698	49.009
103.373	63.982	46.700	49.636
103.274	64.031	46.685	50.438
107.403	67.241	47.842	51.459
110.211	69.773	49.000	53.223
109.765	69.812	49.907	53.571
111.667	71.004	49.596	53.927
113.676	73.177	51.485	54.539
115.117	74.291	52.451	55.816
116.870	75.694	53.340	56.648
116.807	75.425	53.830	57.271
116.734	75.662	53.933	57.120
120.515	78.665	54.248	57.988
122.422	81.226	55.823	57.259
124.790	82.913	55.663	59.106
127.949	85.475	56.980	58.471
128.182	85.819	56.839	55.867
130.020	88.539	59.750	58.059
128.481	88.321	61.015	54.763
132.667	92.469	64.666	57.071
132.022	92.119	65.174	56.891
133.052	94.300	67.466	56.867
133.380	95.648	70.024	56.591
138.331	96.623	68.662	58.560
139.366	98.084	70.419	59.143
141.864	99.225	71.427	59.036
144.678	103.955	72.527	58.880
149.279	108.431	73.101	58.542
151.165	107.404	71.855	60.624
154.905	111.423	72.471	63.290
157.804	113.168	73.511	64.729
159.757	115.333	76.458	65.325
164.231	119.049	75.690	67.239
166.033	120.510	77.925	66.763
167.444	123.533	80.892	67.913
170.722	126.110	82.502	69.322
172.945	128.094	85.056	74.015
176.587	130.886	86.261	79.364
180.450	133.943	87.501	85.874
182.055	136.709	88.987	91.460
183.316	137.293	94.400	95.706
187.349	141.111	97.081	98.673
204.440	152.059	86.018	94.005
193.586	148.729	100.316	100.637
201.914	148.621	100.948	107.847
202.600	154.122	104.099	109.334
208.400	158.746	104.886	108.633
207.945	160.529	111.461	109.774
217.449	167.561	111.341	105.997
