211.000	161.000	43.000	40.000
208.800	160.910	44.400	40.349
209.555	160.765	43.460	40.222
209.360	160.934	43.782	40.147
207.839	160.748	44.718	40.713
208.079	160.830	44.544	40.535
207.102	160.558	43.901	41.190
206.726	160.530	44.510	41.048
205.560	160.644	45.450	41.001
206.089	160.462	44.728	41.314
205.488	160.755	45.423	41.143
205.194	160.649	44.801	41.301
205.393	160.864	44.563	41.185
203.988	160.257	45.336	41.857
203.988	160.253	45.623	41.762
202.459	159.700	45.600	42.580
202.578	159.989	45.457	42.286
201.893	159.868	45.844	42.346
202.122	159.795	45.919	42.436
200.775	159.599	45.634	42.922
200.323	159.934	45.970	42.408
199.355	159.768	46.192	42.486
199.288	159.740	46.518	42.536
198.658	159.302	46.145	43.146
198.185	159.501	46.755	42.790
196.909	159.168	47.341	43.673
196.610	159.305	47.790	43.386
196.833	159.328	47.883	43.306
195.494	159.167	48.020	43.734
195.702	159.052	47.837	43.964
195.089	158.730	47.605	44.161
194.623	158.822	48.116	44.126
194.632	158.768	47.196	44.448
194.550	158.845	47.383	44.306
193.160	158.346	47.860	45.017
192.457	158.106	48.491	45.407
192.477	158.192	47.767	45.486
192.348	158.174	48.254	45.608
191.190	157.984	48.593	45.980
191.512	157.956	48.555	45.978
189.967	157.691	49.245	46.548
190.228	157.397	49.503	46.657
190.341	157.431	49.106	46.737
188.480	157.335	49.590	47.117
188.796	157.323	49.669	46.970
188.078	157.272	49.370	47.208
187.843	157.115	49.604	47.415
186.975	156.618	50.402	48.078
186.933	156.847	50.018	48.093
185.978	156.655	49.887	48.385
185.631	156.431	50.372	48.343
184.944	156.193	50.625	48.746
184.781	156.289	50.396	48.726
184.948	155.756	49.436	49.310
184.540	155.902	49.883	49.139
183.065	155.577	50.798	49.554
182.849	155.662	50.876	49.618
182.961	155.219	50.612	49.917
181.524	155.228	51.541	50.096
181.174	155.376	51.932	49.911
180.262	155.260	52.764	50.703
180.099	155.391	52.870	50.732
178.996	155.323	53.653	50.643
179.093	155.438	53.643	50.411
177.848	155.273	54.644	50.867
177.837	155.071	54.347	51.137
177.453	154.760	53.857	51.846
177.136	154.448	54.732	52.237
175.240	154.204	55.691	52.454
175.511	154.376	55.787	52.170
175.548	154.372	55.949	52.115
173.968	154.203	55.934	52.974
173.806	153.996	56.578	53.094
172.893	153.930	56.717	53.347
172.765	154.104	57.597	53.089
171.476	153.114	57.552	54.162
172.053	153.560	57.112	53.580
170.837	152.604	57.534	54.943
171.005	152.395	57.212	55.216
169.613	151.953	57.655	55.888
169.058	152.058	58.447	55.681
168.765	151.720	57.510	56.409
168.470	151.825	57.828	56.098
167.765	151.931	58.092	56.337
168.152	151.930	57.035	56.201
166.667	152.029	59.060	56.042
166.545	152.008	59.185	56.293
166.354	151.960	59.274	56.296
165.181	151.390	59.636	57.211
165.058	151.487	59.703	57.074
164.411	151.152	59.684	57.534
163.698	151.135	60.022	57.715
163.456	151.116	59.300	58.059
163.987	151.046	58.574	57.960
162.902	150.856	59.137	58.418
162.542	151.016	58.830	58.305
162.083	151.458	59.964	57.959
162.107	150.484	59.026	59.185
162.455	149.617	58.614	60.404
162.230	149.819	58.409	60.413
161.283	148.779	58.486	61.651
161.218	148.453	58.726	61.900
160.858	148.559	59.330	61.818
161.058	148.239	58.851	62.605
161.130	148.526	58.965	62.318
160.621	147.995	59.351	62.973
160.656	148.239	59.367	62.883
160.534	147.907	60.116	63.474
160.986	147.958	59.225	63.454
160.725	147.443	59.670	64.134
160.681	147.482	59.706	64.054
160.759	146.998	59.162	64.758
160.720	147.225	59.263	64.576
160.720	147.466	59.139	64.418
161.296	146.500	60.149	66.166
160.800	146.841	60.437	65.573
161.002	145.970	61.536	66.884
160.652	146.099	61.832	66.626
160.858	145.844	62.761	67.427
160.578	145.536	62.439	67.343
161.189	145.552	62.214	68.152
160.748	145.375	62.340	68.442
160.624	145.487	62.561	67.924
161.173	144.357	63.602	69.367
161.187	144.742	64.311	68.974
161.184	144.363	65.672	69.883
161.512	143.744	66.588	70.681
161.376	143.680	66.132	70.711
162.252	143.108	66.583	72.005
161.956	143.301	67.242	71.759
161.956	143.065	67.772	72.142
162.113	142.683	69.089	72.802
161.780	142.817	69.000	72.721
161.765	141.755	69.511	74.198
161.936	141.476	69.361	74.512
162.699	140.983	70.033	75.703
162.733	140.970	70.082	75.498
163.352	140.168	70.508	76.962
163.692	140.128	69.734	76.885
163.265	139.362	72.985	78.285
163.738	138.550	72.069	79.192
164.906	138.247	71.545	79.905
164.402	138.403	72.367	79.545
164.262	137.749	72.732	80.266
164.874	137.383	74.752	81.083
165.166	136.667	74.965	81.757
165.124	136.918	76.991	82.199
164.944	137.532	77.488	81.325
165.251	136.124	78.688	83.222
165.368	135.766	79.252	83.791
165.927	134.918	80.026	85.323
166.032	134.856	79.569	85.306
166.938	133.951	81.659	86.784
166.550	134.005	81.094	86.941
166.445	133.857	85.380	87.181
166.553	132.399	85.501	89.151
167.795	131.577	87.333	90.383
166.960	131.928	88.473	90.099
166.806	132.523	88.616	89.832
168.075	130.934	90.674	91.491
168.143	130.069	91.922	92.460
168.890	128.733	95.737	94.476
167.414	131.128	95.461	91.794
169.052	130.104	98.136	93.010
167.531	130.128	99.952	93.202
168.328	129.107	102.011	95.322
168.250	129.293	101.419	95.092
170.496	128.403	102.473	96.378
170.368	128.989	101.836	95.870
171.010	127.886	104.089	97.045
170.692	127.548	105.265	97.578
171.420	127.620	103.648	97.843
171.910	126.631	107.583	98.900
171.610	126.523	107.928	99.514
174.060	124.980	111.743	101.310
174.352	125.160	112.457	101.719
175.096	123.924	115.770	103.552
175.962	124.510	115.954	103.329
177.217	123.503	118.945	104.721
177.619	123.656	119.258	104.860
178.710	122.090	123.651	106.689
178.322	123.318	126.047	106.213
178.647	123.206	125.066	106.505
180.208	121.419	131.569	108.123
179.663	122.697	134.024	107.988
181.100	119.616	138.257	111.737
183.906	119.283	145.420	113.138
182.249	119.057	147.989	114.279
183.078	119.191	147.606	114.233
184.632	117.712	151.846	115.897
184.912	117.980	151.717	115.994
186.826	116.185	155.389	118.105
186.339	116.552	156.717	118.388
187.848	113.936	158.638	121.201
188.238	114.056	159.643	121.302
191.493	113.593	159.529	122.961
189.771	113.433	161.745	122.653
194.020	111.723	163.591	126.140
193.400	110.927	164.565	126.790
192.974	111.723	165.586	125.853
