196.000	220.000	20.000	55.000
196.236	219.428	20.639	55.382
196.099	220.220	20.644	54.096
196.627	220.341	20.703	53.452
196.913	219.907	20.210	53.877
197.552	218.981	20.613	54.397
197.755	219.084	20.583	54.586
198.001	219.663	21.653	52.413
197.787	219.051	22.051	53.237
197.625	219.410	21.740	53.037
197.860	219.901	21.606	54.013
198.027	220.068	21.613	53.415
198.023	219.591	21.475	53.998
198.534	220.225	21.813	53.436
198.473	219.892	21.702	53.802
198.072	220.212	21.942	53.402
198.046	217.879	22.326	55.660
198.214	218.984	22.382	54.392
198.363	218.141	22.397	55.870
198.324	218.568	22.559	55.017
198.739	218.096	22.687	56.493
198.388	218.569	22.670	55.461
198.024	219.040	23.258	54.526
198.347	219.750	22.598	54.007
198.446	219.801	22.884	54.251
199.250	219.306	22.105	54.307
199.738	218.943	21.746	54.341
199.096	219.023	22.636	54.602
199.145	218.926	22.592	54.664
199.872	218.163	21.628	55.704
199.708	218.087	21.908	55.730
199.680	217.474	21.537	55.715
199.065	217.626	22.253	55.474
199.602	217.341	21.790	55.532
199.459	217.696	21.171	56.347
199.514	217.646	21.412	56.506
199.682	217.570	21.262	56.327
198.516	219.377	21.832	55.446
198.291	219.791	21.971	54.841
198.708	219.735	21.084	54.721
198.390	220.365	21.534	54.325
198.657	220.263	21.232	54.388
199.066	220.076	20.540	54.759
198.906	220.206	20.772	54.308
199.130	220.002	20.414	54.628
199.735	219.447	19.068	58.058
199.963	217.908	18.821	59.339
200.019	218.524	18.779	60.357
199.829	218.453	19.076	60.419
199.887	218.675	19.120	60.223
199.810	217.934	19.400	62.513
198.775	217.554	21.051	59.176
198.582	217.683	20.978	60.989
197.602	219.246	20.279	58.929
197.845	218.908	20.203	59.460
197.482	219.676	20.586	58.990
198.067	219.619	20.193	60.565
197.493	220.247	21.219	57.991
197.942	219.706	20.159	59.496
197.786	220.090	20.769	58.473
198.058	218.888	20.475	60.057
197.789	219.780	21.415	58.670
197.895	220.037	21.281	58.101
197.902	220.314	21.447	59.817
197.803	220.315	21.898	58.179
197.429	221.241	22.783	57.569
196.681	220.160	20.168	57.500
196.721	218.883	20.366	60.246
196.688	218.049	19.572	61.675
196.512	218.319	19.905	60.923
196.315	218.340	20.183	60.308
196.261	218.992	20.228	61.191
196.079	219.141	20.698	60.430
195.887	218.853	20.848	61.045
196.297	218.707	20.240	60.485
196.180	217.796	20.925	61.636
196.117	216.622	20.496	63.219
196.047	216.639	20.623	62.825
195.963	216.704	20.792	62.677
196.047	216.596	20.530	63.148
195.512	218.614	20.822	61.187
195.570	217.851	20.889	62.336
194.294	218.651	21.344	61.920
194.387	218.110	21.220	62.863
194.260	218.365	21.612	62.244
193.510	216.175	21.093	66.106
193.281	215.976	21.434	66.110
193.022	217.126	21.723	65.879
192.777	217.175	21.949	65.766
192.920	217.771	21.169	66.029
192.843	217.431	21.907	67.221
192.740	218.028	22.377	64.921
192.964	217.782	21.594	66.725
192.748	216.574	21.625	67.453
192.943	216.453	21.228	68.087
193.035	216.978	20.688	67.897
193.000	216.922	20.617	67.668
191.629	218.015	21.847	66.576
191.362	217.970	21.779	67.281
191.093	217.543	22.414	67.260
189.685	216.790	22.021	67.779
189.473	216.120	22.206	68.243
189.380	216.302	22.350	69.079
188.080	216.879	22.566	67.562
187.553	215.939	23.351	69.089
187.268	215.810	23.986	68.461
186.944	216.479	23.441	68.460
186.708	216.461	23.954	68.291
185.760	215.109	23.399	70.661
185.702	214.880	22.980	70.378
185.634	214.221	22.917	71.053
