291.000	140.000	16.000	29.000
284.129	136.904	16.954	29.834
279.413	134.771	17.429	29.111
272.648	131.108	17.370	29.340
268.086	129.238	16.682	28.186
263.374	127.285	16.285	27.218
257.223	125.416	16.153	26.015
252.685	122.803	16.514	26.968
246.843	120.026	15.730	26.416
241.970	117.098	15.785	26.594
238.296	114.629	15.829	28.932
238.484	115.141	15.797	27.928
232.416	113.265	15.548	26.564
228.948	110.942	15.509	27.243
223.667	108.772	14.809	27.392
219.667	106.792	15.300	27.047
219.875	107.123	15.374	27.211
215.779	103.967	14.673	28.529
212.278	102.837	14.845	27.222
208.965	100.781	15.086	27.161
205.653	98.008	14.616	28.877
203.490	96.718	13.845	28.030
203.334	96.537	14.213	28.062
199.782	93.985	13.731	27.437
198.207	93.002	13.230	25.806
195.272	90.911	13.506	25.766
192.137	88.881	13.431	25.168
192.108	88.989	13.542	25.107
189.435	87.194	13.430	24.716
186.488	85.494	13.447	23.680
184.018	83.487	12.596	23.778
181.404	81.898	12.862	23.667
179.300	80.958	12.719	22.775
179.608	80.660	12.992	22.757
175.041	79.397	13.043	21.695
173.172	78.346	12.741	20.520
168.677	77.004	12.882	20.061
166.107	73.684	11.631	22.389
163.658	71.670	11.377	22.776
161.209	70.149	11.947	22.621
161.361	70.489	11.725	22.925
158.506	71.236	12.200	20.493
156.715	69.050	11.847	21.596
154.571	65.059	11.466	22.934
152.566	64.604	12.006	22.408
151.119	60.598	12.173	24.516
151.513	61.597	11.758	24.071
149.346	59.982	12.028	23.724
147.554	59.415	12.450	23.470
145.502	58.956	12.142	22.454
143.759	59.065	12.496	21.722
142.167	57.773	11.808	21.434
141.951	57.253	12.199	22.134
139.961	56.052	12.374	21.839
138.769	55.169	11.959	21.512
137.191	54.601	11.898	20.617
135.719	53.215	11.737	21.849
135.744	53.043	11.815	21.972
134.443	52.420	12.291	22.069
133.357	50.457	12.081	22.960
132.632	49.509	11.922	22.860
131.854	48.432	11.892	21.803
130.725	47.244	12.734	22.246
131.028	46.992	12.531	22.460
130.572	46.174	11.772	22.803
