307.000	222.000	55.000	38.000
307.409	221.314	55.189	40.088
301.711	217.263	55.427	39.468
302.359	217.061	54.732	38.717
302.068	217.191	54.998	38.649
295.411	211.895	54.104	37.491
296.439	212.196	53.580	36.986
289.732	207.206	52.680	37.083
290.495	207.373	53.120	36.221
284.708	203.618	52.308	35.984
285.542	203.919	52.680	35.030
280.226	199.611	51.265	35.397
279.771	200.153	52.749	34.497
273.960	194.643	50.837	33.935
274.193	194.630	51.495	33.787
274.272	194.994	51.430	33.183
269.246	190.050	49.479	33.306
268.711	190.357	50.659	32.901
264.350	186.581	49.313	32.981
263.808	186.742	50.184	32.442
259.603	182.616	48.889	33.566
259.647	182.587	48.790	33.114
259.588	183.057	48.819	32.569
254.656	178.193	47.312	32.257
254.482	178.278	47.871	32.239
248.563	174.009	47.330	31.616
248.020	174.100	47.476	31.698
244.386	170.738	46.439	31.184
244.005	170.759	46.866	31.302
241.407	167.968	45.371	31.334
240.987	167.579	46.057	31.865
235.740	163.912	45.259	30.828
234.809	163.545	45.760	31.656
234.733	163.499	45.891	31.714
231.796	159.995	44.099	30.343
231.258	160.217	43.857	30.535
227.735	156.384	42.236	30.246
226.758	156.147	43.159	30.882
223.459	153.276	42.445	30.462
222.448	153.014	43.342	30.571
218.727	149.935	42.432	29.421
218.252	149.830	42.239	30.114
218.103	149.560	42.312	30.588
214.892	146.507	40.922	29.494
214.611	146.229	41.637	29.929
210.944	143.177	40.715	29.121
210.875	142.796	40.662	30.118
210.651	142.673	40.970	30.287
207.092	140.034	40.010	28.964
207.121	139.726	39.986	29.612
203.435	137.232	39.745	28.520
203.067	136.675	39.356	29.227
203.186	136.808	39.398	28.971
199.596	134.054	38.852	29.083
199.454	133.464	38.281	29.708
196.294	131.633	38.208	28.528
193.179	129.304	37.240	29.068
193.247	129.000	36.843	29.593
193.172	128.968	36.966	29.814
189.087	126.271	36.343	28.014
189.395	126.022	35.757	28.859
186.399	124.047	35.262	27.894
186.544	123.677	35.041	28.452
183.081	121.357	34.852	27.257
182.989	120.846	35.059	28.033
183.059	120.967	34.748	28.041
180.027	118.835	35.119	27.547
180.438	118.526	34.299	27.993
176.604	115.761	33.880	27.030
176.670	115.539	33.942	27.321
173.767	113.733	33.783	26.021
174.130	113.271	33.083	26.860
170.914	111.364	33.145	25.581
170.945	111.116	32.816	26.235
168.198	109.334	33.157	25.462
168.420	108.791	32.967	25.961
168.453	109.207	32.912	25.574
165.043	105.789	33.081	25.788
165.239	106.396	32.555	25.541
161.575	102.896	32.578	25.694
161.679	103.173	32.494	25.318
161.649	103.043	32.313	25.287
159.343	101.868	32.013	24.310
159.497	101.472	32.039	24.684
157.004	100.038	32.711	23.942
157.046	100.021	32.966	23.536
154.226	98.437	33.447	23.083
153.799	98.157	33.248	23.374
151.370	96.231	33.713	23.568
151.265	96.279	33.958	23.916
148.630	94.581	32.688	23.925
148.470	94.523	33.334	24.253
148.442	94.607	33.132	24.140
146.641	93.120	35.343	24.542
146.593	93.134	35.195	24.551
143.353	90.809	37.045	24.147
143.332	90.631	36.674	24.338
143.367	90.660	36.638	24.240
141.942	88.665	37.762	25.217
141.705	88.731	37.415	25.402
139.881	86.900	38.838	26.130
139.177	86.864	39.066	26.476
137.204	84.722	37.656	24.492
136.601	84.075	37.922	25.502
134.823	82.490	33.788	23.399
134.678	82.088	33.120	23.586
132.686	80.455	33.768	23.225
132.571	80.364	33.555	23.699
132.580	80.400	33.485	23.527
130.628	78.997	33.528	22.881
130.522	78.805	32.266	23.316
127.888	77.074	33.197	22.886
127.978	76.641	32.041	23.416
125.645	75.484	32.108	23.095
125.950	74.849	31.345	23.797
123.965	74.223	32.103	23.123
123.856	74.270	31.953	23.131
124.073	74.326	31.459	23.036
121.561	72.811	32.315	22.501
121.889	72.968	31.152	22.420
119.084	71.613	32.243	21.644
119.463	71.262	31.319	21.973
117.131	70.308	32.306	21.171
117.340	70.046	31.301	21.555
115.771	69.185	31.455	21.258
115.925	69.044	30.395	21.930
116.003	69.140	30.224	21.834
113.558	67.592	31.012	21.664
114.077	67.384	29.945	21.654
111.473	66.088	31.342	21.318
111.343	65.603	31.009	22.001
109.097	64.543	30.790	21.434
109.216	64.181	30.996	21.892
107.709	63.139	30.967	21.942
107.665	62.876	30.958	22.122
107.433	62.593	30.947	22.910
105.400	61.852	31.775	21.825
105.539	61.695	31.103	21.965
103.418	61.156	30.829	21.054
103.534	60.823	30.839	21.523
101.498	59.644	31.850	21.254
101.449	59.538	31.718	21.301
101.402	59.579	31.807	21.201
99.981	58.573	31.432	21.294
100.083	58.329	31.124	21.416
97.820	56.827	32.036	21.366
97.970	56.742	31.482	21.248
96.070	55.635	31.403	21.080
96.206	55.249	30.960	21.485
94.004	54.261	31.946	20.954
93.774	53.942	31.788	21.599
93.588	53.949	32.254	21.498
92.449	53.373	31.782	20.863
92.645	53.085	31.423	20.905
91.098	51.872	31.294	21.146
91.438	51.970	30.294	20.999
89.493	51.118	30.837	20.041
89.431	50.923	30.402	20.498
87.632	49.508	30.719	20.531
88.301	49.474	29.971	20.866
