104.000	69.000	21.000	40.000
104.088	65.166	21.105	44.397
103.946	62.220	19.537	46.426
103.911	62.752	19.327	45.569
103.467	61.813	19.288	45.767
103.172	60.850	19.088	42.422
101.530	57.733	20.812	44.505
101.331	56.899	20.826	44.614
101.398	56.386	20.964	43.634
101.260	56.314	20.865	43.688
102.288	55.250	20.651	41.224
104.058	54.674	19.917	41.633
104.233	52.815	22.020	42.745
105.236	52.475	23.178	42.211
105.852	52.530	24.784	41.114
109.517	52.247	24.111	40.371
109.287	52.183	23.771	40.522
113.532	51.200	22.089	40.671
119.403	50.123	19.977	41.938
120.893	50.296	22.645	41.547
121.567	50.061	25.889	41.412
124.159	49.676	26.444	41.869
123.565	49.462	27.025	42.293
128.399	48.964	24.106	41.987
136.236	48.339	19.847	42.140
138.861	46.574	19.907	44.305
140.217	46.592	22.431	44.094
141.478	47.089	24.111	42.910
144.384	46.827	23.247	42.838
144.244	47.290	23.749	42.286
150.272	46.388	20.552	42.686
154.427	45.285	19.183	44.379
156.021	45.356	21.702	43.981
157.278	45.630	23.798	42.490
159.187	45.847	24.449	41.643
159.612	45.330	24.055	41.875
164.814	44.913	21.377	41.481
170.694	44.900	18.931	40.510
171.511	45.316	20.885	40.022
173.139	46.180	24.031	39.067
175.619	47.408	24.296	38.523
180.746	48.281	21.724	37.511
180.899	48.191	21.340	37.462
186.095	48.517	18.612	37.569
187.948	48.675	19.890	37.206
190.445	49.214	21.817	38.210
191.696	50.366	21.976	37.774
194.066	51.238	21.842	38.955
198.541	52.111	18.958	38.107
197.955	52.245	19.885	38.322
199.973	52.789	18.768	37.572
200.728	52.545	19.062	39.202
201.387	53.718	19.621	38.287
202.520	55.055	19.574	39.858
203.303	56.115	19.786	39.390
203.276	56.105	19.855	38.879
204.328	56.755	18.858	38.746
204.394	57.094	19.479	40.052
205.190	57.899	18.903	41.110
204.948	57.919	19.301	41.215
205.422	58.994	18.968	41.326
205.530	59.927	19.027	41.590
205.358	60.549	19.307	41.704
205.059	61.248	19.010	41.532
204.818	61.076	18.833	42.589
204.920	61.579	17.904	44.770
204.956	61.096	17.783	45.360
204.727	61.278	17.499	46.151
204.870	61.432	17.294	46.185
205.059	60.336	17.127	47.877
203.829	59.694	16.725	47.749
202.271	59.984	17.176	48.035
200.784	60.091	18.161	47.585
200.593	60.836	18.504	46.750
197.210	59.131	20.775	48.064
196.638	58.938	20.632	47.291
195.177	57.773	19.691	46.767
193.915	56.484	19.748	48.010
192.452	55.243	20.383	48.168
190.840	54.571	21.665	48.324
190.326	54.252	21.496	47.393
190.191	54.179	21.768	47.193
189.420	53.872	22.105	44.863
189.938	51.842	20.671	44.696
189.455	50.231	20.479	45.415
189.019	48.480	19.871	46.937
188.980	48.833	20.030	46.276
188.094	48.695	19.888	45.219
187.479	48.157	19.969	42.024
186.531	46.859	20.470	42.501
186.578	45.532	20.259	43.175
186.222	44.363	20.560	44.409
185.534	43.821	21.204	44.350
185.450	43.827	21.289	44.274
185.426	43.195	21.031	43.896
185.598	42.432	20.355	42.756
185.531	41.709	20.104	43.016
184.983	40.474	20.312	44.155
184.761	39.634	19.806	44.591
184.259	39.142	19.853	44.513
184.107	38.884	20.053	44.651
183.562	38.660	20.005	43.280
182.563	37.701	20.271	42.039
182.509	36.802	19.893	42.447
181.961	35.355	20.072	43.932
181.080	34.630	21.185	44.318
181.251	34.764	21.008	44.097
180.586	34.201	21.541	44.573
180.287	33.656	21.246	43.674
180.246	32.877	20.823	43.141
180.419	31.330	20.425	43.152
179.959	30.529	19.818	43.509
179.836	29.615	19.269	44.330
179.218	29.648	18.938	43.933
179.153	29.733	19.212	43.831
178.626	29.532	18.832	42.944
177.396	28.367	19.468	42.587
177.331	28.003	19.070	41.783
176.738	27.343	19.228	42.581
176.984	27.182	18.983	42.853
176.796	26.648	18.698	42.888
176.818	26.235	18.285	43.140
176.778	26.236	17.233	43.461
176.837	25.769	16.877	43.478
177.047	25.333	16.729	44.075
176.634	24.525	16.589	43.118
176.235	23.579	16.677	43.562
175.231	23.294	17.651	42.981
174.412	22.995	17.636	43.001
173.857	23.126	17.487	42.907
173.967	23.499	17.460	42.329
173.441	22.936	17.578	42.864
172.128	21.621	17.522	41.823
172.323	22.676	17.266	40.756
171.057	20.755	17.046	41.933
169.691	19.900	17.639	42.188
169.841	20.011	17.631	42.177
169.506	18.970	18.194	43.446
168.081	19.101	19.268	42.905
167.764	19.131	18.378	43.087
167.033	17.682	17.945	44.177
165.937	16.833	16.798	44.189
163.980	15.865	17.463	42.624
164.253	16.440	17.421	42.261
163.463	15.450	17.029	42.736
160.195	14.693	18.742	43.317
158.781	15.709	19.422	41.994
156.990	15.528	20.450	41.952
157.137	15.981	20.362	41.374
155.889	14.553	20.234	41.684
154.825	13.785	19.416	41.327
153.826	13.251	18.449	41.577
153.222	12.643	16.763	42.077
151.677	11.660	17.670	43.165
151.897	12.269	17.320	42.500
149.688	11.539	18.183	43.326
149.015	11.609	17.833	42.830
147.756	11.085	17.901	42.371
146.395	10.742	18.020	41.770
144.738	10.463	17.945	41.083
143.021	10.837	17.659	40.293
141.171	10.732	18.662	40.423
141.211	11.129	18.400	39.754
137.277	11.259	21.078	39.689
135.467	11.223	22.295	39.977
133.982	11.171	22.857	40.250
133.063	11.275	22.198	40.409
132.003	11.113	18.965	40.080
132.313	10.958	18.523	40.590
130.171	10.568	17.486	40.780
127.474	10.464	18.576	41.053
124.213	11.070	19.158	40.250
119.660	11.456	22.438	40.540
119.832	11.659	22.380	40.387
117.999	11.464	23.363	41.241
117.818	11.493	22.655	41.476
116.852	11.289	20.382	41.374
115.823	11.735	18.553	40.934
111.864	11.631	19.708	41.446
110.669	11.620	18.179	42.466
106.475	12.135	21.232	41.608
104.577	13.030	21.624	41.700
104.894	12.827	21.332	41.602
104.356	13.036	21.091	41.274
102.867	12.999	18.294	41.845
100.222	14.188	18.826	39.898
98.327	14.522	17.897	40.154
98.191	14.507	18.201	40.321
95.283	15.015	19.501	40.547
92.781	15.367	20.432	40.621
91.581	16.111	20.724	40.901
90.234	16.451	20.501	40.802
88.948	16.848	19.300	40.547
87.367	16.926	18.564	40.726
87.273	17.594	18.541	39.809
86.173	17.633	18.638	39.351
84.968	18.195	19.524	41.028
84.787	18.793	18.935	39.917
84.169	19.600	18.732	39.488
83.775	19.595	18.658	39.247
83.676	19.657	18.113	38.933
83.602	19.658	18.388	39.659
83.636	19.748	18.405	39.186
83.150	19.465	17.845	39.953
82.770	20.018	17.809	39.294
82.267	20.267	18.038	39.253
82.077	20.158	17.758	39.124
82.131	20.085	17.662	39.529
82.306	20.066	17.704	39.374
82.325	20.048	17.750	39.498
82.401	20.103	17.860	39.430
82.872	19.883	17.804	39.570
83.253	19.771	18.174	39.699
83.646	19.151	18.486	40.461
83.737	19.246	18.364	40.252
84.447	18.958	18.152	40.681
85.455	18.197	18.269	41.469
86.218	18.023	17.812	41.654
87.250	16.902	18.109	42.608
88.941	17.300	17.344	41.761
89.214	16.926	17.146	42.548
90.063	15.992	17.160	42.344
91.542	16.608	17.970	42.010
92.286	16.952	20.090	41.610
92.656	17.381	22.812	40.704
93.437	16.588	23.482	41.489
94.515	16.761	23.288	41.149
94.436	16.824	23.025	41.324
97.211	16.108	22.114	41.928
102.002	16.805	18.878	40.780
104.704	15.756	19.252	42.604
107.003	16.056	20.234	41.164
107.818	16.183	18.887	41.339
108.392	15.854	23.166	41.413
108.311	15.562	25.779	41.704
111.359	14.499	24.285	42.515
115.669	13.947	20.787	42.219
119.890	13.488	18.148	42.167
122.172	13.093	17.822	42.989
121.887	12.928	18.246	43.044
124.337	13.257	18.611	42.976
125.333	13.806	22.792	41.533
126.407	13.624	24.180	42.118
128.712	13.824	22.638	42.202
133.522	13.910	18.555	41.304
136.866	13.785	17.651	41.326
139.735	13.891	17.908	41.345
139.707	13.867	17.971	41.550
140.851	14.096	21.709	41.167
141.918	14.321	22.998	40.894
144.635	13.912	21.913	40.780
