148.000	170.000	31.000	97.000
144.452	169.920	37.861	96.819
143.666	172.301	38.756	92.904
147.106	172.542	37.892	93.562
146.171	171.760	39.062	93.919
150.483	170.522	37.254	95.486
151.006	171.548	36.619	93.905
155.659	169.231	34.368	96.131
154.665	169.303	35.088	96.355
154.570	170.092	35.212	96.010
156.934	167.300	35.224	99.844
156.476	168.130	35.672	99.533
161.913	167.454	31.992	98.528
161.026	166.756	32.955	100.768
164.481	167.103	32.183	98.909
164.413	166.342	31.952	100.331
167.356	167.127	33.999	100.369
166.930	167.521	34.639	100.371
166.886	167.249	34.721	100.369
169.648	166.920	36.788	100.982
170.129	167.161	38.035	100.626
170.131	167.601	38.185	99.762
172.162	169.145	39.019	98.467
172.168	168.785	39.269	98.808
173.820	168.149	39.156	99.831
173.802	168.360	39.580	99.490
173.781	168.448	39.550	99.331
178.799	167.341	35.805	100.361
178.417	166.716	36.523	100.948
184.672	166.611	32.745	101.117
184.559	167.046	33.224	100.438
184.466	167.080	33.317	100.449
180.646	167.046	42.149	99.501
180.768	168.147	42.293	97.233
180.751	167.843	42.953	98.150
180.821	167.325	45.408	99.533
181.190	167.712	45.150	98.661
181.121	167.450	45.392	99.147
183.681	167.719	44.242	98.741
182.933	168.103	44.643	98.682
190.572	168.061	41.015	99.032
189.971	167.905	43.211	99.745
195.620	167.826	38.843	98.513
195.119	167.828	39.646	98.711
194.974	168.075	39.985	98.603
199.505	168.093	38.218	98.961
199.893	168.156	37.956	98.621
203.703	167.935	37.477	99.254
203.428	168.245	37.840	98.841
207.489	168.553	37.487	98.843
207.499	168.751	38.469	98.607
207.663	169.123	38.186	98.170
210.896	168.398	38.658	98.994
210.589	168.874	39.352	98.379
213.045	168.340	39.030	99.083
212.820	168.371	39.617	99.055
212.823	168.594	39.609	98.868
214.539	168.594	40.495	98.902
214.936	168.467	40.168	98.907
217.945	169.242	39.725	98.052
218.288	169.668	39.450	97.653
221.807	168.577	37.900	99.421
221.495	168.874	38.535	98.822
225.538	169.525	36.030	96.928
225.346	169.091	36.140	97.639
225.227	169.143	36.394	96.657
227.895	169.907	34.578	96.867
228.370	168.466	34.184	99.377
228.222	168.458	34.035	99.382
230.634	168.896	33.991	99.032
230.887	168.555	33.959	99.507
233.552	169.629	33.829	99.285
234.088	167.393	32.931	99.918
235.784	169.579	32.518	98.221
235.762	168.092	32.297	99.392
235.258	169.162	33.012	97.796
237.415	169.512	32.677	97.996
237.337	169.188	32.679	97.959
239.378	169.948	32.405	97.910
238.966	169.320	32.193	97.966
239.838	169.504	32.763	98.445
239.757	169.646	32.480	98.332
239.670	168.977	32.691	99.048
241.534	169.105	32.477	99.270
241.575	168.532	32.264	98.682
241.153	169.033	32.684	98.476
240.838	168.532	33.970	99.054
241.012	169.146	33.340	98.614
241.688	169.231	33.252	98.663
241.447	169.275	33.384	98.517
242.137	169.339	32.306	99.171
242.060	169.057	32.515	99.144
241.926	169.101	32.736	99.031
240.146	168.871	34.212	100.175
240.199	168.827	34.252	100.135
239.206	168.964	34.837	101.035
239.463	168.944	34.500	101.122
238.560	169.490	35.162	100.485
238.895	169.407	35.009	100.826
238.720	169.626	34.878	100.259
239.277	168.752	35.246	101.572
239.312	168.962	34.895	101.118
240.654	168.634	33.217	101.886
240.294	168.890	33.425	101.932
240.358	168.786	33.497	101.854
241.086	168.682	33.085	102.596
240.928	168.752	33.003	102.526
241.977	168.821	32.720	102.594
242.119	169.063	32.470	102.398
243.269	167.330	32.610	103.670
242.936	167.658	32.729	103.090
242.914	167.093	33.484	103.200
241.018	167.790	35.738	102.244
242.131	168.180	34.558	101.934
242.721	167.720	34.787	102.725
241.267	167.745	36.204	102.121
243.378	167.708	34.596	102.515
243.238	167.398	34.532	102.744
243.982	167.502	34.716	103.146
243.704	167.108	34.646	102.825
244.705	167.153	33.766	102.989
244.466	167.083	34.031	103.243
244.515	167.223	33.893	103.057
243.970	167.398	34.347	102.698
244.004	167.328	34.448	102.768
244.829	167.013	33.399	103.359
244.610	166.663	33.618	103.600
246.199	166.771	31.717	104.185
247.239	166.729	30.648	104.293
246.628	166.239	30.424	104.855
246.806	166.600	30.181	103.603
246.556	166.749	30.590	103.570
246.758	166.659	30.240	103.588
246.502	166.841	30.686	103.711
246.304	166.666	30.907	103.840
246.708	166.489	30.552	104.192
246.682	166.809	30.202	103.735
246.542	166.647	30.562	103.934
246.655	168.118	29.654	103.079
246.858	167.317	29.741	103.915
246.913	168.193	29.451	102.973
246.722	168.124	29.181	103.381
246.809	167.914	29.014	103.681
245.495	168.263	29.641	102.923
245.583	168.124	29.523	103.017
244.342	167.634	30.272	103.643
244.226	167.633	30.603	103.624
244.252	167.668	30.451	103.544
244.304	167.738	30.399	103.519
244.199	167.598	30.672	103.660
243.012	167.139	30.067	104.073
242.926	166.854	30.599	104.632
243.461	166.880	29.524	104.535
243.703	166.818	29.153	104.485
243.668	166.824	29.395	104.722
242.593	167.528	29.842	103.776
242.977	166.718	29.571	104.521
243.000	166.136	29.181	105.442
242.836	166.275	29.454	105.279
243.082	166.418	29.063	105.044
243.122	166.824	28.695	104.676
242.783	166.449	29.348	105.167
241.617	166.489	30.576	105.019
242.359	167.081	29.553	103.941
241.177	166.683	31.363	105.094
241.386	166.887	31.533	104.160
241.867	166.963	30.934	104.249
240.707	167.022	32.453	104.949
241.007	167.212	32.204	104.999
242.042	167.640	31.565	104.339
241.010	167.274	32.503	104.923
241.323	167.462	32.417	105.075
241.815	167.923	32.503	104.521
240.884	167.567	33.529	104.894
241.057	168.415	35.060	104.076
240.696	169.119	35.050	102.742
241.143	167.876	35.358	103.894
241.184	169.389	35.449	102.216
241.692	169.168	34.550	102.345
241.084	168.735	35.535	103.496
241.118	168.379	35.418	103.693
244.656	169.977	33.296	103.356
243.883	169.148	33.783	103.600
245.984	168.486	32.672	103.459
247.298	168.105	31.105	104.124
247.267	167.062	31.629	106.546
246.993	167.560	31.394	104.663
248.151	167.359	30.209	104.775
247.273	167.277	31.651	106.237
249.426	167.624	30.199	105.674
249.491	167.312	30.185	105.630
250.370	166.993	30.174	105.069
252.134	167.665	29.687	104.486
252.595	168.139	28.947	104.844
252.265	168.361	29.508	104.677
253.976	167.394	29.454	104.823
254.011	167.738	29.115	104.855
254.752	167.646	30.501	104.967
254.896	167.630	30.122	104.521
254.733	167.707	30.131	104.512
255.572	167.349	30.963	104.823
255.510	167.630	30.707	104.706
255.571	167.630	30.689	104.706
255.917	166.880	32.633	105.224
255.989	167.002	31.794	105.425
256.125	166.926	32.706	104.776
255.754	167.124	33.113	104.801
256.003	166.751	33.864	104.883
255.309	166.792	35.133	104.635
255.921	167.252	35.215	104.624
255.533	166.314	36.478	105.285
255.117	166.655	36.801	104.900
256.279	166.495	36.921	104.191
256.113	166.352	37.036	104.896
258.110	166.364	35.390	104.300
257.936	165.554	36.224	106.590
257.943	165.727	35.872	106.104
260.875	166.328	33.646	105.995
261.325	166.547	33.057	106.229
261.378	165.761	32.817	106.760
262.466	166.745	31.826	105.436
262.480	166.139	31.896	105.915
263.026	166.771	32.070	106.137
263.346	167.118	31.500	105.540
263.988	167.424	32.054	105.595
264.240	167.391	30.927	105.099
264.286	166.809	32.480	105.289
263.938	167.164	32.613	104.945
264.240	166.568	34.271	105.471
263.472	166.780	34.889	105.473
262.689	166.127	35.417	106.053
263.729	166.637	36.016	106.033
263.568	166.863	35.676	105.550
263.397	166.805	36.084	105.877
262.887	166.176	37.082	106.996
262.340	166.017	37.491	106.793
261.852	166.418	38.390	106.775
262.387	166.301	37.830	107.030
262.000	166.481	37.993	106.560
262.808	166.815	37.535	106.666
263.074	166.743	37.051	106.930
263.380	167.079	36.549	107.661
263.296	166.912	36.536	107.341
263.380	166.681	36.452	107.962
263.496	166.654	36.141	107.551
262.985	166.644	36.848	107.854
262.127	166.396	37.176	107.421
262.197	165.980	36.954	108.955
263.384	166.176	36.377	108.363
262.892	166.174	36.557	108.268
263.593	167.086	37.552	105.973
263.791	166.483	37.262	107.036
263.584	166.462	37.681	106.992
265.507	167.121	38.252	107.006
265.372	167.654	37.560	107.670
264.965	166.959	39.469	108.574
265.349	167.001	39.110	107.758
267.501	167.086	38.073	108.485
267.158	167.708	38.268	107.450
267.172	167.142	38.346	108.073
269.919	165.683	38.463	110.381
270.624	166.225	37.664	109.560
275.758	165.484	34.967	110.566
276.900	166.026	33.528	110.962
276.596	165.451	34.003	111.907
280.758	166.805	34.180	108.150
280.451	165.394	35.243	110.022
282.649	168.219	36.884	106.878
282.456	165.830	36.969	110.061
284.900	167.739	37.701	109.417
284.065	167.342	40.794	109.014
286.424	169.394	39.986	107.031
285.310	168.060	41.381	107.857
285.324	169.060	41.267	107.140
288.622	167.890	39.913	108.302
288.048	165.501	40.667	111.066
292.770	165.627	38.044	112.476
292.610	165.798	38.107	110.570
297.824	164.648	34.629	111.936
297.291	165.361	34.538	112.796
297.159	164.821	34.516	112.870
303.091	164.257	31.714	113.155
302.666	166.385	32.321	112.132
305.408	165.333	32.676	113.723
304.207	166.771	34.110	112.279
304.324	167.297	33.899	110.853
307.497	168.233	34.722	110.714
307.376	167.502	34.518	111.538
309.068	169.805	36.305	109.962
307.591	168.751	37.895	111.114
308.008	167.993	40.048	111.680
307.870	168.257	40.487	111.462
310.139	169.341	40.985	110.884
309.034	169.034	43.107	111.706
308.804	169.739	43.427	110.172
312.993	170.049	42.224	110.274
311.622	170.318	44.020	109.730
317.160	170.152	41.645	109.417
315.943	170.878	43.123	108.838
315.702	170.881	43.283	108.858
315.614	171.125	43.205	107.976
315.702	171.222	43.117	107.878
321.124	171.542	40.325	109.604
319.189	171.067	43.033	111.605
324.726	170.764	38.729	111.246
324.161	170.576	40.339	111.979
327.553	168.443	40.077	115.413
326.819	170.295	41.317	113.676
330.839	167.141	39.150	117.455
329.859	168.724	41.335	116.086
332.223	168.251	42.249	117.149
331.847	168.366	42.761	117.107
332.072	168.679	42.478	116.834
333.606	170.841	50.823	115.487
332.366	171.926	50.305	114.457
331.797	170.487	51.035	115.270
334.245	171.133	53.249	116.059
333.704	171.296	52.830	115.716
342.436	168.399	48.179	118.091
341.405	168.663	49.052	118.422
