155.000	75.000	65.000	43.000
147.047	72.258	69.748	43.706
142.245	71.074	66.110	42.637
137.714	69.016	63.085	43.043
131.228	66.763	63.513	41.961
126.136	64.596	62.896	42.303
123.439	63.042	60.842	41.691
117.949	61.564	59.863	41.084
114.678	60.510	57.322	40.672
110.208	59.499	58.232	39.820
107.396	57.477	54.846	39.645
103.979	55.992	54.916	39.640
103.890	55.852	55.338	40.184
99.010	54.238	55.155	38.591
96.416	53.402	53.695	38.413
94.303	52.107	52.587	38.125
91.946	50.362	51.174	38.727
89.607	48.940	48.980	37.580
87.594	47.762	48.230	38.095
87.741	47.756	48.078	38.522
86.349	46.403	46.848	38.149
84.144	45.116	46.465	37.883
82.857	43.779	45.831	37.654
81.973	42.847	45.043	37.188
81.041	41.100	41.970	36.858
80.517	40.308	41.539	36.778
80.511	40.206	42.137	37.010
79.948	38.719	39.811	36.413
80.192	38.322	38.372	35.401
79.892	36.610	36.683	35.417
79.850	36.220	37.229	34.312
79.869	34.234	36.746	34.904
79.891	34.017	36.708	35.396
79.640	33.644	36.784	33.813
79.152	33.108	35.988	32.785
78.922	33.028	36.165	31.594
79.827	30.821	35.410	31.897
80.330	28.534	35.468	33.165
80.592	28.319	35.351	33.894
80.894	27.673	35.752	33.139
81.306	26.851	36.446	32.094
81.402	25.958	37.220	31.892
82.212	23.895	37.872	32.624
83.051	23.379	38.515	31.739
84.327	22.219	37.994	31.862
84.213	22.264	38.220	32.253
85.307	21.262	39.351	31.755
86.232	20.328	40.140	31.819
87.716	18.810	40.042	32.309
90.366	17.082	40.208	32.139
91.196	16.134	41.556	32.464
91.402	16.057	41.271	32.678
91.917	15.652	43.361	32.288
94.437	14.252	43.880	31.760
96.589	13.104	43.948	32.189
98.539	13.248	44.812	30.909
100.518	12.303	46.797	30.836
102.789	10.972	46.987	30.892
105.323	9.980	47.621	30.807
105.458	10.067	46.992	30.933
109.563	8.362	47.312	31.405
111.667	6.523	48.369	32.294
114.886	6.090	47.900	31.770
118.650	5.597	49.116	30.683
120.939	5.219	49.894	29.872
121.007	5.406	49.840	29.628
125.252	4.535	49.495	29.810
129.525	4.053	50.513	29.102
132.363	3.409	51.030	28.924
136.613	2.491	52.496	28.544
141.083	1.680	51.548	28.777
144.279	1.298	51.912	28.196
144.314	1.705	51.668	27.683
149.966	0.631	51.576	27.682
