40.000	90.000	16.000	40.000
41.655	89.131	18.236	39.569
41.019	89.739	18.119	39.440
43.804	89.301	18.716	39.364
43.937	89.528	18.435	38.252
45.933	89.268	19.927	37.810
45.898	89.952	18.768	39.120
49.065	90.208	19.690	39.340
48.628	90.426	20.018	38.727
51.962	90.436	18.977	37.300
51.520	90.596	19.643	37.778
54.641	91.314	19.384	37.459
52.821	90.770	20.882	37.172
54.695	90.682	19.727	36.821
60.087	91.131	23.723	36.674
59.422	90.233	22.938	36.914
64.575	93.038	22.934	34.360
66.591	90.246	19.888	37.206
71.417	91.935	19.976	36.289
71.412	91.420	19.105	36.846
71.998	90.138	18.461	37.943
71.973	90.177	18.917	38.053
72.483	90.509	20.650	37.261
72.750	90.630	20.520	37.185
73.665	91.040	18.749	37.491
73.774	90.803	19.417	38.077
73.627	90.833	19.431	38.053
76.144	90.542	20.858	38.629
75.525	90.682	18.948	38.455
79.998	91.003	19.710	38.186
81.996	91.352	20.754	38.179
82.114	91.861	19.905	38.261
82.191	91.110	19.645	38.494
84.359	93.088	22.591	37.020
84.392	91.995	20.886	38.042
87.408	91.623	21.681	38.752
87.134	90.869	20.958	39.476
90.847	90.493	21.359	40.474
90.856	90.849	20.261	40.154
90.756	90.611	20.505	40.534
93.381	89.513	20.515	41.398
93.430	89.045	20.634	42.101
96.071	88.962	20.902	42.422
98.966	88.638	20.128	42.746
99.208	89.137	20.067	42.423
99.125	89.842	19.689	42.063
102.393	90.469	21.678	41.360
102.283	90.079	22.128	41.400
104.897	90.121	22.789	41.598
104.817	90.366	22.534	41.150
107.381	90.003	23.886	42.219
107.099	90.450	24.017	41.432
112.118	89.205	23.636	42.246
110.825	89.016	24.195	42.594
116.170	88.794	23.977	43.393
116.116	89.214	23.081	42.841
119.123	89.149	22.730	42.835
118.870	89.071	22.850	42.706
118.686	89.011	23.270	42.957
121.002	89.569	24.869	42.711
120.867	90.102	24.576	42.070
123.319	90.527	24.378	42.089
123.323	90.629	24.344	41.746
127.162	90.230	23.466	42.060
126.260	89.794	24.274	42.597
131.101	89.081	22.902	43.462
130.665	89.490	23.484	42.956
134.716	89.443	21.974	42.605
134.752	89.148	21.781	42.701
137.615	87.874	22.279	44.326
138.093	87.854	21.041	43.821
138.014	87.983	21.237	43.482
140.693	88.375	21.472	43.283
140.284	88.595	21.572	42.841
144.349	89.483	22.583	42.071
147.754	88.712	21.431	42.399
147.529	88.944	21.796	42.205
147.516	88.937	21.809	42.118
150.482	88.806	20.553	42.680
150.418	88.598	20.866	42.586
152.968	88.128	22.299	42.032
152.813	87.935	23.776	42.410
154.777	89.325	24.231	40.828
154.902	89.562	24.369	40.811
158.562	87.734	22.321	42.139
158.529	87.953	22.895	42.556
163.537	88.702	19.902	42.605
161.363	88.310	21.428	42.155
161.629	88.334	21.368	42.064
166.408	88.784	19.620	42.078
166.266	88.414	20.589	42.775
170.399	87.407	20.423	43.754
170.206	87.335	20.964	43.789
173.557	87.834	20.303	44.394
173.210	88.415	20.525	43.392
175.984	87.410	20.235	44.382
175.908	87.426	20.667	44.260
178.479	88.668	21.459	43.652
178.397	88.627	21.506	43.370
181.276	88.515	21.197	43.960
180.994	88.586	21.841	43.323
184.152	89.237	22.328	43.238
184.006	88.899	22.469	43.250
186.872	88.734	22.419	43.779
187.233	89.350	22.117	42.737
192.258	87.831	21.526	44.327
191.826	87.110	21.784	44.971
191.993	87.564	21.674	44.730
196.094	88.529	19.755	43.995
195.534	87.825	20.779	44.273
197.980	89.679	21.943	42.885
197.866	88.786	22.121	43.474
200.382	89.840	22.389	42.778
200.218	88.783	22.436	43.433
203.074	91.497	22.044	41.024
202.805	90.766	22.669	41.996
206.973	89.888	21.300	42.925
206.805	89.436	21.804	43.408
211.086	89.156	19.783	43.812
210.617	89.389	20.499	43.334
215.415	88.250	20.378	44.758
215.240	87.742	20.917	45.159
215.357	87.773	20.756	45.052
218.436	88.408	20.506	45.065
218.376	88.068	20.884	44.608
221.064	89.152	20.892	44.121
220.825	89.112	21.255	43.680
223.113	90.170	21.727	42.938
223.443	90.213	21.700	42.700
226.575	89.259	21.760	44.224
225.974	90.490	22.686	42.465
230.877	89.789	20.140	43.003
230.259	89.497	21.314	43.497
234.484	88.062	20.405	44.039
234.374	87.642	20.874	44.741
234.450	87.486	20.906	44.809
236.271	87.672	20.791	44.715
236.053	87.837	20.575	44.381
239.591	89.405	22.033	42.327
239.718	89.478	21.969	42.264
242.701	89.945	20.965	41.795
242.420	89.864	21.636	41.841
242.449	89.846	21.678	42.087
246.801	89.628	19.348	41.753
245.707	89.453	20.215	41.642
249.547	88.733	19.014	41.996
250.022	89.530	17.765	41.381
253.590	89.921	25.299	40.595
252.560	88.927	20.281	41.125
258.066	90.708	24.674	39.811
259.347	88.518	22.873	41.180
261.722	79.648	20.350	44.877
260.324	86.874	21.145	42.079
261.858	90.779	24.827	39.492
262.671	90.772	22.648	38.513
267.912	90.310	19.542	39.822
270.505	89.959	17.857	40.434
273.795	89.268	17.253	41.895
273.209	90.484	18.132	40.407
273.630	89.465	17.754	41.380
274.700	88.491	19.181	42.424
274.827	87.645	19.284	43.137
277.694	88.330	21.054	43.793
277.691	88.914	21.452	42.998
281.396	89.967	21.391	43.129
281.503	89.253	20.971	43.738
284.459	90.032	21.163	43.691
284.033	89.622	21.644	43.436
287.310	89.810	21.059	43.680
287.210	89.806	21.724	43.150
291.095	89.444	20.408	43.926
291.224	89.151	21.385	44.078
291.120	89.307	21.061	44.019
294.108	88.475	20.702	44.756
294.182	88.486	21.441	45.117
297.274	88.647	21.250	45.204
296.980	88.479	22.318	45.454
296.905	88.229	22.238	45.569
301.603	88.816	21.849	45.265
