29.000	157.000	34.000	80.000
31.744	152.969	31.741	85.782
33.004	150.039	31.410	89.038
34.285	149.064	32.082	90.489
35.859	148.588	33.215	90.918
36.034	146.700	34.474	91.205
38.139	142.455	33.014	94.963
39.160	141.758	33.578	92.731
41.645	137.886	32.865	94.473
43.831	136.770	33.749	91.919
43.842	133.784	35.890	92.854
42.636	133.003	39.547	94.001
42.435	131.482	39.544	94.748
42.163	129.881	40.967	96.110
41.947	127.435	41.322	97.129
42.391	123.856	41.492	97.767
42.820	122.867	41.081	96.733
43.684	119.610	41.015	96.458
45.540	116.578	40.380	94.573
47.766	114.010	38.471	92.523
48.044	112.772	39.484	91.017
49.700	110.700	39.512	89.692
50.295	109.428	40.537	88.961
51.745	107.632	39.418	88.782
52.687	106.312	38.047	89.253
54.322	103.225	37.901	89.637
55.513	100.462	38.064	89.945
55.890	99.394	38.759	90.611
56.321	97.200	38.309	90.985
55.692	95.474	39.733	90.445
55.258	94.280	40.633	89.713
54.841	92.418	41.585	91.197
55.463	91.011	41.875	91.452
56.303	88.969	41.213	92.990
56.688	87.909	40.696	93.688
57.277	85.446	40.255	92.888
57.644	82.856	39.913	92.422
58.285	80.650	39.386	88.854
58.629	79.998	39.277	88.420
58.958	77.644	38.475	85.780
60.081	76.000	37.642	85.528
60.248	75.200	37.550	86.218
61.157	73.487	36.598	88.075
61.640	72.113	36.186	88.703
62.578	69.693	35.191	89.845
63.255	67.161	34.711	90.823
63.067	66.039	35.430	89.999
63.072	64.086	36.207	87.986
62.980	62.569	36.228	85.127
62.401	61.245	37.416	84.135
62.150	60.858	37.714	84.224
61.871	59.357	38.072	84.912
61.371	58.311	38.386	85.427
61.027	57.160	38.395	86.067
61.180	56.655	37.935	86.314
60.258	54.254	38.218	86.060
59.184	52.932	37.903	83.646
58.064	51.395	37.496	80.926
57.417	50.786	37.606	80.743
56.612	49.076	37.230	79.511
55.781	48.391	36.794	80.554
54.428	46.392	35.917	81.601
53.868	46.781	36.163	81.664
53.026	45.619	35.781	81.905
52.036	43.998	35.626	82.169
50.887	43.115	36.538	82.468
49.996	40.747	35.706	82.594
48.081	39.614	35.698	80.231
46.974	38.344	35.092	78.692
46.393	37.836	34.965	79.304
45.367	36.715	33.244	78.347
43.698	36.255	33.826	78.671
43.573	35.752	33.024	78.869
42.290	35.526	33.824	78.910
41.070	33.699	33.511	80.113
38.768	32.975	35.422	79.512
37.966	32.405	35.234	79.185
36.305	30.579	35.099	78.862
34.604	30.042	35.275	78.636
33.574	29.510	35.089	78.688
33.254	29.327	34.935	78.977
32.564	28.841	35.377	79.181
32.753	27.620	34.838	79.846
33.313	27.200	34.029	79.443
33.530	26.571	34.068	80.096
34.477	24.613	32.989	79.904
35.568	25.115	32.166	76.243
37.166	22.919	30.069	76.158
38.131	23.388	29.619	75.111
40.111	22.677	28.210	74.375
42.094	22.131	26.197	74.944
42.996	21.074	27.629	75.963
43.404	20.965	29.032	75.871
44.028	20.621	31.870	75.350
44.970	19.187	32.158	76.306
45.865	18.675	33.340	76.326
46.397	18.837	32.906	76.110
47.537	18.837	32.211	75.266
47.775	19.007	33.142	74.351
49.347	18.402	31.858	76.176
50.044	18.193	31.820	77.416
50.477	18.486	31.701	78.891
50.765	18.936	31.439	79.907
50.823	19.522	32.601	79.832
50.745	19.970	33.067	79.918
52.088	20.667	31.909	80.975
51.662	22.115	33.667	79.309
52.412	22.169	31.948	79.486
52.335	22.528	33.816	79.729
52.509	23.278	34.297	79.670
52.545	23.708	35.076	79.397
53.102	24.823	35.254	78.378
53.202	25.226	35.685	77.608
53.904	26.153	36.428	76.998
54.075	26.590	36.386	76.435
55.257	27.439	36.628	77.548
55.719	27.641	38.068	79.188
56.448	28.701	38.389	78.591
57.027	29.179	37.598	78.522
58.256	29.686	37.396	78.822
59.677	29.284	37.406	80.180
60.822	29.340	36.523	79.800
61.623	29.331	36.042	80.447
62.594	29.685	35.974	79.999
63.862	29.981	35.835	80.030
64.921	29.981	35.439	80.386
65.630	29.882	35.279	81.122
66.599	30.416	35.067	83.815
67.653	31.446	34.798	84.660
68.492	32.318	34.986	84.974
69.071	33.078	34.936	84.271
69.777	34.203	35.461	84.406
70.151	35.167	35.984	83.698
71.434	35.762	35.799	83.753
72.192	36.857	36.225	82.847
72.844	36.819	36.304	82.772
73.695	37.724	37.123	82.323
74.663	38.283	36.381	81.436
74.948	37.995	36.660	81.753
76.618	38.650	35.698	80.879
78.364	39.533	35.913	79.232
79.612	39.908	36.887	80.266
80.367	40.802	38.672	79.109
81.915	41.339	40.626	78.963
83.952	41.602	41.480	78.713
85.353	41.712	41.127	78.468
87.366	42.002	39.610	78.158
89.118	42.010	38.111	78.476
91.235	42.617	36.757	78.203
92.944	42.629	35.659	77.902
95.586	42.305	32.880	78.555
99.008	41.662	31.226	79.160
99.986	42.231	31.853	79.501
102.868	42.061	31.716	81.115
104.670	44.299	34.770	78.425
107.590	44.447	36.518	78.737
108.026	43.865	38.015	78.188
109.442	44.954	39.873	77.360
111.754	45.043	38.779	78.232
114.464	45.659	36.878	78.154
116.168	46.339	36.361	77.646
120.141	46.445	33.036	77.452
121.986	46.369	33.324	78.016
125.872	45.622	32.947	77.632
126.310	45.309	34.040	78.617
128.650	46.334	38.066	77.286
130.264	46.123	41.177	78.183
132.514	46.858	40.963	77.050
134.709	47.626	39.769	76.986
135.636	46.748	39.321	77.552
138.120	46.310	38.175	78.705
140.541	46.557	36.478	78.530
144.102	46.401	33.344	78.851
145.561	46.684	31.902	79.707
146.469	47.222	33.215	80.614
148.652	47.475	32.718	83.448
149.596	47.559	32.777	84.766
151.204	48.366	33.289	85.220
152.431	50.362	33.869	83.013
153.808	51.351	35.980	83.459
154.943	52.314	35.110	84.016
156.332	52.435	34.983	84.485
158.140	54.206	34.463	82.254
158.630	54.121	34.709	82.570
160.563	54.838	34.658	81.964
162.363	55.152	34.458	81.047
163.528	55.503	35.310	81.691
164.837	56.233	35.428	81.416
166.194	57.143	39.098	82.470
168.190	58.372	39.802	83.200
168.360	57.481	40.380	85.016
170.394	59.387	38.701	84.844
171.229	59.859	39.195	84.148
173.648	60.946	37.825	83.644
174.981	60.986	37.621	82.977
177.403	61.404	36.225	83.050
179.210	61.779	35.873	83.224
183.298	62.491	33.547	84.081
184.876	63.523	33.968	85.970
185.565	63.330	34.004	88.271
186.446	65.092	35.811	88.322
188.364	66.961	37.811	88.798
190.134	68.458	39.859	88.299
191.324	69.396	38.558	88.044
192.339	70.257	40.410	87.797
194.495	71.127	40.158	88.182
197.216	72.182	38.441	87.605
198.512	72.733	38.436	86.918
201.347	73.443	36.589	86.589
203.109	74.809	37.559	85.272
204.987	76.204	41.249	87.290
206.133	75.773	41.982	88.686
207.905	78.391	43.418	87.161
210.000	78.977	41.976	87.478
212.132	79.361	41.110	88.073
212.626	79.684	41.629	87.340
214.868	79.401	41.466	88.378
217.366	79.862	42.311	88.233
221.246	80.087	41.042	87.536
224.298	80.162	41.376	89.880
227.144	82.095	42.000	91.315
228.621	83.054	42.009	91.562
230.258	83.947	42.028	93.060
231.776	85.905	42.961	91.189
233.637	86.988	43.210	91.830
235.147	88.458	42.980	91.608
238.116	88.573	39.889	91.686
241.149	90.134	37.866	90.450
244.337	91.353	36.844	88.753
245.593	90.839	35.945	90.142
247.866	91.717	35.633	89.751
251.075	93.038	37.073	89.634
253.334	95.114	40.605	90.459
253.888	95.829	42.191	90.694
255.713	97.524	43.284	89.906
257.161	97.618	43.185	92.494
258.391	98.182	43.023	92.075
260.093	98.416	41.898	91.863
261.602	99.058	40.871	91.515
266.566	99.669	39.326	90.610
