175.000	65.000	13.000	24.000
177.153	64.073	12.932	25.263
176.882	64.463	12.837	24.962
179.377	63.008	11.569	25.791
181.172	62.869	11.130	26.889
181.241	62.988	11.315	26.580
183.202	62.080	11.078	26.871
183.166	62.297	11.246	26.914
183.179	62.306	11.232	26.892
184.018	62.628	12.243	25.812
183.951	62.596	12.459	25.488
186.301	61.985	11.134	25.841
186.676	62.527	11.045	24.898
187.624	62.377	11.385	24.278
187.206	61.980	11.457	24.475
190.413	61.303	10.020	26.219
189.801	61.713	10.484	25.927
192.431	59.618	10.131	26.269
191.833	58.785	10.789	26.689
191.893	59.133	10.521	26.912
193.033	58.381	11.522	26.813
192.297	58.499	12.099	27.457
194.220	58.642	11.349	25.931
194.017	58.684	11.496	26.628
196.055	57.845	10.949	25.770
197.450	57.390	10.225	25.726
197.034	57.345	10.780	26.354
198.323	57.227	10.064	26.798
198.478	57.381	10.135	26.346
199.755	57.545	10.372	27.304
199.490	56.897	10.462	28.044
200.493	58.818	11.049	26.656
200.612	58.724	10.546	25.603
200.368	57.903	11.014	26.304
202.533	58.914	10.424	25.055
202.392	58.567	10.272	26.490
203.574	56.112	11.235	26.956
202.959	55.852	11.425	28.395
203.353	56.530	10.816	28.770
205.413	59.218	10.639	29.300
205.120	57.881	10.410	30.093
206.820	54.599	10.610	30.025
206.674	53.786	10.960	30.611
207.137	53.907	11.164	27.375
207.025	54.596	11.365	27.232
206.836	54.598	11.486	27.008
207.944	53.627	11.648	26.599
207.859	53.838	11.450	26.635
209.674	53.261	10.791	26.945
210.205	53.046	10.822	27.515
222.712	51.405	11.587	27.132
223.175	52.205	10.811	26.761
224.574	52.435	10.479	25.768
224.870	51.935	10.380	25.958
225.405	51.668	10.874	26.126
226.378	51.518	10.218	26.291
226.243	51.643	10.276	26.200
226.621	51.955	10.827	25.821
227.164	52.062	10.405	25.715
214.576	52.011	11.522	25.213
214.445	52.372	10.868	24.642
214.487	52.432	10.810	24.612
215.682	52.475	10.385	25.178
216.226	52.011	10.662	25.213
216.918	51.705	10.606	26.091
217.550	51.303	10.707	26.377
218.610	50.494	10.345	26.726
217.981	50.352	11.104	26.934
217.904	50.282	11.171	27.091
219.481	50.654	11.403	26.100
218.965	50.476	11.889	26.451
220.871	50.441	10.849	26.011
220.222	49.655	11.176	26.365
221.849	49.406	10.198	25.201
221.474	50.071	10.535	25.185
232.475	48.624	11.261	26.371
232.657	48.344	11.119	26.714
232.657	48.344	11.119	26.714
233.427	48.411	11.211	26.468
233.842	47.895	10.967	27.253
234.301	48.387	11.170	26.380
234.486	48.560	11.038	25.993
234.573	48.480	10.955	26.050
234.732	48.672	11.433	26.247
234.788	49.239	11.306	25.819
234.879	47.912	11.869	26.408
235.488	47.640	11.581	26.679
236.850	47.524	11.376	26.320
237.360	47.332	11.331	26.735
237.601	46.951	11.006	27.966
237.476	47.124	11.150	28.221
236.824	47.021	11.508	28.278
237.329	46.823	11.677	26.983
236.578	46.570	12.049	26.599
237.505	46.158	11.978	26.926
237.823	45.421	11.667	27.616
236.966	46.166	12.406	25.208
233.223	46.181	13.653	25.950
237.613	45.645	12.289	25.743
232.720	45.610	13.642	25.963
234.912	45.516	12.638	26.026
240.460	45.496	11.961	25.861
240.978	45.000	11.846	26.067
242.106	44.381	11.241	26.280
242.586	45.302	11.380	25.784
243.063	44.828	11.634	25.492
243.344	44.661	11.367	26.352
243.323	44.651	11.354	26.398
244.230	45.037	11.395	27.518
244.624	44.653	10.946	27.860
244.918	43.655	12.185	26.445
245.597	43.111	11.186	26.919
245.705	43.306	10.964	27.307
234.309	43.684	11.010	24.506
233.973	44.582	11.429	25.533
235.182	44.218	11.127	24.413
234.968	44.183	11.531	25.051
235.675	44.050	11.127	23.888
235.876	44.306	11.113	23.733
236.378	43.948	11.083	23.937
236.535	43.881	10.960	23.861
236.548	43.890	10.941	23.864
237.745	43.705	10.952	24.367
237.786	44.022	11.083	24.135
238.743	43.207	10.740	24.414
238.570	43.174	10.696	24.593
239.576	43.174	10.656	24.280
239.414	42.866	10.692	24.346
239.442	43.258	10.688	24.251
240.101	42.717	11.285	24.073
239.889	42.753	11.110	23.768
240.353	42.574	11.562	24.003
251.217	41.722	11.335	24.523
251.166	41.637	11.747	24.207
240.612	42.494	11.064	23.886
240.823	42.342	11.124	24.156
240.997	42.467	11.423	23.324
241.140	42.301	11.258	23.344
242.261	41.663	10.805	23.863
242.217	41.750	10.884	23.565
243.238	40.810	10.313	23.756
243.165	41.001	10.656	23.778
243.178	40.895	10.625	23.759
244.440	40.739	10.040	24.124
244.523	40.753	10.240	24.110
244.948	41.277	10.661	23.276
245.060	41.111	10.772	23.125
246.054	40.669	10.497	23.299
246.144	40.948	10.359	22.866
245.905	40.813	10.622	22.874
247.192	40.625	10.218	23.027
247.166	40.404	10.546	23.481
256.507	39.032	11.567	23.709
247.467	39.959	10.938	23.516
248.200	39.680	11.303	23.036
248.168	39.330	11.296	23.653
248.168	39.330	11.296	23.653
248.508	39.301	11.209	23.481
248.495	39.312	11.229	23.470
249.298	39.399	10.877	22.702
249.334	39.284	10.817	22.860
249.334	39.284	10.817	22.860
249.639	38.958	11.310	22.484
249.321	38.793	11.699	22.851
249.797	38.699	11.512	22.547
250.041	38.730	11.290	22.954
249.900	39.107	11.300	22.171
250.775	37.914	10.896	22.906
250.717	37.587	11.296	23.327
251.665	37.584	10.698	23.611
251.696	37.872	10.558	23.379
252.021	37.979	10.527	22.682
251.931	38.188	10.828	22.345
251.931	38.188	10.828	22.345
252.727	37.945	10.392	23.202
252.768	38.030	10.356	22.747
253.339	36.990	10.287	23.676
253.647	37.165	10.306	23.495
253.602	37.155	10.415	23.540
253.857	36.207	10.974	23.729
253.976	36.050	10.392	23.676
253.819	35.790	10.857	23.555
254.039	35.814	10.456	23.271
254.432	35.612	10.675	23.517
254.152	35.814	11.068	23.444
254.237	35.910	11.102	23.208
254.230	35.942	10.880	23.230
254.230	35.942	10.880	23.230
254.523	35.725	10.704	23.199
266.352	33.983	10.957	24.709
254.394	35.501	10.894	22.961
254.613	35.578	10.947	22.639
255.180	34.707	10.425	22.279
255.082	34.921	10.651	22.191
254.971	34.967	10.884	22.426
255.630	34.910	10.615	22.571
255.630	34.893	10.622	22.454
256.034	34.602	10.721	22.847
256.168	34.780	10.581	22.627
256.667	34.520	10.452	22.847
256.921	34.741	10.358	22.623
256.885	34.761	10.355	22.476
257.486	33.609	10.594	23.268
257.534	33.730	10.810	23.172
258.595	33.538	10.439	23.537
258.447	33.563	10.813	23.663
258.900	32.827	11.160	23.728
258.538	33.303	11.070	23.375
258.861	32.865	10.942	23.747
259.489	33.038	10.314	23.509
259.269	33.146	10.854	23.538
270.959	31.563	10.754	24.216
271.013	31.524	10.778	23.453
270.947	31.203	11.220	23.706
270.908	31.039	11.217	24.197
270.760	31.079	11.460	24.259
259.892	31.722	10.985	23.255
260.178	31.524	10.684	23.054
260.720	32.156	10.333	22.282
260.784	32.092	10.294	22.421
260.784	32.092	10.294	22.421
261.167	32.154	10.061	22.715
261.191	31.785	9.950	22.441
261.725	31.891	10.260	22.544
261.897	31.815	10.267	22.424
272.988	30.476	11.581	23.764
262.451	31.140	10.801	23.830
262.535	30.994	10.638	23.984
263.014	30.750	10.255	22.890
263.163	31.043	10.158	22.937
263.483	30.319	10.161	23.520
263.267	30.578	10.235	23.519
263.595	30.593	10.541	23.231
263.361	30.733	10.680	22.951
263.908	30.475	10.307	23.273
263.908	30.475	10.307	23.273
263.908	30.475	10.307	23.273
275.348	28.843	10.713	24.104
263.645	30.367	11.505	23.131
264.346	30.148	10.384	22.506
264.141	30.106	10.739	22.885
264.089	30.244	10.791	22.714
264.691	29.882	10.783	22.042
264.657	29.660	10.963	22.321
265.277	29.114	10.145	22.540
265.322	29.174	10.200	22.563
265.906	29.104	9.698	22.368
265.951	29.156	9.578	22.444
265.835	29.094	9.899	22.544
