732.000	322.000	72.000	89.000
731.608	321.653	70.271	86.900
728.849	320.337	71.133	87.037
727.358	319.879	70.793	86.531
725.427	320.206	70.948	86.561
724.403	320.969	70.057	86.573
722.670	322.112	69.888	86.148
720.942	326.621	69.447	84.893
718.797	330.215	69.799	84.669
717.179	332.675	69.396	86.442
715.942	334.295	68.676	87.323
714.288	334.767	68.935	87.212
713.049	333.823	68.847	87.447
712.874	333.435	68.366	87.416
712.448	332.684	69.736	87.586
710.786	331.846	69.646	86.219
705.976	331.422	70.525	85.868
696.560	328.805	69.497	85.852
691.130	328.163	68.879	85.563
682.895	327.744	69.543	84.436
675.695	328.038	69.292	84.333
671.703	329.284	68.651	84.485
668.136	331.487	69.579	84.475
667.726	333.796	68.470	84.033
666.710	336.158	69.708	84.462
667.022	339.280	70.196	86.931
666.365	344.612	71.796	86.759
666.328	349.431	75.294	85.192
668.417	351.088	76.730	84.032
675.028	350.605	72.967	83.269
676.567	348.869	73.812	83.628
678.024	346.644	74.201	83.990
675.220	345.268	72.448	81.596
668.588	342.437	74.656	82.208
663.496	340.369	75.370	82.275
656.638	337.574	75.727	83.634
649.413	334.590	76.433	82.613
639.766	329.877	77.695	83.426
633.643	326.698	77.024	81.896
630.632	324.083	78.152	80.147
630.378	318.872	77.592	81.685
630.375	312.667	77.155	82.046
631.671	305.374	76.954	83.188
631.497	300.680	77.011	84.326
631.656	294.320	75.631	83.568
630.535	285.842	75.949	84.877
628.837	277.698	76.834	83.874
630.404	269.967	77.717	82.972
626.045	270.209	78.800	83.514
616.510	264.399	79.516	79.455
610.237	263.845	80.390	77.868
607.699	263.582	79.016	80.435
605.799	264.620	77.008	82.175
602.372	268.320	77.869	80.769
599.343	270.431	76.468	79.477
592.691	270.128	75.503	79.130
587.662	269.854	73.834	78.414
580.507	269.601	74.845	78.138
577.583	271.381	75.472	77.628
575.080	269.111	74.996	78.161
571.132	265.518	74.292	77.017
566.666	262.179	73.812	77.402
561.888	258.782	73.818	77.017
556.430	254.442	75.111	75.791
551.489	252.928	75.030	75.857
548.936	251.527	73.797	76.278
547.996	249.354	74.969	74.675
545.676	248.305	77.289	72.529
545.206	247.145	77.031	72.363
544.993	247.179	77.279	71.747
545.445	247.171	76.749	72.218
545.495	247.881	77.054	72.453
545.413	249.292	78.013	72.336
546.241	251.202	77.729	72.777
546.982	252.950	77.867	72.929
547.919	255.764	77.722	71.639
549.222	257.743	76.958	72.169
550.819	259.995	76.883	71.713
553.125	263.737	75.950	72.330
554.018	264.900	76.536	72.230
554.394	266.487	77.244	71.397
555.821	266.715	77.093	71.975
557.443	265.781	76.784	71.553
558.722	265.139	77.594	72.976
559.395	264.371	77.449	72.041
559.649	264.924	78.203	71.287
559.541	266.035	78.675	75.140
559.263	267.751	79.517	76.522
559.146	269.903	79.819	76.436
560.595	270.035	78.341	77.245
560.658	270.045	78.337	74.972
560.903	269.681	78.069	75.022
560.851	270.304	77.882	75.094
560.174	272.506	77.577	77.456
559.284	276.012	78.045	76.967
558.865	279.873	78.146	76.611
558.597	283.669	77.671	76.463
558.224	286.814	77.776	76.979
557.653	290.873	77.920	77.817
556.976	295.113	77.156	78.216
558.288	297.096	73.873	81.663
557.119	296.387	73.805	81.335
554.606	299.198	72.663	80.724
553.179	300.932	73.341	82.076
552.637	301.952	73.117	80.942
552.720	301.693	73.590	81.308
552.207	297.884	74.194	83.167
552.053	295.813	74.198	82.935
551.876	293.159	74.221	82.706
551.888	290.339	74.019	81.420
552.027	287.318	73.915	81.444
551.538	284.081	74.482	81.328
551.749	281.171	74.631	81.159
552.174	279.704	74.141	80.384
552.457	279.308	72.942	78.909
553.419	278.909	72.179	79.890
554.014	279.589	71.222	79.975
554.593	279.323	71.432	80.481
555.549	279.505	71.142	81.169
555.934	279.874	71.232	81.048
556.771	281.110	71.110	80.565
557.825	281.586	70.628	81.929
558.892	282.548	69.136	82.662
559.359	283.037	69.305	83.124
559.784	283.361	69.084	83.611
560.294	281.750	68.847	85.120
561.336	280.783	68.192	85.488
561.756	278.609	68.053	85.664
561.744	275.503	68.103	86.066
561.891	273.748	68.013	84.781
562.024	271.742	68.376	84.424
562.286	270.868	68.077	83.503
562.593	270.611	67.912	83.148
561.839	271.152	69.016	82.505
561.088	272.367	70.343	81.632
560.119	273.384	71.221	81.346
559.271	273.385	72.943	81.648
558.479	273.923	74.841	80.115
557.613	275.375	76.637	77.046
558.179	277.186	76.236	77.949
558.707	278.401	75.466	75.918
558.997	279.129	75.765	76.663
558.912	279.927	76.673	76.861
559.129	281.378	76.724	76.938
560.104	278.196	74.524	81.379
559.819	276.830	72.605	80.981
559.645	273.644	71.054	81.298
557.967	271.042	71.987	80.110
555.873	268.334	72.343	81.247
553.426	267.622	73.217	78.999
550.922	267.601	73.142	78.293
548.567	266.894	73.058	79.213
545.561	266.302	73.591	79.696
541.793	264.532	74.013	80.681
537.150	264.473	73.451	79.409
532.967	262.038	73.308	80.164
528.140	262.626	73.536	79.689
523.196	262.730	73.550	78.739
518.187	262.642	72.697	78.933
512.541	261.853	73.917	78.378
507.200	261.521	74.294	78.270
503.132	260.425	73.497	78.399
498.984	259.343	73.180	78.311
492.741	257.957	73.703	78.396
488.270	256.936	73.084	76.994
483.811	256.269	72.472	78.683
478.348	256.368	73.228	77.696
472.889	256.328	73.929	78.516
465.380	256.802	75.094	79.575
459.774	257.389	74.237	78.483
454.158	257.414	73.520	79.922
447.172	258.465	74.093	79.285
440.409	259.227	73.417	78.981
430.106	260.439	74.440	78.615
423.204	259.369	72.921	79.658
414.646	258.834	73.574	79.900
406.516	256.629	73.272	80.078
398.429	255.588	73.115	79.551
388.338	254.388	73.369	78.541
380.672	254.669	73.867	76.833
373.378	254.354	73.696	76.525
366.370	253.864	73.509	76.642
359.557	253.428	73.118	76.377
351.535	252.939	73.779	77.142
347.430	252.686	71.448	77.276
342.608	252.013	69.642	78.887
337.573	251.765	69.006	79.682
331.878	252.252	69.110	79.234
324.579	251.444	70.488	80.149
318.844	251.411	70.599	79.821
313.558	251.719	69.885	79.077
308.728	251.693	69.318	78.735
304.047	251.117	68.801	78.538
297.198	250.590	70.387	78.628
292.941	250.213	69.972	78.794
288.254	249.573	69.424	76.886
284.824	248.344	68.914	77.325
279.732	247.899	69.242	76.075
272.810	245.819	69.839	74.693
268.533	244.040	68.445	74.901
265.957	242.283	66.550	74.903
261.038	241.968	66.408	74.189
256.388	242.208	65.415	73.360
251.690	242.101	64.707	73.094
247.477	242.361	65.123	71.536
244.893	242.658	63.348	71.126
242.452	242.181	63.307	71.511
239.452	242.559	63.307	71.356
235.658	242.229	64.636	70.997
233.969	242.260	64.984	71.106
233.634	242.707	62.969	71.155
232.556	243.333	63.314	72.073
232.198	243.908	63.080	70.506
232.367	244.705	62.774	71.114
232.740	244.832	62.721	70.365
232.483	245.283	62.678	69.657
233.583	245.225	62.314	70.205
234.291	245.331	62.355	69.721
236.310	244.828	61.261	69.808
236.041	244.768	63.141	70.046
238.594	244.239	61.954	70.397
240.310	244.539	62.033	70.880
242.468	244.729	62.299	71.423
243.594	245.190	63.147	71.140
245.483	245.163	62.021	70.896
246.893	245.204	61.789	70.575
247.212	245.539	62.782	69.975
247.556	245.877	63.327	69.154
247.405	246.100	63.787	69.474
248.610	246.070	63.160	68.904
249.343	245.326	62.898	69.630
248.850	245.647	63.944	69.125
249.414	245.239	63.916	69.745
249.539	245.494	63.812	69.445
248.930	245.283	64.085	69.378
249.731	244.715	62.903	70.412
249.400	244.500	62.863	70.674
248.900	243.918	63.405	70.906
248.201	244.936	63.256	71.026
248.231	244.380	64.102	71.430
248.062	244.908	64.450	72.511
248.245	244.575	64.630	72.477
248.210	245.218	64.342	72.041
248.141	245.039	65.224	72.183
248.251	245.162	64.777	72.361
248.347	244.969	64.827	72.519
248.719	246.291	64.313	73.039
248.764	246.040	64.644	72.860
248.677	248.019	64.153	71.172
249.198	247.258	63.993	72.906
248.826	248.703	63.721	73.351
249.154	248.575	64.106	72.695
249.233	248.748	63.940	72.804
249.166	248.990	64.134	72.268
248.953	249.686	64.252	71.859
249.900	249.429	63.783	71.580
249.512	250.086	63.426	72.232
250.247	249.673	63.777	71.850
249.894	250.171	63.474	71.937
249.936	250.872	63.967	71.406
250.682	251.358	63.288	69.450
249.973	251.717	63.910	70.387
251.592	251.451	63.670	70.421
251.581	251.083	63.770	70.253
252.688	249.842	63.608	71.117
253.378	248.817	62.941	71.575
253.598	248.746	63.398	71.409
252.918	249.714	63.243	70.882
253.848	250.901	63.244	69.810
253.735	251.576	62.655	69.249
254.284	252.380	61.877	68.807
254.357	252.922	62.025	69.023
254.416	253.672	62.422	67.978
254.583	254.129	62.766	67.801
254.542	254.301	62.906	67.948
255.556	252.562	62.686	69.148
255.218	253.148	62.910	68.133
255.659	253.118	63.341	67.678
255.502	253.153	63.664	67.089
255.587	252.879	64.514	67.499
255.848	252.415	64.806	68.679
255.948	252.915	64.455	68.423
256.187	253.819	64.294	67.754
256.429	254.106	64.380	67.896
256.765	254.445	63.842	66.742
257.542	253.991	62.351	67.534
257.408	253.895	62.649	67.495
256.746	253.414	63.774	67.483
256.333	253.320	64.099	67.777
256.088	251.532	65.430	69.225
256.453	251.201	64.316	69.439
256.328	251.212	64.662	69.495
256.159	251.519	64.461	70.108
256.255	251.917	63.984	70.615
257.274	252.024	62.628	71.133
257.568	252.689	61.530	71.421
258.292	252.407	60.991	71.211
258.068	253.182	61.064	70.805
258.068	253.108	60.865	71.136
257.842	253.533	61.052	71.542
258.352	253.759	60.719	70.761
258.263	253.930	60.470	71.073
257.261	254.557	60.998	71.255
256.425	254.872	62.585	70.845
256.408	254.928	63.358	71.742
255.179	253.915	66.430	72.085
255.570	253.465	66.997	72.768
256.507	252.805	66.595	73.652
258.366	252.570	66.079	73.517
260.817	253.023	64.931	72.874
262.545	253.140	63.582	72.959
264.239	252.458	63.273	73.036
264.940	253.288	62.927	72.257
265.740	253.530	63.526	71.300
266.860	253.595	63.032	71.611
268.392	253.258	61.763	71.491
269.292	253.303	60.831	70.911
270.216	253.456	60.360	69.987
270.939	253.218	59.495	69.646
271.103	252.568	59.453	69.907
271.803	251.918	59.251	69.717
271.536	251.956	59.786	69.760
270.952	251.663	59.868	70.161
270.464	251.454	60.010	69.898
269.726	250.932	59.904	70.071
269.559	250.663	59.070	70.126
269.079	250.394	59.394	70.006
268.569	250.441	59.752	69.575
268.504	250.739	59.317	69.402
268.466	250.629	58.894	69.596
268.372	250.727	58.988	69.423
268.623	250.288	58.661	69.496
268.560	250.217	58.648	68.993
268.257	250.066	58.687	68.810
268.194	250.892	58.525	68.371
268.123	250.986	58.096	69.141
268.098	251.168	57.585	69.984
268.160	251.113	57.523	69.834
268.405	251.347	57.129	69.218
268.170	252.259	57.436	68.139
268.336	252.837	57.045	68.465
268.489	253.344	56.673	68.540
269.033	253.706	56.129	68.713
269.278	253.608	55.527	68.486
269.710	253.013	55.041	68.073
269.171	251.374	56.096	69.044
269.047	250.359	56.429	68.997
269.056	250.051	56.364	68.634
269.195	249.924	55.923	67.825
269.033	249.185	56.537	68.267
268.335	245.839	56.605	71.551
267.631	246.335	56.995	71.489
267.354	245.732	57.310	71.842
266.944	246.109	57.694	71.710
266.141	247.941	58.252	69.635
265.704	245.382	59.157	72.809
264.320	246.856	62.915	71.496
263.592	248.182	62.542	70.389
263.315	248.559	62.209	69.750
262.493	249.311	61.355	70.400
261.445	248.792	60.906	72.560
260.100	249.032	61.927	73.136
258.972	249.928	62.656	72.603
257.802	250.333	62.671	72.785
256.489	252.050	62.634	70.840
255.799	252.665	60.980	72.983
254.077	253.760	61.644	71.379
252.786	254.665	61.823	71.764
251.630	256.322	61.557	69.768
249.832	256.171	61.200	70.040
249.097	256.206	59.357	70.723
247.855	256.787	59.512	70.233
246.408	257.211	59.841	70.078
244.712	258.206	60.031	69.152
241.221	258.812	59.681	69.127
237.544	260.051	58.946	68.508
234.374	260.736	58.722	68.387
230.768	259.877	58.466	68.016
228.483	258.773	57.377	68.064
225.956	255.124	57.457	68.214
224.702	250.982	57.315	68.360
223.700	244.764	57.638	68.414
222.480	238.762	58.159	67.967
221.598	232.708	57.264	68.234
219.784	225.760	56.662	66.337
218.409	221.232	56.257	67.760
217.966	218.795	55.862	66.906
217.859	216.955	55.825	66.313
216.352	217.321	56.397	64.780
214.183	219.223	56.144	64.115
212.828	221.317	56.047	63.697
211.490	222.413	55.719	63.917
210.259	223.942	55.520	63.433
207.949	225.009	56.210	62.799
205.796	225.634	56.272	63.261
201.904	226.162	55.812	63.944
199.167	225.237	56.174	64.432
195.577	223.526	56.809	64.615
192.744	221.514	56.066	65.045
186.571	220.357	56.779	63.724
183.025	220.427	56.022	64.111
178.330	221.057	57.257	64.686
174.483	220.735	57.801	65.878
170.049	221.364	58.675	65.190
166.066	223.004	58.565	64.793
160.451	225.822	57.967	65.695
156.782	228.764	58.520	65.622
153.284	231.893	58.919	64.610
149.883	233.890	59.110	64.366
145.878	236.223	59.971	64.692
140.570	239.706	60.244	64.414
136.977	241.203	60.047	66.132
133.962	242.299	60.453	66.670
130.517	242.653	61.087	66.387
127.702	241.672	61.035	68.307
123.941	240.232	61.173	68.130
121.323	238.189	61.276	68.615
118.558	236.057	61.940	68.795
116.119	234.074	61.987	69.704
113.834	233.552	62.177	69.543
111.084	232.435	62.066	70.498
109.552	231.653	61.496	70.456
107.438	231.539	61.814	70.688
105.076	231.049	62.572	69.806
102.857	231.013	62.886	70.039
99.504	230.444	63.840	69.912
97.894	230.226	63.878	69.194
96.322	227.520	64.389	70.110
94.509	226.354	64.476	70.671
92.809	225.980	64.752	69.776
90.202	226.519	64.787	69.681
88.743	228.287	64.465	70.771
86.628	229.385	64.878	69.588
84.208	230.011	65.709	70.488
82.442	231.062	65.786	68.770
79.613	232.563	64.832	69.522
77.787	233.185	64.666	68.734
76.165	233.368	64.276	68.571
75.091	232.504	64.015	69.901
73.438	232.571	63.500	68.967
70.758	233.617	62.661	67.193
68.929	234.100	63.804	66.179
67.648	234.339	64.236	66.424
65.960	235.034	64.978	66.799
65.113	235.526	64.643	67.268
64.360	236.516	64.169	66.712
64.500	237.502	63.688	67.312
65.445	237.212	63.007	66.821
65.971	237.778	63.240	66.297
67.248	237.113	61.728	66.196
68.822	235.939	61.142	66.710
70.211	235.834	60.973	67.532
71.806	236.442	60.693	66.308
73.273	236.668	60.505	67.818
74.726	237.174	60.543	66.564
77.990	238.924	58.444	68.308
82.089	240.758	57.488	67.543
83.288	239.216	58.571	67.306
84.312	237.814	58.880	67.566
85.907	236.487	58.091	67.554
88.184	234.814	57.066	67.831
88.984	234.432	57.254	67.720
89.725	234.432	57.255	67.686
90.978	234.570	56.637	67.617
91.620	235.776	56.270	67.744
92.631	235.931	56.450	68.279
93.390	236.566	56.058	68.076
93.937	237.290	55.799	67.304
94.018	237.789	56.105	67.168
94.432	237.337	56.174	67.346
95.405	236.466	55.520	67.584
95.208	236.105	55.734	67.312
95.171	235.290	56.185	67.126
95.318	234.883	55.949	66.769
95.438	234.158	55.992	68.167
95.296	233.686	56.080	67.698
95.221	232.307	56.273	67.515
95.296	230.566	56.643	67.528
95.221	229.020	56.659	67.377
95.221	225.190	56.689	67.385
95.520	219.176	56.034	66.457
94.845	214.146	56.256	66.738
93.848	212.113	56.074	65.752
92.703	210.700	56.087	66.393
90.507	211.234	56.572	66.787
85.414	213.478	55.678	67.222
80.088	215.100	56.499	67.465
76.766	215.820	56.308	67.943
75.074	216.431	56.589	66.617
74.101	216.423	56.935	66.661
74.046	217.969	56.051	66.464
74.305	220.186	56.135	67.575
74.737	222.687	56.106	67.660
74.905	224.383	56.441	68.045
74.486	225.012	56.925	68.358
74.352	224.004	56.743	67.475
74.224	221.241	57.057	67.605
74.367	218.793	57.016	67.325
74.066	217.780	57.017	67.471
74.143	217.153	56.822	67.297
74.254	217.820	56.625	66.910
73.893	220.304	57.309	67.256
73.936	222.602	56.947	66.559
73.416	225.100	56.812	65.814
73.518	226.565	56.387	67.069
72.793	229.587	56.490	67.079
72.039	230.883	56.034	67.620
71.055	232.144	57.232	68.780
71.024	233.823	55.885	67.874
70.199	235.056	55.951	66.935
69.547	236.810	55.463	67.855
68.755	237.249	55.212	67.269
68.133	238.540	54.911	67.816
67.256	238.930	55.308	68.309
66.830	240.100	54.883	68.648
66.215	241.581	55.715	67.783
66.694	242.556	55.841	67.889
67.506	243.021	56.668	67.539
69.628	243.423	57.136	67.478
72.155	243.250	57.510	67.946
76.950	243.026	56.536	68.101
81.360	242.654	56.306	67.629
85.731	242.430	56.734	67.154
90.951	241.837	56.633	67.614
96.362	241.795	56.863	67.291
104.598	241.885	56.431	68.600
110.901	242.570	56.553	68.504
118.351	243.113	56.311	69.427
124.957	244.072	56.985	67.242
131.083	244.423	57.472	68.864
139.858	245.304	57.586	67.409
145.740	245.656	57.231	67.883
151.239	245.661	57.287	67.627
156.903	245.706	57.620	67.210
161.809	245.978	58.196	68.234
168.133	247.106	59.408	69.292
172.700	248.184	59.407	67.272
177.275	249.586	59.516	68.244
181.562	250.790	59.674	67.201
184.773	252.516	60.165	66.760
190.386	254.636	60.351	66.469
194.246	256.645	59.321	64.933
197.487	259.149	59.280	65.813
200.473	261.404	59.144	66.021
203.479	263.483	58.637	66.206
206.622	266.283	59.362	65.554
210.026	266.746	58.378	67.114
212.652	267.587	58.124	67.790
215.337	268.324	58.364	68.406
217.751	268.671	59.032	68.121
222.105	269.265	59.179	68.127
224.780	269.585	59.611	68.525
227.894	271.379	60.067	68.791
230.579	273.956	60.346	68.550
234.389	274.468	59.252	68.855
236.995	274.354	61.185	68.934
241.129	273.154	60.996	66.933
243.313	270.225	60.636	67.186
245.827	268.773	60.911	68.737
247.268	267.280	61.867	69.435
249.911	264.126	61.556	70.127
251.669	258.597	61.408	69.702
253.686	254.200	60.434	69.792
255.450	250.536	60.050	69.292
256.780	247.852	60.035	69.745
259.294	245.760	58.298	69.935
260.903	245.049	58.188	70.992
262.435	245.252	59.133	71.245
264.258	247.698	59.751	70.296
267.569	250.745	58.602	70.756
269.045	255.789	58.354	71.167
272.423	262.145	58.362	68.510
274.868	264.068	58.069	69.869
276.718	267.365	58.676	68.560
278.881	268.701	59.529	69.134
283.105	270.887	58.514	67.510
286.624	272.322	58.034	68.572
289.878	274.063	57.812	69.376
292.333	275.332	58.236	69.999
293.761	276.038	59.860	70.323
295.934	275.932	59.718	73.338
299.831	274.967	59.006	73.801
302.111	274.506	59.070	74.061
304.622	274.068	58.959	73.808
307.054	274.653	58.806	72.951
309.178	274.828	59.196	75.318
311.888	277.664	59.148	74.917
314.044	278.743	58.216	75.116
315.123	279.219	58.523	74.058
316.226	278.556	58.321	73.865
316.341	277.483	58.538	72.731
313.418	273.098	59.011	72.822
313.229	271.535	58.477	73.246
312.186	270.586	58.756	73.203
310.708	269.944	58.743	72.659
308.509	269.436	59.154	72.496
304.533	270.456	60.708	73.079
301.161	271.826	62.322	73.128
297.335	274.951	63.700	71.455
294.892	278.428	64.389	70.526
291.941	280.486	64.481	71.318
286.783	283.427	66.126	70.677
284.252	282.792	65.436	71.587
280.984	283.171	65.008	72.014
277.213	283.067	64.756	71.912
272.822	282.553	64.557	71.582
266.654	281.196	65.722	71.600
262.593	279.690	65.585	71.734
259.984	277.464	64.671	73.012
256.543	276.133	64.062	73.114
254.327	275.325	63.946	72.690
253.402	274.610	62.974	72.813
252.298	275.369	63.019	71.861
252.540	275.892	62.914	71.463
253.473	276.047	63.754	71.091
254.979	275.675	63.698	71.250
258.023	275.494	64.013	70.590
260.519	275.451	65.065	70.561
264.199	275.621	65.013	69.998
268.489	275.821	64.859	69.821
274.687	274.648	62.951	71.222
282.685	275.757	62.250	70.268
288.332	275.427	62.711	70.666
295.012	275.967	63.280	70.176
302.373	276.340	63.638	69.981
310.637	276.890	62.795	69.753
322.863	278.009	60.602	71.034
331.413	278.250	59.048	71.030
339.757	278.548	58.698	71.082
347.862	278.758	59.133	71.019
354.666	278.788	59.433	70.565
365.046	278.739	58.948	69.571
370.649	278.411	59.116	69.695
376.801	278.061	59.593	68.956
382.469	278.029	59.963	67.751
388.064	277.993	60.013	66.466
395.106	278.018	60.230	66.390
400.348	278.029	59.267	66.531
404.903	277.579	59.485	67.983
409.162	277.918	59.572	67.681
412.875	278.298	59.013	69.145
416.661	278.077	59.607	68.482
418.832	277.618	60.421	69.826
420.938	277.218	60.673	69.576
423.059	276.583	60.917	70.017
425.242	276.469	60.340	70.719
427.899	276.750	60.404	70.581
429.598	277.043	60.173	71.109
431.150	277.750	60.282	71.121
433.400	278.397	59.520	70.967
435.364	278.487	59.182	71.998
437.850	279.843	59.136	70.883
439.793	279.980	58.708	70.866
441.470	279.853	58.575	71.318
442.758	280.027	58.613	70.080
444.189	279.841	58.488	69.924
445.706	280.270	58.530	69.560
446.213	280.305	59.684	69.572
447.790	280.246	59.634	68.924
449.244	280.095	60.104	68.138
450.423	279.894	59.612	68.610
451.794	279.721	59.728	68.922
453.464	279.635	59.020	68.540
453.753	279.947	58.801	68.826
453.176	280.356	59.630	68.557
452.265	280.130	59.276	70.515
448.932	280.407	59.942	70.121
445.633	280.542	60.941	70.478
441.974	281.258	61.521	69.889
437.408	281.766	61.533	71.096
432.665	282.119	62.302	72.681
424.780	283.592	59.457	71.133
417.620	284.009	60.303	71.731
409.934	284.720	60.722	72.272
401.725	285.665	61.446	72.521
393.382	286.289	61.627	71.096
383.554	286.759	61.754	72.027
376.292	287.590	62.310	70.589
369.985	287.474	62.109	70.583
364.177	287.807	62.145	69.862
358.852	287.813	61.147	69.366
354.295	287.521	61.993	69.606
347.723	287.397	61.832	69.750
344.417	287.397	61.768	70.570
340.542	288.552	61.540	69.683
337.361	289.028	61.323	69.521
334.335	291.713	61.056	68.960
332.181	291.313	62.176	69.900
331.359	293.218	61.338	70.296
329.947	294.931	62.018	70.456
329.537	296.813	61.382	71.455
328.150	299.365	62.813	71.284
327.010	300.360	64.409	70.441
326.631	301.008	64.648	70.244
325.808	301.405	65.399	69.845
325.254	300.693	64.654	70.949
323.800	300.492	64.970	72.123
320.476	301.124	65.217	71.877
317.256	301.495	65.623	73.107
313.767	302.286	66.587	73.514
310.655	304.234	66.473	74.821
306.000	306.332	66.769	74.813
302.731	306.776	66.532	76.343
299.101	308.405	66.761	76.029
294.214	309.482	67.801	74.844
289.694	309.614	68.018	75.423
282.526	309.604	68.590	75.855
277.609	309.722	69.103	76.137
272.337	309.159	69.392	76.938
267.503	309.250	69.467	77.494
262.590	309.517	69.092	77.782
255.692	310.041	68.621	77.378
250.633	310.157	69.166	78.651
246.712	309.728	68.574	78.325
241.977	308.881	68.324	78.946
237.967	308.675	68.093	78.980
232.468	308.514	67.619	77.852
228.984	307.950	67.916	78.872
226.557	307.027	68.257	79.314
224.574	306.716	66.562	79.137
221.767	306.261	66.683	79.601
218.406	305.827	65.604	79.989
215.521	305.830	66.277	80.311
213.278	305.881	67.037	79.895
211.033	305.514	66.514	79.736
208.993	304.919	66.141	80.221
206.136	304.060	66.334	79.414
204.180	303.284	66.733	79.239
201.946	302.571	66.424	80.047
199.977	302.445	66.202	79.499
197.847	302.580	66.255	79.561
195.939	303.942	66.197	80.546
194.569	304.840	65.712	80.020
194.912	305.686	65.801	80.952
195.196	306.470	65.279	79.986
195.871	306.521	64.425	81.516
196.421	305.295	65.244	80.316
197.864	303.223	65.288	80.417
198.710	300.718	66.329	81.869
198.963	298.427	68.351	81.079
199.518	297.394	69.491	79.489
200.782	296.588	70.324	79.645
201.951	296.246	71.808	79.365
203.134	297.050	72.549	78.653
204.430	297.522	73.135	78.309
206.605	298.730	71.773	78.115
208.517	299.060	71.736	78.210
208.860	299.745	73.444	77.218
209.829	299.522	73.698	77.594
210.405	299.313	73.771	77.096
210.587	298.522	71.487	75.728
209.890	295.917	71.945	76.549
209.115	295.749	71.215	74.555
208.143	293.368	70.851	75.233
205.606	293.454	69.752	72.986
204.550	291.963	66.988	72.378
202.927	290.610	66.955	72.185
201.506	287.963	66.864	72.341
198.642	286.723	67.333	72.164
196.410	284.324	67.235	72.742
194.268	281.999	67.075	73.477
191.285	280.362	66.818	73.126
187.090	277.895	67.431	73.221
182.414	276.704	67.909	72.120
176.676	274.939	68.755	72.066
171.996	273.229	68.327	72.629
168.805	271.366	67.838	73.115
164.957	271.248	67.884	71.937
160.791	270.240	67.903	71.765
157.454	269.209	67.893	73.100
154.208	268.503	69.243	73.892
152.118	267.636	67.961	72.827
150.204	266.796	67.026	71.970
149.343	266.321	66.917	71.313
148.504	265.840	66.463	71.167
148.598	264.882	65.672	71.733
149.040	264.477	65.056	71.511
150.204	263.485	64.684	70.973
151.833	262.897	64.787	70.722
153.682	262.152	64.104	71.357
156.224	261.127	62.663	72.429
158.437	260.431	63.284	72.117
162.308	259.836	63.396	72.041
165.236	259.678	63.714	71.782
167.867	259.715	63.516	71.463
170.192	259.566	63.984	72.273
172.400	259.593	64.288	72.124
175.408	259.742	65.510	71.412
178.339	259.256	64.976	71.151
180.494	258.191	65.550	71.287
182.750	256.446	65.472	71.830
185.202	255.258	66.068	72.196
190.015	254.287	66.050	71.182
192.729	253.514	65.870	70.875
195.123	253.252	67.247	70.668
197.824	251.362	66.837	71.652
200.114	250.951	67.373	70.918
203.048	250.214	68.583	70.937
205.053	249.097	68.329	72.022
207.636	248.246	67.208	71.428
209.528	246.470	66.110	72.490
210.208	246.367	67.055	71.022
212.263	244.802	65.929	70.575
215.727	244.846	63.554	68.977
219.408	243.090	59.839	69.845
223.693	241.990	55.964	68.808
225.784	241.501	55.874	67.581
228.775	240.137	56.331	67.746
231.021	239.281	56.567	67.768
233.665	238.187	56.777	68.264
237.042	237.877	56.251	67.039
240.253	237.566	56.809	67.183
246.664	237.153	55.760	66.966
250.279	236.794	56.742	66.161
254.488	236.245	57.095	65.382
260.063	236.013	56.385	65.804
265.176	236.496	56.736	64.631
272.809	236.516	57.604	66.553
278.452	237.340	57.620	66.698
285.688	237.981	57.490	66.407
292.921	238.111	57.542	66.506
300.347	238.556	57.151	66.261
310.495	238.482	57.644	67.589
317.358	238.341	57.235	67.140
323.655	238.566	57.541	64.938
330.555	237.250	56.284	66.782
336.840	236.703	55.785	66.252
345.072	235.987	57.437	66.721
351.560	235.658	57.064	66.792
357.700	236.056	56.494	66.161
363.666	236.480	56.659	65.864
369.477	236.249	56.543	66.320
375.633	236.517	57.576	65.927
380.280	237.102	57.289	65.969
384.108	237.841	57.180	65.504
387.645	238.698	57.384	66.104
390.382	240.844	57.649	63.531
393.954	242.812	58.930	64.691
395.148	244.575	59.336	64.313
397.624	245.908	59.493	65.071
399.993	246.269	59.082	65.800
402.237	246.620	59.209	65.560
404.875	246.151	60.245	65.552
406.397	246.389	60.548	65.290
408.422	246.686	60.711	65.432
410.842	247.058	60.292	65.736
413.082	247.157	60.900	66.682
416.304	247.747	60.256	65.594
418.901	248.058	59.543	65.603
421.001	248.216	59.023	66.767
423.669	249.355	59.334	67.903
