442.000	413.000	31.000	87.000
441.548	411.215	31.334	86.977
442.535	413.245	32.667	85.458
442.235	414.055	31.853	84.669
443.606	415.050	31.340	85.254
444.392	413.481	29.423	89.571
444.782	413.057	29.869	86.337
445.950	412.673	29.555	86.704
446.700	412.325	29.015	91.519
446.011	409.841	29.227	95.075
446.418	408.852	29.748	96.059
446.546	410.136	29.845	98.896
447.156	407.641	30.303	96.280
446.438	405.525	31.252	91.067
447.871	401.059	30.018	90.229
445.189	394.438	32.794	89.800
444.970	387.718	32.651	90.339
443.911	382.477	33.920	89.347
442.978	380.525	33.666	87.234
442.290	378.158	34.991	90.044
441.487	377.427	34.286	88.293
440.609	381.574	34.993	87.692
441.784	384.364	34.212	90.668
443.571	386.519	31.960	95.038
445.296	387.209	33.291	100.618
448.236	387.304	34.095	103.276
450.841	388.421	36.554	104.293
450.241	389.881	34.570	102.910
452.041	391.562	37.553	103.496
453.830	392.897	35.668	102.831
458.206	396.175	35.030	100.547
465.386	400.058	34.517	90.895
474.048	403.435	33.467	87.660
482.127	408.589	34.367	87.236
480.012	405.442	33.748	88.497
482.914	402.623	30.733	87.062
482.117	401.945	31.645	89.438
482.201	401.452	31.722	85.252
481.707	402.872	31.892	87.770
511.802	419.860	36.107	84.578
514.851	418.787	33.525	86.318
512.696	417.459	35.108	86.632
513.220	416.171	35.703	84.698
512.716	416.440	35.902	83.428
512.705	419.954	36.093	82.102
514.733	419.511	34.693	84.049
514.841	419.488	34.284	82.848
514.876	419.023	33.417	82.467
514.094	415.741	33.737	82.865
514.397	412.539	32.921	83.075
513.633	410.563	33.894	81.814
513.721	408.514	33.694	82.595
514.017	408.653	32.747	81.928
513.468	408.428	32.774	82.357
513.523	408.073	32.127	81.883
513.186	408.033	32.443	82.298
512.487	407.181	32.716	82.212
512.523	406.873	32.168	81.886
511.906	406.412	32.521	80.981
511.053	405.178	32.656	80.583
511.406	405.191	30.854	79.528
510.729	403.621	30.076	81.315
509.825	403.604	28.986	82.709
508.655	403.356	29.203	81.750
507.205	403.117	28.879	81.694
505.379	402.731	29.918	81.981
500.687	402.908	33.477	79.689
498.981	403.702	34.084	78.452
497.453	403.911	34.161	79.489
496.995	405.032	33.391	80.159
496.543	405.701	33.462	77.824
494.400	404.937	31.903	77.331
491.446	403.972	31.324	77.861
489.009	401.595	31.921	79.172
486.635	402.574	29.807	77.392
485.047	402.235	29.444	78.041
484.644	402.729	29.421	77.161
483.555	404.054	28.927	76.325
481.515	404.302	28.018	75.454
480.004	402.700	28.834	77.238
478.106	401.795	29.697	77.346
477.212	399.288	30.097	79.298
474.180	398.288	31.046	78.583
471.572	397.361	30.398	79.311
462.832	400.248	33.800	75.147
460.065	400.920	32.280	76.926
461.731	409.413	31.615	68.834
465.085	399.456	27.267	74.607
461.806	399.268	28.285	73.476
460.286	399.511	28.247	76.783
458.525	399.005	28.508	76.864
458.154	397.566	28.638	79.738
456.705	397.729	28.950	77.937
455.446	393.600	28.707	80.492
455.394	393.324	27.907	80.032
454.223	394.483	27.147	78.341
446.128	392.700	30.316	82.347
445.953	390.004	27.699	86.322
448.122	391.220	25.731	84.868
433.878	395.545	28.413	86.822
428.044	389.922	30.247	93.112
421.831	395.058	31.061	96.457
430.388	393.986	31.863	90.484
435.282	394.524	29.851	86.247
418.084	400.415	30.120	90.933
405.751	404.128	35.021	86.679
391.090	405.286	37.024	85.955
397.645	406.273	33.520	85.202
392.616	405.569	33.763	86.579
398.113	405.171	34.472	87.157
394.614	406.284	32.095	86.146
398.541	403.898	35.232	87.098
392.600	404.073	36.318	94.507
398.714	403.147	35.368	92.528
403.607	404.873	34.632	97.337
399.924	407.630	34.899	100.057
402.014	408.068	38.937	104.012
393.096	407.539	41.235	110.890
383.861	406.221	42.867	116.397
398.602	408.707	42.461	108.843
394.164	409.558	43.510	109.591
389.575	408.498	42.168	108.618
455.371	389.442	29.862	88.226
456.963	389.683	25.662	83.165
456.310	390.310	25.377	82.077
458.242	390.296	25.833	80.349
457.735	389.532	25.638	81.722
459.320	388.818	26.375	83.726
457.008	388.572	29.019	84.303
458.404	386.054	29.164	82.611
455.651	387.599	30.341	83.276
458.207	386.294	28.402	81.853
459.019	387.228	28.791	83.357
457.933	387.576	31.033	83.047
459.924	386.610	30.082	85.254
460.568	385.192	28.563	86.265
459.393	385.734	29.341	86.926
460.680	386.097	28.436	83.689
461.311	386.872	28.030	84.412
463.575	385.162	25.836	84.950
457.004	388.221	29.721	85.926
457.680	393.308	29.807	87.877
455.844	387.149	31.572	93.692
443.274	394.244	39.402	99.012
447.672	394.401	38.157	97.826
446.056	396.840	36.963	105.223
441.649	399.957	36.995	98.093
448.611	391.395	36.935	95.261
449.720	397.279	37.593	98.652
445.425	400.480	34.796	98.396
445.177	400.602	33.585	92.473
446.352	398.172	36.349	97.544
445.094	398.259	32.788	90.296
447.969	397.337	37.202	90.607
445.673	401.487	32.167	84.378
449.094	399.598	34.343	85.024
446.076	401.406	30.460	85.154
451.164	399.538	33.795	88.511
448.950	400.131	31.014	84.685
450.796	398.548	32.251	85.885
451.187	394.796	31.419	84.786
449.368	398.429	31.905	85.744
445.967	396.924	30.882	87.569
445.290	399.120	31.883	83.826
446.732	396.802	31.247	88.728
449.448	393.707	34.212	87.550
446.158	400.870	32.548	83.973
445.734	400.442	32.663	77.559
455.607	387.899	32.669	84.681
455.996	391.389	31.418	79.263
452.243	395.188	33.572	82.963
456.718	389.715	33.993	82.043
461.294	386.842	31.719	84.095
461.210	390.253	32.803	81.502
467.064	384.525	33.431	84.722
468.431	393.914	33.747	82.281
478.000	392.556	30.769	82.197
461.090	400.908	31.999	85.422
457.918	401.656	31.366	89.812
445.931	405.204	35.935	92.302
438.390	402.753	36.205	93.626
442.944	404.974	36.055	90.748
474.379	395.229	33.236	84.860
474.941	394.597	32.771	82.225
482.251	396.427	31.672	84.232
482.415	394.683	31.979	82.172
476.896	400.165	31.589	82.475
474.357	401.023	32.726	83.363
487.103	393.596	37.452	83.043
476.978	396.033	35.658	86.056
501.713	386.577	32.467	80.445
496.219	385.663	33.986	80.743
485.081	389.900	35.854	83.474
490.002	383.148	41.201	84.797
487.069	389.897	37.501	97.708
505.351	380.834	39.859	101.021
559.305	415.411	52.155	110.044
554.419	388.983	44.945	112.464
549.691	383.569	30.811	83.434
560.106	386.199	31.146	83.578
574.393	390.250	32.695	92.119
535.181	398.894	32.332	90.414
546.478	391.956	33.454	95.792
558.434	401.334	34.545	100.981
566.917	402.114	36.641	104.611
659.723	411.168	39.504	112.808
664.795	410.727	39.255	116.373
672.786	414.977	40.981	110.351
685.043	408.470	39.451	114.682
693.395	416.385	41.173	114.871
700.717	423.945	39.865	113.310
707.472	421.963	40.453	117.801
712.970	418.967	43.267	120.281
716.996	415.673	44.969	116.990
722.254	415.647	45.740	114.780
729.007	415.520	44.767	115.955
736.738	418.929	45.930	115.015
743.410	419.280	45.587	118.090
747.284	420.559	47.136	118.155
752.054	417.557	47.045	121.866
757.044	415.689	46.589	124.613
746.768	407.584	42.287	107.250
757.257	425.911	46.196	111.503
762.415	424.249	50.726	115.266
773.548	426.715	49.517	111.793
788.248	428.846	51.396	112.491
808.157	432.882	51.364	114.692
824.079	438.667	50.637	114.877
834.859	444.881	50.222	113.790
841.699	441.859	47.071	119.868
847.746	444.988	47.804	116.476
855.450	436.964	46.655	123.922
861.619	440.287	48.856	120.048
870.562	443.095	48.295	114.374
881.586	425.108	37.456	102.795
880.715	411.431	32.166	97.553
888.072	411.950	34.024	98.610
895.578	412.511	34.102	93.036
896.690	411.725	34.259	92.069
899.080	409.485	32.638	94.364
904.504	409.374	33.541	94.777
910.939	410.737	34.192	93.277
915.075	410.176	34.532	91.577
918.032	409.044	34.716	90.669
928.044	405.009	26.636	96.138
907.099	416.644	32.526	97.663
884.208	418.875	32.868	108.950
868.709	420.191	37.549	106.756
865.855	429.719	38.416	107.717
860.177	426.513	41.418	110.641
867.535	420.466	38.439	112.180
877.328	424.174	37.739	109.161
880.758	423.304	40.288	107.161
876.840	421.668	38.646	110.140
885.096	422.799	40.373	112.778
884.287	426.719	40.235	124.229
884.888	440.720	59.843	123.906
883.074	418.424	44.111	129.647
854.766	436.077	43.232	115.619
842.882	421.246	42.895	118.745
822.708	422.502	40.123	103.224
809.465	423.595	31.454	95.014
809.036	421.654	31.282	98.312
810.342	426.444	28.709	100.373
818.079	417.167	40.242	114.927
841.632	413.464	38.075	114.247
851.589	416.472	33.962	113.419
840.532	418.085	37.561	111.392
849.112	415.904	35.508	113.301
816.220	418.812	33.126	110.252
819.576	414.104	39.795	103.460
808.817	421.168	27.212	98.802
812.952	424.048	35.006	104.157
813.041	426.232	37.217	103.660
815.566	422.843	34.052	106.519
821.646	418.490	45.612	111.992
826.961	420.906	39.425	113.624
822.764	418.361	41.173	113.538
818.172	418.224	35.211	98.583
822.876	422.906	34.162	89.364
823.364	420.409	28.918	84.098
820.321	417.026	31.868	90.839
826.963	422.562	34.765	82.779
828.921	420.810	29.481	91.152
827.799	418.877	28.648	86.099
832.504	415.400	32.050	85.775
833.555	418.786	32.493	92.269
833.481	418.361	30.162	83.820
825.139	408.784	33.072	93.695
835.974	415.580	33.103	89.560
836.300	417.037	30.429	89.173
835.218	421.346	27.670	82.942
835.076	417.909	28.779	84.335
832.936	402.147	28.470	98.902
836.532	408.730	33.546	92.612
837.638	415.225	32.112	87.727
839.626	415.665	30.055	87.035
836.979	403.739	28.286	94.379
840.186	410.378	30.465	89.893
842.129	419.619	27.453	82.948
841.456	421.292	25.022	79.699
841.083	415.173	24.957	83.846
840.691	412.701	24.520	87.081
841.735	415.313	24.833	85.111
841.878	413.810	25.045	86.680
842.280	414.423	25.152	87.367
843.028	419.192	26.592	82.780
839.307	415.634	27.000	87.577
845.379	418.917	28.361	89.470
833.669	405.496	30.101	95.366
843.054	415.546	30.024	90.640
842.479	421.460	26.356	87.916
842.647	422.780	27.852	81.892
840.039	413.030	25.730	91.192
838.547	416.445	31.358	93.425
836.998	410.460	30.375	102.644
829.378	411.978	34.034	91.974
829.927	413.841	30.679	83.192
827.780	410.958	34.013	96.561
832.202	411.185	32.667	88.352
831.712	408.211	29.285	90.917
832.395	415.995	28.250	88.296
832.538	413.273	26.386	84.746
822.129	411.450	32.722	90.411
829.053	403.123	34.750	89.655
835.621	420.506	31.850	108.260
836.549	411.931	37.573	115.900
834.216	408.960	33.878	112.501
834.142	405.894	29.138	94.187
833.214	412.465	28.819	93.584
831.254	416.486	31.635	92.095
831.685	412.772	29.063	82.974
825.392	409.313	30.910	92.127
825.800	404.033	28.271	92.494
823.406	418.720	37.069	114.709
826.050	408.845	45.466	118.898
821.913	414.951	45.491	120.664
806.321	416.141	57.324	114.670
829.772	407.099	41.753	113.322
811.928	422.390	42.005	107.759
828.272	416.564	38.836	106.439
817.689	421.690	43.743	113.860
804.817	414.108	50.735	116.244
824.191	412.499	37.917	113.114
825.398	409.491	32.463	102.561
824.486	410.864	31.062	94.239
830.271	408.333	32.913	90.234
829.570	418.184	32.737	105.577
826.428	413.879	33.171	96.661
827.038	411.484	31.913	90.257
830.624	412.933	31.922	102.099
834.171	415.492	29.281	97.096
832.642	411.813	27.755	101.007
835.031	416.403	28.788	91.450
834.207	411.992	26.526	102.879
833.483	413.112	26.795	89.809
833.404	421.559	26.761	99.014
834.719	417.582	28.891	107.549
836.257	413.551	30.299	104.390
835.922	412.488	30.605	108.940
836.794	403.792	31.933	107.380
836.133	413.908	32.061	117.154
834.913	414.151	32.708	116.578
835.028	413.830	34.407	116.555
834.979	413.787	30.512	117.944
834.528	411.135	31.764	118.557
834.933	409.519	29.180	120.131
834.782	407.936	30.113	119.713
834.677	405.830	30.830	120.153
833.431	410.349	28.417	115.120
832.637	413.696	26.641	111.212
833.514	410.587	26.959	115.119
833.597	402.600	29.391	119.297
831.593	404.549	30.006	101.008
826.196	401.915	31.019	95.334
832.472	405.814	29.743	87.289
832.476	407.711	27.649	109.654
830.741	404.575	28.816	96.879
830.292	409.278	28.918	83.739
830.501	412.970	27.934	80.724
830.673	414.156	27.993	89.680
830.156	409.384	26.984	92.181
831.196	413.268	27.282	87.565
831.015	407.293	28.010	96.119
829.906	412.835	27.530	97.848
829.300	411.006	29.969	92.041
829.826	415.568	28.339	94.324
829.314	414.775	28.426	95.793
828.594	415.866	29.336	95.848
828.716	414.996	31.205	98.401
828.531	410.539	28.704	89.624
829.738	410.905	27.925	93.490
828.547	412.997	28.809	103.083
828.040	410.130	27.096	92.928
829.209	410.743	29.666	88.403
829.104	414.113	26.478	101.904
827.363	415.641	29.101	93.974
824.950	415.904	30.638	107.521
820.669	413.408	31.717	106.785
820.317	413.094	30.125	91.412
820.464	413.000	31.688	81.030
820.959	414.875	29.291	91.348
819.578	408.797	32.069	87.214
814.496	392.081	38.372	104.963
815.329	409.034	34.282	95.302
815.675	399.293	34.285	91.100
817.517	405.001	36.920	94.001
815.822	401.212	33.993	93.771
814.796	406.204	34.878	90.597
813.162	401.958	34.989	92.196
812.068	406.404	36.171	92.931
805.499	389.018	39.030	98.230
800.876	394.461	37.831	94.164
796.090	383.713	41.101	103.144
787.536	392.843	36.802	98.006
783.497	394.544	38.316	98.184
780.655	392.138	38.084	102.906
775.768	396.684	39.556	99.898
770.170	377.088	37.967	108.934
781.704	389.950	43.921	115.018
766.869	398.208	40.274	120.452
770.107	402.877	44.237	109.767
765.546	411.111	34.123	106.823
767.154	412.507	34.134	112.867
763.790	410.736	37.021	108.342
754.954	402.381	40.597	102.227
747.273	403.078	38.328	95.623
745.328	403.289	36.208	97.590
740.030	406.062	37.565	94.161
740.088	405.388	37.099	97.573
736.173	408.536	36.206	89.896
732.567	397.155	35.545	101.209
725.685	392.509	39.474	105.580
729.122	384.500	34.563	111.959
729.839	380.622	44.161	115.979
724.071	414.120	40.591	94.957
724.345	386.896	35.122	114.068
719.769	389.372	44.727	115.607
719.528	406.509	42.343	103.927
710.472	405.912	37.229	96.033
711.233	403.040	37.343	101.668
705.607	407.225	41.048	101.914
701.958	405.040	39.705	104.580
693.189	401.864	41.697	104.439
686.807	405.861	43.274	101.333
684.513	407.156	40.992	98.626
681.494	411.191	37.932	88.743
678.287	402.812	36.421	94.761
682.878	396.734	40.565	98.927
688.408	402.636	46.769	97.339
700.899	402.156	45.006	97.477
715.060	401.662	42.036	102.059
739.840	399.916	37.533	100.002
748.854	405.733	42.492	90.285
758.025	403.506	40.393	95.110
766.448	400.541	39.781	94.009
758.408	382.402	36.239	101.657
817.226	396.079	34.132	90.336
816.923	397.480	32.192	90.208
817.687	400.104	31.370	89.338
816.380	398.807	32.447	91.880
818.208	398.023	30.136	90.856
824.454	400.119	25.900	84.733
808.378	397.235	31.926	86.280
811.256	398.055	33.563	88.020
813.448	398.221	33.090	87.775
796.347	402.782	30.528	88.109
799.964	396.107	33.796	92.088
809.672	397.807	35.955	90.791
819.579	395.378	30.835	91.076
819.138	394.142	29.794	91.698
817.754	395.408	30.408	89.344
807.606	398.235	32.023	87.723
821.225	394.071	28.812	92.717
819.353	394.722	30.049	91.201
806.679	397.051	32.420	89.182
800.270	399.977	33.196	90.016
809.933	397.334	31.462	86.232
820.906	396.691	29.288	88.599
816.372	396.634	30.702	87.490
801.681	399.148	30.886	86.112
812.579	397.576	32.187	85.568
820.398	389.770	29.801	90.187
819.773	389.467	29.449	89.443
820.249	388.040	28.697	88.164
819.993	387.693	28.277	87.358
819.489	386.833	28.390	88.348
810.765	390.325	31.657	88.225
815.342	391.128	30.025	88.119
816.597	386.331	31.064	87.599
816.793	388.963	29.918	88.230
818.630	387.522	29.723	88.926
817.493	388.626	30.028	90.455
814.400	390.643	31.937	90.632
810.071	393.065	31.258	88.462
820.323	389.871	28.848	89.417
817.467	389.463	30.458	90.907
812.751	393.150	33.652	89.063
817.958	390.931	30.667	88.472
819.094	392.707	28.487	86.543
816.597	390.943	30.159	89.676
813.313	393.941	31.057	87.112
816.399	392.153	30.619	87.229
814.521	391.016	31.649	90.274
812.850	393.428	32.341	89.165
810.665	394.596	31.220	87.788
817.214	395.180	30.045	86.579
809.623	394.207	32.612	85.443
808.237	391.418	31.238	89.375
818.468	386.778	30.655	91.115
814.165	385.276	32.905	90.913
817.312	382.542	30.606	91.066
817.310	382.939	30.320	91.596
816.005	381.705	31.345	92.663
813.636	382.302	32.123	93.259
808.861	388.255	33.633	88.862
807.571	388.359	33.143	90.327
819.074	384.566	31.240	92.138
821.147	384.016	29.788	90.627
820.044	384.281	31.610	91.074
823.663	384.348	30.905	91.382
820.660	385.120	34.206	91.227
822.323	386.635	31.946	93.077
820.382	388.069	32.976	91.069
824.864	390.076	29.947	89.384
822.489	392.352	31.668	86.359
823.337	388.659	30.827	90.448
825.410	390.910	29.436	88.711
824.237	388.281	30.185	90.211
826.900	387.416	28.082	90.364
825.934	390.057	28.878	87.189
827.091	389.431	27.959	87.467
824.347	389.970	29.320	87.412
825.751	389.091	29.651	89.929
824.127	390.693	30.284	88.359
824.796	390.234	30.298	90.992
824.085	391.309	29.829	89.363
824.960	391.715	29.057	88.337
823.619	390.764	30.582	88.987
823.553	390.394	29.952	89.258
824.303	389.607	29.309	89.999
824.122	389.390	29.618	89.291
824.781	388.704	29.989	90.254
824.238	391.305	29.202	88.849
823.188	391.378	29.520	90.444
822.064	391.587	31.367	90.248
822.138	388.693	32.202	93.084
822.018	387.769	32.035	92.148
819.718	387.850	31.140	91.293
817.775	386.450	30.776	91.913
816.702	387.959	30.616	90.537
815.672	389.370	30.919	91.342
815.468	390.310	30.643	89.329
815.892	390.697	30.252	90.615
818.258	388.498	28.457	91.134
816.757	387.300	29.998	91.260
814.214	386.300	31.642	90.690
814.876	383.787	30.560	91.099
813.076	384.901	29.482	89.496
807.897	381.518	30.305	89.210
803.246	374.243	31.135	91.900
799.794	376.479	29.973	86.671
792.530	367.869	33.140	89.691
791.723	369.741	29.985	85.349
787.598	363.439	31.718	92.519
788.190	362.938	29.687	91.466
788.172	364.805	30.086	90.778
788.701	368.401	29.213	90.590
788.796	369.151	28.921	88.192
784.835	371.609	29.445	85.755
789.626	369.919	28.728	87.781
790.165	369.477	27.191	88.276
789.429	370.547	27.667	88.758
786.058	374.167	30.188	88.988
788.083	380.526	29.956	87.725
788.314	383.535	28.627	87.157
785.846	383.316	29.483	89.364
788.447	381.854	28.662	89.134
787.782	378.565	29.002	93.524
787.642	380.200	29.054	90.358
787.957	382.275	28.313	86.346
787.217	385.204	28.090	83.793
785.216	377.070	30.541	90.910
788.359	376.833	28.724	90.248
789.046	375.484	28.886	92.115
791.942	377.238	28.860	90.974
796.099	381.180	27.081	86.433
795.696	380.041	28.525	89.245
795.815	380.290	28.677	88.371
794.732	381.103	29.182	88.020
795.489	378.970	28.929	88.189
797.961	382.405	26.750	83.752
797.156	377.944	27.073	90.291
796.779	381.069	27.469	86.623
795.966	380.036	27.855	88.177
796.205	380.781	28.337	87.446
797.409	380.703	26.981	88.098
797.063	379.976	27.771	88.871
796.660	380.598	27.660	88.038
796.384	384.037	27.756	84.280
798.011	378.557	28.247	88.156
794.708	378.111	30.285	89.996
786.259	376.767	31.560	91.260
771.151	377.678	31.608	88.091
756.343	374.563	32.601	87.166
743.575	375.085	33.046	85.432
734.165	373.690	32.823	84.389
722.904	374.246	36.909	84.295
714.980	375.486	40.729	84.047
699.681	378.895	38.836	83.264
696.821	379.879	40.723	88.024
697.440	380.962	44.766	93.477
694.266	382.949	41.711	89.021
690.925	383.869	45.852	91.595
694.087	387.080	40.210	90.324
690.690	385.736	36.816	88.901
680.182	382.725	41.249	87.840
674.766	380.069	41.498	89.809
676.233	380.887	35.082	88.547
675.861	383.098	33.388	86.114
675.561	386.703	32.008	84.287
674.838	387.012	31.150	86.481
671.199	391.698	33.732	87.198
666.550	396.115	32.113	85.795
666.876	396.787	33.625	87.941
660.138	400.077	34.741	87.572
661.042	404.012	41.370	81.855
667.005	395.839	41.991	90.796
661.622	396.965	41.608	94.082
663.293	392.707	40.362	93.002
657.615	392.661	39.956	94.991
656.193	395.002	34.208	96.636
662.560	397.782	27.364	92.579
657.290	397.829	30.769	91.752
656.312	399.280	31.083	89.656
657.097	397.889	31.635	92.869
657.813	398.629	31.042	89.623
654.750	402.998	32.322	89.931
653.086	405.143	30.037	87.948
656.445	408.412	35.891	83.310
662.754	406.066	41.985	88.007
667.855	405.766	43.190	90.719
675.882	408.242	40.631	89.264
679.465	410.335	38.493	91.004
681.811	406.524	35.030	91.960
680.643	409.061	34.989	86.526
668.635	408.482	32.778	90.270
668.008	406.719	31.784	86.222
666.949	403.733	32.139	83.974
666.640	401.701	32.269	86.471
671.201	402.644	32.083	86.289
665.981	401.414	33.871	88.530
662.369	394.789	38.410	96.333
656.142	395.356	43.196	95.160
658.796	396.476	40.159	93.744
653.771	397.295	38.242	95.337
650.271	397.288	39.468	92.931
651.524	397.799	36.252	94.488
655.917	397.262	32.143	92.289
655.936	397.466	32.045	86.964
656.292	394.422	31.861	89.545
657.092	393.685	30.801	89.700
655.106	394.370	33.708	89.531
656.219	394.639	31.549	88.377
644.794	395.673	34.447	89.969
648.683	397.122	33.139	88.805
647.032	403.621	34.193	92.482
645.083	398.760	37.085	98.583
643.655	401.025	46.989	96.019
621.336	408.518	45.254	108.199
590.622	438.721	60.127	100.496
575.008	400.573	53.480	127.458
581.395	430.739	66.235	111.437
570.677	380.389	46.462	116.396
567.691	392.190	41.936	117.552
551.513	382.571	54.131	124.542
559.600	374.584	43.609	118.988
561.253	374.851	38.658	108.379
564.900	381.617	35.922	105.046
562.684	374.565	38.071	116.358
564.781	380.815	50.413	126.022
559.185	370.290	49.223	133.865
571.862	403.847	52.746	121.031
578.578	403.263	51.693	126.285
548.666	390.241	64.668	138.384
547.574	373.469	49.891	146.650
549.866	383.392	65.546	139.366
553.949	371.997	49.094	141.798
538.523	362.667	48.187	145.124
544.901	371.514	52.934	135.806
566.322	371.761	41.595	139.987
553.963	368.466	46.863	123.215
576.402	391.851	40.283	115.581
572.004	389.886	40.727	104.187
559.569	380.543	46.343	110.628
573.266	385.910	45.509	113.152
565.242	387.946	43.753	119.519
546.650	408.305	52.751	107.809
567.366	386.522	45.718	109.397
557.754	381.830	46.416	109.579
540.864	389.822	44.223	106.058
546.059	372.442	44.981	112.581
523.249	380.825	40.555	109.142
516.517	395.240	42.057	96.702
459.819	430.120	51.979	109.902
452.341	429.281	52.057	108.955
452.799	434.360	50.706	104.506
458.441	428.588	49.958	106.743
458.644	426.240	48.727	106.464
472.498	414.192	40.379	109.069
482.511	378.967	45.989	122.532
479.977	378.831	49.371	112.885
481.334	363.842	44.987	116.069
479.462	349.133	47.353	117.134
461.586	345.010	42.265	119.297
444.286	333.960	40.693	113.392
443.664	322.815	40.064	121.019
445.222	340.456	43.086	122.050
443.682	347.834	43.466	118.383
444.161	350.803	42.925	107.609
428.734	361.900	48.254	121.357
397.913	389.702	48.475	117.556
404.117	391.859	54.898	116.453
401.634	392.620	50.939	119.238
408.223	397.790	47.426	115.379
408.920	386.774	43.508	118.069
413.415	385.531	48.504	121.348
438.953	377.144	42.861	120.601
452.210	381.761	46.054	117.869
461.180	383.929	39.591	115.062
448.840	390.945	44.625	107.319
435.119	389.792	50.190	114.299
