368.000	364.000	50.000	78.000
373.687	365.211	46.077	76.192
378.738	363.129	45.177	78.562
381.378	362.450	46.181	79.201
389.690	361.293	46.084	78.950
398.178	357.289	46.376	79.625
403.020	355.247	46.283	78.113
407.019	353.918	45.830	76.545
408.706	355.133	44.822	74.727
413.904	355.064	44.302	75.948
421.693	355.178	43.291	75.142
423.129	358.671	42.352	77.476
426.161	357.911	45.186	75.581
431.455	354.958	44.449	76.717
433.827	354.648	45.601	75.270
435.227	352.801	46.840	76.457
439.027	352.234	45.827	76.005
443.502	352.377	45.416	74.404
451.255	353.290	43.600	74.029
456.496	354.250	43.462	74.789
459.875	355.186	44.367	73.897
464.345	354.847	44.232	75.937
467.475	355.715	45.201	76.415
472.106	354.801	44.483	75.450
476.079	355.008	44.625	74.774
482.528	354.730	41.835	73.624
486.500	354.491	41.553	73.397
491.067	354.527	39.888	73.709
494.905	354.554	39.907	73.559
498.701	354.806	39.619	74.490
501.651	356.165	41.294	73.552
504.174	356.751	41.995	73.241
505.645	356.389	43.507	73.326
510.035	357.237	41.274	71.858
512.839	356.554	41.291	72.129
517.002	356.626	42.669	70.990
521.666	355.396	42.323	72.690
525.669	352.431	42.285	74.294
529.252	350.228	42.187	74.327
531.877	349.028	42.506	74.105
534.382	347.468	42.499	73.061
538.151	346.780	41.501	72.361
542.171	348.883	39.586	69.287
543.350	349.430	41.318	68.404
546.960	347.223	39.666	70.357
550.638	345.454	39.163	71.071
552.736	344.946	39.798	72.281
554.658	346.602	40.905	70.493
558.340	347.975	39.142	69.679
560.093	348.525	40.976	69.968
563.053	350.403	41.485	70.124
568.237	350.665	38.928	70.701
571.258	352.945	38.896	69.413
572.978	349.803	40.260	70.502
575.514	347.530	40.468	70.966
577.817	346.266	41.230	69.276
579.638	344.444	42.197	69.602
582.663	343.454	40.820	69.638
584.141	343.286	41.968	68.979
586.951	343.534	41.747	68.710
590.690	344.002	40.293	68.144
593.113	344.841	40.381	68.088
596.156	344.454	39.710	68.723
599.961	344.713	37.847	69.118
602.406	344.808	37.740	68.773
604.742	345.296	38.232	68.775
606.462	346.030	38.567	67.338
608.033	345.895	38.963	67.373
609.511	346.544	38.639	65.624
613.762	345.646	38.234	66.495
617.965	344.704	37.905	67.188
621.432	343.372	37.645	66.628
625.731	342.693	36.934	66.949
626.247	342.054	37.895	67.432
626.864	342.040	38.273	66.257
628.367	343.254	38.061	64.326
629.587	343.125	37.765	63.967
632.004	342.959	37.560	63.449
636.003	343.006	35.937	63.868
637.978	342.847	36.818	64.289
640.108	342.303	37.200	65.401
642.137	343.193	37.356	65.002
643.814	342.679	36.965	64.686
645.676	342.249	37.746	63.829
648.493	341.517	37.348	63.860
649.698	340.663	38.771	63.084
651.851	338.661	38.878	64.090
653.666	337.582	38.772	64.619
655.164	336.199	38.969	65.460
657.193	336.265	38.683	65.138
660.683	335.955	37.123	64.297
661.334	335.783	38.975	63.715
664.059	335.931	37.871	63.362
664.766	336.177	38.846	62.427
667.514	335.659	36.978	61.971
667.628	334.100	38.223	62.855
669.709	334.366	36.140	62.414
672.878	333.327	36.658	63.441
675.102	333.466	36.438	63.797
676.485	333.718	37.257	62.903
678.081	333.446	37.016	63.603
679.365	334.315	37.332	63.248
682.018	332.874	35.987	62.645
683.061	333.449	36.048	62.217
684.142	335.033	35.463	63.223
684.382	332.507	34.517	64.466
684.829	330.696	35.319	63.650
685.274	329.087	35.959	62.117
686.765	329.527	35.534	62.622
687.367	331.232	35.426	62.404
689.510	331.748	34.492	61.461
690.380	332.242	34.797	61.756
691.654	331.739	33.830	63.009
692.954	333.892	34.081	61.802
691.265	326.685	31.934	62.710
690.397	327.066	34.550	61.064
691.419	327.442	34.716	60.638
692.237	328.458	34.948	60.150
693.647	330.123	34.287	58.935
694.446	329.931	34.142	59.508
694.786	329.548	35.504	59.954
695.367	330.094	35.902	60.621
696.462	329.260	35.816	61.441
697.481	330.330	35.776	60.662
700.732	331.104	34.683	60.029
703.948	332.877	33.519	59.670
704.707	334.821	32.666	57.303
704.559	335.110	32.495	57.859
704.380	335.414	33.549	58.162
704.051	334.581	33.376	60.485
703.603	335.532	33.825	58.718
703.653	335.180	32.618	59.091
703.072	333.962	34.190	58.051
704.524	332.225	33.650	57.718
704.846	330.785	33.881	57.288
706.134	327.840	32.869	58.065
706.622	326.385	32.218	57.849
707.717	322.919	32.449	59.117
707.997	321.717	32.035	57.796
708.833	319.901	32.092	58.255
714.531	329.753	30.798	58.230
712.304	325.925	31.627	56.845
709.901	321.992	31.761	56.937
708.929	325.138	32.617	56.997
710.043	328.282	32.605	55.968
710.033	331.146	33.224	56.233
711.240	332.394	32.072	57.449
710.500	334.102	34.128	58.861
712.192	331.589	32.932	59.909
712.469	331.189	32.940	58.445
713.042	331.718	32.805	57.227
713.684	331.739	32.816	56.628
713.853	331.534	33.323	56.445
714.282	331.201	32.435	56.194
714.474	330.168	31.511	56.845
714.603	328.809	32.102	56.526
714.697	327.950	31.857	55.650
714.928	327.039	31.711	55.568
714.516	327.238	32.514	54.102
716.009	327.225	32.474	53.821
716.291	327.122	32.868	53.255
716.775	327.078	33.070	53.647
717.705	326.745	32.335	53.788
717.454	325.972	32.760	54.214
717.489	325.332	32.933	53.846
717.898	325.023	33.357	54.023
718.964	324.601	32.697	54.626
719.564	325.138	32.036	53.726
719.699	325.315	31.829	53.650
720.013	325.370	31.824	53.570
719.864	324.911	32.154	53.774
719.646	324.349	32.527	53.879
719.953	323.897	32.935	54.315
720.361	323.545	31.449	54.578
720.229	323.725	31.237	53.453
719.596	324.325	31.708	52.781
719.529	324.221	31.184	52.113
719.182	323.666	32.014	51.891
719.631	322.828	30.844	52.098
719.139	321.566	31.955	52.546
719.340	320.350	31.319	52.131
719.095	319.301	31.343	52.058
718.914	318.671	31.808	51.736
718.950	319.254	31.563	50.346
718.656	318.261	32.057	50.661
719.213	316.795	30.589	51.214
719.227	317.891	30.542	49.400
719.848	315.867	30.419	51.172
719.438	316.930	29.674	52.120
718.615	316.871	31.338	53.432
717.776	317.599	31.562	53.073
717.716	318.251	30.855	52.487
717.023	318.838	30.640	52.308
716.145	319.247	31.175	51.987
715.853	318.968	30.978	52.282
715.636	319.169	30.134	51.083
715.209	318.061	30.392	52.554
715.098	317.868	30.107	52.898
714.639	318.977	29.629	49.525
714.100	319.044	30.317	49.860
714.482	318.099	29.323	50.157
714.351	317.987	28.558	50.264
713.995	318.441	29.001	49.443
713.888	318.218	28.090	48.806
712.749	317.445	28.869	49.378
710.151	316.789	30.411	48.744
709.057	315.816	30.206	50.257
708.135	316.415	29.871	48.175
707.825	317.084	28.986	47.329
706.274	316.944	29.627	47.212
705.714	317.045	28.695	47.063
704.419	316.957	30.212	46.919
704.286	315.406	29.526	48.099
703.481	315.394	29.231	48.192
703.431	314.805	28.973	48.143
703.101	313.641	28.256	48.792
702.617	313.044	27.890	49.612
702.013	313.169	28.456	48.820
701.524	313.616	28.021	47.885
700.060	313.627	28.648	48.352
698.664	313.304	28.612	47.877
697.594	313.674	27.784	47.747
696.395	312.940	28.505	47.563
694.844	314.207	28.282	45.982
694.458	313.282	28.393	46.830
694.285	315.031	27.535	45.170
692.482	315.154	28.570	44.977
691.970	314.197	28.663	45.620
691.349	313.795	28.256	45.942
690.961	313.163	27.890	46.486
689.861	313.582	28.419	45.153
689.375	313.288	27.806	45.498
688.548	312.770	28.091	45.733
688.120	313.144	27.810	45.827
687.781	314.124	27.338	44.510
686.571	313.077	27.218	46.263
685.824	313.798	27.315	45.575
685.454	314.019	26.004	45.648
684.001	313.023	28.276	46.272
683.228	313.432	26.748	45.441
682.379	313.594	26.142	44.841
681.019	314.326	26.700	43.750
680.676	315.249	26.263	42.691
679.750	314.270	26.894	43.869
678.988	314.096	27.273	44.764
678.411	313.919	27.429	44.043
677.577	314.126	26.708	43.927
676.202	314.492	27.490	43.299
676.015	313.440	27.081	44.144
675.105	314.048	27.002	43.411
673.935	312.278	26.989	44.941
673.204	313.009	26.359	44.116
671.999	313.201	26.026	43.936
671.322	313.093	25.734	43.612
670.473	311.852	25.660	44.497
669.938	310.406	25.540	45.844
669.145	311.336	24.928	44.335
668.712	310.270	25.373	45.182
667.342	310.759	24.279	43.854
666.458	311.205	23.686	43.244
665.530	310.950	24.332	43.500
664.531	310.498	23.358	43.743
663.264	310.361	24.977	43.384
662.474	309.658	25.923	44.603
661.676	310.138	24.098	43.653
660.651	309.405	24.061	43.453
659.904	309.901	24.003	42.636
658.973	309.081	23.902	43.315
658.229	310.868	23.599	41.098
656.563	311.290	23.537	40.781
