495.000	376.000	42.000	80.000
497.371	376.125	43.256	77.705
496.789	376.698	47.485	75.337
500.623	376.811	45.476	75.121
506.250	378.937	44.985	71.576
510.952	379.317	46.555	72.942
514.331	375.213	48.476	79.169
473.993	374.598	43.057	77.986
516.845	376.445	40.253	77.289
518.619	373.321	39.551	81.268
517.712	374.636	41.106	79.404
520.139	374.460	41.531	80.805
520.329	376.229	41.032	79.445
520.566	378.849	39.445	77.745
514.643	378.107	38.156	79.143
510.434	377.891	37.742	80.137
507.236	377.700	40.821	82.208
507.013	379.963	39.831	81.813
502.833	380.411	46.824	81.942
503.677	381.620	47.374	81.028
500.426	382.857	53.128	84.228
500.433	388.679	51.212	80.294
507.758	387.986	42.297	82.917
514.382	391.374	41.978	81.532
519.584	393.444	44.208	80.574
533.899	391.949	38.963	84.261
538.318	392.308	41.749	82.919
541.857	392.683	43.783	81.951
544.421	392.933	47.024	82.992
543.161	394.085	50.719	83.363
542.215	394.362	50.157	84.324
543.564	393.989	48.241	84.885
546.142	394.963	46.283	84.723
552.290	395.396	44.952	86.622
550.051	396.393	54.108	79.463
571.116	395.013	42.604	80.534
572.262	390.352	47.382	82.360
569.290	389.687	54.031	87.712
560.724	393.939	66.166	90.633
557.248	394.081	71.302	93.008
559.694	395.887	72.773	96.788
567.266	397.703	73.298	98.243
588.323	400.047	57.419	97.970
597.159	398.825	57.920	98.543
605.378	399.774	56.757	101.964
609.640	404.133	56.848	98.232
609.788	405.232	61.303	98.256
607.818	405.659	66.513	99.118
612.730	408.856	65.393	100.448
617.822	410.200	63.991	103.525
616.910	411.168	60.818	104.819
622.529	412.762	55.908	102.572
625.782	414.299	57.069	102.314
624.501	413.668	67.375	103.510
617.335	412.326	78.736	106.593
624.248	410.900	79.850	103.027
631.319	413.642	84.062	103.993
644.707	413.461	75.148	104.283
652.006	415.864	71.661	101.421
661.257	416.220	60.912	98.219
669.288	414.303	57.814	99.249
671.450	413.409	52.278	100.474
663.061	412.943	57.848	102.567
677.768	421.462	78.358	96.044
677.170	422.953	80.752	98.640
693.879	425.100	65.065	102.673
695.155	424.742	63.148	99.451
650.352	418.100	67.787	101.333
707.364	422.533	64.825	100.528
701.537	430.481	67.348	98.986
648.006	420.109	61.779	100.908
577.640	419.037	70.876	104.441
563.651	416.367	74.171	105.096
623.713	426.583	77.571	91.937
559.434	421.989	85.105	104.843
562.523	423.665	82.424	108.316
574.681	422.885	71.298	108.119
587.488	422.549	81.723	106.339
594.876	419.705	74.420	107.583
589.486	415.586	64.866	108.197
582.686	410.005	65.187	108.425
571.005	409.457	68.292	109.963
556.031	409.875	75.934	110.561
546.189	416.678	77.170	105.635
553.332	417.297	64.977	108.534
553.806	418.928	58.131	106.961
557.548	423.162	52.653	106.042
553.894	424.255	55.842	103.839
537.620	426.354	66.379	101.516
517.871	424.571	77.073	101.013
507.784	423.059	77.273	102.016
498.682	423.672	86.348	102.979
497.006	423.062	85.591	106.016
495.244	424.839	83.752	108.079
504.008	426.078	72.734	105.861
513.390	426.306	64.276	105.559
520.240	426.769	56.260	104.398
514.206	425.669	63.525	103.120
509.811	425.334	67.702	102.674
501.516	425.310	74.157	101.282
489.378	423.784	81.337	104.192
475.956	424.281	84.323	105.998
470.404	426.392	79.046	107.007
470.247	428.218	77.060	106.255
484.665	428.101	64.165	106.009
500.936	427.287	58.491	107.100
506.962	426.208	63.060	107.470
509.477	423.323	70.075	108.560
513.995	422.502	75.401	108.448
513.963	422.300	84.793	108.520
517.050	421.144	86.927	109.679
516.991	422.784	87.367	108.985
519.185	426.165	79.005	105.527
530.533	424.910	64.750	105.746
538.369	423.818	57.712	107.789
537.915	422.483	60.886	110.500
532.243	421.840	65.807	108.577
526.350	420.165	70.419	108.192
521.666	419.011	76.502	108.978
518.270	418.722	83.141	110.705
519.744	421.456	85.106	109.243
525.714	423.370	75.362	109.509
530.945	424.334	63.670	106.699
534.892	424.687	60.594	106.766
535.898	424.130	59.870	105.645
529.236	423.054	65.638	105.475
525.014	421.714	70.316	105.328
518.844	420.833	75.333	105.549
511.597	421.153	79.631	105.431
507.710	421.189	79.371	106.212
518.567	421.048	67.884	107.095
526.797	422.324	61.125	106.716
537.443	421.760	55.730	106.283
540.376	419.961	58.241	108.909
535.522	417.713	66.712	107.992
531.126	416.885	74.588	106.292
528.814	417.114	79.499	105.856
526.390	417.794	85.487	103.566
526.023	418.720	83.659	104.964
528.044	419.901	78.392	104.771
532.240	420.219	68.984	104.640
534.389	419.522	61.967	104.096
529.565	417.640	61.082	106.569
522.550	416.581	62.065	106.189
516.259	415.929	66.793	104.333
509.692	415.577	67.727	103.209
507.125	416.086	70.645	101.668
507.596	416.443	72.783	101.588
516.939	418.717	64.983	98.693
531.687	419.563	56.191	98.317
545.912	419.326	52.168	99.312
551.088	417.443	53.469	100.670
550.732	415.611	59.577	100.648
549.345	414.586	66.981	98.528
550.267	415.024	73.125	96.306
557.042	411.398	72.892	99.142
563.719	412.733	72.996	98.495
566.875	414.058	72.941	99.097
577.014	413.839	61.037	97.382
577.211	413.333	58.105	97.769
566.763	412.844	52.356	100.267
549.793	413.990	53.002	100.437
538.524	413.224	55.154	98.372
524.871	412.355	59.462	95.693
514.007	411.945	62.379	94.541
507.977	411.958	62.206	95.362
506.751	412.084	54.348	96.964
500.661	411.537	51.190	96.256
495.758	410.824	47.604	98.833
482.847	409.649	48.740	98.416
464.013	409.949	53.017	100.059
441.281	410.996	60.590	97.561
424.723	414.481	63.857	92.917
418.084	410.820	66.149	94.780
419.227	410.066	64.816	92.523
421.202	408.442	56.263	97.078
424.823	409.373	53.544	94.946
433.262	409.159	51.306	95.031
438.831	408.174	48.654	95.285
438.776	405.493	49.242	97.617
438.621	405.905	49.653	93.994
436.544	403.092	52.140	94.275
433.320	403.183	55.275	91.041
433.899	402.197	51.421	90.890
435.790	402.551	49.099	89.603
440.120	402.589	44.942	87.880
444.493	402.078	43.611	89.234
448.071	398.846	43.026	91.065
449.219	396.965	47.800	92.133
450.288	395.906	53.356	91.909
450.480	396.223	58.394	90.945
450.648	396.573	61.858	90.656
455.438	400.320	58.761	87.082
463.836	401.064	50.963	88.269
470.484	403.819	47.300	85.981
476.449	404.158	46.645	86.678
480.828	403.080	46.619	87.545
485.508	399.433	45.903	90.253
489.950	398.410	46.318	89.263
494.977	397.944	47.727	86.400
501.347	397.738	46.417	86.244
507.808	398.847	45.320	84.934
513.945	401.420	44.761	84.433
521.785	403.618	41.411	83.489
528.729	402.015	40.379	83.688
533.468	398.950	40.590	86.266
537.203	395.860	43.588	86.646
539.061	394.080	47.542	84.682
543.635	393.839	49.686	83.382
548.047	396.514	51.114	80.054
555.773	396.305	47.961	81.899
560.366	397.642	47.388	81.690
567.462	397.737	44.066	81.600
572.163	397.027	44.218	81.237
577.599	391.559	42.686	82.907
581.266	388.250	43.394	82.262
585.211	388.816	43.421	81.168
589.278	388.973	43.038	80.461
593.190	389.299	42.628	78.558
597.418	389.408	42.239	77.771
601.905	389.232	40.973	78.544
606.504	389.840	40.333	76.991
611.203	388.645	39.760	77.865
615.608	387.260	39.690	78.897
618.857	387.017	39.183	78.106
621.376	386.613	40.501	78.567
622.843	386.159	43.591	77.012
624.839	386.283	46.207	74.897
629.109	386.690	44.221	74.008
634.249	386.956	41.545	75.094
637.387	386.707	41.918	74.985
641.325	387.096	41.114	75.325
644.035	386.965	41.556	75.080
647.540	386.447	41.526	76.238
651.200	385.898	41.421	76.560
654.314	384.331	42.226	76.247
657.524	383.688	41.526	74.503
660.533	383.652	40.734	73.513
663.920	384.012	40.210	72.664
667.155	383.891	40.011	72.561
670.426	383.493	39.689	73.165
673.689	383.418	39.631	73.516
676.470	381.816	37.821	75.159
679.260	380.698	38.222	75.618
681.905	377.939	38.776	75.644
683.838	376.405	38.885	72.442
684.841	374.429	39.485	73.433
687.562	374.891	39.722	73.320
690.799	376.089	40.176	72.578
693.821	377.695	39.461	72.427
696.766	379.578	39.317	70.994
698.325	379.258	38.392	72.936
700.530	378.068	38.298	71.732
702.608	376.944	37.862	73.076
705.937	375.784	36.223	71.169
706.884	375.559	37.493	69.905
709.121	375.627	37.435	68.805
709.922	376.104	38.939	67.640
712.043	376.640	38.978	67.294
715.641	377.022	36.836	68.157
717.806	378.039	37.084	67.538
720.383	378.447	36.356	68.454
722.161	378.868	35.835	68.259
724.347	377.700	34.789	67.508
725.920	376.373	35.658	66.658
727.495	376.089	35.569	66.850
728.347	375.430	36.760	66.511
729.593	375.676	37.407	66.933
730.670	376.176	37.654	65.656
732.613	375.170	36.865	66.813
734.128	373.658	36.032	67.542
736.036	372.872	34.803	68.140
737.417	372.610	34.853	65.833
738.685	372.470	34.899	65.388
740.031	373.231	34.806	64.688
741.097	374.073	36.622	63.918
742.271	374.917	36.364	63.297
744.543	375.158	35.042	63.529
746.691	374.752	33.838	64.033
748.119	374.414	33.977	63.931
749.094	372.929	34.361	65.525
750.837	372.382	35.940	64.854
750.879	373.294	36.372	61.600
752.160	375.186	36.670	60.071
753.521	375.587	35.545	59.904
755.103	376.598	35.166	59.170
756.082	376.855	34.331	57.697
757.543	376.935	33.293	58.516
681.932	387.347	32.384	69.399
762.042	374.166	32.526	61.362
762.432	373.072	29.962	58.004
763.066	372.578	29.382	57.093
763.393	373.199	30.516	58.224
763.185	373.425	31.037	59.454
763.477	373.866	32.650	59.309
764.478	374.243	32.784	58.150
764.457	373.878	32.551	58.176
765.209	372.596	32.963	59.182
766.286	372.921	31.714	57.979
767.844	373.063	30.980	57.184
769.136	373.025	30.768	56.942
770.385	372.959	29.614	56.661
770.507	372.318	30.440	57.885
770.858	373.246	31.328	55.903
771.781	372.767	30.066	55.297
772.522	372.246	29.391	56.174
772.920	370.050	29.279	57.823
773.092	369.833	29.239	58.112
772.746	369.505	29.397	57.141
773.018	369.210	29.196	56.828
773.325	368.954	29.045	56.475
774.041	369.006	29.332	57.467
774.225	369.309	28.729	56.256
774.219	367.671	27.600	56.919
774.663	368.217	28.827	56.779
774.974	365.861	28.368	58.610
775.115	366.151	28.145	57.525
774.907	366.755	27.445	55.778
774.297	366.330	27.920	55.239
773.265	366.128	29.516	55.038
774.170	366.331	30.730	54.607
777.041	366.615	30.314	54.584
775.267	367.145	30.135	52.017
776.190	367.637	29.789	53.056
775.761	367.222	29.540	52.581
772.484	366.434	31.698	52.823
770.908	366.094	32.698	53.644
764.672	364.191	35.496	52.373
762.602	363.405	33.048	55.317
775.719	364.708	29.556	54.849
776.486	364.244	28.454	54.005
