357.000	161.000	16.000	45.000
356.769	160.910	17.210	45.093
356.450	160.964	17.865	44.914
356.261	161.515	17.805	44.998
356.059	162.050	17.715	44.807
356.288	162.504	17.642	44.843
355.241	161.469	18.050	45.106
354.920	161.929	17.572	45.905
354.478	162.738	17.270	45.720
353.337	163.065	17.445	45.432
352.251	162.651	18.018	46.608
351.317	162.684	18.916	46.386
350.520	163.239	19.148	46.487
350.225	163.991	18.281	46.519
349.637	163.045	18.646	46.898
348.844	163.060	18.441	46.892
348.135	163.743	18.199	47.639
346.719	164.301	18.478	47.316
345.556	163.472	18.532	48.547
344.803	162.739	18.298	48.626
344.431	163.689	17.633	47.958
344.617	164.221	18.428	49.345
344.111	165.374	18.089	47.842
343.623	164.607	18.498	48.848
343.261	166.212	17.961	46.909
342.813	166.835	17.852	46.948
342.289	165.893	17.762	48.667
341.608	165.496	17.591	49.445
340.471	164.980	18.438	49.689
340.111	167.234	19.873	47.781
340.226	168.124	20.315	47.801
340.409	167.447	19.509	48.615
340.164	168.031	19.820	47.661
339.830	168.714	19.591	48.245
339.312	170.014	19.111	48.316
337.491	169.977	20.599	49.444
336.882	169.795	19.919	49.394
336.184	170.699	20.724	47.729
336.188	171.723	20.071	48.844
335.923	172.386	20.057	48.567
335.323	171.869	19.523	49.336
334.658	171.494	20.523	49.667
334.777	173.154	20.196	49.514
334.346	173.912	19.232	49.609
333.590	173.550	19.945	49.358
332.887	173.320	20.340	50.224
333.069	174.039	20.407	50.002
333.690	175.636	19.702	49.567
333.295	174.206	20.614	50.464
333.146	174.349	20.336	51.242
333.374	175.779	20.941	50.142
333.241	175.939	19.909	50.208
332.677	175.691	21.041	50.922
332.348	175.481	21.223	50.651
332.534	175.950	20.793	50.994
333.343	177.030	20.818	50.796
333.602	176.630	20.766	50.576
333.913	176.624	20.933	50.780
334.168	176.846	20.263	51.309
334.395	177.435	20.395	51.156
334.468	178.087	20.270	51.542
333.979	177.242	20.028	51.115
333.675	177.329	20.543	51.556
334.420	178.376	20.768	51.396
335.524	179.258	20.073	51.300
335.458	178.896	20.075	51.113
335.374	178.878	20.109	51.526
335.363	179.158	20.196	52.286
335.825	180.466	19.797	52.234
335.190	179.798	19.778	52.866
334.821	179.071	20.062	52.481
334.647	180.534	21.452	52.045
335.145	181.621	20.410	51.078
335.968	181.648	20.916	51.499
336.853	181.733	20.775	51.891
336.704	181.698	21.310	51.294
337.178	182.705	21.020	52.629
337.241	183.289	21.131	53.399
337.112	183.050	21.028	53.177
337.251	182.986	21.629	52.281
337.788	184.020	21.823	53.415
338.474	184.909	21.786	53.440
340.167	184.108	20.980	53.625
340.365	184.216	22.227	53.711
341.229	185.008	22.569	53.950
341.699	186.185	21.837	53.460
341.762	186.105	21.878	53.725
341.962	185.540	22.042	54.353
342.544	186.066	21.338	54.074
343.593	187.087	21.270	53.840
343.961	187.326	20.860	53.504
343.971	186.138	21.413	54.406
344.088	187.115	22.323	54.525
344.352	187.918	21.343	54.079
344.196	188.821	20.983	54.030
343.856	187.114	21.377	55.618
343.807	187.407	21.101	55.339
343.932	189.283	21.330	54.739
344.196	189.427	21.382	53.980
344.404	189.122	21.714	55.129
344.330	188.240	22.577	55.586
343.936	189.121	22.889	54.581
343.795	190.499	23.748	54.273
343.642	190.175	23.475	53.970
343.884	189.422	22.602	55.565
344.400	189.619	23.413	55.234
344.823	190.545	21.928	54.725
345.599	190.217	22.279	55.604
346.736	189.716	21.535	56.006
347.105	189.266	21.576	56.769
346.824	190.175	22.065	55.982
346.115	190.575	21.600	55.724
345.472	190.321	21.954	55.818
345.478	189.537	22.092	56.414
345.667	190.561	21.626	56.706
345.918	191.411	21.936	56.722
346.971	191.658	21.512	56.798
347.750	191.759	22.187	56.119
348.360	191.078	22.368	58.294
348.989	191.534	21.922	57.452
349.489	192.859	21.966	57.387
349.815	193.050	22.011	56.658
350.350	192.327	21.961	57.948
351.628	194.635	22.017	57.787
352.485	194.137	21.687	58.295
353.636	194.859	22.327	57.281
354.468	193.690	22.944	58.379
355.451	194.799	23.266	57.865
355.833	195.882	22.794	58.805
355.884	196.608	22.908	57.286
356.504	196.470	22.610	57.697
356.906	196.811	22.384	58.011
357.194	198.251	22.966	57.049
358.616	199.243	22.336	56.662
358.573	197.803	22.911	58.000
358.902	199.050	22.726	57.216
359.472	199.665	22.584	57.240
359.516	199.214	23.155	58.613
359.325	199.395	22.550	58.050
359.989	199.850	21.735	58.985
360.940	201.241	21.688	59.657
362.498	200.187	21.812	60.106
363.272	201.056	21.093	59.982
363.618	200.565	21.264	61.780
364.471	201.671	21.929	61.951
364.735	202.578	21.954	62.662
365.005	201.815	22.382	63.528
365.725	202.373	22.745	63.090
366.879	203.039	23.110	62.637
367.990	204.983	23.001	61.314
369.376	204.693	22.193	61.380
370.001	203.319	21.921	63.648
370.353	205.321	23.096	63.440
369.979	206.179	23.262	63.335
369.898	206.418	23.253	62.989
369.575	205.885	24.001	63.582
370.317	207.099	23.775	62.359
370.046	207.519	23.778	62.717
370.572	209.837	24.834	61.755
369.970	207.961	25.873	63.793
369.481	208.986	26.766	63.532
369.753	210.138	26.155	64.250
368.082	211.770	27.540	63.927
370.636	211.882	24.978	63.981
370.880	211.465	25.122	64.847
370.458	212.614	24.810	65.133
370.657	213.066	25.744	65.890
371.541	212.458	25.494	67.428
371.100	214.949	25.107	63.542
369.027	216.192	26.059	64.615
368.464	217.285	25.202	66.455
368.025	216.749	25.304	65.959
368.090	216.763	25.511	66.617
368.433	217.946	25.119	67.220
369.046	218.709	24.700	67.333
368.698	218.969	25.945	67.718
368.244	219.983	25.211	66.744
366.701	221.326	24.805	66.985
365.929	221.939	25.915	67.322
365.345	221.196	25.515	68.226
365.555	220.888	25.469	68.745
365.455	222.219	25.239	68.222
365.501	222.042	25.155	69.638
365.347	223.258	25.383	69.682
364.876	222.451	25.270	70.748
364.280	223.646	25.239	70.757
362.782	224.551	25.888	69.986
362.574	225.348	25.395	69.758
360.945	224.454	25.666	71.193
360.724	225.707	25.050	70.615
360.981	226.520	24.891	70.644
360.521	226.870	25.286	71.109
359.545	227.078	25.569	70.858
359.478	227.513	25.458	71.094
357.973	227.519	25.638	72.761
357.222	229.050	24.970	72.275
355.879	228.778	24.421	71.938
353.548	228.830	25.904	72.670
353.511	230.348	24.803	72.901
352.617	230.563	24.767	73.435
350.929	230.819	26.601	72.953
349.619	231.027	26.718	73.011
348.364	231.574	26.630	73.656
347.174	233.327	26.820	73.064
344.755	232.580	27.138	73.812
342.949	233.286	28.133	74.053
341.286	234.527	28.483	73.484
340.771	235.234	27.707	73.647
339.564	235.902	28.258	74.126
338.053	235.813	27.807	74.757
337.062	235.522	27.270	75.784
335.909	236.210	25.843	76.850
334.262	237.030	25.996	75.925
332.204	237.713	26.197	76.308
328.146	237.701	27.011	77.080
325.395	238.559	27.859	76.384
323.647	239.661	27.894	77.367
322.001	240.192	28.192	76.956
320.812	239.574	27.680	77.776
319.320	239.774	27.971	77.432
316.589	240.979	28.042	77.881
313.635	242.320	28.681	77.700
310.998	242.410	29.341	77.131
306.887	243.994	29.414	75.896
305.790	244.657	29.847	77.335
303.156	245.618	28.917	78.059
301.786	244.934	29.662	78.847
299.655	246.308	29.684	77.359
298.272	247.890	28.793	78.660
296.360	248.409	29.007	79.659
294.273	247.900	29.666	80.550
293.604	248.064	30.225	80.949
292.703	250.161	30.122	80.912
292.066	249.827	28.656	81.068
290.877	250.470	29.550	81.571
290.096	250.677	28.720	82.898
289.097	252.900	28.136	82.204
287.437	253.243	28.021	82.948
284.938	252.264	29.390	83.727
283.330	253.172	30.555	83.903
282.552	254.144	32.138	83.543
281.468	255.809	30.699	83.119
280.323	254.842	30.310	85.835
279.142	254.596	29.548	85.518
276.669	257.057	30.828	84.845
274.304	258.852	31.228	84.465
273.086	258.935	30.005	85.225
269.193	258.122	30.983	86.950
266.812	258.892	32.359	86.335
264.942	260.812	32.713	85.861
263.184	261.948	33.628	85.833
261.373	261.458	34.476	86.834
260.904	262.025	33.164	85.403
260.044	263.806	32.768	86.469
258.694	264.545	32.803	86.892
257.603	264.926	31.453	87.359
255.123	264.340	32.172	89.453
252.785	264.846	34.097	89.432
252.170	267.137	34.228	89.215
251.796	268.039	34.029	89.924
251.650	267.588	33.120	90.184
250.850	267.182	33.002	92.353
249.978	269.449	33.005	90.778
249.082	271.235	31.560	90.473
247.277	271.884	31.048	91.443
243.476	270.884	33.341	92.077
242.109	271.999	33.498	92.325
241.127	273.523	33.293	92.360
239.707	275.293	33.009	92.179
239.183	274.583	32.884	93.858
237.221	274.906	33.126	93.088
235.176	275.905	32.703	93.691
233.439	278.188	33.124	92.760
231.447	278.084	32.906	93.626
229.519	278.335	33.798	94.148
228.193	278.891	34.141	94.528
226.991	281.199	34.172	94.917
226.504	282.281	34.077	94.834
226.454	280.516	33.694	95.496
225.262	283.524	33.817	95.219
223.774	284.687	33.130	96.233
222.127	286.349	34.264	95.826
220.827	285.741	34.628	96.270
219.067	286.221	36.650	97.162
219.719	288.200	35.394	96.773
219.316	288.601	34.473	98.824
218.438	290.292	35.498	98.060
217.907	289.809	35.870	98.856
215.782	292.123	35.406	99.196
213.857	295.696	35.732	99.348
210.312	293.982	37.450	101.754
208.915	293.732	37.765	101.991
207.968	295.719	37.604	102.251
206.907	296.324	36.872	104.014
206.425	298.873	36.017	102.762
203.551	298.028	37.174	102.582
201.872	300.941	38.325	102.842
200.401	303.099	37.803	102.374
197.721	302.535	37.974	104.705
194.681	303.375	39.030	104.852
192.046	303.230	40.181	104.262
191.346	305.469	39.752	105.642
190.290	307.527	38.479	105.975
188.168	307.852	38.634	107.087
186.823	307.009	39.864	107.026
204.386	309.083	39.456	106.538
238.032	309.882	40.248	105.370
267.049	311.527	41.503	107.203
297.218	312.146	43.201	103.015
335.079	311.030	41.643	105.152
369.329	313.387	43.985	105.920
376.513	318.531	41.053	107.619
376.927	318.065	39.549	110.297
374.386	320.598	41.221	109.075
373.032	323.453	41.573	107.638
372.515	327.012	39.307	107.888
369.820	324.664	40.083	111.646
366.582	324.166	41.627	113.142
365.032	327.148	41.656	113.327
363.080	329.424	42.019	114.361
362.907	329.106	43.095	115.474
361.121	330.030	43.888	113.697
360.217	331.201	44.758	114.596
359.101	334.775	43.825	114.361
356.847	335.769	43.985	116.091
354.723	336.182	44.440	117.537
353.000	337.353	44.640	115.979
352.621	339.218	42.837	117.046
352.125	342.587	42.635	118.311
349.418	340.478	45.258	120.629
349.183	343.887	45.387	117.572
348.168	345.831	46.250	119.642
346.449	348.521	46.156	118.526
345.216	349.650	45.707	120.056
341.949	349.270	47.539	120.980
340.403	351.399	46.240	119.792
339.443	353.198	45.026	122.498
337.132	353.405	47.420	125.283
336.382	355.655	47.193	120.999
334.431	357.440	49.383	121.064
334.092	359.754	48.945	122.469
333.915	362.629	46.963	123.160
331.609	364.170	47.701	124.760
328.665	363.896	49.462	125.754
325.637	349.482	48.680	128.668
325.100	312.675	47.369	128.496
324.131	268.191	47.278	133.930
324.904	228.580	46.879	129.697
328.668	202.086	48.048	129.704
328.295	207.004	48.180	130.617
328.197	208.694	48.590	132.733
327.895	207.919	49.933	134.025
326.444	211.182	51.397	131.454
328.259	213.182	49.280	133.817
330.480	216.374	47.416	134.988
331.526	215.022	47.548	137.546
330.375	217.459	50.949	137.310
330.377	220.633	50.640	136.755
327.908	223.728	52.070	137.640
323.616	226.546	52.809	138.204
320.891	225.797	53.275	139.582
320.488	229.287	50.180	141.325
320.772	231.414	49.343	143.541
320.347	233.437	50.353	143.666
317.090	234.825	53.527	143.594
314.559	239.469	56.046	141.834
313.154	243.190	54.334	144.585
310.516	243.715	53.813	146.883
306.423	245.063	55.265	147.447
304.308	249.536	54.117	148.183
303.636	251.144	53.291	151.225
302.844	253.976	53.950	150.307
301.618	254.389	54.941	152.047
299.547	260.795	56.421	152.114
298.747	264.583	56.920	153.403
295.474	264.914	58.813	154.926
292.040	267.585	60.916	152.870
292.545	269.653	60.757	158.318
293.404	275.864	57.691	158.912
293.567	275.248	56.055	161.102
289.198	276.254	62.273	160.683
288.624	279.672	62.291	156.350
287.432	284.455	62.772	161.331
283.150	290.102	64.891	161.108
281.628	288.545	63.393	165.221
278.569	290.626	65.417	161.868
277.141	294.612	65.901	167.856
277.978	300.656	63.326	168.864
275.435	300.726	64.292	169.748
273.751	305.319	66.285	165.119
271.687	308.636	67.075	169.312
266.908	313.912	67.515	172.301
261.646	313.858	68.065	174.939
257.657	315.360	69.271	174.091
257.045	318.220	68.626	175.150
254.017	322.107	70.231	178.348
253.622	326.506	67.774	179.226
248.565	328.897	71.242	175.341
245.807	334.083	71.586	178.767
243.233	340.760	71.874	178.257
239.242	344.834	72.526	178.477
237.542	342.590	72.400	180.011
234.279	346.300	74.156	177.197
234.639	350.229	72.280	174.290
237.398	355.668	70.994	167.783
235.382	358.298	71.783	166.336
233.189	362.115	79.314	161.827
229.555	365.808	84.275	160.972
230.130	369.624	76.424	154.331
227.977	372.977	72.949	153.111
223.406	375.855	74.950	150.312
222.548	379.564	72.905	145.999
222.051	384.382	73.441	141.770
219.535	389.127	75.291	138.034
