262.000	171.000	25.000	59.000
261.352	172.956	27.532	56.210
262.045	173.955	28.896	55.515
262.326	174.651	28.254	55.590
263.593	174.710	28.937	55.616
264.242	175.032	27.555	54.932
265.384	176.173	27.543	53.266
266.475	176.306	28.998	53.169
267.913	175.125	29.679	56.436
270.145	176.457	28.156	55.821
271.575	177.442	26.848	54.599
273.726	177.641	26.074	55.332
275.035	177.261	26.535	55.683
275.929	177.244	27.443	56.013
276.141	178.505	29.159	54.672
279.153	178.955	28.653	54.603
281.240	179.375	28.158	55.269
273.670	179.699	37.785	55.618
279.896	178.183	31.562	57.413
285.955	179.438	28.056	57.156
289.105	179.324	27.863	57.726
290.748	179.929	28.829	57.354
290.426	179.461	30.372	57.925
291.982	179.925	30.022	58.429
294.030	180.587	29.894	57.107
295.124	182.057	30.107	55.951
291.050	182.389	33.281	56.246
292.547	179.996	32.321	56.306
297.104	179.667	30.018	60.667
297.123	180.396	30.990	60.768
297.815	180.477	31.112	59.011
296.868	181.673	33.001	58.854
300.472	181.323	30.609	57.972
298.824	182.674	32.578	59.660
264.916	179.421	34.468	60.061
269.531	182.015	32.613	58.756
202.345	171.915	31.937	53.942
198.813	171.650	31.041	51.684
197.701	171.443	29.900	53.425
195.107	171.438	31.708	55.191
196.373	172.594	29.718	52.926
198.935	171.927	27.695	54.227
200.071	172.032	26.684	54.326
187.061	172.326	31.085	53.022
184.236	171.574	27.755	53.652
183.771	171.623	26.971	53.118
183.791	172.435	27.123	52.906
184.991	172.384	34.390	53.640
191.509	169.919	37.369	58.607
187.659	171.924	32.600	55.339
197.349	171.353	32.280	55.124
206.821	171.799	32.128	58.649
204.725	170.837	33.259	58.593
202.776	169.929	29.802	59.055
206.650	170.846	37.768	59.221
207.027	169.725	30.357	59.466
206.851	169.764	27.116	58.378
210.190	172.132	28.673	56.503
211.084	171.414	31.248	60.839
216.168	174.557	31.303	58.329
218.720	176.490	30.975	54.905
221.624	176.023	33.275	55.648
223.626	173.750	28.015	56.085
224.845	172.728	30.943	56.053
227.167	171.524	36.831	59.628
223.820	173.050	32.549	55.783
220.666	175.080	31.641	57.586
222.862	175.968	31.930	56.093
226.368	177.664	29.934	55.832
229.565	178.311	28.947	55.196
231.326	177.530	32.170	57.080
232.551	177.656	32.286	58.278
234.194	176.990	31.713	59.337
235.547	177.855	31.259	59.600
234.556	180.524	31.143	58.748
231.418	183.357	30.211	59.073
228.454	182.862	31.895	60.884
221.930	182.689	43.853	62.336
218.522	181.124	32.683	60.619
215.773	181.310	38.203	61.109
210.731	179.426	36.589	59.093
208.696	177.985	35.113	61.087
206.551	177.195	34.117	60.764
201.594	176.198	32.162	61.715
193.259	179.211	32.035	59.325
184.291	177.676	32.286	61.893
175.860	176.159	31.431	63.402
167.161	175.084	33.093	63.967
160.392	177.732	33.520	59.050
156.335	178.300	34.929	56.441
193.263	178.190	33.890	59.839
187.308	182.310	33.967	58.148
175.818	179.390	27.144	61.892
165.303	180.500	31.606	62.987
155.073	183.799	33.667	64.093
138.114	184.714	33.377	67.932
127.746	183.971	33.957	69.939
114.916	185.892	37.970	71.864
112.797	186.416	34.828	70.138
107.792	192.897	35.563	64.585
110.560	189.337	34.051	67.525
105.249	191.442	36.675	67.934
108.119	193.568	32.688	65.971
100.405	194.816	33.769	68.517
122.175	205.234	36.568	63.900
127.412	209.913	32.083	59.270
128.932	211.283	33.627	58.631
134.555	212.457	32.811	58.022
139.644	210.950	32.167	60.653
141.229	210.001	33.285	59.915
142.051	207.221	33.660	64.081
138.865	204.787	38.344	67.275
139.397	202.518	39.212	70.367
141.824	201.499	37.865	70.926
143.520	201.858	39.647	70.436
149.185	202.821	36.535	67.022
151.220	202.038	33.520	64.859
149.425	196.849	34.747	66.159
147.876	193.557	37.397	69.702
144.583	190.763	42.012	70.333
144.392	190.308	43.730	68.365
151.618	189.015	38.050	69.303
155.415	190.589	37.449	67.499
159.041	190.500	36.125	67.096
160.741	190.082	38.155	67.103
206.365	191.472	41.473	70.009
211.403	192.650	36.356	68.910
215.179	194.472	36.352	66.613
219.631	195.131	35.320	66.032
220.263	195.910	37.021	68.670
161.364	197.267	45.218	69.714
166.520	197.962	40.203	69.673
172.777	198.540	39.203	70.245
179.081	199.557	40.311	69.956
180.378	199.423	45.004	70.752
179.035	198.361	49.993	73.428
186.907	199.601	48.034	72.357
193.279	202.132	45.296	72.217
201.694	204.181	39.877	72.494
212.129	205.859	35.653	72.565
215.037	209.146	40.899	70.448
221.873	211.079	43.251	70.802
223.499	214.101	52.280	71.477
222.746	217.711	57.573	72.063
223.911	218.329	59.596	74.629
228.522	220.262	54.162	75.490
234.543	223.386	46.764	73.732
238.455	224.999	41.676	70.850
239.664	222.194	40.411	74.627
241.999	220.858	38.907	75.702
250.484	220.050	39.853	73.640
248.740	218.825	44.271	74.331
254.344	221.827	46.547	72.856
270.739	223.061	39.112	72.646
272.125	226.202	35.129	73.909
272.772	228.497	39.648	74.049
282.280	230.785	40.823	73.055
287.881	230.674	42.280	73.869
288.284	232.344	46.743	73.549
293.631	233.660	49.457	73.978
297.278	237.155	49.477	72.549
290.488	235.635	48.719	78.877
285.226	240.815	46.570	78.021
282.208	244.377	42.342	75.567
280.960	247.479	39.764	74.354
286.691	247.391	42.085	75.391
298.531	247.115	41.254	76.587
295.497	247.115	54.477	78.463
298.714	246.601	58.688	80.649
315.356	249.043	51.215	77.478
314.932	246.544	51.463	81.130
317.768	245.929	47.794	79.076
328.477	244.590	45.073	76.739
330.282	242.739	51.445	77.648
329.700	239.605	55.095	77.820
327.452	236.906	57.334	80.194
327.072	235.048	58.615	80.808
334.504	236.702	55.985	79.530
342.902	237.206	52.180	80.458
354.103	239.367	45.926	78.649
360.336	238.112	49.344	79.658
372.927	240.591	41.921	78.857
379.711	238.495	46.735	81.464
376.468	239.781	50.285	79.564
377.430	239.891	52.061	80.047
390.872	240.053	44.937	81.126
388.135	242.400	51.549	78.358
394.818	242.611	46.227	78.724
396.063	244.207	46.514	73.268
402.457	239.267	44.960	80.395
400.605	241.298	45.562	78.581
396.486	240.112	47.514	77.597
388.934	237.799	54.030	78.458
381.782	239.847	59.602	79.887
390.762	239.361	52.737	83.140
395.672	239.043	44.261	84.855
401.375	236.445	48.474	78.709
403.531	238.236	51.878	81.199
401.727	236.849	55.965	79.874
397.683	234.882	61.038	82.597
408.005	236.053	55.405	80.818
402.591	232.401	59.675	80.775
400.853	233.181	52.482	82.976
401.421	237.431	47.127	79.315
403.220	238.044	50.091	81.417
396.134	238.042	52.933	81.100
397.235	242.071	48.117	80.002
394.894	241.059	50.656	80.146
384.247	241.886	60.473	80.265
449.513	238.459	54.153	81.407
552.718	240.608	55.809	73.341
553.834	238.639	54.443	75.252
552.021	236.615	51.301	78.389
632.148	238.851	46.916	76.213
625.804	235.194	47.203	72.870
618.153	235.290	48.467	72.119
612.064	233.634	51.411	71.301
610.615	233.420	51.774	69.196
610.803	231.590	50.277	72.713
614.221	232.420	44.129	71.880
614.907	234.709	41.518	70.285
616.068	236.114	38.417	68.472
611.199	233.078	42.770	70.952
610.496	228.344	43.204	74.595
608.287	228.008	46.291	73.876
674.931	230.471	39.661	73.959
678.553	231.552	37.147	69.575
680.856	232.831	33.307	65.964
676.095	228.674	36.205	69.013
670.500	226.312	41.988	70.488
666.663	221.296	46.549	72.131
661.849	221.532	48.752	71.171
656.192	221.331	44.276	69.691
651.300	221.650	39.669	66.671
650.966	221.609	37.950	66.030
648.324	221.176	38.170	65.012
647.612	218.753	36.717	68.259
646.348	217.531	35.770	67.430
642.941	216.324	37.137	68.591
638.258	214.373	38.121	69.958
632.838	215.440	39.772	70.427
634.242	215.290	35.513	72.743
634.298	215.150	32.857	66.991
634.496	215.575	32.892	67.066
634.573	212.419	35.678	67.284
635.130	210.385	38.000	66.577
633.133	208.066	42.464	68.297
633.667	208.554	42.485	66.975
633.163	206.095	42.349	65.758
634.943	205.051	40.996	66.761
638.927	204.213	38.473	66.504
642.813	202.498	34.070	64.986
645.609	201.135	34.779	64.858
648.355	199.331	36.681	63.080
655.743	197.977	34.641	64.847
661.666	197.458	33.530	64.469
667.259	198.054	32.339	66.023
670.095	199.415	34.318	63.442
674.463	199.595	33.665	64.192
675.994	198.044	34.346	63.444
679.378	198.268	35.609	62.855
683.095	197.456	35.667	61.522
683.379	197.841	37.397	61.900
685.886	198.154	37.980	61.240
721.125	196.765	34.797	62.609
726.099	197.360	32.918	63.003
699.516	200.392	30.234	64.580
710.164	198.052	44.080	64.506
703.119	198.760	32.839	64.330
706.566	198.878	31.083	62.865
707.606	198.959	30.841	62.083
708.759	200.866	30.023	61.655
709.564	202.183	29.060	60.703
711.242	204.212	31.199	57.733
712.693	203.774	30.843	59.455
713.669	202.428	31.769	59.403
714.035	202.901	30.446	58.088
708.210	200.906	37.508	58.747
711.441	203.329	34.793	58.734
713.485	203.003	33.194	56.884
723.917	201.920	48.775	59.466
718.567	205.698	31.421	59.839
724.648	205.366	30.118	58.389
728.005	205.652	29.698	57.909
731.359	203.930	30.661	58.588
734.905	204.920	29.865	56.060
737.054	205.700	29.009	57.407
740.624	207.197	28.125	56.704
743.521	208.607	29.479	54.040
730.012	208.259	40.475	55.778
752.071	207.038	33.681	55.831
748.307	206.299	37.558	56.413
759.896	206.719	30.622	57.244
747.338	207.250	40.940	56.396
773.493	203.324	37.458	57.643
765.247	206.426	39.560	57.633
766.105	205.074	33.254	58.174
790.912	204.518	28.890	56.754
793.115	203.446	28.441	55.221
782.167	203.519	28.909	54.489
784.056	202.147	31.523	53.376
786.137	201.658	26.250	55.878
788.040	201.461	32.293	54.565
787.769	201.825	27.098	55.670
799.370	199.794	27.866	52.767
789.442	200.729	31.236	53.005
790.667	198.322	33.654	53.586
778.959	199.172	30.661	55.066
791.846	198.335	28.821	53.986
795.554	198.727	30.325	54.600
798.395	199.221	29.421	54.581
798.802	201.392	29.996	53.457
795.812	201.886	30.697	54.179
804.031	202.525	26.826	53.378
807.369	202.216	29.901	52.109
