584.000	308.000	39.000	97.000
581.411	308.493	36.206	95.737
579.224	307.468	34.641	96.663
576.856	307.277	34.797	98.554
574.315	307.870	35.274	98.938
570.124	309.951	38.357	97.616
566.288	311.345	40.959	96.548
563.257	311.408	43.403	96.784
562.027	312.107	42.148	96.066
560.844	311.659	38.417	94.263
558.296	310.146	36.733	94.779
555.662	308.653	34.922	94.590
552.902	305.431	33.503	95.089
550.455	304.888	33.073	96.345
549.062	304.264	33.712	96.419
544.183	304.435	36.663	95.039
537.418	307.224	42.899	91.782
533.457	308.063	45.071	92.391
532.174	307.784	45.281	93.398
531.114	310.016	45.647	93.460
530.312	311.132	43.652	95.432
529.246	311.669	41.486	94.683
527.581	311.728	38.467	95.234
525.869	312.236	35.938	93.782
523.801	310.253	34.710	95.528
521.245	308.244	33.473	97.075
519.466	308.138	32.902	96.148
516.742	308.379	34.158	94.989
513.641	308.763	35.618	93.961
510.400	309.692	37.586	92.897
508.938	309.934	37.996	92.038
507.113	309.635	37.172	90.521
506.008	307.712	35.822	91.319
504.093	305.150	34.588	91.937
501.744	302.969	33.648	92.132
499.082	300.526	32.827	91.826
497.092	299.139	33.068	91.377
495.869	298.917	32.521	90.402
493.050	299.379	34.229	88.666
487.841	300.142	38.315	86.548
483.609	299.282	41.097	87.436
481.946	297.964	40.967	86.141
481.384	296.295	39.742	85.943
481.186	293.401	37.835	86.202
480.018	290.096	37.111	85.720
475.489	284.808	37.039	87.571
471.211	281.720	35.111	86.639
468.378	277.657	32.409	87.032
465.267	274.916	31.922	86.082
462.307	270.385	31.493	87.313
460.345	268.484	30.560	86.926
456.524	266.963	31.738	80.363
452.949	267.872	34.927	82.583
450.278	268.035	37.431	83.774
448.656	269.968	35.653	84.508
447.958	271.101	33.084	82.479
446.067	271.629	33.053	83.296
444.220	273.301	31.552	83.064
442.415	274.636	29.840	79.721
437.925	273.582	31.037	82.957
434.088	272.808	31.955	81.730
432.517	270.941	29.918	78.896
427.373	271.298	31.971	79.029
423.520	270.858	33.202	79.349
420.081	269.077	38.607	83.318
420.273	271.369	37.295	81.788
417.183	270.825	39.289	83.669
416.440	270.000	36.873	81.640
413.240	269.357	36.173	80.166
410.970	268.038	33.290	80.149
408.484	265.745	33.567	83.194
404.983	265.117	33.766	83.383
403.819	263.549	33.033	86.069
401.463	262.318	33.316	86.442
398.917	261.846	35.372	86.326
394.701	261.161	36.749	85.841
391.470	260.239	38.150	86.281
389.754	259.706	37.856	84.946
387.614	258.941	36.798	85.875
385.885	259.364	35.067	84.117
383.265	259.993	35.553	83.856
381.360	261.891	34.068	82.373
382.686	264.297	33.351	82.924
384.478	266.192	31.481	83.135
383.884	267.057	31.762	82.829
381.135	267.834	33.630	82.261
379.095	269.247	34.409	81.666
376.632	269.558	35.769	81.489
374.372	269.338	36.825	80.073
374.276	268.433	36.728	78.593
373.415	265.353	36.641	80.368
371.251	261.870	35.731	81.161
369.735	260.838	33.008	80.928
368.757	261.283	31.140	80.241
366.656	260.768	31.217	80.187
364.961	259.720	31.321	81.458
361.975	259.233	31.336	82.356
359.863	259.463	32.922	80.909
358.254	259.954	32.493	80.312
356.738	259.479	33.033	80.544
355.191	259.657	33.090	80.446
352.939	260.255	33.732	79.372
351.571	259.646	32.154	79.941
349.933	260.003	31.319	79.810
348.285	259.395	30.264	80.638
345.392	260.292	31.566	79.547
344.169	260.712	31.044	79.866
343.558	261.065	30.823	79.648
341.907	261.036	31.219	79.457
339.409	261.201	32.257	79.008
337.370	262.803	33.110	78.593
336.277	264.836	32.308	77.704
334.036	265.226	33.498	78.160
332.402	266.210	33.516	78.358
330.952	266.440	32.501	78.984
328.991	266.928	31.738	78.745
326.970	266.766	30.488	78.764
324.963	266.644	30.358	78.739
322.938	266.209	30.767	79.710
321.951	265.064	31.237	80.644
320.427	263.977	31.067	80.763
318.340	262.374	30.898	81.833
315.916	261.892	32.855	79.808
314.240	260.600	33.154	79.277
313.693	260.324	32.754	79.050
312.681	260.249	31.619	77.922
310.736	260.234	32.287	76.688
309.393	259.512	31.404	78.084
307.980	259.929	31.451	76.339
306.714	259.219	31.351	76.617
306.228	258.765	31.166	76.878
305.760	258.774	30.825	76.165
307.711	258.683	30.908	75.802
311.372	257.380	32.886	74.949
315.081	255.709	35.132	74.922
321.682	252.148	34.882	76.169
327.214	248.946	33.583	76.123
331.508	247.364	31.739	75.791
335.659	247.030	30.785	75.821
340.886	245.941	29.271	77.808
346.713	247.747	29.341	76.756
356.219	249.473	28.781	76.520
365.846	251.192	28.980	78.485
370.909	254.804	28.201	78.699
371.165	256.401	28.698	80.084
370.588	261.236	30.214	78.067
370.624	264.269	32.447	77.756
374.439	267.114	31.382	77.416
378.023	267.779	32.220	77.739
381.833	269.545	31.697	76.982
385.649	271.079	31.504	77.271
390.044	273.792	30.440	76.017
391.811	275.917	30.078	75.967
392.463	277.272	29.581	76.993
390.203	279.351	30.106	77.180
387.401	281.582	29.851	77.824
382.981	282.391	31.795	78.640
382.769	285.382	31.000	77.206
381.624	284.978	30.381	77.692
380.095	284.302	30.589	76.608
377.837	283.153	30.844	76.889
374.466	281.219	31.548	77.804
370.746	279.722	31.193	78.699
368.090	279.792	31.122	78.762
366.114	279.720	30.985	79.243
361.108	279.898	34.372	81.409
356.482	278.769	33.196	81.559
351.916	278.799	33.330	81.367
346.939	278.391	33.997	80.484
342.664	276.416	33.134	81.948
337.555	274.922	33.761	83.744
334.023	272.299	32.890	84.969
331.307	271.081	33.363	83.992
329.855	269.494	33.422	84.324
328.498	268.391	33.545	84.640
326.201	267.357	35.315	86.336
324.657	267.780	36.022	84.993
323.595	267.222	36.470	85.960
323.205	268.131	35.957	84.465
322.856	268.401	35.674	84.867
321.687	268.324	36.417	84.768
321.503	268.649	36.130	84.018
321.715	269.421	36.077	83.656
321.381	268.971	36.755	84.088
321.060	268.873	37.017	82.948
322.346	268.536	35.282	84.822
323.627	267.343	34.497	84.065
323.787	266.831	35.090	84.373
325.486	266.004	34.201	84.952
326.847	266.644	33.404	84.056
327.151	266.008	33.687	84.425
327.104	266.148	33.732	84.333
327.358	266.549	33.711	84.627
328.065	267.091	33.041	84.621
328.876	267.654	32.213	83.690
328.859	267.278	32.172	85.400
329.523	268.102	32.240	84.785
329.340	267.605	32.137	85.688
329.882	267.507	31.815	86.123
329.990	266.417	31.013	88.172
329.997	266.437	30.895	88.314
329.997	266.161	30.655	88.227
329.811	265.725	30.960	88.663
330.049	265.632	30.933	88.684
329.710	265.394	31.069	88.952
328.975	264.537	31.885	90.028
329.338	264.723	31.317	89.806
329.201	265.268	30.548	88.362
328.796	264.844	31.790	89.457
328.672	264.733	31.556	89.488
327.802	264.251	33.055	89.785
327.733	264.193	33.098	89.843
327.664	263.995	33.209	91.285
326.923	264.150	34.213	91.745
327.015	265.899	34.265	88.271
326.594	265.160	34.875	89.103
326.710	264.636	34.867	89.456
326.158	264.962	34.891	89.088
325.730	266.155	34.362	89.494
325.993	267.057	34.296	88.834
325.784	267.723	34.437	89.165
325.598	267.676	34.618	89.569
325.308	267.918	34.394	89.235
324.917	267.027	34.477	89.095
324.543	266.515	35.025	89.211
323.929	265.507	34.817	88.903
324.172	265.679	34.613	89.154
324.045	265.515	34.653	88.428
323.799	265.839	34.891	89.497
323.644	267.599	34.881	89.652
323.063	269.083	34.468	88.898
323.389	270.206	34.234	89.175
322.816	271.644	34.657	88.200
322.723	271.039	34.192	88.966
322.055	270.193	33.755	88.904
321.266	268.868	33.664	89.199
320.738	268.798	34.276	87.852
320.557	267.918	33.331	88.921
321.287	267.960	32.789	88.761
321.171	267.964	30.981	89.628
320.950	268.097	31.243	90.286
320.478	269.251	30.951	88.702
320.508	270.204	30.909	87.930
320.699	270.249	30.477	88.907
320.276	270.775	31.383	88.237
319.926	270.354	31.090	90.101
319.719	270.131	30.666	90.367
320.838	270.251	29.070	90.215
319.701	270.645	30.050	89.380
319.492	270.379	29.935	87.967
318.850	269.586	30.049	88.333
319.615	269.136	28.884	89.629
319.386	269.357	28.959	87.780
318.957	269.152	29.144	87.398
318.611	269.092	29.204	88.462
318.162	269.063	29.369	88.921
317.683	268.866	29.933	89.057
317.282	268.725	30.211	89.607
316.927	268.826	30.414	89.421
316.773	269.421	30.099	88.795
316.341	269.712	29.994	88.559
316.049	269.769	29.880	88.721
315.268	270.708	30.465	88.366
315.163	271.762	30.132	87.447
314.989	272.198	29.892	86.433
314.058	273.239	30.234	85.197
313.910	271.616	29.448	86.713
312.803	272.936	30.465	85.203
313.317	272.705	29.817	85.075
313.401	272.810	29.471	84.893
312.539	273.475	29.582	84.477
312.200	273.032	29.736	84.678
311.997	273.699	29.350	84.224
311.277	273.303	30.276	84.807
311.490	273.905	29.766	84.235
311.277	273.420	29.546	84.888
312.025	273.610	28.322	84.322
311.561	273.643	28.312	83.752
311.639	273.145	28.344	83.622
311.507	273.242	28.628	83.210
311.729	271.882	28.444	84.628
311.361	271.803	28.413	84.191
310.411	271.868	29.398	83.243
310.769	270.233	27.628	85.248
309.723	269.879	29.085	84.950
308.152	270.183	30.369	83.951
308.360	269.306	29.603	84.539
307.997	268.538	29.465	84.481
307.781	266.463	29.693	85.046
307.564	265.426	30.240	84.962
308.387	265.047	28.668	84.590
308.128	264.719	28.682	84.566
307.606	264.606	29.053	84.332
307.418	264.944	28.654	84.224
307.024	265.067	28.936	84.070
306.694	266.649	28.815	82.809
307.017	267.056	28.629	83.460
306.485	267.798	29.347	83.025
307.283	267.428	27.738	83.396
307.530	267.021	27.662	83.060
305.516	265.852	30.002	83.516
305.307	265.896	29.102	83.237
304.037	266.632	28.612	83.518
302.725	267.150	29.549	83.882
302.138	268.868	29.951	83.030
302.792	269.796	28.317	83.287
302.535	270.824	28.472	82.956
302.006	270.725	28.742	83.413
301.301	269.618	28.357	84.405
299.879	267.620	28.753	85.090
298.029	266.230	29.575	84.998
298.012	266.341	28.699	84.016
297.304	264.774	28.872	84.458
297.202	264.037	28.646	84.871
297.377	263.424	27.958	83.249
296.797	262.723	28.208	83.444
296.521	261.467	27.937	84.074
294.905	261.668	28.932	83.440
294.362	263.260	28.108	81.650
292.761	265.364	28.908	81.746
291.734	268.944	28.841	81.387
291.996	271.850	28.106	82.083
292.063	276.573	27.854	81.272
291.697	279.439	27.840	81.514
291.947	281.254	27.197	82.489
291.451	282.901	28.123	82.560
291.802	283.959	27.902	81.946
291.424	284.614	28.373	81.828
291.559	284.820	28.238	82.450
291.698	284.988	28.043	82.886
291.128	285.411	28.315	82.923
291.702	284.573	28.638	83.849
291.944	283.004	26.952	84.848
292.710	280.819	26.381	84.527
293.092	279.793	26.131	83.604
293.914	279.646	25.659	82.828
293.846	279.097	27.739	81.820
290.980	279.686	30.632	80.767
291.087	280.614	29.756	79.409
291.128	280.082	29.976	81.156
292.493	279.873	28.420	80.986
291.081	280.082	29.820	81.612
292.405	280.531	29.932	78.955
290.485	281.289	31.706	76.608
290.551	282.794	29.931	74.094
290.841	280.947	29.855	75.913
290.956	280.354	28.939	78.447
292.310	279.877	27.190	80.062
290.473	280.561	27.915	79.013
288.778	280.317	29.483	80.257
288.073	282.209	29.465	80.060
289.070	281.073	28.917	81.277
288.528	281.462	29.532	81.559
290.008	281.531	27.599	82.119
290.151	282.398	27.350	81.273
290.157	282.011	28.203	81.264
291.117	281.565	27.265	80.745
291.346	281.120	26.683	81.017
291.467	281.812	26.066	80.921
290.849	283.951	26.459	80.563
290.124	285.146	26.502	81.977
289.990	287.224	26.387	82.177
289.773	290.234	26.356	80.665
289.469	291.986	26.539	81.932
289.497	293.590	26.351	82.074
288.953	295.483	27.603	82.064
288.103	297.399	27.996	81.419
287.439	298.510	28.352	81.962
288.664	300.885	27.401	81.718
287.848	303.946	27.534	81.657
287.870	305.698	27.833	82.679
287.749	308.939	27.551	83.336
287.606	311.362	27.801	82.578
288.128	312.761	27.575	83.370
288.416	313.375	27.437	84.568
288.206	315.296	28.939	82.222
288.126	315.180	28.419	82.961
288.317	310.802	28.519	83.284
288.305	308.858	28.565	81.906
288.337	305.498	28.107	82.251
287.874	300.313	28.753	85.222
287.122	297.594	28.735	83.915
287.136	293.196	28.635	83.455
286.869	290.118	29.727	80.500
287.305	285.575	28.139	81.127
286.598	282.055	29.122	83.736
288.584	279.157	29.475	84.353
291.964	276.958	29.130	79.329
296.006	272.225	28.147	80.180
296.045	268.646	29.045	81.949
296.556	263.863	28.273	83.298
297.732	259.568	27.486	84.459
297.836	256.118	27.320	86.030
298.224	251.567	26.742	83.394
299.235	249.085	27.904	84.416
301.772	245.336	29.863	86.974
305.813	243.339	30.894	87.574
310.725	242.848	29.751	85.774
313.770	243.555	29.416	84.410
315.036	244.971	29.471	83.117
317.149	246.872	29.075	83.047
319.856	249.251	28.384	82.624
323.716	250.575	28.474	83.594
331.516	253.867	27.268	83.509
336.841	254.603	28.603	84.185
340.223	258.687	28.716	82.224
343.479	259.575	28.191	84.088
343.957	263.192	29.750	82.690
347.540	264.473	26.663	84.256
348.061	265.631	26.905	84.610
347.400	266.245	27.258	84.653
346.065	264.590	28.485	85.834
345.960	262.880	28.274	85.629
345.172	264.659	28.450	83.726
339.851	266.241	29.444	83.939
334.776	263.925	29.342	85.782
332.096	263.586	29.473	84.370
330.533	263.183	29.032	84.556
329.424	262.085	28.243	84.054
328.316	261.943	29.818	82.413
327.978	259.008	29.080	84.878
326.694	257.849	29.138	84.101
325.740	256.809	29.074	82.668
324.170	256.482	29.847	80.361
323.682	257.506	32.783	77.870
323.376	258.492	31.542	77.606
323.705	259.783	31.045	77.008
324.751	260.852	31.130	77.257
324.649	261.628	29.880	77.836
324.030	262.460	30.095	77.690
323.143	262.307	30.931	77.059
322.320	262.853	31.061	76.059
321.535	262.826	31.384	76.438
322.490	262.400	30.505	76.565
322.368	262.618	29.672	75.866
323.544	262.746	28.897	74.882
323.737	263.155	29.117	75.590
324.022	261.956	28.826	79.234
323.786	262.060	29.381	82.492
323.840	263.186	29.371	81.960
322.985	261.760	30.728	85.226
323.101	262.580	30.089	85.140
323.499	262.505	29.400	84.970
323.788	262.078	29.214	84.797
323.533	262.694	29.479	82.519
322.659	262.548	30.899	81.591
323.390	262.431	29.970	81.387
322.713	261.749	31.101	82.711
322.691	262.911	32.061	81.857
324.140	264.119	30.691	81.518
324.172	265.494	30.425	80.486
324.724	265.539	30.519	81.652
324.448	265.825	29.351	81.913
324.334	264.273	29.084	84.121
323.596	265.087	29.588	82.893
323.456	264.518	30.512	84.867
323.067	263.161	29.979	85.305
323.450	262.970	29.775	85.475
323.903	263.700	29.909	84.039
322.658	263.896	31.130	84.163
323.331	263.162	30.521	85.871
322.657	263.670	31.332	85.706
322.189	263.566	31.642	86.528
322.592	263.669	31.220	86.378
323.893	262.398	30.070	86.557
322.805	259.741	30.977	88.995
322.978	259.026	30.562	89.099
322.774	258.627	30.652	87.843
322.378	260.262	31.517	86.641
322.772	260.584	30.675	86.613
322.708	260.843	30.809	87.209
322.668	260.103	31.145	87.945
322.477	259.235	31.174	88.147
322.214	259.138	31.324	85.474
321.779	258.566	31.131	86.378
320.718	257.870	33.020	87.432
320.128	259.823	33.925	84.123
320.305	258.785	33.506	85.268
320.390	257.907	32.888	85.999
320.079	257.915	32.839	83.717
320.189	256.681	32.207	85.494
319.229	255.964	31.748	85.411
318.499	255.456	31.778	84.307
316.902	253.897	32.600	84.259
315.533	252.339	32.981	84.761
312.900	251.623	33.215	85.244
308.392	249.926	32.508	86.069
