357.000	236.000	56.000	111.000
362.852	237.487	57.023	109.459
370.379	239.910	52.475	107.061
384.843	238.587	44.588	109.349
393.037	240.168	43.869	108.693
397.451	244.312	49.091	107.199
407.125	246.235	45.319	111.497
414.399	244.663	43.793	110.908
395.836	244.548	49.506	112.818
365.786	248.591	63.175	107.316
338.505	250.501	58.353	106.894
309.642	251.572	48.237	107.291
283.912	251.619	44.611	110.220
254.023	253.650	49.020	110.031
228.369	255.571	50.954	106.876
199.142	256.102	48.441	103.339
171.331	262.834	45.240	106.222
148.127	258.912	52.297	111.302
118.043	260.654	64.900	107.787
85.872	262.386	61.457	108.254
91.911	260.942	47.644	112.581
104.609	261.915	45.958	112.579
113.473	263.480	47.026	109.720
116.924	262.667	59.266	113.004
126.293	262.201	49.583	115.473
135.371	264.026	50.036	115.621
144.676	266.500	56.859	111.381
155.026	266.829	62.078	112.308
157.893	267.195	61.687	111.086
172.109	266.454	52.565	110.970
181.320	267.101	51.444	109.983
187.409	269.258	54.793	106.881
193.287	269.042	65.660	108.723
199.911	268.063	60.813	109.384
214.675	267.841	49.473	109.831
222.267	267.808	52.405	108.115
231.892	268.126	52.425	111.207
243.409	268.624	53.566	109.395
255.633	268.883	53.537	104.804
263.749	268.077	58.739	98.227
272.560	269.467	58.207	94.911
279.507	270.074	55.700	94.900
289.931	270.929	51.154	94.120
293.356	269.720	52.138	91.952
302.910	270.263	47.709	89.774
314.705	271.502	55.692	86.581
325.362	269.179	60.903	88.317
334.437	270.663	59.247	86.360
339.792	270.544	57.315	88.844
347.751	272.824	55.587	85.810
355.119	271.534	53.575	92.996
364.113	272.137	55.702	90.867
372.993	271.480	56.246	94.715
359.733	274.723	54.451	93.955
332.307	275.905	53.601	97.261
307.003	275.611	52.073	97.596
279.358	275.085	60.258	97.057
252.043	276.792	55.321	97.383
227.422	279.124	53.871	96.290
202.710	279.680	59.593	93.948
177.038	279.804	55.214	94.506
150.989	281.213	54.230	90.747
124.298	282.837	55.837	90.598
101.740	284.896	55.397	86.868
88.041	284.525	52.636	85.218
70.116	284.991	51.329	85.156
72.494	284.238	55.962	85.333
76.849	285.700	59.344	84.068
88.617	285.891	62.136	83.868
96.427	285.523	72.427	87.347
102.217	286.509	67.133	89.464
107.480	286.409	65.903	88.984
108.262	287.054	66.522	88.165
110.002	287.870	66.861	88.451
111.187	287.736	65.818	88.829
110.313	288.075	66.756	91.618
112.427	288.291	65.418	89.246
112.318	287.875	64.938	89.068
113.474	288.091	63.788	89.270
113.583	287.657	63.837	89.737
113.476	288.256	63.281	90.651
114.170	287.786	63.376	90.510
113.891	288.393	63.846	89.727
115.087	288.990	62.689	90.106
115.231	287.958	63.101	91.326
114.758	289.073	63.657	91.932
115.028	288.969	62.383	91.514
114.352	288.696	63.112	90.876
114.211	289.043	63.409	91.570
114.655	288.926	62.450	91.666
114.211	290.067	64.161	91.042
114.542	289.849	64.745	93.930
115.695	290.080	62.336	92.937
115.114	290.251	63.887	91.418
115.210	290.355	62.371	90.140
115.541	290.345	62.867	92.114
115.854	291.110	62.064	91.319
116.140	291.086	61.977	89.936
116.474	290.927	61.580	91.243
116.932	290.717	60.961	93.252
117.255	290.081	61.004	93.768
115.921	290.639	63.419	93.157
117.335	291.381	61.061	92.010
116.803	289.627	60.698	94.667
116.343	291.067	63.013	91.710
116.063	290.201	62.674	90.961
116.279	291.099	61.725	92.035
117.716	289.890	60.251	94.731
117.504	289.600	60.901	94.469
117.459	290.498	62.293	93.937
118.019	291.559	64.413	94.050
117.892	290.517	62.053	94.829
118.302	291.703	63.231	92.555
118.140	289.953	61.995	95.126
117.595	290.697	63.540	94.848
117.285	291.583	65.023	95.694
118.405	291.417	61.794	95.765
118.828	290.922	63.830	95.290
118.455	291.487	62.499	94.139
117.596	289.597	62.152	95.839
118.486	287.733	61.916	96.432
118.629	286.157	60.894	98.672
117.037	283.377	61.473	101.136
114.607	283.238	65.549	100.971
112.505	283.356	65.875	102.685
110.414	280.163	70.197	99.319
110.449	282.291	71.123	99.913
109.985	283.096	72.794	99.578
109.430	281.579	72.782	100.471
110.507	281.428	73.153	100.351
112.914	281.830	71.244	100.793
112.136	281.027	72.722	101.464
112.748	280.606	71.214	102.618
112.668	280.474	70.562	101.749
112.096	279.198	71.911	101.776
112.080	279.398	71.225	100.942
110.617	280.102	72.861	100.878
109.915	279.262	73.262	100.632
109.146	280.445	75.011	102.524
107.599	279.259	76.081	98.968
107.011	279.738	75.999	101.189
105.463	279.691	77.940	99.654
105.499	279.482	77.706	100.097
106.077	280.196	76.597	99.975
106.476	280.361	76.489	100.923
108.909	279.480	74.168	101.752
108.365	280.102	74.896	102.142
109.184	281.319	74.199	101.824
109.157	281.255	74.950	101.485
109.285	281.594	74.665	101.395
110.104	281.665	73.525	102.939
111.930	281.308	72.010	102.833
110.967	280.156	72.632	104.201
110.319	280.846	72.290	103.768
110.626	281.528	72.928	102.365
111.451	281.457	72.868	103.953
111.354	282.479	73.332	102.724
112.239	280.724	71.313	103.765
111.732	281.810	71.514	104.042
112.606	281.696	70.993	102.841
112.518	280.778	71.269	100.959
111.572	281.526	71.653	104.866
111.572	282.818	71.739	102.023
112.408	281.277	70.550	102.869
112.169	281.544	71.989	103.314
111.917	281.727	71.634	103.419
112.427	280.817	70.658	103.024
112.558	281.885	72.220	103.900
113.065	281.503	72.167	103.439
113.084	280.761	71.581	104.394
112.585	282.074	73.951	105.616
113.617	280.997	71.159	104.937
113.382	282.269	70.962	104.353
113.336	282.102	70.503	103.383
113.461	280.303	70.764	106.195
112.891	281.517	71.230	104.762
112.545	281.767	71.055	103.421
112.388	280.869	71.183	104.523
111.958	282.413	72.795	104.858
113.964	282.321	69.170	102.726
113.910	282.744	71.361	102.998
114.423	282.961	70.732	102.077
114.315	282.369	70.756	102.635
113.873	283.788	72.926	101.976
115.566	282.860	70.558	105.095
117.057	282.130	70.122	105.471
114.901	281.960	73.785	106.584
115.986	283.605	69.757	103.671
114.742	282.557	71.475	103.927
114.126	284.513	72.703	103.771
114.225	284.136	71.577	103.407
113.574	283.267	70.793	102.960
113.912	284.192	73.942	104.495
112.955	282.947	73.862	103.486
113.013	283.909	72.066	103.936
114.790	285.532	70.762	102.818
113.386	284.572	72.699	102.197
115.182	285.190	69.831	101.898
115.563	285.019	69.893	101.809
115.105	284.396	70.364	101.936
115.806	284.124	70.182	103.106
115.224	284.604	70.853	102.281
115.814	283.782	70.264	102.551
116.667	283.920	68.424	102.714
117.566	283.956	67.669	104.563
116.527	282.839	68.930	103.493
117.149	282.851	69.888	103.859
117.833	283.025	68.769	104.530
117.756	283.016	68.763	103.719
118.127	282.990	69.754	105.255
117.409	281.578	71.583	105.562
117.178	282.949	70.425	104.741
116.527	282.860	72.385	103.723
116.113	282.118	75.201	105.000
116.629	282.918	71.516	101.762
116.494	282.301	71.258	103.108
116.965	283.098	72.055	102.143
116.401	283.030	73.125	102.710
116.640	283.565	72.398	102.379
115.952	282.152	74.394	105.242
114.951	282.766	74.348	105.957
115.521	284.019	73.671	102.189
114.878	281.222	72.187	106.175
115.087	282.959	73.696	105.224
115.500	281.969	72.182	105.997
115.960	282.887	71.328	105.806
116.205	282.909	69.957	104.760
115.975	282.223	70.258	105.323
115.960	283.220	71.712	105.480
116.310	281.863	69.870	106.675
116.552	282.724	72.014	104.078
115.540	282.675	73.453	107.692
116.766	282.752	70.969	104.348
115.394	281.675	72.673	105.121
115.388	282.684	73.509	104.822
116.672	282.040	70.115	104.338
116.015	282.136	71.565	104.271
116.473	282.328	72.093	103.616
115.950	281.555	73.043	103.733
115.649	281.794	71.638	105.106
115.705	281.922	72.618	103.423
115.836	281.008	71.429	103.681
115.811	282.006	72.345	104.588
116.189	282.251	72.722	102.746
115.760	282.073	73.977	103.124
116.542	282.615	73.081	102.030
116.600	280.533	71.952	102.663
116.044	281.676	73.974	102.230
115.436	281.392	76.027	103.518
117.377	280.574	73.760	105.080
117.602	281.533	71.903	106.289
118.610	280.567	71.657	105.092
117.146	280.533	72.508	103.307
117.524	281.186	73.806	104.547
117.236	281.165	73.565	103.038
117.834	280.772	72.544	101.769
116.840	281.347	72.969	104.449
118.354	280.887	71.793	103.254
117.692	280.583	73.530	104.239
118.732	281.250	72.997	102.896
117.666	281.255	71.094	99.664
116.573	280.900	73.710	101.006
115.893	280.652	71.478	103.514
114.071	280.236	75.924	102.714
114.196	280.233	76.459	103.268
115.702	281.005	74.090	103.737
117.057	281.250	72.187	102.492
118.556	280.858	70.746	103.964
121.336	280.786	69.683	102.167
121.570	279.965	67.014	102.749
124.432	281.119	63.945	101.046
125.346	281.185	62.352	100.051
124.629	279.258	65.213	101.908
125.763	280.827	62.955	101.886
125.762	280.240	61.416	102.575
126.251	279.119	61.916	101.531
125.967	279.306	62.350	100.997
125.069	278.722	64.965	99.995
123.534	279.144	66.032	98.792
122.848	280.127	66.803	97.808
122.856	279.179	64.993	97.091
121.027	279.733	67.363	96.875
119.547	280.478	70.448	99.369
115.991	281.647	73.844	97.357
111.873	281.408	78.425	99.150
111.891	281.772	78.314	97.929
116.529	281.762	73.267	98.334
122.510	282.125	67.647	97.749
122.504	282.478	68.220	98.005
122.966	282.305	66.884	95.917
123.752	283.853	66.884	96.095
121.706	284.579	69.163	94.037
120.970	286.551	69.209	93.043
122.033	291.477	68.056	87.422
123.806	294.397	66.568	81.741
126.521	295.059	63.524	85.548
126.722	293.366	63.358	87.606
127.783	293.581	62.476	86.061
128.823	293.942	61.650	87.140
128.101	294.628	62.778	85.769
127.450	294.292	63.578	87.735
127.993	294.309	61.894	88.197
127.748	291.949	61.785	88.715
126.089	290.594	64.446	91.011
124.623	287.771	66.881	95.009
123.070	284.940	67.628	96.978
113.866	283.108	77.256	100.230
106.112	284.906	84.066	96.565
96.335	285.064	86.589	92.515
91.143	284.530	82.166	91.574
79.347	285.243	59.594	89.957
65.271	286.076	59.281	93.089
53.800	283.422	56.386	91.244
34.753	282.418	67.570	95.323
19.620	283.353	73.823	99.082
0.683	285.699	81.688	103.817
2.877	285.944	65.159	103.823
0.000	284.223	66.466	100.138
0.000	286.431	66.029	98.810
0.000	288.656	61.761	97.707
0.000	296.171	57.770	88.445
0.839	293.066	50.881	88.569
1.722	282.515	63.758	91.456
22.063	285.014	82.479	89.492
37.432	285.145	62.593	86.693
63.018	281.490	64.836	82.816
67.542	281.493	69.602	82.949
79.880	282.242	75.769	82.908
109.340	280.569	70.799	87.315
140.971	280.224	63.945	86.536
170.467	279.609	56.607	83.161
183.914	280.116	48.309	86.472
169.160	281.396	57.306	107.926
160.348	280.952	60.746	101.331
154.321	280.004	52.707	100.766
141.737	280.388	57.074	112.244
126.986	281.416	65.977	110.183
116.824	281.733	59.359	106.107
104.307	280.208	61.842	107.980
92.672	281.811	59.585	117.837
79.452	283.678	65.364	115.031
71.631	284.597	64.353	116.678
69.220	282.968	55.916	115.773
58.347	282.826	54.095	120.086
28.604	284.034	76.220	121.480
28.508	284.802	68.509	118.267
27.529	283.218	56.193	114.157
63.243	280.006	54.342	118.055
85.501	279.868	59.949	119.821
123.041	280.000	60.562	114.470
150.528	278.729	57.391	114.625
176.114	275.884	48.705	120.326
198.499	274.009	60.224	118.659
222.117	277.262	63.894	116.466
250.435	276.873	62.077	114.171
282.493	274.413	49.855	116.115
292.870	275.214	49.367	116.873
277.229	276.690	53.581	115.449
260.287	277.016	61.760	116.162
252.869	275.558	58.626	112.235
248.130	274.294	50.343	114.975
222.497	276.430	63.391	113.005
214.589	274.014	65.632	118.707
212.882	271.893	56.445	119.767
204.937	272.007	49.810	123.255
183.175	273.493	65.645	117.423
171.057	275.524	70.492	116.192
168.114	274.406	67.300	119.248
167.183	273.679	52.580	118.790
157.822	274.227	54.463	120.325
133.277	276.835	68.566	117.248
128.206	276.351	65.307	118.159
126.197	277.110	60.301	115.318
151.437	277.435	54.938	115.124
180.982	277.052	54.466	117.804
204.299	274.935	62.970	114.868
244.714	282.613	60.029	109.536
293.019	273.342	50.842	118.231
322.769	277.679	54.315	114.347
350.466	272.713	62.215	116.973
366.322	267.301	59.358	124.986
362.681	267.832	59.001	122.766
362.686	263.001	56.783	127.694
359.920	258.180	57.426	134.186
360.321	259.846	54.983	132.692
355.007	259.987	60.107	132.462
363.852	263.257	51.840	127.199
360.673	264.162	54.515	129.293
366.987	264.253	48.622	128.718
364.128	265.635	51.085	127.745
361.287	266.442	50.982	127.521
360.670	263.222	51.540	129.721
362.978	260.694	47.585	131.426
362.083	263.154	50.459	130.379
359.520	264.835	54.089	127.885
360.955	267.378	51.599	125.220
359.407	267.283	50.790	126.585
353.573	266.806	57.030	127.292
342.888	270.420	66.690	124.288
344.999	267.932	67.636	126.891
347.233	267.930	64.351	127.572
349.158	269.646	61.839	125.380
351.506	269.267	60.906	126.169
349.067	268.625	63.270	126.752
350.161	270.616	62.161	124.420
352.449	268.870	60.371	127.292
344.315	267.442	69.746	128.179
345.771	265.412	69.008	129.625
349.201	266.417	65.262	128.616
349.287	271.476	64.366	124.122
350.684	267.245	63.450	129.453
355.693	267.831	57.859	128.468
354.665	266.897	59.277	126.584
356.112	269.587	56.933	125.935
351.681	270.297	62.494	125.383
345.846	269.542	68.726	127.080
349.987	266.691	66.165	129.030
350.584	273.544	63.872	122.254
352.302	268.382	63.818	127.218
353.370	274.263	61.652	121.490
351.697	272.965	64.097	122.934
354.942	265.680	61.091	130.158
356.114	274.295	59.838	122.829
354.247	271.632	62.304	123.734
356.449	272.984	61.407	122.866
358.894	270.067	59.186	126.063
358.546	267.865	59.604	127.462
357.825	269.139	60.153	127.244
356.840	266.959	62.637	128.857
358.681	266.983	59.851	129.660
357.520	265.451	62.184	129.485
357.039	267.194	61.876	128.891
357.664	267.846	62.042	128.614
355.765	264.555	64.176	131.687
355.386	265.996	64.232	129.312
354.093	267.361	66.359	127.028
354.562	265.329	65.930	129.013
355.244	263.533	64.506	132.489
353.095	265.409	66.948	130.386
353.590	264.529	67.839	129.840
352.230	268.690	69.023	126.816
352.683	258.477	69.063	136.819
357.852	266.546	64.400	128.942
353.622	262.560	68.751	131.544
351.742	264.737	71.502	129.248
353.691	265.260	68.479	129.455
355.163	268.043	67.481	128.332
353.282	260.252	68.145	134.625
355.338	264.367	67.594	132.068
354.977	265.433	65.845	131.171
354.466	264.736	70.315	131.487
355.442	265.515	70.339	130.680
355.312	264.245	67.637	130.238
356.085	261.170	68.997	135.170
356.438	265.369	69.141	130.748
357.355	262.792	71.399	134.547
356.126	264.631	74.099	131.023
358.104	263.186	69.725	132.555
359.661	261.017	64.270	135.770
357.457	260.574	65.545	135.459
358.767	263.326	67.251	133.679
359.063	259.544	63.988	136.780
359.465	261.794	67.288	135.260
360.004	260.693	68.281	136.983
359.089	263.478	69.315	132.456
360.716	266.631	62.563	128.953
362.030	267.132	65.200	129.496
360.167	263.939	72.197	131.263
360.452	269.132	71.824	126.215
361.575	265.185	64.362	130.755
361.584	262.708	60.865	132.003
360.618	259.208	62.334	135.458
361.554	267.448	61.269	128.551
361.073	262.739	61.583	130.827
362.816	264.849	62.699	129.329
360.930	264.475	63.971	129.487
360.916	265.876	61.915	129.463
333.379	269.499	62.199	124.478
301.674	267.409	61.151	127.205
268.057	274.829	62.946	120.735
235.305	272.881	63.669	123.247
221.497	271.474	66.273	124.543
259.887	274.686	61.808	121.364
294.765	275.295	57.335	120.698
329.222	274.142	60.424	120.190
310.022	276.043	64.184	119.239
271.730	272.498	62.353	122.092
242.941	276.615	59.955	118.646
219.226	276.018	59.920	120.897
206.845	277.259	59.591	117.286
242.352	277.813	57.745	117.842
273.580	275.170	61.724	119.096
308.199	274.502	56.155	120.397
336.764	277.759	59.234	117.287
291.891	276.265	66.513	118.637
269.408	276.497	65.146	119.775
245.568	276.788	64.088	119.925
221.527	279.519	65.066	117.110
217.344	277.373	62.139	119.357
244.765	278.812	62.938	118.460
274.446	273.417	62.528	121.430
301.954	277.543	60.867	117.782
319.586	272.478	64.060	122.358
299.066	269.740	67.097	124.493
271.765	273.889	66.299	122.634
245.548	271.053	61.802	125.711
201.254	276.686	63.974	122.040
226.484	273.140	58.952	124.944
267.466	276.863	62.073	120.136
300.268	273.130	61.989	123.304
342.477	275.055	62.664	121.146
315.484	270.394	59.877	124.563
279.339	275.872	65.043	120.687
247.109	270.660	62.561	125.995
217.308	273.373	60.630	124.048
202.792	272.381	63.843	121.592
245.892	277.454	61.587	116.550
281.343	273.718	61.491	122.388
336.948	275.723	62.245	120.310
324.385	270.493	58.323	124.930
284.623	273.711	63.585	121.925
262.987	271.246	58.251	124.986
228.200	272.776	63.317	123.725
205.465	272.381	57.841	124.318
227.425	272.246	65.093	125.059
259.973	272.464	62.386	122.643
283.940	270.977	70.590	123.815
320.720	269.845	67.245	125.810
302.448	270.550	62.598	122.988
259.108	272.889	70.400	123.386
221.456	272.705	70.244	124.215
208.926	274.742	69.359	123.899
230.527	272.837	68.946	124.353
256.026	267.089	69.934	129.993
290.972	271.363	73.493	124.805
306.001	266.837	69.991	130.137
263.654	272.915	74.467	124.598
223.988	271.132	74.203	124.465
210.881	275.379	69.721	122.628
209.206	272.324	76.415	126.108
245.124	274.183	71.488	123.257
269.012	271.869	66.517	124.625
297.709	272.857	71.110	122.609
319.624	264.335	64.642	134.171
274.787	272.231	75.300	124.765
241.534	274.062	78.027	123.229
209.571	273.802	82.109	125.576
180.690	277.041	80.791	125.010
224.152	275.381	69.063	126.573
242.318	274.528	80.214	124.674
273.516	271.869	75.740	127.633
307.375	271.298	76.301	126.432
328.093	271.561	71.063	126.126
321.013	266.713	68.977	132.014
318.689	268.877	74.337	130.574
320.691	267.095	74.007	133.190
320.775	264.174	73.964	135.938
318.011	266.392	76.004	133.343
319.833	265.886	73.799	134.430
319.682	266.443	74.456	134.163
316.842	262.949	76.664	137.338
319.679	265.036	73.258	135.460
318.000	266.158	76.588	134.542
317.615	266.520	77.445	133.836
317.714	264.781	78.227	135.001
319.707	263.811	77.014	138.215
320.356	266.885	76.635	133.794
322.837	260.935	73.610	139.518
327.703	265.026	69.478	136.293
326.855	260.494	71.560	140.509
330.537	261.003	66.085	139.942
331.955	261.575	69.773	140.559
333.968	262.685	65.928	134.582
334.382	259.743	66.519	136.387
337.843	259.448	64.223	137.757
340.416	259.694	61.947	137.699
339.660	259.405	62.337	139.227
338.844	262.005	63.433	135.336
338.359	260.335	63.729	135.374
338.775	259.775	62.644	137.248
336.138	262.177	64.691	133.668
341.347	265.167	62.050	129.767
341.567	264.252	61.649	132.196
342.652	266.111	59.658	130.035
345.638	265.085	57.292	129.419
345.942	264.316	56.359	131.483
346.488	267.092	55.692	129.648
347.176	264.189	54.950	132.710
347.886	267.476	56.147	128.055
349.852	270.407	53.282	127.371
357.443	268.796	47.301	116.693
360.814	271.999	48.080	119.113
361.208	273.479	50.609	120.933
362.833	271.330	53.415	126.872
365.783	273.355	53.415	128.614
365.317	278.181	61.029	116.270
370.011	276.088	61.797	119.990
373.024	278.079	63.504	118.180
370.947	276.845	71.843	116.788
373.521	276.636	70.639	118.612
377.073	277.364	70.159	115.387
376.702	276.081	69.689	116.085
375.451	276.836	77.241	116.572
376.511	275.416	72.335	121.238
383.160	272.678	62.486	121.512
376.486	276.648	72.763	118.730
383.744	276.630	65.060	120.073
386.188	276.349	64.649	121.016
390.992	275.273	60.158	122.411
385.949	271.584	64.951	125.698
388.753	274.169	62.113	120.510
388.799	276.223	61.455	119.100
388.338	278.632	61.758	115.128
386.912	279.254	62.373	112.809
386.420	279.701	64.015	115.518
388.447	282.423	61.723	112.003
386.086	283.039	66.326	112.633
368.126	283.441	60.005	110.290
330.936	281.611	64.696	113.734
296.153	281.841	65.422	115.023
266.259	286.086	60.330	112.531
245.086	285.715	60.725	111.844
252.085	286.244	59.302	113.995
253.953	289.656	61.264	109.404
254.808	288.885	65.150	111.020
256.980	289.226	69.361	113.133
257.797	287.905	73.735	114.877
266.278	285.998	70.423	117.029
271.047	286.011	74.484	117.587
277.588	284.924	77.026	118.890
283.539	284.510	76.012	121.450
291.834	285.550	77.724	120.999
300.912	286.968	74.022	118.495
307.834	287.157	77.963	118.090
317.500	289.662	75.288	115.075
304.820	289.154	72.735	115.168
279.971	291.034	72.080	115.735
252.276	293.212	74.237	108.117
230.499	293.813	67.051	107.709
217.879	293.935	57.160	109.304
205.859	296.195	65.542	110.144
175.307	296.895	67.417	105.605
150.078	299.804	74.404	107.361
134.067	300.553	67.056	109.659
119.734	301.238	70.952	104.319
104.296	303.144	70.669	106.106
131.463	301.393	79.399	113.372
153.579	302.309	78.403	118.321
171.000	301.611	80.142	121.759
197.185	302.511	66.204	122.436
209.504	302.335	78.653	122.607
231.927	304.023	81.538	110.805
259.042	304.925	72.178	109.707
282.970	304.608	67.358	105.714
307.613	303.019	70.635	113.658
325.819	301.098	58.608	101.036
317.376	306.376	45.193	82.555
319.522	307.154	50.419	70.589
306.307	305.865	48.346	76.235
291.631	309.281	56.786	72.622
277.828	309.628	64.041	88.398
266.398	309.554	61.953	92.279
250.154	310.016	70.228	94.860
243.540	312.072	66.320	87.294
238.522	313.089	49.924	82.097
231.326	313.081	57.402	79.010
215.527	313.295	69.396	95.081
206.456	314.836	68.996	103.026
195.972	316.506	75.602	104.315
173.688	316.834	80.141	109.926
174.532	319.157	66.910	110.135
164.931	318.408	69.447	102.567
151.931	318.193	84.663	108.187
146.231	321.935	68.728	100.884
137.028	321.894	82.522	117.222
123.282	319.943	79.861	120.140
147.212	323.623	89.415	106.858
171.010	324.336	88.122	114.769
191.110	322.050	91.947	117.386
217.569	325.328	81.227	120.161
240.633	326.184	85.051	116.539
264.447	327.456	84.390	115.827
273.800	329.198	89.684	113.439
296.459	330.808	92.213	114.067
300.399	334.242	83.313	113.257
286.162	337.364	73.145	112.988
274.426	339.769	70.561	114.466
261.439	341.218	75.520	111.538
274.826	344.706	75.367	110.803
294.262	346.401	70.284	110.931
313.110	350.380	65.255	109.424
327.739	354.374	65.612	110.571
345.560	359.171	64.685	115.698
356.795	361.382	65.315	112.751
367.390	367.989	73.256	106.335
378.549	372.462	72.384	103.446
