112.000	264.000	25.000	28.000
133.105	252.346	31.147	25.895
154.085	247.896	29.248	24.328
175.435	248.819	28.275	21.362
195.120	258.523	25.038	23.488
212.426	272.882	25.353	23.829
232.455	292.767	27.978	24.657
253.286	318.560	26.412	25.207
268.525	349.990	25.285	24.230
284.657	385.994	25.109	24.997
285.048	395.520	33.632	31.312
275.322	408.361	45.697	37.211
262.816	418.460	63.258	45.689
242.136	405.290	75.087	56.523
237.790	428.689	67.545	59.978
225.501	418.646	76.168	57.444
234.065	437.691	65.969	31.247
250.566	436.818	54.361	34.914
260.127	427.199	52.753	41.723
273.474	415.242	56.279	52.820
286.213	413.365	61.891	50.042
290.578	405.378	65.317	53.400
270.456	411.359	60.834	61.563
281.512	421.601	67.252	59.623
280.671	438.464	67.890	61.602
258.066	446.701	74.086	55.816
235.378	412.786	84.856	86.781
188.527	372.012	79.538	94.652
140.342	352.106	78.434	72.944
93.838	359.026	103.638	74.262
147.421	385.137	113.586	66.435
116.757	387.107	116.882	46.957
127.294	391.140	105.798	44.890
101.796	380.929	98.716	49.428
94.930	378.568	101.424	51.685
99.720	371.364	87.598	48.794
112.913	370.324	81.844	44.631
117.155	360.091	71.928	48.702
134.335	358.027	78.542	53.693
149.033	355.841	79.792	59.251
164.246	355.392	97.399	79.280
215.644	354.134	93.463	54.918
251.756	352.771	68.173	56.590
271.169	357.997	64.482	51.268
290.811	359.386	58.240	47.215
318.470	366.327	56.015	47.169
336.980	366.020	59.115	43.717
359.634	366.767	58.186	44.675
363.382	362.719	63.914	46.709
381.937	368.710	58.038	44.878
394.680	373.102	67.187	40.149
417.502	368.150	64.694	46.565
428.331	372.699	61.953	47.565
426.481	372.739	74.861	41.896
436.785	368.721	76.639	50.471
426.964	375.400	81.771	43.977
438.598	370.421	73.968	47.937
447.065	377.571	85.458	52.461
434.997	374.152	96.687	57.390
421.709	389.049	102.064	67.164
378.454	402.583	143.730	65.229
330.835	385.896	149.519	74.024
282.220	390.426	135.105	93.942
266.919	366.412	119.652	104.944
238.299	344.281	124.871	103.504
213.886	370.356	132.371	117.391
213.501	361.444	136.219	143.904
177.756	332.228	147.864	107.983
213.793	327.250	120.822	132.236
200.269	325.795	127.356	106.154
239.505	352.151	140.524	103.960
225.227	373.478	147.030	111.687
211.270	340.548	154.833	129.750
227.635	338.429	149.542	137.529
257.058	376.628	171.183	124.204
287.730	399.334	118.893	119.769
261.590	416.952	106.602	100.749
242.633	397.399	75.071	69.963
259.456	377.234	95.437	93.445
309.144	306.949	82.656	58.504
298.631	303.357	87.057	60.149
300.764	296.302	96.779	42.074
315.492	295.609	90.681	59.589
324.409	286.624	76.129	55.131
313.931	289.494	69.102	38.151
317.539	293.185	59.179	44.146
306.308	302.231	65.736	48.063
289.915	300.553	69.752	53.884
282.592	295.383	72.330	68.362
263.300	284.837	82.641	68.920
250.042	294.329	89.646	65.217
264.811	324.605	80.368	68.634
247.417	319.779	84.939	83.143
244.680	313.415	89.708	82.097
251.830	324.174	75.223	67.880
234.156	323.583	80.645	62.679
228.864	319.164	76.073	44.110
230.829	316.144	65.176	43.092
231.901	309.771	58.637	43.739
232.427	310.364	62.263	41.055
232.537	313.629	64.723	41.762
231.641	306.657	64.734	37.056
232.682	306.679	64.955	41.749
238.501	294.957	60.019	43.064
257.634	282.577	51.473	41.360
248.943	282.388	49.661	38.171
244.220	282.544	55.765	35.181
237.901	277.710	44.490	39.345
227.693	284.624	48.650	35.845
230.862	283.440	57.537	34.129
230.071	283.312	56.542	37.498
223.329	281.552	60.244	36.112
217.166	277.249	61.539	37.727
211.419	274.376	58.682	43.973
215.833	277.762	62.846	45.690
222.098	276.826	70.105	47.521
234.403	255.397	70.115	52.434
212.436	276.981	78.530	49.614
216.029	285.879	74.481	55.357
192.341	276.860	73.565	59.012
193.444	275.925	77.393	57.011
216.499	282.982	60.917	51.003
209.011	293.150	65.158	60.590
203.070	297.968	62.057	61.823
180.610	314.555	71.370	68.100
154.100	326.872	89.198	77.509
129.364	367.502	89.236	66.331
147.881	386.911	60.582	67.221
147.544	397.499	56.901	59.771
159.954	394.331	60.953	54.594
171.487	404.411	63.528	53.656
204.059	409.977	46.531	36.382
232.482	408.968	34.018	36.500
245.702	417.969	36.084	34.161
248.481	404.926	44.315	41.378
237.976	412.026	57.682	49.078
228.180	401.315	67.570	55.725
233.482	387.371	62.644	56.825
239.934	376.263	81.114	60.212
241.145	351.778	73.181	67.308
236.880	356.475	76.184	69.589
310.649	429.214	42.066	43.721
261.411	480.032	35.599	35.956
207.084	509.668	33.928	34.711
187.773	490.908	58.949	37.450
206.583	464.327	53.393	53.702
213.744	447.459	57.005	60.559
216.495	430.886	58.927	69.476
222.098	420.882	65.266	74.239
224.981	399.664	64.220	73.784
226.360	387.881	78.800	75.443
243.638	376.166	81.084	97.376
242.887	366.827	80.973	105.074
247.284	354.853	84.046	110.553
247.014	348.489	88.116	114.713
249.717	379.752	94.792	71.721
263.215	356.389	85.497	89.438
259.918	355.125	91.834	78.300
266.341	354.251	90.604	79.976
277.021	359.521	73.596	95.337
255.212	376.468	81.952	83.043
250.780	365.765	73.561	84.513
246.976	360.867	85.817	81.747
242.510	358.371	81.779	68.604
241.811	362.621	73.332	73.528
238.782	371.381	67.805	75.221
232.046	362.859	70.858	78.036
225.125	382.834	75.451	70.751
234.014	376.976	80.236	72.327
238.859	398.061	79.684	54.355
228.549	373.449	78.478	74.463
233.025	395.732	98.003	72.801
245.691	385.107	110.086	81.268
250.226	362.958	105.070	94.278
256.527	345.793	103.085	94.573
277.308	358.369	114.962	93.471
293.742	342.191	110.325	95.572
301.686	337.967	107.521	96.340
302.409	354.597	120.254	94.116
312.193	366.484	103.649	104.275
318.049	346.918	103.253	114.961
326.110	390.876	101.159	93.811
334.834	410.859	103.082	81.573
297.887	437.540	106.713	58.874
301.942	441.483	84.741	62.311
305.463	446.277	73.270	51.317
315.051	445.929	65.261	44.829
323.392	433.386	69.621	53.539
322.791	438.038	76.103	53.681
325.258	440.944	79.867	53.361
343.202	434.060	75.947	52.213
353.827	439.760	69.445	51.055
357.498	432.049	66.773	52.423
464.161	538.919	36.921	33.276
