858.000	276.000	70.000	173.000
858.303	275.904	75.208	170.939
859.659	275.720	75.591	169.285
860.624	275.506	74.591	169.410
860.153	275.159	74.763	168.989
858.602	275.236	74.955	168.854
857.714	275.429	75.422	168.315
857.711	275.966	75.337	167.662
858.247	276.551	76.007	166.992
859.178	277.194	75.067	167.532
858.421	277.694	75.721	166.681
856.684	277.998	76.447	167.538
855.314	278.331	75.675	167.476
854.284	279.555	75.971	166.186
852.741	278.924	76.856	167.126
851.163	278.523	77.211	166.818
849.369	277.718	77.411	167.279
847.129	276.528	78.251	168.241
846.016	276.073	77.145	167.776
844.346	275.582	76.980	168.220
843.626	275.160	74.812	168.589
841.041	275.640	77.535	167.669
840.682	275.390	75.348	166.966
839.961	276.093	75.202	165.964
839.256	276.285	75.096	164.701
836.903	277.440	76.594	162.102
835.263	277.358	78.089	161.894
833.265	277.786	76.580	160.577
832.444	277.554	75.987	162.533
832.087	278.505	76.319	159.704
832.087	279.085	75.291	160.976
831.235	279.522	75.185	160.111
830.062	280.760	74.571	158.897
829.355	281.126	73.840	156.688
827.673	281.247	74.629	160.324
825.538	281.109	73.632	159.397
824.133	280.761	74.342	161.473
822.553	281.114	75.653	161.425
821.645	280.667	77.781	161.706
820.107	280.559	77.888	162.144
817.545	280.335	78.485	161.639
815.564	280.131	79.699	160.713
813.371	279.407	78.076	160.479
811.368	279.165	77.741	159.418
809.104	277.751	79.454	160.971
805.800	277.879	78.679	160.129
803.062	278.293	80.763	160.046
798.870	278.767	83.530	158.801
796.137	278.821	84.181	160.427
796.759	279.019	87.584	162.706
794.953	279.470	85.370	159.833
795.691	277.926	87.817	163.109
795.793	277.692	84.643	163.421
795.368	276.657	86.522	164.834
794.816	277.436	86.791	162.717
797.138	275.307	84.996	166.378
797.900	275.148	84.953	167.062
799.749	273.932	84.151	167.681
800.777	273.503	86.419	167.201
802.392	273.567	86.809	167.822
805.244	272.300	87.106	169.972
808.704	273.172	87.386	169.700
811.400	273.093	87.206	169.365
814.452	273.496	83.571	167.617
815.346	273.115	85.507	166.672
817.178	272.937	85.543	166.161
818.680	270.821	84.249	168.583
820.891	269.447	80.160	170.019
822.774	269.339	77.314	169.008
825.813	267.987	74.283	168.542
826.166	266.671	73.966	167.823
829.736	264.741	73.289	166.599
835.185	265.079	71.275	167.187
837.784	266.712	71.927	161.695
843.180	265.535	69.843	169.106
846.682	268.420	69.618	163.629
850.096	268.869	72.979	168.512
855.299	266.758	71.631	170.408
853.792	266.614	73.503	166.974
844.731	268.318	80.338	162.690
838.884	266.642	83.605	165.264
852.784	263.955	79.165	166.538
855.884	263.881	78.503	167.472
866.277	261.174	72.680	171.292
865.746	260.217	77.041	176.832
865.419	259.013	79.988	174.233
870.228	257.413	78.365	177.011
871.859	257.244	78.042	175.783
872.894	255.398	80.460	175.256
877.706	254.615	79.373	177.883
879.381	253.921	80.619	176.350
884.032	252.934	75.968	178.728
888.899	252.698	71.101	179.352
890.277	253.075	69.723	179.031
892.164	253.260	67.828	177.102
893.644	252.876	66.000	172.635
897.561	250.802	62.439	176.956
900.537	248.400	59.005	181.361
902.624	247.026	56.823	183.804
906.132	245.515	53.078	184.503
907.410	246.418	50.999	180.912
908.942	248.296	49.480	173.923
908.366	249.250	49.766	170.988
907.253	249.656	51.148	174.382
910.710	255.564	48.425	171.355
911.674	258.750	47.481	165.427
907.166	267.865	50.738	156.057
910.350	271.364	49.443	150.010
905.573	274.086	53.968	148.621
908.742	269.285	51.258	152.572
907.956	268.100	51.782	155.552
908.372	268.852	51.628	151.171
910.532	267.005	49.468	149.159
911.590	264.467	48.410	152.890
810.519	267.384	65.045	138.924
905.536	261.772	54.464	151.243
908.672	261.187	51.131	152.355
909.557	259.689	50.443	154.423
827.661	264.616	60.418	141.200
828.040	267.001	63.102	143.315
914.732	261.863	45.268	156.084
914.861	262.495	44.307	152.273
836.875	268.118	61.168	144.548
918.722	263.338	41.278	153.439
915.793	263.548	44.207	150.613
917.160	260.793	42.016	151.341
914.057	258.536	44.913	152.134
913.191	256.158	46.011	151.498
905.904	257.744	52.995	152.859
897.224	258.316	60.351	147.499
898.952	257.747	56.392	148.176
904.293	256.685	55.707	150.043
899.257	256.112	57.823	142.848
892.821	255.904	61.086	153.448
912.806	257.568	47.194	153.408
898.881	255.934	61.025	142.842
911.862	256.987	48.138	151.290
901.050	254.031	58.950	158.636
916.357	258.138	43.643	155.325
912.463	255.532	47.537	159.731
904.291	252.974	54.014	166.168
895.708	249.960	63.187	164.030
898.531	248.413	61.469	171.350
897.365	245.949	61.545	164.981
899.734	242.613	60.266	167.308
899.743	244.887	58.428	158.451
900.460	245.688	58.922	156.638
898.213	246.690	60.929	148.441
895.835	246.105	62.840	148.113
893.743	245.636	65.479	149.759
891.231	246.940	64.408	143.014
886.101	244.885	65.122	146.231
883.700	241.350	72.022	152.106
896.352	227.782	63.648	169.097
890.157	222.603	69.843	174.907
893.149	213.677	66.851	189.668
894.966	211.037	63.567	189.361
895.290	214.548	64.192	189.490
897.320	211.650	62.595	187.933
890.827	211.330	68.260	193.372
884.605	212.889	74.558	200.934
882.692	212.719	72.831	199.962
875.680	211.023	78.758	203.283
877.322	213.038	76.660	202.373
870.171	209.717	84.908	208.747
862.986	214.208	90.062	203.558
859.065	216.192	90.034	199.172
856.066	219.181	93.731	201.891
852.246	219.053	94.642	201.359
847.516	219.361	98.306	199.189
843.709	219.074	99.203	198.269
842.194	218.796	101.848	195.820
839.151	220.959	104.828	192.139
833.275	221.507	103.795	194.237
827.755	220.162	100.921	193.322
822.629	218.695	94.465	182.751
818.044	216.952	92.445	177.909
815.075	217.005	90.761	171.693
814.609	214.856	87.015	171.068
807.918	216.573	90.381	160.570
803.571	215.240	87.850	160.312
798.845	216.130	92.124	158.568
795.268	216.595	90.222	155.891
793.562	217.752	87.360	156.564
790.062	220.030	87.192	157.224
786.815	221.221	86.033	156.820
784.315	222.009	84.499	158.235
778.299	223.642	83.491	156.310
773.468	224.968	82.387	155.474
769.222	223.854	81.081	156.564
765.752	222.108	79.377	159.188
760.079	221.782	82.241	158.642
755.135	221.712	82.781	160.029
750.179	221.868	83.881	159.659
744.667	222.136	83.888	159.446
739.855	222.628	84.364	160.293
734.177	222.364	86.003	159.975
730.408	222.586	84.482	160.607
725.620	222.645	86.614	163.239
721.915	223.617	87.948	165.759
717.540	225.049	87.571	166.498
711.487	227.443	88.671	163.654
707.895	228.803	89.454	163.336
702.643	230.583	91.473	161.598
696.329	231.253	92.548	164.077
691.296	231.648	91.818	163.123
686.971	231.067	91.068	162.728
682.048	230.151	92.594	163.202
680.544	228.559	91.355	163.512
678.859	227.713	88.678	161.678
674.955	227.737	89.818	160.358
671.683	227.232	91.264	161.261
666.201	228.404	92.691	156.752
661.469	228.715	90.268	155.256
654.378	230.544	95.509	148.829
651.149	231.285	93.332	143.557
647.016	232.647	85.487	142.254
641.429	232.374	85.771	143.346
636.272	232.401	82.429	143.534
630.243	231.781	81.882	141.346
629.822	232.355	73.781	139.732
628.372	242.088	69.646	128.963
619.582	228.260	68.457	140.001
616.141	221.807	69.553	143.732
613.357	219.690	70.602	148.318
612.264	220.467	79.680	149.210
620.434	221.572	84.232	149.121
619.274	221.122	90.099	146.634
594.203	226.319	87.003	142.779
573.684	234.462	92.276	127.661
560.280	240.387	81.968	123.568
562.480	226.354	76.981	127.528
723.308	256.514	76.993	121.159
722.229	258.053	82.205	118.445
730.436	259.393	76.431	119.508
736.553	266.152	70.802	110.132
720.627	261.717	85.256	118.055
720.139	224.226	96.433	147.143
719.646	204.155	107.507	164.534
721.592	206.858	114.611	163.621
729.385	205.944	114.160	160.972
737.797	207.774	120.037	163.152
771.114	208.408	103.486	156.919
779.199	208.434	109.629	152.141
791.598	205.080	113.247	154.137
762.425	218.335	124.936	152.351
785.704	205.642	124.753	169.252
763.650	239.276	104.799	138.741
774.987	237.757	113.084	132.942
788.903	229.033	90.913	135.606
796.978	233.523	86.329	129.305
801.369	226.767	77.927	135.914
831.241	218.995	93.543	142.850
886.537	186.686	73.463	166.311
894.173	183.958	65.827	175.413
895.652	188.928	64.348	169.348
897.538	199.103	62.462	153.490
909.164	196.263	50.836	143.004
914.641	194.480	45.359	137.254
916.802	195.964	43.198	137.527
912.849	185.707	47.151	142.457
836.304	247.516	67.539	119.866
835.893	248.317	69.758	120.469
833.516	246.759	72.369	127.656
835.409	246.787	72.578	122.937
838.469	245.340	73.839	118.261
839.438	247.023	67.821	117.207
840.455	241.485	73.709	115.691
846.210	234.319	74.809	132.346
849.262	217.399	71.941	140.664
843.930	211.344	78.666	154.804
838.295	211.553	80.425	154.497
832.322	210.410	83.914	153.643
842.167	232.665	87.242	135.927
849.167	239.661	86.982	131.723
850.833	244.946	86.693	124.624
858.038	245.142	82.395	127.582
860.725	247.624	85.218	128.024
857.860	244.366	89.874	133.381
865.953	244.574	84.687	138.395
874.117	250.017	76.551	128.715
879.276	252.845	76.441	119.588
881.584	247.787	74.243	122.818
884.932	248.049	72.020	125.651
889.926	246.345	69.122	121.158
891.407	248.383	67.770	119.958
893.878	247.044	66.122	118.846
897.700	247.827	62.300	110.752
900.266	246.878	59.734	108.179
903.123	239.375	56.877	118.407
907.136	243.889	52.864	113.287
908.886	238.132	51.114	113.545
912.541	238.591	47.459	117.973
914.496	237.434	45.504	116.541
918.309	237.746	41.691	116.846
920.782	237.403	39.218	107.856
923.206	238.713	36.508	102.901
925.871	239.396	33.920	96.121
929.642	240.613	30.210	87.840
928.776	241.488	31.224	83.391
928.190	238.840	31.620	90.109
914.958	243.856	45.042	86.971
925.315	244.540	34.685	102.226
905.759	246.248	54.241	104.475
773.762	225.314	73.299	126.856
776.515	224.342	88.513	132.695
785.524	222.796	90.432	136.432
794.372	225.692	96.130	135.339
799.937	222.108	103.257	136.832
813.541	220.362	100.974	139.472
822.323	218.657	100.072	140.008
837.638	216.231	101.246	141.062
848.341	215.683	98.007	140.865
862.176	214.279	94.413	144.331
876.405	211.784	83.595	142.268
885.383	208.775	74.617	148.162
902.120	210.321	57.880	146.205
910.233	218.594	49.767	144.856
917.738	212.515	42.262	138.068
900.481	230.346	59.519	115.484
905.631	236.202	54.369	112.683
904.747	246.997	55.253	115.215
906.860	237.744	53.140	110.706
911.727	244.781	48.273	109.693
918.526	243.331	41.474	100.867
910.987	238.030	49.013	92.068
913.597	239.537	46.403	101.672
911.657	238.577	48.343	106.995
920.511	234.980	39.489	100.246
921.864	239.179	38.136	89.688
924.523	240.434	35.477	86.270
926.032	240.731	33.968	90.283
921.438	241.043	38.562	91.603
917.978	242.510	42.022	98.135
916.095	242.380	43.905	106.602
914.097	241.938	45.903	109.425
910.607	243.194	49.393	111.291
905.088	240.748	54.912	110.261
901.258	241.099	58.742	111.395
899.097	238.901	60.903	114.975
899.402	238.003	60.598	110.098
895.931	240.194	64.069	111.301
893.437	240.521	65.439	108.864
891.107	239.681	65.896	110.428
888.654	239.996	68.186	111.214
887.869	239.964	68.756	112.000
884.297	239.946	70.647	111.492
869.551	240.586	75.014	110.280
873.152	240.754	74.989	109.361
855.679	242.347	89.049	114.593
865.593	243.492	81.807	114.061
811.211	237.966	112.745	117.698
858.281	241.161	82.872	116.913
853.402	240.633	83.516	117.139
859.896	241.172	77.862	118.017
858.133	242.136	77.233	115.708
856.091	242.241	74.306	114.111
835.658	242.196	78.516	114.078
841.712	242.331	85.295	113.794
824.404	238.832	83.985	117.139
784.497	237.033	95.381	118.218
784.673	236.159	107.934	115.681
795.386	231.531	103.190	121.752
774.421	233.466	110.799	125.779
776.795	234.121	119.392	121.917
803.826	237.494	104.300	119.759
814.532	236.064	99.923	120.314
781.399	236.483	112.038	122.965
796.188	236.423	108.674	122.965
783.628	230.433	107.879	125.679
780.844	235.227	120.048	122.623
801.562	228.776	108.780	131.003
858.340	234.903	82.855	122.423
876.831	228.194	78.330	125.848
854.069	228.963	83.070	118.317
870.231	228.688	80.227	117.661
889.588	225.791	67.592	119.519
885.683	223.235	70.339	121.691
882.345	222.065	74.520	121.146
869.469	218.556	78.717	120.471
893.358	219.201	65.634	120.847
875.644	218.791	77.987	118.742
885.856	219.364	71.996	122.844
875.651	216.072	74.546	122.757
889.618	209.022	68.371	122.941
894.308	214.728	65.692	124.402
894.608	219.240	65.392	118.188
899.278	215.150	60.722	120.757
901.904	214.608	58.096	118.732
907.780	211.136	52.220	117.836
909.466	204.706	50.534	121.538
908.801	210.021	51.199	120.719
909.425	204.358	50.575	125.132
902.778	206.986	57.222	121.098
891.947	207.943	68.053	118.282
880.183	205.870	78.041	121.355
873.960	202.047	84.592	117.840
828.457	223.772	112.974	127.105
813.206	242.887	117.454	124.144
710.033	244.615	98.444	119.149
722.996	245.456	82.223	117.058
729.135	244.390	84.215	111.744
721.307	243.038	84.453	109.677
734.729	242.816	84.577	107.893
723.171	243.970	86.086	107.749
737.517	243.012	82.659	105.148
726.204	242.575	84.888	106.158
739.392	242.454	84.804	104.914
728.052	241.798	84.516	104.870
738.640	241.156	81.100	106.765
726.678	241.288	87.464	107.716
738.748	241.346	79.858	108.388
728.920	243.496	83.750	104.974
741.127	241.329	77.601	104.440
733.035	241.702	81.046	102.175
742.558	239.131	76.367	104.528
749.279	240.125	75.500	103.496
752.111	240.497	76.226	105.549
758.238	240.282	77.196	105.290
748.178	238.383	81.159	107.842
760.677	240.139	86.568	112.750
763.385	239.659	86.426	114.237
768.069	237.821	85.820	113.729
756.000	237.460	95.133	113.188
772.949	238.238	88.302	114.522
771.308	236.153	90.231	115.242
780.152	236.161	83.557	115.099
775.727	238.278	88.846	116.180
783.649	236.651	88.046	115.453
792.626	233.856	90.531	116.287
790.124	234.116	91.788	116.804
800.638	232.214	96.483	116.772
793.824	230.637	90.020	119.267
804.695	230.715	91.689	114.118
814.326	226.098	95.531	115.818
811.990	227.449	84.079	114.780
826.368	226.171	92.375	117.161
845.528	224.254	103.315	112.808
892.694	213.916	66.914	121.711
874.404	222.706	79.170	113.116
823.099	227.385	79.134	118.938
816.186	229.725	81.045	107.846
902.125	212.721	57.875	119.404
871.881	219.668	80.407	115.129
904.607	213.536	55.393	112.631
912.172	207.083	47.828	112.045
896.343	206.493	63.657	113.075
912.524	200.652	47.476	117.120
891.036	201.494	68.964	111.776
903.322	197.117	56.678	117.209
876.041	205.970	74.166	112.824
874.019	211.465	78.970	110.951
860.924	211.590	85.497	113.245
877.907	210.044	82.093	117.546
882.883	212.465	77.117	116.367
888.096	213.452	71.904	117.720
892.821	211.199	67.179	115.599
894.196	212.327	65.804	115.392
900.276	212.634	59.724	120.659
898.253	214.327	61.747	115.867
897.801	210.532	62.199	114.761
892.184	211.594	67.816	119.840
891.639	207.552	68.361	120.095
890.980	205.591	69.020	116.733
893.876	204.114	66.124	119.322
896.413	202.827	63.587	119.671
897.815	204.461	62.185	117.679
903.603	200.632	56.397	117.952
902.129	204.081	57.871	118.582
902.497	203.069	57.503	116.294
901.096	203.053	58.904	113.628
904.480	200.384	55.520	114.656
901.435	201.899	58.565	112.818
903.813	200.089	56.187	113.577
902.262	200.899	57.738	111.198
902.666	202.766	57.334	111.426
903.021	204.656	56.979	114.810
902.770	204.989	57.230	114.794
901.457	207.915	58.543	118.579
899.787	209.365	60.213	115.094
901.845	207.961	58.155	111.877
902.705	207.441	57.295	113.279
902.989	204.002	57.011	111.942
903.044	203.931	56.956	112.186
903.208	203.091	56.792	115.145
900.314	206.110	59.686	114.634
899.138	204.848	60.862	108.517
899.344	206.756	60.656	112.122
901.084	211.794	58.916	113.971
902.566	210.203	57.434	107.371
898.293	215.162	61.707	113.175
901.228	209.289	58.772	114.912
902.084	213.280	57.916	114.292
902.280	215.896	57.720	112.833
905.610	202.418	54.390	121.336
893.529	207.578	66.471	113.562
897.255	207.472	62.745	112.958
894.832	205.278	65.168	118.816
893.317	213.192	66.683	119.025
900.708	213.726	59.292	124.116
898.978	209.641	61.022	120.311
899.974	216.790	60.026	123.835
900.043	214.567	59.957	117.960
899.987	215.972	60.013	127.168
900.603	210.759	59.397	112.123
899.894	203.070	60.106	116.086
899.939	207.460	60.061	114.917
900.162	204.945	59.838	116.347
897.573	207.751	62.427	114.351
899.077	207.738	60.923	114.627
899.593	211.615	60.407	113.249
897.603	210.612	62.397	114.756
898.372	208.822	61.628	118.175
897.483	207.529	62.517	116.215
893.827	210.326	66.173	115.970
888.524	209.781	71.476	116.982
896.213	220.158	63.787	115.107
896.438	213.767	63.562	120.625
