368.000	155.000	26.000	43.000
370.579	154.646	27.141	42.428
371.104	155.441	27.872	42.774
371.784	156.168	29.208	42.504
374.548	155.096	28.410	43.863
375.462	154.801	29.263	43.116
377.836	154.921	28.779	43.247
380.100	156.606	28.437	43.303
381.974	157.088	29.271	42.829
385.786	156.096	27.419	43.060
386.422	155.709	28.573	43.772
387.281	156.187	29.340	43.070
388.396	156.996	29.752	43.318
390.486	157.268	29.504	42.861
391.935	155.850	29.513	44.339
393.753	156.064	29.749	45.650
394.606	156.396	30.254	46.074
397.815	157.521	29.348	45.355
398.860	157.520	29.938	44.956
400.960	157.192	29.481	44.095
403.254	158.308	30.215	44.210
404.104	158.535	29.954	44.598
404.425	158.433	30.021	44.499
405.790	157.994	29.033	45.681
406.119	157.461	29.057	46.779
407.416	158.505	27.958	47.731
408.366	158.777	27.595	46.837
408.372	159.039	27.395	45.965
407.941	158.951	27.383	46.358
406.846	158.687	28.987	46.338
406.260	158.977	28.113	45.892
405.075	159.862	28.523	46.127
404.095	158.852	29.046	46.080
403.445	158.782	30.428	46.663
403.892	158.613	30.075	46.488
403.800	158.809	30.209	46.377
404.053	160.105	30.276	45.464
404.164	159.822	30.627	45.524
404.229	159.481	30.482	45.726
404.144	159.857	30.836	45.166
403.678	161.066	30.550	44.500
402.747	162.094	31.302	44.201
402.177	162.431	31.573	43.315
402.743	161.324	30.244	43.963
402.512	161.620	30.625	43.696
403.095	162.730	30.647	44.528
403.811	163.410	30.698	43.278
406.277	163.666	30.479	43.860
408.277	162.340	30.352	45.035
410.305	162.317	29.649	44.657
411.183	163.315	28.472	42.416
413.295	163.296	28.627	43.329
414.739	162.766	29.131	43.401
416.054	161.491	29.094	44.909
417.517	161.626	28.384	45.998
418.758	162.891	28.599	44.549
421.426	164.239	28.629	42.953
422.863	163.690	29.256	42.643
424.446	163.067	29.267	44.039
425.065	163.302	29.596	42.990
426.437	163.884	29.267	43.337
427.370	164.769	28.961	41.928
428.326	165.261	28.671	42.024
429.249	164.119	28.825	42.916
431.246	164.270	27.982	43.045
432.820	165.614	28.134	42.476
434.488	165.752	28.237	40.556
436.836	166.630	27.585	39.769
438.647	165.910	28.449	39.148
439.310	166.058	29.078	38.445
441.742	166.876	27.645	39.809
442.376	167.303	28.643	36.976
443.059	167.490	28.528	37.472
445.108	167.497	27.948	37.838
446.812	166.132	27.851	38.488
449.656	167.632	27.971	40.393
451.269	167.490	28.623	40.735
453.761	167.474	28.827	40.588
455.650	167.581	29.067	40.340
456.490	166.850	29.198	40.014
457.754	167.504	29.529	39.283
458.681	168.867	30.225	37.930
460.377	168.058	29.635	38.088
461.258	167.986	30.306	39.337
463.240	167.834	29.902	38.674
464.400	168.255	29.957	38.813
466.460	169.585	29.567	38.183
468.304	169.189	30.046	37.864
468.908	168.442	30.532	38.060
470.229	169.640	29.702	39.411
470.549	169.204	30.365	41.451
471.210	170.403	30.504	39.157
471.570	169.278	30.578	39.304
471.974	169.051	30.570	40.809
472.984	169.343	30.658	43.636
473.632	169.539	32.070	45.246
475.988	168.878	30.900	47.742
476.304	168.853	31.839	48.706
475.975	169.119	32.267	48.608
477.844	169.602	30.780	46.462
477.116	169.827	32.466	47.269
478.869	169.376	31.416	47.882
480.356	170.062	31.135	46.742
482.809	171.250	30.991	45.916
484.118	172.444	31.474	43.834
485.671	171.548	31.747	44.168
485.661	171.038	31.896	45.950
485.814	170.109	32.173	47.090
485.345	169.805	32.038	46.772
485.594	170.578	31.871	46.958
487.012	170.867	31.757	47.505
489.751	171.760	31.371	49.948
490.558	174.426	33.403	52.550
492.111	175.982	33.816	53.944
494.188	176.807	32.146	48.235
495.292	176.956	31.925	48.771
495.691	176.258	33.795	49.851
495.723	177.191	33.897	51.008
495.690	177.835	34.533	53.005
497.079	178.510	34.022	49.373
497.908	177.219	34.339	49.690
499.646	177.143	34.852	49.886
502.531	177.907	33.296	50.567
506.728	176.613	31.143	52.901
507.574	176.284	32.615	51.718
508.088	175.262	32.459	53.823
508.399	176.042	32.095	53.323
508.691	177.464	32.649	52.050
510.048	177.474	31.831	50.129
510.857	176.513	31.677	52.549
512.059	177.520	32.246	52.136
513.836	179.057	30.834	51.064
515.271	179.911	31.567	49.270
514.794	179.588	33.602	47.791
515.928	179.076	33.508	48.971
516.097	180.368	34.302	47.670
516.059	180.893	34.779	47.136
517.141	181.211	33.987	46.358
519.096	181.246	33.174	47.267
520.010	181.002	33.364	47.270
523.585	182.103	31.452	45.884
523.365	182.832	33.103	46.324
525.262	182.642	32.642	47.480
524.183	183.542	34.695	48.629
524.589	183.807	35.146	48.857
524.714	184.839	35.035	49.160
525.744	185.566	34.224	48.343
525.777	184.711	34.295	47.252
528.057	184.314	34.710	49.675
529.252	185.607	34.584	48.081
531.555	185.671	34.491	49.803
533.101	186.330	34.543	50.318
534.083	186.021	34.981	48.751
533.791	186.222	35.924	49.483
533.994	187.637	36.171	51.608
535.337	188.618	36.029	49.924
535.545	188.444	35.745	50.534
537.406	188.949	35.011	49.881
538.399	188.527	34.988	50.485
510.472	190.119	39.690	46.245
476.394	189.148	37.890	50.080
427.915	188.280	39.935	49.955
378.496	190.077	41.382	49.460
345.441	191.425	37.020	49.610
309.784	192.636	37.910	50.669
304.079	191.868	35.197	51.117
302.669	192.410	37.361	49.686
303.383	192.814	36.092	49.791
306.683	192.782	35.582	51.480
304.848	193.496	36.089	50.403
305.749	192.803	36.250	49.737
305.747	194.019	37.011	50.090
305.840	194.292	36.817	50.632
305.719	194.564	37.672	51.699
307.669	193.518	36.176	53.119
308.029	193.387	36.449	52.789
309.592	195.205	34.837	50.097
310.649	195.464	35.300	49.807
311.866	193.715	34.466	51.531
312.456	194.274	34.526	51.003
313.568	195.492	33.855	50.536
313.575	194.930	33.789	51.278
313.260	196.848	34.071	50.206
314.005	196.266	34.007	49.151
315.311	197.024	34.808	49.857
316.596	197.302	34.472	51.637
318.472	197.947	34.685	49.971
320.284	199.091	35.115	49.697
321.089	198.473	34.439	49.232
322.506	198.330	33.233	49.672
322.357	199.235	34.583	48.503
322.850	201.222	34.560	47.749
322.815	200.789	32.969	48.351
325.069	201.631	31.793	49.621
326.787	201.142	30.112	50.912
327.845	201.108	29.654	51.732
330.294	202.275	27.819	46.405
331.698	200.489	27.091	46.363
331.897	201.363	27.435	49.490
330.708	202.517	29.251	48.703
329.318	203.394	27.808	48.327
329.260	203.038	28.787	47.215
329.358	202.876	28.815	46.289
329.472	203.013	28.242	47.067
330.953	203.344	26.941	46.717
331.224	204.854	25.497	46.560
331.695	204.755	26.265	45.778
332.211	203.624	26.956	48.540
331.523	205.006	27.727	47.165
329.781	207.013	28.561	44.579
329.664	206.849	27.280	46.138
330.865	207.164	27.193	48.572
328.726	207.469	29.044	50.199
331.594	209.535	25.195	50.010
337.867	203.982	31.772	50.958
336.512	206.526	32.656	49.935
332.777	207.636	27.247	46.819
334.725	209.768	23.917	44.413
339.693	207.272	25.153	45.505
347.554	198.651	28.103	44.869
355.162	192.652	27.890	45.580
352.267	193.712	31.114	51.037
357.578	181.355	28.289	58.938
361.727	180.862	26.372	52.656
354.429	193.012	30.886	45.072
360.150	190.046	30.285	56.752
366.779	206.408	27.156	52.222
364.148	196.285	27.735	53.299
363.221	196.795	27.273	48.989
371.407	217.122	29.009	39.038
363.745	199.159	26.107	43.065
361.555	196.418	28.589	44.628
370.572	213.450	31.339	40.866
377.472	213.168	28.788	44.380
366.791	197.443	27.583	51.567
363.139	198.595	27.103	48.919
358.129	190.322	26.310	50.152
367.565	201.244	34.384	49.365
381.508	212.588	32.181	49.947
368.078	191.546	29.366	58.587
360.299	196.225	25.864	50.070
358.423	197.722	29.867	45.231
359.455	196.423	27.591	43.817
364.527	198.261	26.874	49.997
358.163	192.226	27.669	45.222
361.442	195.130	25.367	44.225
361.396	186.634	25.177	43.985
361.354	192.743	25.306	42.604
359.035	195.861	27.782	42.842
359.556	196.903	26.351	43.087
364.559	187.938	27.265	53.663
363.726	198.382	28.160	50.417
361.185	191.659	30.793	54.333
356.888	196.678	29.923	45.896
362.786	199.151	30.873	49.251
362.574	187.592	30.962	55.354
366.640	192.259	26.931	56.602
361.201	201.484	31.693	58.519
361.924	188.458	30.513	50.697
362.357	194.683	26.725	49.014
359.339	192.248	27.434	47.752
359.001	197.561	27.260	42.254
359.672	198.861	26.447	42.402
360.007	194.392	27.998	45.364
360.975	192.895	25.681	45.168
361.923	193.223	24.134	45.559
359.138	189.788	28.328	44.329
362.040	188.189	31.707	56.692
363.243	192.669	26.197	48.018
363.708	194.714	25.384	45.592
359.307	194.416	28.549	44.247
387.190	143.238	26.823	53.557
389.318	142.623	30.161	60.286
390.711	134.641	27.749	59.084
390.424	142.676	27.703	53.902
362.833	194.674	26.765	49.972
362.825	194.953	23.707	49.956
362.471	197.007	25.185	51.277
359.353	194.710	42.436	81.332
365.767	198.012	54.934	82.567
353.135	207.940	67.443	92.159
364.148	213.716	72.669	91.272
373.864	235.408	67.792	83.446
384.642	270.385	61.269	71.927
369.560	276.677	38.926	51.933
375.837	276.635	30.218	54.039
374.819	276.268	30.304	52.452
376.158	267.467	34.675	56.666
378.276	276.172	37.628	54.116
373.330	269.873	38.459	49.614
380.854	275.711	37.880	47.715
379.160	266.166	46.612	50.697
375.997	277.363	33.822	49.706
382.231	272.228	32.380	51.074
383.187	268.207	38.010	49.581
377.192	279.525	29.961	53.076
377.743	277.379	34.086	54.993
376.969	266.043	36.932	55.403
375.710	272.880	34.876	55.352
378.425	276.164	34.713	51.019
363.240	281.211	36.042	48.661
349.346	256.365	54.676	48.023
335.921	275.812	51.445	52.575
340.709	295.169	61.706	72.511
337.217	272.072	89.947	87.093
413.163	213.614	68.002	73.729
442.971	215.225	39.840	67.865
446.918	213.965	36.208	67.344
444.355	214.427	39.393	69.432
446.556	215.954	40.112	66.802
450.360	215.846	39.465	67.361
449.277	213.755	42.676	68.593
453.510	215.204	41.339	70.024
455.876	215.427	41.761	71.722
455.107	216.330	46.339	71.234
456.022	217.069	49.108	71.335
457.502	217.278	48.066	72.518
460.979	217.731	47.875	72.589
461.749	219.141	49.708	72.010
463.637	221.115	50.737	70.595
466.135	221.875	49.852	69.653
468.510	221.861	51.193	69.228
470.459	222.391	52.521	69.155
475.086	224.385	53.748	69.077
479.157	224.743	52.148	76.613
482.005	223.658	52.569	89.919
483.854	223.889	54.540	82.668
485.670	227.102	54.387	77.458
488.514	228.280	53.590	76.866
491.456	227.040	53.006	82.258
494.188	226.969	53.693	83.654
495.747	227.907	54.532	84.283
498.792	230.172	54.927	83.702
502.344	230.288	54.867	84.186
505.796	229.947	55.124	85.220
508.112	229.992	54.765	85.978
511.211	233.089	54.776	83.954
514.186	234.927	53.616	81.984
516.334	233.916	54.850	84.404
520.053	235.049	54.008	88.027
522.853	237.135	55.383	88.321
525.260	238.378	55.306	88.074
510.255	236.861	60.154	91.558
474.054	238.576	62.724	91.556
442.311	239.565	55.969	92.549
415.728	240.558	57.944	92.827
382.678	241.608	54.288	93.975
345.908	239.553	57.031	94.276
309.091	241.832	57.937	95.251
274.896	242.775	53.855	94.094
245.350	243.857	52.274	95.428
246.333	243.322	50.463	96.524
245.839	242.987	50.733	95.765
243.062	243.287	53.950	101.620
239.170	245.096	54.340	99.084
235.960	245.588	54.135	99.464
232.904	244.844	56.383	99.292
230.443	245.371	58.159	99.886
232.264	245.369	57.046	99.924
231.830	247.256	60.268	100.997
232.872	247.961	60.911	101.965
235.435	248.376	60.540	102.782
238.577	246.931	59.489	103.059
238.708	247.354	60.701	102.789
238.750	247.914	60.568	102.797
237.440	248.105	62.438	101.933
238.487	247.852	61.020	104.858
238.492	246.663	60.256	105.883
237.117	247.872	61.183	105.641
236.163	247.599	61.619	105.318
236.494	247.933	61.132	107.060
236.087	247.434	60.534	106.849
