355.000	320.000	50.000	46.000
356.567	318.755	54.876	42.191
360.004	314.546	55.527	42.217
362.220	310.593	57.724	44.330
363.431	307.983	55.632	44.729
369.666	306.550	52.973	44.964
373.027	305.129	52.005	44.811
377.307	304.556	54.685	44.045
383.625	305.898	54.073	43.785
388.188	307.946	57.392	42.960
392.193	309.011	57.617	43.596
396.206	311.908	56.617	43.652
398.089	315.301	56.569	42.238
402.439	318.670	58.253	40.950
407.913	318.511	55.296	43.228
410.324	319.273	57.117	41.839
414.751	318.272	54.938	42.311
417.826	318.507	55.724	42.013
416.269	319.768	56.648	42.403
425.058	322.882	51.750	43.188
425.761	330.248	54.380	42.436
427.302	338.410	54.257	43.691
426.601	351.275	58.317	43.307
432.148	364.876	56.580	42.674
437.011	369.160	55.285	41.906
437.747	355.050	55.538	47.746
442.217	319.966	49.449	56.121
386.014	287.819	51.007	53.424
387.808	262.891	40.049	52.018
385.491	247.239	36.594	47.930
373.977	236.536	48.870	49.962
438.100	198.382	50.718	43.959
445.683	202.129	55.285	41.365
443.615	205.857	64.577	48.674
454.119	211.271	57.302	61.613
452.523	220.288	57.980	63.211
451.975	236.889	56.091	61.809
442.983	258.544	53.407	49.233
436.746	274.902	53.632	47.904
432.523	287.030	51.839	45.060
433.247	298.108	52.435	45.145
433.260	309.130	51.604	47.503
434.506	324.955	54.904	45.526
435.779	336.813	52.033	49.189
438.073	353.442	54.246	47.203
439.608	362.793	53.953	46.190
437.099	363.292	56.102	45.166
436.394	361.667	54.709	45.128
435.053	353.436	53.855	45.388
436.874	345.208	51.095	45.150
438.304	338.132	50.427	45.252
439.304	332.805	51.735	42.854
443.572	326.262	51.128	44.263
446.693	321.637	52.258	44.913
452.421	319.449	54.236	44.575
459.281	318.061	52.430	43.776
466.714	317.923	51.948	44.664
474.622	317.934	55.029	41.547
482.299	318.672	52.184	42.064
488.761	318.730	50.776	40.487
494.957	317.869	49.994	42.104
500.530	317.502	50.383	41.420
506.830	316.441	48.033	42.308
512.952	313.838	50.455	43.733
518.715	312.791	52.679	43.967
525.544	311.739	51.758	43.595
531.956	310.238	51.435	44.225
538.028	309.218	52.569	43.137
543.876	308.099	53.419	43.387
551.590	307.461	52.385	43.667
558.047	306.986	52.190	42.982
565.878	306.989	52.651	43.679
574.238	307.307	53.382	43.885
582.703	307.988	54.478	45.484
591.465	308.861	55.157	45.339
601.515	309.326	53.616	45.675
610.035	308.019	56.061	45.874
621.165	306.360	54.357	45.383
631.203	304.147	51.014	45.925
639.501	302.214	50.106	43.873
647.707	301.048	47.276	41.803
654.871	300.485	48.012	41.398
662.278	299.530	44.355	41.124
668.534	299.613	43.972	38.076
676.654	299.188	53.751	37.305
682.729	298.680	49.299	40.716
688.844	298.982	48.583	40.627
693.932	300.450	48.974	38.980
698.540	299.971	51.907	42.505
703.076	301.524	50.634	42.440
706.629	300.980	51.947	44.851
710.320	301.461	51.319	42.952
714.767	301.273	52.517	42.287
718.066	299.861	51.630	44.431
721.679	298.477	49.261	46.158
723.266	297.058	49.290	44.640
725.424	294.767	50.704	44.977
727.014	292.978	50.066	44.745
727.263	291.873	50.058	44.375
727.136	290.835	49.834	44.206
725.575	290.145	51.565	42.965
724.198	289.972	51.705	42.121
722.953	289.888	51.166	42.368
721.581	290.099	50.535	42.697
717.945	290.220	50.311	42.348
714.555	289.980	51.528	42.745
710.785	290.187	50.167	42.834
707.959	290.230	48.683	42.773
705.085	290.076	47.239	43.700
702.147	290.402	43.128	43.923
695.513	290.718	45.450	43.414
688.110	293.309	46.370	41.464
681.422	295.482	42.547	42.809
672.291	298.220	44.287	43.187
664.147	300.151	46.324	42.520
655.626	301.868	47.002	44.625
647.355	303.315	48.553	42.894
639.267	303.870	49.580	44.056
631.875	304.866	47.675	42.837
624.004	305.343	49.668	43.244
616.693	305.527	51.382	44.073
610.681	305.337	51.674	43.540
604.698	305.873	51.346	42.139
599.149	306.393	51.359	42.495
593.930	306.637	50.977	43.055
588.497	307.623	48.625	44.040
582.972	308.897	49.084	43.236
577.661	310.558	46.962	43.447
570.155	311.974	50.273	42.215
563.567	313.468	48.712	42.013
555.740	314.731	49.396	40.731
546.982	314.661	48.923	40.581
537.987	313.665	47.727	41.167
531.122	310.717	47.076	43.378
521.228	308.757	49.190	44.390
518.437	307.744	43.115	42.016
511.910	306.640	43.538	41.652
505.668	305.077	43.243	40.975
500.201	303.204	42.250	40.328
494.552	303.936	43.137	40.853
490.406	303.048	47.690	44.111
484.718	301.285	44.367	41.339
481.496	300.963	40.696	38.571
477.484	300.482	38.955	36.746
472.962	299.109	38.526	37.302
468.420	297.094	37.041	38.983
463.730	295.395	36.101	40.306
459.050	295.274	35.328	38.767
450.687	297.004	34.251	38.183
446.419	300.125	32.595	36.344
437.543	303.222	41.886	41.320
436.464	312.879	49.379	39.696
477.898	298.476	41.008	42.996
466.837	295.965	38.350	46.752
464.657	296.384	37.981	45.927
455.248	293.010	42.703	43.794
452.474	287.445	40.298	51.906
455.769	285.628	34.963	50.216
433.349	295.980	54.028	54.752
391.382	311.906	55.459	54.086
381.303	311.645	57.570	57.055
384.883	312.509	60.461	62.859
385.357	323.970	73.172	68.547
440.237	320.305	59.661	67.920
449.608	322.561	53.589	56.203
461.391	313.276	41.194	58.242
462.457	306.152	37.899	46.063
465.743	302.257	33.042	44.338
464.275	301.494	33.312	44.444
459.130	307.420	38.252	43.867
455.647	319.764	41.781	50.506
455.345	328.043	44.390	50.791
452.798	336.583	47.057	53.647
445.958	364.781	49.134	52.933
434.146	380.709	62.002	61.752
451.182	434.558	57.498	43.714
453.118	445.507	48.920	52.628
455.897	443.816	45.704	51.339
459.283	426.770	45.309	55.931
465.245	395.419	39.231	49.695
463.036	374.770	38.067	48.898
460.492	360.522	39.383	45.053
457.139	343.326	41.187	46.710
455.240	329.446	42.264	46.425
455.537	315.282	43.335	51.399
457.035	310.326	42.415	46.833
457.509	306.073	41.286	46.189
459.052	306.316	40.495	45.938
460.244	311.419	39.992	48.929
457.869	325.223	45.702	48.525
461.209	345.662	44.225	51.073
465.560	372.588	43.962	49.891
468.474	394.867	45.476	52.975
465.637	430.831	46.143	48.629
467.100	454.722	46.982	43.495
467.805	446.781	44.233	51.408
466.151	425.033	48.581	52.032
469.760	397.690	44.638	48.191
467.325	372.894	45.899	51.730
464.786	357.856	44.798	46.818
463.612	342.638	45.658	46.370
461.446	332.078	46.862	43.840
461.017	323.612	49.910	42.460
460.550	316.963	49.692	45.212
459.750	315.332	49.109	47.591
459.615	325.884	48.957	48.863
461.695	341.631	47.489	54.412
464.418	371.023	48.347	51.578
465.804	402.584	47.534	47.422
463.854	430.954	48.620	49.881
464.259	452.387	46.509	49.822
466.514	446.004	42.610	55.688
465.310	423.315	43.870	52.085
466.987	396.411	39.820	50.001
467.952	375.901	34.889	47.561
470.059	360.388	31.618	44.790
468.632	348.419	35.834	39.090
466.397	344.440	36.071	38.465
465.214	329.088	34.409	42.519
465.131	325.273	34.077	45.022
463.135	316.309	34.011	48.127
459.450	312.461	35.349	47.747
457.527	310.538	36.036	48.128
455.760	312.526	37.255	51.685
452.751	313.473	36.451	54.831
449.620	320.115	38.859	53.144
443.516	335.908	45.949	53.274
460.914	371.306	36.906	50.546
448.509	379.232	48.691	49.486
456.566	439.041	46.685	38.574
455.224	444.821	39.519	49.088
453.372	447.590	38.884	54.782
461.201	431.332	37.247	48.464
466.374	399.602	33.379	47.295
464.749	375.111	32.593	48.257
463.385	363.622	31.313	42.125
462.112	347.515	33.513	41.511
462.653	340.995	31.913	43.137
460.489	336.483	32.618	38.196
461.320	336.350	31.917	36.368
462.289	333.576	31.331	36.690
462.920	331.979	30.973	37.963
462.412	330.873	32.101	39.422
461.568	327.113	34.184	41.315
462.022	325.766	33.660	43.116
462.650	322.406	32.553	39.670
461.604	321.328	34.317	41.145
462.782	313.988	33.748	40.437
461.204	309.643	34.957	40.384
459.184	306.674	36.523	42.226
457.976	305.024	36.405	39.119
455.805	303.875	37.029	37.118
455.178	306.211	36.761	38.016
458.010	307.665	35.031	38.223
455.602	306.836	36.583	38.265
456.819	308.295	35.488	37.392
456.203	307.049	35.786	37.574
455.238	305.997	36.048	37.222
455.576	304.272	33.920	34.309
456.244	304.253	32.734	32.302
455.307	304.262	32.917	33.271
454.161	304.849	33.571	33.738
452.885	306.629	34.973	34.934
455.183	306.253	33.268	37.566
456.085	306.304	33.013	36.890
455.548	307.256	34.161	36.305
455.237	305.518	34.719	36.265
453.117	304.558	34.400	33.988
454.618	301.694	32.189	35.539
454.767	298.749	32.712	37.419
455.222	296.471	32.179	38.343
454.467	296.323	32.320	38.718
452.609	295.665	33.545	39.641
452.493	295.752	33.434	40.329
452.539	296.157	33.501	39.293
450.995	295.083	35.040	39.562
451.778	290.435	34.268	43.799
450.547	289.513	35.251	44.291
450.958	286.921	35.561	45.658
448.441	285.439	37.495	47.442
447.464	285.266	38.900	47.207
446.675	288.940	39.979	43.843
448.499	290.368	38.698	42.800
449.583	291.333	37.056	41.484
451.299	291.595	34.917	41.621
451.743	291.228	33.879	42.101
449.861	288.786	36.024	43.032
447.893	284.467	37.725	44.801
447.262	284.609	37.747	46.695
447.435	284.232	38.062	47.409
446.231	290.851	38.892	44.424
450.345	294.495	36.101	39.577
454.077	295.889	31.240	38.576
452.681	294.306	31.821	39.483
450.917	287.095	33.539	45.089
445.358	286.228	38.487	45.449
443.702	282.936	40.824	47.170
440.249	281.685	43.853	48.546
441.454	281.325	42.431	48.307
441.036	285.023	43.379	46.088
440.294	285.393	43.953	45.782
440.433	285.918	43.320	46.173
441.131	284.960	42.199	46.793
441.261	284.238	42.285	47.075
439.257	284.564	44.931	44.851
443.008	286.754	41.714	43.969
443.321	286.537	41.934	42.113
443.019	287.786	41.576	44.339
444.067	289.355	41.549	41.162
444.830	291.931	40.725	39.169
447.304	293.207	36.879	39.171
448.846	290.532	36.153	40.460
449.723	292.918	35.665	37.372
447.386	288.366	37.629	41.670
444.763	289.351	39.828	42.263
442.960	287.862	41.573	43.602
441.371	291.138	43.295	40.650
447.803	291.760	37.676	39.045
452.496	297.173	33.799	34.107
448.916	296.734	36.200	35.387
453.442	298.870	31.986	32.634
452.924	295.290	31.998	35.401
455.547	296.627	29.321	34.188
450.925	291.931	33.205	40.089
449.873	288.598	35.774	40.222
447.801	287.863	36.171	41.657
446.782	285.071	37.297	44.521
441.210	285.267	42.231	44.419
446.980	281.738	38.259	44.240
453.312	281.744	32.738	40.976
452.606	281.977	32.731	45.106
455.006	281.423	32.718	42.458
457.156	282.153	32.862	43.205
455.403	286.355	36.299	42.425
449.625	299.010	41.015	43.831
458.373	317.133	41.754	53.159
473.758	353.154	32.701	44.767
473.937	379.769	35.421	44.859
472.175	398.002	41.988	52.722
469.326	441.162	43.115	51.882
473.076	439.497	40.230	51.168
476.031	422.778	42.013	50.180
481.094	385.379	38.867	52.433
478.928	362.175	39.214	50.259
476.812	348.170	37.219	42.049
477.530	322.730	43.305	45.711
477.979	308.787	42.055	44.074
480.434	300.500	38.910	40.764
480.940	299.419	38.325	41.254
474.460	303.816	44.059	40.126
472.189	318.560	40.584	44.821
476.957	348.721	32.687	38.596
480.183	371.756	37.416	42.180
482.251	398.784	36.094	45.721
475.796	430.550	38.970	47.457
470.528	451.807	42.389	44.701
472.343	440.147	40.031	49.178
470.540	430.336	42.841	57.971
475.130	373.419	33.597	48.455
473.227	357.082	31.446	47.823
470.470	341.412	35.089	41.885
469.880	335.051	32.907	42.187
468.225	327.121	35.652	43.674
469.251	326.780	34.146	42.094
467.338	322.607	36.461	43.685
467.226	320.409	37.357	42.424
467.697	318.277	35.927	43.553
464.603	312.013	37.564	46.952
461.247	305.386	39.063	47.591
458.414	300.989	39.273	46.706
457.200	300.507	40.458	39.548
457.226	301.670	39.158	40.787
455.927	303.814	40.675	47.592
456.358	309.457	42.196	50.843
454.749	313.656	43.999	50.440
451.003	318.094	44.006	48.591
444.593	314.693	46.399	53.700
451.966	312.468	36.251	51.628
449.061	314.379	36.310	51.818
453.866	318.823	30.601	47.543
454.517	318.456	27.847	48.308
452.625	315.442	30.082	53.106
443.262	281.105	43.267	48.483
443.924	288.827	43.346	46.292
448.665	319.316	37.555	50.288
446.415	317.742	47.229	52.638
450.167	300.561	48.776	49.565
450.928	295.597	40.307	46.909
451.408	288.424	46.020	50.118
449.837	279.197	59.247	53.112
462.146	260.745	46.221	47.957
465.456	243.422	43.876	50.496
464.625	229.844	42.913	50.034
452.367	231.796	39.361	65.038
447.471	230.440	50.641	66.752
452.676	226.678	50.122	69.539
452.261	231.565	53.037	61.523
453.029	237.608	53.780	61.065
450.175	240.795	61.067	64.460
418.981	221.315	60.441	75.814
417.234	238.237	65.723	66.278
414.289	309.662	57.976	51.240
465.739	402.514	41.872	42.454
470.685	421.160	55.802	43.653
482.038	432.681	62.779	58.593
506.412	448.300	48.271	54.815
530.855	471.166	43.217	46.714
541.469	466.030	37.139	51.028
536.965	458.673	43.344	49.824
543.324	452.727	43.006	50.541
549.074	449.277	44.874	43.432
554.819	447.564	44.123	42.283
560.283	447.253	42.754	42.475
566.425	450.306	39.408	44.062
570.311	456.023	36.346	50.457
574.058	462.567	30.799	51.302
562.383	468.922	41.183	43.185
563.622	467.345	40.785	42.522
569.224	460.698	37.950	47.021
569.866	473.966	40.602	47.322
566.411	470.986	38.213	49.400
570.471	470.899	30.681	47.315
555.535	471.175	35.664	42.452
546.782	473.299	33.938	37.516
533.041	473.965	34.206	34.274
513.388	471.147	44.978	36.314
501.408	466.179	42.387	39.463
484.200	467.506	41.858	40.328
465.997	472.592	41.747	31.709
444.886	473.325	50.403	30.477
424.260	471.064	56.234	33.310
407.284	472.525	47.326	34.148
397.087	473.958	49.938	36.540
386.166	473.378	52.401	35.294
383.802	476.564	51.487	34.269
369.694	482.820	55.888	31.963
373.385	484.672	54.133	31.812
381.489	487.616	45.494	28.889
385.674	479.174	50.552	34.130
381.385	460.735	68.836	48.111
385.612	422.712	82.301	60.707
398.770	388.788	69.693	57.400
393.911	378.234	67.017	57.846
390.999	361.867	64.778	70.816
395.168	344.115	58.639	76.144
398.670	331.310	56.263	82.727
409.859	317.806	48.516	81.318
407.962	312.310	51.661	80.415
403.165	304.659	53.602	82.100
410.231	282.863	57.087	84.064
389.134	262.824	59.396	72.585
387.221	253.905	53.870	56.424
386.740	261.054	50.395	49.734
386.935	268.192	41.987	38.820
385.619	274.836	52.649	34.818
392.780	285.932	70.152	43.292
419.584	302.781	56.770	56.703
435.125	310.982	53.727	51.674
453.086	318.441	57.201	56.938
456.519	304.379	54.049	63.929
461.669	315.164	42.689	49.902
477.409	301.353	38.216	47.279
483.440	298.587	39.212	47.231
492.650	295.732	38.400	47.881
502.444	299.400	39.025	44.157
512.851	305.345	39.709	42.014
518.257	308.306	44.072	40.499
522.384	305.963	40.317	44.593
524.739	309.786	48.611	43.213
524.360	315.939	40.748	40.908
529.491	319.002	42.164	45.367
518.787	364.476	50.777	37.569
529.450	362.166	43.244	43.824
535.103	363.209	35.138	41.441
530.780	365.631	40.494	40.135
536.257	357.760	41.292	44.499
560.349	330.418	45.088	52.977
584.025	321.517	42.323	49.123
589.960	321.426	45.736	48.531
594.971	319.518	50.163	51.808
605.413	308.184	45.224	52.667
617.829	312.917	39.261	42.389
626.330	317.115	36.543	37.157
640.558	315.195	40.172	41.511
643.173	325.432	54.277	41.442
642.459	327.407	54.568	53.977
652.813	319.288	41.112	42.950
658.705	316.871	35.356	39.958
652.759	322.626	57.396	46.566
654.434	308.104	36.049	49.627
660.269	305.254	37.525	45.202
663.195	287.037	34.943	50.003
671.012	297.531	31.059	46.760
672.285	310.055	33.367	39.695
679.980	311.257	27.412	37.578
682.715	315.397	31.961	36.879
688.271	315.498	32.136	41.335
693.669	316.886	31.883	42.439
691.069	315.192	28.649	42.627
693.699	316.933	31.660	39.225
697.271	325.308	29.130	33.698
701.872	324.549	28.327	32.044
702.034	324.809	44.374	35.780
727.068	344.776	43.402	43.211
731.184	345.159	52.114	52.319
735.782	337.790	62.301	66.102
745.299	348.016	59.118	67.773
751.862	357.871	65.120	74.059
750.837	366.552	66.082	66.916
738.435	352.165	67.736	71.709
727.110	423.620	52.179	59.168
734.690	410.714	59.933	59.101
756.088	395.041	49.450	61.185
763.242	396.026	36.997	70.859
763.529	399.497	40.324	67.885
766.267	403.995	42.088	62.109
771.459	405.465	39.488	56.913
783.123	408.483	30.896	50.573
779.927	403.672	35.879	46.807
765.994	389.826	46.896	34.441
759.707	375.977	52.945	45.414
763.527	361.468	55.077	55.729
757.508	350.359	54.966	50.189
761.371	336.158	58.924	61.210
765.164	357.544	57.871	58.758
765.152	354.982	53.341	59.696
762.376	357.423	51.630	59.511
759.075	347.790	57.787	62.017
751.940	347.498	56.728	58.561
759.294	357.671	56.776	55.348
754.869	354.505	53.908	54.519
755.302	360.192	57.057	59.136
742.617	341.679	36.946	55.853
741.403	339.903	32.339	55.920
741.736	348.400	33.098	50.554
747.003	351.105	50.629	51.628
757.823	360.799	56.207	54.427
764.014	361.437	51.476	58.715
751.266	351.362	57.133	52.643
753.305	343.908	50.928	57.857
752.684	338.830	37.312	51.524
755.969	341.524	28.090	34.113
757.300	344.164	29.576	28.661
758.324	346.737	29.290	29.742
759.249	349.235	30.620	27.092
760.191	350.912	30.690	33.059
760.511	351.854	32.198	36.570
759.729	352.176	33.286	30.203
759.881	353.149	33.453	29.231
760.163	353.166	33.092	29.365
759.765	350.525	33.596	29.309
758.193	348.076	34.257	30.572
751.291	347.329	40.114	39.740
761.180	391.583	38.676	39.752
765.552	390.047	38.731	42.208
764.149	379.938	39.095	40.290
760.801	382.546	52.951	37.845
758.512	378.201	47.706	41.744
776.710	382.571	51.706	37.788
784.832	372.841	52.903	44.439
771.293	355.455	54.204	46.587
763.977	357.368	58.408	45.635
779.713	372.042	51.545	42.012
770.645	376.961	50.157	41.248
768.392	374.534	48.783	51.126
752.771	362.634	53.057	49.725
737.622	360.549	54.767	46.615
726.806	356.791	49.524	36.676
723.285	354.217	42.255	36.482
716.554	352.504	38.381	40.177
710.669	355.371	46.345	39.103
703.076	349.051	45.702	40.588
694.479	355.075	41.292	35.671
688.462	356.330	35.361	29.683
687.031	354.668	36.011	33.263
679.656	353.088	53.835	40.200
670.477	352.704	48.686	39.244
659.467	350.853	43.272	35.057
652.417	353.921	39.556	32.492
645.128	351.621	33.585	31.762
636.123	350.941	37.058	28.226
633.331	349.793	36.174	27.544
627.181	347.609	37.237	28.037
620.392	344.890	40.002	29.981
614.300	344.547	35.478	27.115
609.671	344.470	36.298	27.068
604.202	344.262	38.139	29.835
600.456	344.426	38.445	28.848
595.723	344.132	38.824	30.304
594.672	340.277	35.942	34.716
592.261	339.107	33.126	36.116
585.708	337.293	32.313	37.349
580.156	343.182	32.664	30.734
578.104	344.862	31.375	28.440
572.786	345.291	32.024	28.128
567.344	344.972	31.958	29.543
563.689	345.497	31.366	29.480
557.380	344.761	34.440	27.004
552.457	343.685	32.682	28.737
545.843	344.887	33.790	29.373
539.969	345.234	37.483	31.038
533.274	345.234	37.286	31.230
528.830	344.540	37.690	30.492
524.646	342.430	34.939	31.448
520.183	341.103	35.545	34.044
518.193	338.921	33.553	35.690
512.089	338.343	34.548	30.705
506.586	336.374	35.316	31.503
502.272	334.152	36.217	34.562
497.963	334.228	36.276	33.294
492.099	333.763	37.494	33.554
486.490	335.285	39.307	28.828
483.646	334.539	37.014	28.479
479.047	335.108	38.132	29.534
474.199	335.228	36.747	30.762
468.784	334.388	40.438	31.592
465.113	333.564	38.530	32.586
459.061	332.497	39.961	31.672
455.949	332.094	36.332	31.261
451.080	331.167	38.579	32.253
446.712	331.457	34.988	34.008
441.377	332.558	37.636	32.487
434.958	333.202	38.235	31.386
428.249	334.088	44.651	31.568
424.332	334.004	43.557	32.157
418.160	334.539	35.841	33.262
411.499	333.713	37.195	31.833
402.988	331.785	38.206	32.082
396.170	328.808	38.866	32.545
388.690	326.629	37.678	31.571
382.216	324.731	37.115	31.051
374.016	324.227	40.789	30.203
366.158	324.549	37.508	30.788
359.620	327.334	37.098	32.017
351.456	331.303	40.248	34.164
344.489	339.877	37.976	36.517
335.976	352.218	38.735	34.667
323.847	376.835	41.353	33.672
314.939	394.388	32.656	35.657
310.178	421.897	36.711	32.374
303.929	436.313	36.936	40.900
346.905	416.204	37.011	30.851
298.791	432.768	37.575	39.245
296.362	411.405	36.879	39.875
293.682	392.788	32.386	41.329
289.451	372.350	37.523	41.591
289.104	362.692	35.676	38.571
279.976	360.652	40.064	39.694
274.558	356.145	42.783	46.006
274.163	348.625	46.457	45.597
271.599	348.354	48.246	46.786
266.349	346.094	44.027	52.322
263.064	345.022	55.176	57.887
265.603	334.091	57.773	65.567
252.720	322.289	65.703	62.826
267.436	324.099	46.590	45.206
256.523	324.635	50.669	42.046
245.437	322.320	52.922	46.264
284.145	336.705	49.313	52.998
283.465	348.289	55.168	50.424
266.192	341.432	58.902	50.027
258.840	341.218	43.976	35.723
255.801	338.734	41.098	31.250
256.740	338.042	37.310	31.969
254.949	334.754	36.851	32.656
249.468	330.977	38.673	33.416
245.428	326.145	38.941	31.329
241.158	323.152	38.336	29.420
239.908	319.729	36.805	31.927
238.093	318.273	38.450	32.604
237.316	319.262	38.539	32.206
236.316	323.604	35.465	31.301
234.407	326.473	34.464	34.454
230.487	333.772	37.165	37.239
229.074	347.217	38.062	39.554
228.995	362.169	39.773	45.031
229.324	392.790	40.338	37.325
229.265	418.703	40.405	40.606
227.226	446.554	40.799	38.462
226.502	451.413	40.782	40.825
226.376	438.593	41.749	44.913
224.643	414.837	40.828	46.659
220.853	393.844	45.475	41.177
224.961	377.412	41.202	41.335
213.945	364.000	47.050	35.891
214.495	351.323	44.993	36.027
215.823	341.067	44.643	34.250
217.890	332.264	42.907	34.677
217.248	324.869	44.239	33.698
221.657	318.869	40.674	36.094
222.964	316.124	39.046	35.774
224.080	314.271	38.563	35.734
224.384	313.750	38.595	35.298
224.712	314.116	39.703	35.134
225.686	317.987	42.397	34.813
227.663	323.305	43.672	39.049
227.931	333.932	44.595	39.464
234.010	348.495	39.792	41.338
238.559	367.785	37.829	42.752
240.652	398.309	39.435	40.846
245.616	423.217	39.530	38.480
247.451	446.668	38.111	40.016
248.017	448.451	37.112	45.643
247.383	434.127	38.855	47.442
244.528	410.854	41.349	44.732
243.610	390.838	38.060	44.191
242.216	376.002	38.093	36.640
239.736	353.451	38.831	42.989
236.923	345.131	40.122	39.100
233.891	337.480	43.996	37.514
232.312	334.298	44.376	37.488
233.246	333.520	44.118	37.249
233.705	335.676	43.751	35.763
235.252	342.658	41.771	39.164
239.566	355.967	40.040	42.421
244.158	375.135	38.685	43.462
241.842	405.510	40.241	43.462
246.453	432.894	42.684	35.953
247.636	449.544	39.335	43.958
248.484	447.992	37.897	44.230
247.174	431.233	39.905	41.950
244.589	407.880	38.593	43.291
242.407	391.918	38.936	40.487
237.461	375.384	43.082	39.942
236.412	361.295	43.284	38.658
236.648	351.914	40.527	37.607
235.699	344.456	39.177	35.544
235.814	339.844	40.217	32.856
235.973	334.850	39.756	33.546
235.777	330.497	39.650	34.174
236.491	326.399	38.125	34.960
234.152	324.103	38.015	34.283
232.532	323.946	38.491	34.965
233.188	323.803	38.140	34.666
233.741	325.422	36.663	35.113
228.290	330.251	38.765	35.004
227.839	337.656	40.164	38.018
231.055	350.429	38.471	40.850
231.055	375.212	44.179	40.729
237.060	392.044	42.216	45.880
232.830	423.324	50.123	39.735
238.173	445.869	46.725	43.841
240.810	445.681	40.524	42.496
237.929	432.178	44.229	44.720
235.040	406.474	43.336	42.860
235.002	390.130	41.918	41.776
232.231	371.766	43.137	43.643
225.931	354.891	46.142	42.030
226.615	347.318	44.518	38.865
225.511	343.278	44.573	39.122
224.020	341.436	46.000	39.017
224.845	342.347	45.998	37.790
227.012	349.146	45.706	39.818
236.897	364.879	41.318	40.773
236.771	382.860	43.275	43.822
237.598	401.242	43.434	47.996
239.714	432.442	43.831	38.508
243.010	450.188	39.021	43.299
240.688	446.334	37.873	42.701
238.171	427.836	39.793	41.103
233.792	407.326	38.432	40.016
231.901	394.661	39.773	39.827
225.161	366.990	40.618	43.551
226.051	364.020	41.305	38.523
226.605	359.254	38.849	35.230
224.422	355.544	40.018	35.158
224.498	352.967	39.927	35.844
225.737	351.368	39.235	35.333
225.667	349.981	39.366	35.024
226.330	348.588	38.174	35.265
227.143	345.553	37.517	34.163
228.457	341.357	36.985	34.638
229.823	336.872	36.619	35.332
228.942	334.147	37.269	34.022
228.653	333.698	37.665	34.144
227.167	333.725	39.111	33.891
227.515	335.114	37.694	33.177
228.866	336.923	36.580	33.071
228.154	338.855	36.880	32.144
228.254	341.266	36.031	31.139
228.309	342.961	35.581	30.621
228.606	342.553	35.242	32.475
229.020	345.182	34.569	31.763
227.542	347.114	35.422	32.142
227.003	348.593	35.010	32.644
229.826	350.967	33.942	34.081
227.910	351.123	39.217	34.677
231.052	350.703	39.580	35.199
243.349	345.430	32.554	34.701
245.876	337.642	32.480	33.803
241.820	325.534	38.789	40.339
236.544	316.378	46.124	46.467
232.878	307.331	50.321	51.567
225.114	306.231	52.976	40.306
229.047	292.624	50.155	39.310
230.753	275.057	54.430	41.743
212.404	293.065	38.359	51.679
211.196	291.843	60.563	56.217
212.909	262.411	48.877	64.106
233.585	232.563	39.181	55.278
234.539	242.771	45.830	42.652
239.568	245.671	58.388	40.302
244.810	265.951	56.549	45.454
266.260	276.660	41.369	43.130
274.143	284.242	40.677	37.929
274.155	295.287	45.990	38.986
276.846	305.626	38.993	34.012
278.615	311.023	38.641	30.312
279.831	314.103	33.997	29.264
278.310	313.977	39.354	30.015
278.399	312.786	33.112	32.588
279.970	314.350	32.874	32.044
285.005	318.857	34.870	35.686
279.376	324.656	46.558	36.164
274.621	315.945	42.499	42.084
269.119	313.560	41.596	41.349
259.310	317.476	46.803	39.599
243.422	329.822	51.941	49.092
218.227	384.416	41.094	39.400
218.142	387.085	37.688	41.976
213.606	383.578	38.559	39.785
225.011	384.239	35.137	41.153
224.722	389.629	38.706	41.507
223.543	389.084	39.755	43.703
229.753	385.930	32.725	45.981
226.418	386.269	35.160	45.676
226.289	386.973	33.791	44.647
222.802	378.196	38.872	50.470
219.691	383.974	43.846	44.218
222.590	380.969	44.349	46.379
215.479	377.061	51.664	47.181
229.534	343.347	36.630	40.385
229.568	356.712	48.843	38.665
232.296	345.024	36.396	36.918
235.012	352.601	36.576	33.706
228.802	356.939	44.708	35.843
224.277	355.979	65.563	49.206
215.790	383.693	51.127	45.342
237.389	362.111	40.791	58.669
237.158	342.394	32.042	53.594
240.235	339.141	33.237	42.454
229.064	350.999	37.628	40.159
234.628	353.294	40.715	45.966
220.408	376.190	50.975	46.126
223.164	389.294	56.461	44.930
243.390	398.751	49.917	42.995
288.024	429.907	43.026	38.514
299.789	426.008	40.979	46.981
309.538	416.497	44.513	47.298
318.247	426.324	40.473	56.792
328.373	418.241	37.716	57.143
332.234	422.661	43.268	57.963
316.327	408.507	52.463	47.252
289.943	394.632	57.579	45.541
288.234	375.392	55.477	52.393
291.955	370.327	51.097	48.699
301.499	358.535	48.648	53.153
308.390	359.345	53.564	50.213
317.380	365.555	64.644	54.831
371.614	393.344	55.726	45.746
377.355	391.360	58.417	54.467
388.604	392.817	58.014	65.855
399.941	395.550	56.991	74.717
408.061	382.854	54.529	67.336
418.700	386.415	51.241	52.344
419.086	393.956	52.768	40.601
396.959	385.945	56.806	48.696
397.837	373.699	62.758	53.923
410.327	365.650	66.371	63.998
359.168	455.301	66.336	44.938
399.122	452.165	58.624	39.830
418.248	451.321	62.277	35.599
451.069	436.593	57.531	43.172
485.863	417.133	37.153	41.802
495.986	409.319	37.337	41.566
520.805	366.267	39.555	33.318
523.750	367.462	41.135	32.717
530.385	368.576	40.238	35.839
535.156	369.358	44.999	34.434
554.518	362.529	38.470	32.437
564.597	366.501	30.803	27.573
569.670	365.524	32.744	25.479
568.941	359.287	38.392	30.240
621.239	334.345	35.727	33.534
616.142	330.241	40.049	33.318
612.353	328.288	40.732	32.947
606.886	327.031	42.804	33.132
604.436	327.484	39.386	32.527
604.147	330.357	34.056	31.114
602.375	333.403	34.091	29.146
600.906	337.736	36.228	31.413
600.615	339.856	36.236	32.542
593.750	340.296	40.630	35.364
579.296	333.844	49.987	39.150
568.779	328.337	54.954	43.940
583.372	332.936	43.129	48.671
589.148	321.899	32.918	53.902
580.966	331.026	39.570	46.862
563.922	339.914	56.224	46.055
572.387	331.922	49.247	51.049
550.522	340.231	65.602	51.499
533.661	347.574	64.238	50.717
527.566	330.729	65.256	63.288
522.071	318.722	60.252	62.550
505.177	330.464	62.262	60.266
504.391	318.934	67.823	65.941
513.464	330.820	68.998	52.484
509.937	326.661	51.314	58.654
516.153	324.310	37.648	42.685
514.464	327.918	32.940	38.544
503.854	328.478	37.122	35.232
500.744	324.560	33.411	36.211
488.103	328.570	39.982	35.797
440.435	328.791	34.656	33.082
430.030	336.993	36.281	32.636
418.819	342.192	41.651	35.372
408.142	360.968	35.103	36.858
395.393	385.534	37.828	35.898
386.737	412.000	38.059	34.089
378.851	434.862	35.368	34.759
374.163	442.410	35.138	35.494
366.470	428.136	37.932	38.006
360.566	414.291	34.692	31.883
363.144	375.512	37.027	31.519
361.537	372.628	33.298	33.286
346.452	359.597	38.622	29.854
344.952	350.088	31.848	31.873
340.124	343.657	32.372	34.795
336.761	335.203	29.748	29.901
330.880	332.634	34.619	29.864
322.983	330.731	35.216	28.770
319.039	331.834	42.761	36.230
289.861	353.228	46.337	36.060
281.387	352.813	47.592	37.275
280.169	357.622	36.269	31.915
276.362	361.807	33.522	29.260
264.145	382.636	36.700	33.903
269.151	417.166	36.719	29.179
262.105	433.566	40.570	33.450
257.609	435.957	39.913	43.572
249.722	431.954	36.504	38.441
249.252	421.572	32.548	36.438
249.419	428.805	39.175	34.317
254.765	428.549	49.150	31.662
272.711	427.495	53.929	47.523
268.472	437.751	45.334	40.715
236.897	429.718	53.612	41.704
236.099	443.449	55.285	39.443
245.934	446.746	37.563	43.215
218.717	443.486	58.325	42.718
191.220	428.796	52.813	49.130
179.303	421.695	47.625	55.147
172.097	422.575	53.599	57.273
174.573	408.557	66.856	60.609
140.983	379.434	64.188	50.557
136.252	385.393	46.789	42.641
139.085	375.601	45.982	43.150
139.242	373.881	42.950	43.656
144.272	357.298	37.788	48.885
150.823	356.099	65.267	57.924
206.484	387.561	46.247	42.458
207.654	374.130	40.093	37.956
209.413	369.834	35.861	31.569
207.854	366.330	34.929	30.314
206.137	361.658	33.855	29.670
203.798	360.255	33.286	28.653
199.899	359.648	34.516	27.510
194.081	358.590	31.327	30.857
187.195	363.970	35.503	31.695
185.415	374.878	34.453	31.746
184.154	385.474	33.929	38.532
182.168	402.363	34.741	40.990
178.109	430.756	34.840	35.829
176.273	446.803	35.234	35.832
174.247	447.372	32.410	35.821
168.673	432.322	33.956	31.699
160.839	411.660	36.325	35.921
155.496	395.247	37.369	36.237
152.562	388.829	37.598	38.877
152.239	378.849	39.616	34.628
152.985	372.553	35.752	30.900
152.516	368.590	35.249	29.929
150.986	364.543	34.464	30.138
148.915	362.892	36.063	28.851
146.357	360.330	37.177	30.777
142.498	356.371	37.306	33.126
139.119	352.850	38.518	30.290
133.968	350.250	41.602	28.126
133.893	348.986	39.689	28.587
132.888	347.498	39.389	30.186
131.363	347.312	38.647	30.799
129.994	348.169	36.846	31.014
129.345	351.766	36.543	32.425
129.762	359.017	39.530	35.240
129.438	370.131	36.195	35.407
129.359	371.592	38.915	41.242
135.838	386.833	41.509	46.826
131.508	432.712	37.767	31.453
132.667	436.388	35.135	41.792
131.865	437.955	35.489	47.978
127.743	434.050	36.999	39.381
128.176	415.666	38.492	42.724
124.936	386.685	41.880	44.439
122.447	375.308	39.000	46.981
117.480	376.922	40.693	34.743
120.011	371.286	35.204	31.512
120.272	365.678	37.363	29.732
121.714	362.015	36.452	30.295
121.788	359.286	37.208	29.968
122.300	357.852	36.740	30.427
121.497	356.159	38.254	31.278
121.740	355.441	38.087	31.327
121.212	353.896	37.845	31.466
119.401	352.386	37.167	31.919
116.733	350.984	38.757	30.604
115.859	348.412	37.469	31.081
115.476	345.977	37.515	31.674
114.365	342.845	38.136	33.774
115.152	340.137	36.852	30.822
113.616	338.430	38.058	28.943
114.780	337.598	36.957	29.197
115.400	337.500	36.475	29.245
115.129	338.032	36.929	30.350
116.545	343.005	37.700	31.378
118.898	348.677	36.501	32.859
120.648	356.940	36.877	34.218
124.486	370.447	40.108	37.160
126.147	379.645	44.122	37.383
123.593	381.022	43.260	39.815
132.736	434.308	37.240	31.535
135.454	454.177	31.907	35.247
134.697	447.345	30.935	39.691
131.879	430.039	36.311	32.746
133.666	413.130	35.209	40.687
128.725	390.251	37.076	35.393
126.949	377.974	36.515	38.340
123.968	369.070	36.469	35.361
123.486	362.227	35.753	33.205
123.457	356.428	33.577	35.142
123.488	352.634	33.706	33.817
123.659	350.986	33.604	32.791
123.636	351.530	35.713	31.349
123.422	352.437	36.804	31.019
124.552	356.460	35.554	35.102
125.040	364.510	38.677	34.689
127.851	375.049	39.896	37.703
131.474	377.275	40.141	42.965
134.116	390.680	40.081	50.998
132.166	428.778	39.692	34.352
134.819	443.755	35.280	37.540
135.240	444.733	33.208	37.102
132.804	433.636	36.743	39.866
128.636	410.783	41.023	42.913
126.838	381.283	40.062	46.460
123.341	376.072	38.269	39.965
125.429	376.521	32.296	32.056
127.183	375.618	35.793	28.779
125.653	372.040	35.645	29.200
127.812	368.076	35.492	30.520
128.446	363.855	35.179	29.034
129.520	358.506	34.494	29.129
129.152	354.459	34.786	29.141
127.868	351.224	35.980	30.311
128.647	349.114	35.050	31.155
128.877	349.266	35.180	29.963
127.189	348.578	37.158	30.927
127.806	353.768	37.001	31.996
129.306	362.573	38.279	33.383
130.812	365.567	36.740	42.705
126.538	369.372	41.948	42.262
135.887	422.175	38.386	29.010
138.606	430.341	35.998	34.994
141.483	450.926	31.354	31.508
140.914	439.474	31.266	37.063
139.294	424.848	35.299	35.312
142.557	398.698	37.618	39.067
139.048	387.247	38.393	35.970
134.197	372.663	41.267	39.659
132.137	368.330	42.273	39.687
131.105	367.835	38.736	32.073
135.320	363.046	35.592	30.152
138.457	361.466	34.924	30.335
138.465	358.551	35.375	32.116
137.714	358.055	36.593	31.087
138.270	357.180	36.296	31.656
138.947	356.032	35.903	31.996
137.804	354.127	37.780	32.581
135.030	351.155	41.105	34.152
134.302	348.068	41.791	33.214
134.558	343.845	40.662	31.337
134.526	341.265	40.835	31.289
135.602	339.519	39.619	31.438
134.847	339.056	40.810	30.090
134.131	339.883	41.690	29.674
133.945	342.432	41.048	28.074
133.213	345.069	42.139	28.360
133.462	348.241	41.778	28.800
135.288	350.155	39.850	29.361
136.092	351.665	39.054	30.011
134.709	352.886	37.815	29.866
134.136	355.132	33.207	28.803
134.484	357.181	32.159	28.910
133.149	359.134	32.860	29.546
133.527	360.894	34.998	29.830
135.085	362.558	35.289	28.732
138.683	362.879	33.926	28.768
142.017	361.528	34.626	30.313
147.635	355.193	36.199	35.628
148.407	346.113	37.892	43.006
149.071	336.046	40.570	43.660
149.594	323.607	36.437	45.491
148.772	316.424	37.603	45.119
150.877	295.652	41.314	51.098
133.087	292.226	58.032	46.159
160.826	259.831	52.442	65.427
174.039	246.008	51.504	58.028
232.765	187.378	41.265	43.190
264.533	163.317	34.390	38.658
294.320	135.953	34.957	32.741
311.925	121.778	35.051	34.131
329.936	110.247	34.396	29.624
346.689	95.698	36.692	33.243
352.571	85.273	47.184	39.571
374.514	72.467	46.712	40.977
424.468	55.776	35.810	35.624
429.830	49.562	44.004	34.112
437.788	43.904	43.967	34.227
478.718	39.014	39.072	31.539
508.938	36.421	45.037	30.793
524.821	36.527	45.301	32.188
545.340	35.282	43.609	31.147
566.475	35.760	39.824	30.595
582.387	38.840	41.744	30.497
600.624	40.945	41.779	31.161
641.674	49.648	43.068	31.282
657.256	56.423	44.346	32.543
668.708	61.536	46.942	35.116
682.199	66.122	51.017	38.993
732.743	92.422	38.608	36.093
754.435	108.332	37.756	34.323
772.262	129.481	36.685	31.585
776.642	123.626	37.756	32.992
761.810	126.373	48.170	38.194
753.966	135.237	56.560	39.343
769.386	148.155	45.041	55.616
769.364	151.475	44.663	49.297
780.409	144.666	51.724	43.353
785.866	142.480	48.184	43.539
781.667	141.450	47.256	44.326
783.668	144.401	44.442	45.083
779.538	153.421	41.746	43.608
773.461	158.080	42.809	41.165
770.448	157.993	42.816	40.476
766.773	164.708	41.804	36.967
764.129	167.716	42.312	37.638
764.855	169.474	39.038	39.535
764.024	170.604	38.704	42.135
764.058	176.416	36.680	43.361
761.960	193.273	37.652	33.661
762.024	209.617	35.688	32.369
761.590	218.553	35.394	36.081
761.010	228.801	34.915	36.995
760.932	236.561	34.351	39.306
761.040	249.698	34.406	43.290
759.826	252.498	36.472	45.122
759.288	250.726	38.376	49.693
758.623	265.969	46.726	51.035
757.805	262.768	47.330	66.100
759.514	289.625	48.555	49.033
764.095	316.441	42.652	51.650
763.539	321.139	53.665	54.141
759.157	323.048	60.174	61.406
753.552	330.504	84.509	71.263
763.048	391.012	49.658	56.879
764.071	387.368	42.003	58.627
767.807	376.021	39.913	53.961
769.728	363.508	36.282	52.121
765.776	342.555	37.084	37.008
766.391	332.567	34.420	36.787
769.248	320.585	34.087	35.730
767.285	308.719	36.174	36.463
768.793	301.180	33.750	38.661
767.492	294.251	36.032	38.620
768.885	290.141	34.252	38.484
769.320	286.933	35.363	35.352
769.447	285.404	35.817	32.759
770.099	284.599	35.552	32.116
770.691	284.664	35.709	31.254
771.409	285.276	35.928	32.730
773.723	286.857	36.100	36.810
776.248	292.008	37.261	37.001
778.215	296.822	35.687	41.671
779.119	308.000	36.987	40.791
782.142	323.886	35.387	34.889
784.213	339.119	34.825	37.408
782.897	355.416	38.676	38.347
786.109	366.364	36.655	37.356
788.982	377.612	34.879	39.402
794.162	409.283	35.366	29.782
794.376	407.782	32.652	32.855
792.745	411.145	33.836	31.664
792.427	413.320	35.831	33.951
798.012	408.818	37.424	36.521
795.565	396.773	37.891	40.278
791.016	383.008	39.898	50.748
791.487	366.462	40.197	46.104
794.408	358.652	39.095	37.671
795.533	352.099	37.477	36.221
796.732	348.246	36.332	34.460
799.028	343.124	34.367	33.514
799.430	340.300	34.908	31.698
799.900	340.307	35.393	29.873
799.886	339.900	35.802	29.624
799.963	339.615	36.842	30.623
800.222	341.860	37.730	33.053
799.753	346.753	38.729	35.094
801.183	353.430	38.244	34.876
801.477	361.372	37.959	37.223
807.850	370.334	35.127	36.752
805.034	373.995	36.872	40.254
812.150	396.373	41.404	38.200
809.936	403.769	43.346	39.835
800.617	407.690	54.277	37.670
795.909	402.089	59.992	43.021
797.100	395.138	63.091	46.589
810.135	403.034	51.014	45.061
814.287	394.131	41.597	45.608
812.510	387.131	43.948	43.711
812.181	378.676	42.174	43.309
807.368	368.017	48.095	45.477
808.486	365.769	51.182	43.195
814.460	369.341	47.548	37.018
814.256	368.353	44.870	34.590
815.136	368.584	43.319	34.575
815.391	368.589	41.324	38.771
817.808	369.749	43.724	39.974
816.188	372.120	40.789	46.009
810.527	390.972	44.633	45.354
787.415	390.858	56.748	45.498
767.366	393.514	71.130	52.141
791.317	400.453	51.145	42.166
786.820	395.284	51.630	42.170
780.025	388.373	45.023	43.651
774.196	379.874	48.437	44.956
772.390	364.380	47.539	47.974
771.465	353.051	43.149	44.021
774.076	346.335	32.234	42.239
772.706	351.582	31.640	34.733
772.147	353.399	30.706	32.885
770.727	350.951	31.903	32.097
768.920	351.167	33.488	32.291
764.424	350.740	37.716	33.869
747.797	346.112	35.503	33.659
745.065	347.744	38.167	35.698
734.438	345.663	38.687	33.612
731.928	350.419	40.703	33.253
722.065	350.380	45.506	35.967
697.949	347.647	43.143	36.540
704.049	343.720	42.774	39.027
705.675	349.123	47.770	36.120
681.504	348.865	57.487	52.593
655.928	355.743	62.404	63.438
640.813	352.365	58.490	60.107
639.343	403.184	41.471	48.322
637.107	407.635	43.618	41.727
616.386	395.525	54.652	47.087
614.011	372.661	52.782	49.675
593.302	348.829	56.666	40.420
590.987	349.216	42.784	38.082
581.219	351.495	38.486	43.571
577.294	344.239	34.510	41.163
571.967	350.031	35.188	33.560
565.584	349.929	36.618	34.039
555.604	344.015	32.243	35.577
547.749	343.644	34.421	31.999
538.277	338.487	33.035	32.232
530.939	337.513	35.216	31.199
523.769	334.060	35.344	31.061
519.236	330.813	34.085	33.265
510.432	328.513	34.149	33.119
501.928	330.132	35.782	30.244
495.588	331.364	36.734	29.732
486.215	335.422	35.104	31.228
477.677	336.500	32.788	32.665
468.325	340.883	41.713	35.639
453.564	357.645	35.616	41.103
442.974	373.827	43.267	45.572
466.947	363.715	40.757	38.431
441.606	378.244	43.258	46.482
429.759	368.440	58.208	47.020
420.410	368.973	59.892	60.777
406.600	417.350	40.561	50.260
407.331	404.658	35.677	41.368
402.806	393.601	33.735	38.458
398.009	383.341	39.114	42.115
392.525	359.221	48.296	39.438
383.701	357.216	42.466	38.221
384.606	352.189	39.046	39.127
383.197	349.189	35.269	37.964
377.881	347.804	35.217	31.555
369.859	348.582	37.693	28.091
363.529	347.308	39.437	27.854
356.798	347.462	35.747	28.479
350.538	347.504	38.139	30.680
344.129	346.923	38.576	31.908
336.157	346.924	38.872	32.314
326.191	346.761	37.119	34.855
320.603	347.158	41.561	33.193
310.488	346.819	45.569	35.736
304.186	346.642	46.205	35.451
302.207	346.947	49.687	36.927
293.053	346.728	47.236	38.811
293.426	348.390	39.846	36.880
280.560	345.576	40.176	35.871
275.802	341.640	39.019	34.457
297.403	303.611	35.257	39.065
269.054	344.992	34.975	31.812
262.411	345.791	34.732	33.323
259.636	344.947	33.552	34.204
257.980	345.453	38.384	35.383
252.479	347.577	40.029	32.200
246.377	347.989	44.134	30.871
238.634	348.802	48.066	30.416
239.066	348.055	45.439	31.074
238.735	348.614	40.950	29.736
240.717	347.459	37.556	30.275
241.169	344.879	35.955	31.006
240.154	341.979	37.867	31.842
232.698	340.303	45.759	30.782
233.696	335.228	42.785	31.564
231.099	332.712	41.218	33.388
236.218	331.351	34.146	32.286
236.632	332.246	31.756	29.684
236.357	333.426	31.851	29.200
236.970	336.093	32.439	30.401
238.251	340.336	34.411	32.329
238.567	346.391	33.409	35.489
241.818	360.896	35.308	34.626
243.244	374.465	33.770	38.136
232.133	377.647	36.021	39.861
221.238	377.335	41.033	41.615
213.828	382.051	48.770	47.545
244.073	432.823	42.150	43.132
244.046	432.145	40.706	40.347
241.073	418.632	35.899	37.055
243.462	398.897	33.099	34.879
242.915	385.359	31.671	32.879
239.891	372.868	31.794	33.475
236.194	364.532	36.050	32.469
236.033	358.845	36.637	29.926
238.711	352.992	34.680	32.079
239.611	349.590	35.143	29.608
242.714	347.357	32.660	30.053
243.384	348.289	31.889	28.095
244.563	347.221	31.144	28.889
244.362	349.752	34.220	29.690
252.030	355.767	34.620	32.769
253.662	362.531	36.801	35.516
255.190	373.326	37.344	39.126
254.454	381.122	38.258	44.694
258.795	386.438	35.239	53.137
257.831	375.736	39.317	53.176
258.724	376.912	39.237	52.358
262.351	431.499	32.098	41.227
261.530	422.242	31.889	34.754
254.288	401.705	40.364	48.005
258.969	392.167	33.305	40.604
257.277	381.477	35.903	38.755
260.637	374.454	35.110	37.177
255.989	369.936	37.647	35.583
253.536	367.433	35.081	30.860
254.997	365.997	38.284	28.098
256.647	364.579	32.530	28.480
258.683	362.469	33.918	30.342
257.439	361.691	35.777	29.644
256.745	361.679	33.573	29.807
257.864	360.968	32.544	29.170
257.747	359.683	31.245	27.262
259.247	354.798	29.137	29.258
255.134	351.915	33.782	27.076
253.991	349.856	33.877	26.677
257.366	347.389	32.345	27.438
257.097	346.506	32.262	25.960
255.052	346.997	34.587	26.422
255.256	346.643	33.619	27.133
254.620	347.945	32.641	28.132
254.840	351.121	32.967	28.482
253.954	353.674	32.641	27.884
253.610	354.170	33.241	28.812
252.989	354.816	33.169	28.562
253.258	355.752	33.555	29.311
253.293	356.344	32.386	28.235
253.656	357.070	32.055	27.022
253.543	356.993	31.704	26.971
253.500	356.993	31.166	27.318
253.283	357.271	31.586	27.237
253.219	357.431	31.841	27.163
253.392	357.343	30.981	28.322
253.480	357.654	31.207	28.551
253.584	357.965	30.741	28.499
252.312	359.218	32.407	26.473
252.435	359.094	32.261	26.913
252.392	359.008	32.418	26.912
252.222	358.805	33.396	26.993
252.412	358.849	33.808	27.125
251.995	358.569	35.055	26.955
252.162	358.358	35.368	27.211
252.679	358.579	35.397	27.214
253.090	358.491	35.308	27.143
253.279	358.812	35.871	26.805
253.506	358.754	36.777	26.690
253.944	358.676	36.695	26.792
254.193	358.690	36.625	26.863
254.354	358.763	36.589	26.807
254.461	358.455	36.086	27.396
254.049	358.425	35.781	27.750
253.926	358.396	36.537	28.076
254.588	358.317	35.539	28.018
254.334	358.529	35.587	28.190
254.369	358.879	35.649	27.670
254.210	358.549	34.839	28.320
255.562	355.404	33.222	30.612
257.353	350.885	31.824	32.682
258.453	348.151	31.593	28.455
258.767	346.342	33.192	28.954
259.072	344.125	34.270	29.279
257.612	343.923	33.449	28.476
257.758	344.023	33.126	26.826
256.680	344.556	34.444	28.932
256.974	345.307	34.102	28.962
256.603	346.207	34.283	28.343
256.875	346.692	33.232	27.700
256.092	346.658	34.049	28.650
256.661	346.237	33.488	29.753
256.697	346.764	33.055	30.419
255.386	350.007	33.711	27.794
254.872	350.633	33.437	28.817
254.442	352.521	33.549	28.098
253.196	355.667	31.897	27.880
253.439	358.009	32.917	29.924
253.343	357.322	35.180	31.426
253.052	361.108	33.237	32.880
252.997	363.417	33.658	30.826
252.745	367.918	31.523	29.168
252.936	369.541	30.548	28.103
253.940	370.603	30.715	27.452
259.077	372.483	32.586	27.783
264.708	372.422	33.384	29.594
269.305	368.011	30.754	31.567
272.316	360.263	32.083	33.889
274.241	351.194	33.972	38.614
267.816	341.185	42.956	43.825
254.144	340.322	42.668	39.657
265.363	324.819	36.536	38.908
255.267	319.206	44.366	34.414
257.648	306.153	37.415	38.063
262.600	297.026	42.055	35.264
248.004	306.978	59.750	46.754
279.122	328.425	62.330	43.700
279.314	361.850	44.803	48.289
246.434	379.268	55.169	59.228
283.813	370.180	45.546	44.006
276.157	367.733	49.684	47.704
277.351	364.236	48.102	49.872
271.575	355.041	65.785	56.676
240.523	360.521	65.622	58.253
237.290	353.437	70.557	61.502
233.206	360.590	70.656	58.045
220.340	368.443	73.382	52.112
257.474	347.247	61.048	55.756
309.232	348.714	52.936	32.402
298.611	354.741	52.677	38.855
313.268	354.836	43.741	40.026
303.546	356.983	45.719	39.825
308.447	355.512	44.624	40.474
321.395	363.224	41.563	35.713
318.561	363.798	43.117	37.004
311.354	352.191	52.857	45.055
309.993	358.856	51.475	42.347
308.423	359.403	51.611	47.241
295.756	362.502	56.247	45.833
274.713	365.626	61.449	46.924
255.435	362.547	57.186	55.828
250.710	348.809	61.263	61.563
251.822	364.203	60.331	52.257
268.629	373.724	45.574	39.931
265.069	371.516	48.167	43.086
275.085	372.675	43.415	34.412
269.598	369.553	41.100	39.171
274.400	379.978	35.704	45.178
275.926	383.582	33.785	42.654
273.050	384.144	37.406	41.645
276.155	376.450	36.438	40.740
269.169	374.414	46.364	40.807
258.428	365.782	49.607	48.581
216.678	382.740	50.783	40.564
224.781	390.830	47.204	47.240
233.251	393.412	52.031	47.265
248.651	396.066	49.502	49.163
245.622	396.032	57.981	42.757
305.095	321.689	35.124	39.262
307.878	331.312	32.038	36.542
310.143	330.147	30.490	35.763
313.008	326.867	28.567	35.468
315.398	319.573	33.476	30.300
