644.000	474.000	44.000	98.000
643.016	480.950	48.728	84.995
643.593	477.589	48.123	86.467
644.675	476.657	47.803	85.585
646.817	473.138	47.248	85.419
648.093	471.739	46.124	84.603
649.601	469.327	44.577	85.132
649.705	467.133	44.634	84.772
650.134	463.933	45.199	87.259
653.024	460.720	44.508	84.782
654.249	460.649	44.244	83.540
655.399	460.382	44.508	82.895
657.325	460.409	43.183	82.009
659.176	459.786	42.173	81.494
660.684	457.910	42.609	79.031
661.771	456.760	41.714	78.907
661.713	455.705	41.935	79.490
660.877	455.441	42.266	78.523
660.013	455.302	42.425	78.589
658.870	453.137	43.589	78.998
657.740	451.987	44.713	79.607
657.424	450.523	44.319	81.539
657.066	448.216	43.483	83.573
656.620	445.406	43.392	84.791
656.410	441.114	42.647	84.552
655.939	437.944	44.094	83.441
655.996	435.828	44.677	81.017
655.796	433.384	44.994	80.778
656.617	431.297	44.410	80.193
656.761	428.870	44.770	79.623
657.217	427.346	44.568	80.194
656.396	427.520	46.041	78.618
654.622	426.705	47.086	81.231
651.718	426.905	48.015	82.494
643.381	431.406	47.585	82.670
637.368	432.452	49.993	83.276
633.750	435.529	48.501	83.829
630.987	439.687	47.630	83.726
629.742	445.260	44.532	82.637
624.679	449.737	45.731	79.438
622.531	448.678	46.954	79.326
619.791	445.477	48.092	81.700
618.794	441.363	47.423	83.343
615.746	435.487	48.771	86.269
614.201	429.359	49.880	86.972
613.944	422.297	50.587	86.110
612.264	420.648	52.441	85.016
610.361	419.379	52.467	82.691
608.629	419.095	52.534	82.357
605.214	416.877	53.367	84.445
603.035	413.932	51.418	80.807
602.865	411.578	50.130	82.520
603.616	408.862	49.767	80.365
604.517	406.200	51.542	81.155
609.713	403.220	49.178	79.972
611.461	397.842	49.500	81.578
610.869	392.052	49.857	84.383
605.806	388.691	50.623	84.357
599.431	385.926	50.973	83.047
596.080	385.336	50.935	81.130
597.090	384.335	47.908	75.899
597.187	383.891	49.011	77.114
601.505	379.902	48.987	83.606
603.717	376.379	50.524	83.217
608.651	371.654	48.278	81.053
610.524	368.365	47.114	76.406
611.754	366.398	45.859	75.012
611.561	364.968	46.246	77.486
609.297	363.395	47.632	77.513
605.524	359.173	48.713	80.428
599.504	356.134	48.260	76.111
594.996	356.017	47.662	75.439
594.876	354.358	45.004	75.731
595.064	353.095	42.983	76.056
593.720	351.377	44.670	78.082
594.091	350.398	46.959	75.516
595.471	348.803	47.098	73.455
589.404	347.361	54.019	74.713
588.277	345.516	55.301	75.878
588.224	343.769	54.540	76.175
586.524	342.009	54.733	74.331
585.094	342.495	54.875	72.895
583.330	341.314	54.403	72.390
582.442	339.602	54.151	73.621
580.763	339.531	54.935	74.197
579.787	338.060	53.370	76.362
578.969	336.124	53.235	75.165
579.236	334.383	52.521	75.477
580.298	331.571	51.227	74.546
580.279	329.474	50.929	75.355
580.317	327.626	50.436	76.701
580.244	326.995	50.907	75.296
579.448	327.256	49.652	74.433
577.898	327.037	49.803	73.602
577.846	327.142	48.713	75.553
576.352	326.399	49.853	76.944
575.559	325.566	49.135	77.133
573.881	324.844	50.571	77.171
573.132	324.432	51.192	75.796
572.539	324.056	51.841	74.167
570.445	324.103	54.247	72.804
569.077	324.263	54.217	74.638
567.902	325.189	53.792	75.314
567.284	325.893	52.240	74.862
568.771	322.988	50.437	77.194
571.200	317.688	47.955	80.592
573.412	316.113	47.025	79.971
574.378	315.608	47.497	80.069
575.118	314.796	47.450	81.252
575.370	315.191	47.482	79.227
573.107	316.207	49.866	75.263
573.808	315.188	50.054	73.358
574.559	312.538	51.436	72.679
577.084	309.737	52.223	74.621
581.040	307.968	52.099	74.649
583.461	306.837	52.246	75.644
584.608	306.923	52.415	75.981
585.061	306.289	53.270	77.452
584.245	298.939	51.947	79.142
581.499	293.227	51.982	81.896
578.124	288.331	52.606	76.932
578.533	284.943	50.472	74.252
579.756	283.504	47.778	71.411
582.958	282.471	44.852	70.477
586.059	281.906	42.421	74.021
589.086	283.283	39.951	73.802
590.920	283.721	38.203	74.597
591.710	285.231	36.808	76.124
593.137	285.789	37.231	76.043
595.221	285.683	39.522	77.145
599.708	283.534	41.710	74.680
605.273	281.550	41.588	71.526
607.710	279.501	43.643	70.401
609.032	279.382	45.638	69.074
609.696	278.047	45.932	70.756
610.280	273.396	46.839	76.254
613.140	268.384	46.927	78.372
616.209	263.956	46.505	79.160
616.822	259.836	48.921	78.756
618.146	259.174	49.445	76.223
622.084	257.743	46.690	73.384
624.834	257.390	45.808	70.538
628.071	257.444	44.165	68.477
632.259	256.817	40.779	67.505
634.279	256.994	39.093	69.202
634.958	256.109	37.406	69.638
635.107	255.177	35.097	70.534
634.343	254.345	34.995	71.768
634.320	253.768	34.307	72.178
633.760	252.699	35.068	72.875
634.025	250.644	35.316	73.536
633.481	250.057	35.664	72.134
632.608	248.886	35.964	71.626
632.839	246.841	35.702	71.110
632.167	245.104	36.791	70.606
630.744	243.634	38.888	70.221
630.081	243.581	40.134	69.811
630.099	242.752	42.081	70.726
631.181	241.692	44.128	70.211
636.093	239.660	44.836	71.593
638.403	237.212	46.911	72.537
642.532	237.591	46.912	69.723
643.641	237.412	48.608	69.691
646.904	237.706	46.640	67.148
650.959	238.024	43.840	66.981
656.045	238.131	40.018	68.764
660.116	238.500	37.475	69.156
662.129	238.408	37.094	70.958
664.210	238.384	36.449	71.381
666.143	238.457	35.420	71.575
667.406	238.335	35.197	72.612
667.910	240.162	35.735	73.117
665.797	242.830	35.968	74.592
662.564	249.665	37.363	71.352
659.462	253.082	38.434	72.884
656.928	260.427	40.107	70.979
655.040	264.495	40.989	74.195
653.428	266.364	42.389	80.186
651.905	266.433	42.051	87.305
648.738	274.698	45.503	85.265
647.487	279.566	44.192	83.916
646.529	288.395	44.485	78.617
646.237	285.449	43.685	80.714
642.266	287.457	45.935	83.649
641.424	290.119	45.810	85.028
640.041	303.954	41.514	78.403
639.953	314.223	39.467	71.367
638.149	318.499	38.599	67.733
634.451	324.015	39.118	63.360
629.200	325.718	40.379	61.609
624.690	325.210	40.582	62.664
621.268	328.518	36.579	61.779
619.669	329.820	35.627	59.981
620.118	329.782	32.186	62.696
621.310	332.647	31.816	60.880
623.243	332.119	29.800	62.987
622.687	331.568	30.769	65.462
624.185	332.915	29.006	66.169
624.091	329.336	29.386	71.455
