51.000	215.000	111.000	112.000
74.936	214.950	108.787	108.245
96.911	213.339	110.431	113.773
120.888	213.721	107.436	113.080
144.771	211.429	109.644	109.034
164.747	211.158	110.922	114.850
182.402	209.514	105.967	114.463
203.196	206.610	109.490	115.690
225.964	205.482	104.502	116.044
257.796	201.864	93.890	114.768
280.737	198.332	88.365	117.173
300.558	198.848	81.427	113.280
319.461	197.184	78.951	113.954
335.285	194.805	78.717	112.576
351.220	193.228	78.599	109.472
366.777	191.159	78.696	111.040
381.514	191.090	82.800	107.696
400.522	190.347	82.600	102.841
418.715	187.830	78.647	105.156
431.084	186.913	74.280	102.912
447.102	184.540	69.484	103.249
460.068	182.026	65.411	103.362
439.566	178.950	60.023	104.684
418.988	177.839	60.267	99.619
392.213	174.520	60.280	102.755
370.204	172.503	62.670	99.347
348.933	173.978	63.398	96.018
332.896	173.261	61.401	97.209
339.762	166.223	58.890	93.115
352.019	160.945	50.251	98.101
358.462	158.153	48.637	101.500
369.120	159.904	43.299	94.013
381.390	158.209	39.791	96.874
386.211	157.934	40.405	95.861
394.491	154.977	43.657	96.307
402.967	150.505	43.843	96.143
411.611	148.853	41.505	95.757
422.869	146.156	40.131	94.169
430.337	143.813	39.983	91.967
437.547	142.306	40.837	90.394
444.248	141.810	41.318	86.271
452.206	140.832	41.738	85.303
460.912	139.171	43.087	85.963
471.296	137.242	46.490	84.063
477.327	136.846	49.435	83.620
485.971	135.281	51.126	83.079
495.482	134.076	54.052	83.839
506.088	133.180	55.573	82.293
480.363	132.597	57.872	80.977
458.587	125.036	62.276	86.028
440.199	123.770	62.919	85.896
418.001	125.278	65.330	82.933
395.008	124.975	64.056	80.432
371.346	124.178	63.173	78.773
347.517	123.382	64.656	78.947
333.764	120.667	64.843	80.335
309.849	119.370	66.167	78.514
279.496	117.371	70.481	78.980
262.525	117.468	72.524	77.532
241.912	118.217	74.736	76.389
220.870	114.704	73.075	80.808
201.945	113.913	75.676	79.260
184.650	113.271	75.634	79.519
165.224	113.966	76.078	78.412
142.727	113.938	77.585	75.021
122.421	113.986	80.130	75.572
110.391	114.451	77.207	74.612
128.036	117.225	76.372	75.698
140.480	117.548	77.960	73.275
153.098	115.971	76.159	76.063
165.366	116.025	76.348	75.282
186.097	110.858	76.261	79.213
198.921	109.556	64.720	82.120
215.525	111.028	69.969	79.946
228.982	104.552	76.437	86.187
242.285	108.785	78.988	79.634
252.059	104.757	77.094	84.794
268.857	100.938	75.355	86.876
278.988	110.942	73.357	76.492
293.842	105.516	77.898	82.012
304.595	105.005	79.053	84.331
317.455	102.194	78.164	85.864
288.467	104.439	89.681	83.476
268.001	106.465	93.359	81.010
241.978	110.169	102.581	76.822
199.117	115.748	100.419	68.861
195.234	100.966	92.694	83.763
190.269	106.719	90.483	77.193
189.862	111.693	75.724	73.731
174.100	111.744	79.134	73.049
143.559	114.119	64.766	68.617
127.981	119.422	59.005	63.807
114.826	108.914	77.826	71.894
95.391	115.323	71.665	77.007
79.451	100.312	66.520	81.170
80.409	103.374	86.009	83.907
92.421	102.649	87.401	82.987
121.596	106.040	86.992	100.530
125.691	107.970	102.448	105.049
145.400	121.400	163.858	103.662
149.451	113.022	184.804	109.414
162.407	129.612	207.099	90.944
165.927	121.949	191.234	92.612
161.696	139.832	197.914	81.140
162.028	126.598	188.460	88.339
146.318	128.234	218.952	94.613
174.290	108.345	206.500	106.956
201.483	113.150	172.240	106.089
211.386	130.876	160.778	89.070
243.178	103.303	142.392	107.452
195.110	112.957	167.743	104.297
134.101	134.312	223.623	91.084
145.996	116.530	219.932	97.614
142.007	126.624	198.101	91.631
183.290	122.050	186.393	93.595
369.263	78.381	81.886	87.346
383.008	85.210	84.237	84.768
398.466	86.788	71.262	82.190
417.787	77.839	74.636	91.132
426.743	78.876	79.449	87.520
442.851	81.150	72.872	81.359
456.680	84.898	62.947	82.340
435.985	79.027	68.291	86.260
411.480	76.648	62.201	86.033
400.749	74.303	57.789	88.145
381.220	84.820	65.615	85.900
358.435	75.612	64.772	88.993
322.269	67.393	63.775	89.438
307.292	75.579	68.748	84.886
290.335	78.112	72.677	85.874
277.461	85.000	74.427	86.089
226.586	76.495	67.612	86.701
241.158	78.996	71.460	88.502
215.402	81.300	77.613	94.926
191.493	77.803	94.124	94.974
130.856	77.008	82.371	101.801
153.004	74.307	106.482	100.780
81.984	83.631	82.934	77.178
77.987	74.891	59.236	77.060
78.982	76.731	52.791	79.642
90.510	82.275	53.443	78.038
97.111	75.394	48.738	80.489
103.628	80.872	49.223	79.086
112.963	74.883	52.257	86.799
119.247	85.935	54.808	76.619
126.463	96.660	57.614	90.493
