256.000	243.000	68.000	74.000
248.757	241.191	67.917	77.878
236.390	240.633	71.294	78.437
229.311	240.501	71.091	77.885
222.411	241.860	70.589	75.393
217.839	241.544	67.812	75.347
213.731	241.866	65.002	74.407
211.159	240.124	60.427	75.724
210.249	239.483	53.988	76.636
208.543	239.744	50.688	75.287
205.397	239.123	49.114	75.421
204.261	239.207	47.380	75.079
200.991	238.808	46.561	75.202
196.979	238.428	47.438	75.246
193.345	237.782	48.167	74.202
187.256	237.862	51.704	73.615
181.015	238.345	55.887	72.124
174.400	238.470	59.703	72.068
167.039	240.031	62.729	70.340
160.874	238.320	65.154	72.547
154.039	237.949	67.912	72.984
148.103	237.753	69.757	73.782
139.461	238.408	70.457	73.345
135.558	238.483	70.417	74.316
130.012	239.615	70.485	74.232
126.165	239.965	66.760	74.691
121.937	239.875	62.498	75.740
120.565	240.406	58.483	75.822
119.517	240.838	52.944	75.271
118.519	241.531	49.682	75.859
119.654	242.751	44.214	75.061
121.014	243.137	40.765	76.049
124.464	243.436	36.078	76.897
127.753	243.566	32.818	76.309
130.663	244.093	28.945	78.000
130.720	244.100	30.544	78.122
132.882	244.619	30.895	77.977
133.785	245.569	32.411	77.488
136.023	245.386	32.090	78.072
137.580	246.458	32.968	78.263
139.950	247.810	32.197	77.145
141.810	248.534	32.789	76.643
143.828	249.460	34.182	76.318
145.972	249.813	35.475	75.975
149.907	250.451	37.709	75.155
153.013	251.141	40.270	74.910
156.075	251.287	43.868	75.389
159.801	250.530	46.968	77.191
163.348	250.314	49.051	76.956
166.791	250.985	52.220	77.090
170.172	252.495	55.727	75.821
177.276	252.465	54.854	76.558
181.318	252.972	56.305	76.045
185.700	252.393	58.585	76.356
192.693	252.197	61.955	77.339
195.763	252.481	63.695	77.164
199.610	252.673	68.683	78.027
206.588	253.012	69.875	77.257
212.391	253.041	72.809	78.490
218.702	252.945	74.895	78.395
225.872	252.667	76.288	78.955
233.405	252.844	77.853	78.133
239.901	252.742	78.921	78.915
247.709	253.419	78.251	76.892
258.669	254.159	73.545	77.817
266.971	251.905	69.934	82.388
272.833	252.892	67.019	82.090
281.539	255.241	63.852	79.814
289.402	255.112	60.367	81.688
299.815	256.238	55.748	81.914
305.612	257.779	54.454	80.905
312.616	258.279	51.158	81.269
318.238	257.956	50.147	82.865
322.979	258.666	49.710	83.655
327.982	259.302	49.214	83.577
332.189	260.485	48.683	83.136
335.199	261.404	48.435	82.657
339.659	262.549	46.684	83.586
343.482	263.034	44.391	85.639
346.722	263.151	42.351	85.516
350.039	264.046	39.063	86.183
351.092	264.359	38.005	87.898
352.358	265.451	35.911	88.331
351.812	267.592	36.122	86.566
351.435	268.806	36.366	87.652
350.662	269.914	35.387	88.140
349.537	270.555	35.770	88.317
348.411	271.680	34.839	88.488
346.382	272.465	34.651	89.068
341.967	273.225	37.117	89.798
337.940	275.393	38.607	89.957
333.998	275.854	39.975	90.449
328.755	277.327	42.263	89.926
323.028	276.638	44.039	91.445
316.100	278.362	47.139	90.616
307.795	278.643	50.659	90.924
301.380	279.221	53.569	91.288
295.953	279.535	55.017	91.515
287.629	279.608	58.591	92.898
273.624	280.748	64.328	92.416
264.196	280.724	68.509	93.840
252.428	281.270	74.270	93.067
242.151	281.396	77.113	93.701
231.154	282.505	80.712	93.677
219.913	283.124	84.291	93.196
209.723	282.881	87.625	94.232
200.421	283.090	87.869	94.907
192.679	283.535	90.434	93.523
184.206	283.424	91.147	94.582
174.786	283.884	90.846	94.076
163.915	284.484	92.189	94.795
155.453	283.565	92.433	95.617
146.462	284.519	93.037	95.344
138.031	285.653	92.268	94.466
128.293	286.150	92.504	94.096
116.389	287.715	92.023	93.558
108.126	287.741	91.836	93.359
101.963	288.510	91.837	92.450
93.784	289.698	91.893	92.510
86.699	289.904	89.903	93.504
79.392	289.736	88.796	96.080
74.355	290.778	84.899	95.641
70.466	291.489	80.889	96.619
68.371	293.487	75.309	94.256
65.722	293.704	69.400	96.162
62.152	293.482	61.632	99.236
62.393	296.567	56.061	98.181
61.707	297.262	52.683	98.961
62.660	298.899	46.723	98.235
64.977	302.932	41.229	96.766
65.940	302.522	40.331	98.215
67.442	302.387	38.865	99.682
69.409	303.828	36.988	97.994
71.551	304.825	36.802	98.604
72.575	306.707	38.862	96.991
74.128	308.033	39.807	96.023
76.033	307.169	41.630	96.578
78.971	307.686	42.169	98.436
81.245	308.707	44.613	97.297
84.415	308.755	45.851	99.562
86.947	310.218	48.299	98.586
90.234	310.701	51.187	98.621
94.427	311.345	53.273	98.848
97.327	312.495	58.594	98.428
101.509	312.772	63.771	98.995
105.718	313.476	70.349	98.057
111.578	314.249	80.789	98.615
116.427	314.254	87.930	99.343
122.460	313.463	93.242	100.080
129.277	312.864	97.093	100.561
137.420	311.236	99.390	103.708
143.815	310.648	99.412	103.787
152.366	310.648	101.000	104.213
159.410	310.027	101.045	103.419
168.779	309.958	98.091	103.218
178.086	310.130	96.007	103.288
187.780	309.217	92.228	102.541
195.180	307.936	90.168	103.148
203.513	306.875	85.031	103.920
211.181	306.057	79.670	102.683
219.018	306.114	75.001	100.214
226.543	303.841	70.351	102.511
233.838	302.959	63.122	102.653
237.862	302.850	59.096	103.022
244.557	300.869	51.195	102.900
248.303	300.138	48.409	102.299
251.922	299.165	47.800	101.386
254.786	298.221	45.631	101.713
256.299	297.768	46.606	101.119
257.631	296.837	48.702	101.296
259.928	297.942	46.302	98.041
260.162	296.675	47.350	98.947
260.661	295.863	46.136	98.823
260.848	295.437	45.030	98.337
260.945	294.334	43.993	96.285
260.595	292.585	43.114	96.689
260.856	292.445	41.140	95.684
260.974	290.050	39.729	97.186
260.607	290.066	39.984	96.647
260.006	288.958	39.605	96.033
259.689	288.047	38.632	95.793
257.459	288.367	37.998	93.745
255.156	286.908	37.831	94.501
253.787	286.651	38.043	93.814
252.219	284.864	39.252	94.136
251.384	284.894	39.414	94.051
250.584	283.380	39.593	94.075
250.556	282.569	39.052	94.060
250.522	281.496	38.494	93.536
250.408	281.841	38.684	92.021
250.998	281.364	38.289	91.446
251.382	280.963	38.369	91.008
252.274	280.257	38.794	90.990
252.945	279.759	39.222	90.396
254.702	278.550	39.377	90.543
256.647	278.374	38.570	89.963
257.326	276.988	39.201	90.489
258.444	276.383	39.533	89.533
258.956	275.394	39.681	88.795
260.069	274.770	38.791	88.707
260.779	273.433	37.959	87.999
260.991	273.131	38.398	86.820
261.346	271.807	37.842	86.912
261.447	271.844	36.302	85.827
260.950	270.494	34.856	87.716
259.232	270.330	34.701	86.190
256.989	268.773	34.648	86.680
254.029	267.766	34.986	86.390
249.978	268.066	35.293	84.686
246.307	266.460	36.421	87.844
240.115	266.947	40.901	83.468
233.161	267.160	46.020	79.640
225.595	266.874	52.296	78.590
218.267	265.849	55.255	82.131
211.964	265.191	57.814	82.774
205.646	264.048	60.202	82.574
200.402	264.159	60.501	81.626
196.861	263.466	59.924	82.197
194.427	262.659	57.426	83.205
191.129	261.803	55.063	83.729
188.147	261.076	52.530	83.273
186.057	260.479	51.655	83.222
181.647	260.391	50.742	82.789
175.665	259.647	52.562	83.142
164.980	259.002	59.084	83.276
158.585	259.055	61.116	82.487
152.333	258.515	62.940	82.352
146.519	258.648	63.487	81.698
139.953	258.648	63.915	81.618
132.929	258.339	65.549	81.284
125.829	257.838	67.481	81.057
114.689	257.684	72.204	81.201
112.691	257.468	69.469	81.331
103.764	257.230	73.216	81.504
96.575	257.801	74.109	79.865
92.127	256.342	71.953	81.800
87.360	256.576	70.511	81.636
82.016	256.656	69.177	81.326
76.066	256.010	69.364	80.953
68.601	255.865	68.217	80.788
63.017	256.081	68.443	79.985
59.180	255.662	66.551	80.372
56.625	255.514	63.881	80.539
