246.000	90.000	18.000	40.000
244.755	91.727	21.733	36.430
245.360	92.050	20.145	36.311
245.496	92.280	18.956	36.223
246.172	91.304	18.824	36.137
245.720	90.181	18.342	35.816
246.814	91.509	17.383	34.720
247.302	90.570	17.170	34.111
247.920	90.411	17.243	34.754
248.849	90.758	17.465	36.421
249.677	91.267	18.303	36.991
251.177	89.897	18.047	39.383
252.815	91.622	20.471	38.244
254.381	91.426	21.098	37.957
253.957	92.718	21.555	38.286
256.660	94.808	19.856	41.048
258.760	94.424	20.583	39.977
259.099	93.169	22.448	37.233
261.125	91.964	18.710	40.221
263.208	93.842	18.387	39.092
265.148	95.864	16.152	37.633
264.298	95.206	17.887	42.326
266.553	93.103	20.788	40.720
269.483	94.115	22.134	40.832
273.584	93.137	19.994	38.624
271.797	95.370	23.919	36.884
278.919	99.935	20.404	35.280
278.219	98.610	19.958	35.645
282.271	97.135	20.647	37.117
283.073	98.854	21.044	34.180
281.365	97.933	21.675	36.837
285.392	98.864	21.930	35.548
286.312	98.643	22.518	36.182
287.443	96.317	24.708	38.470
288.283	97.354	27.188	37.289
287.956	102.322	25.139	33.048
288.174	98.928	24.425	35.785
287.724	103.573	24.820	31.735
304.121	94.872	19.763	37.094
308.101	95.000	22.387	36.684
310.042	96.077	21.007	38.135
314.994	95.332	19.208	36.511
315.998	95.148	21.633	36.128
321.015	97.835	23.038	37.168
325.165	102.311	24.230	36.068
326.989	104.534	24.421	35.026
328.439	101.508	25.085	36.116
331.244	104.215	25.158	36.988
331.873	102.029	26.396	37.706
335.618	102.292	24.524	38.683
336.736	101.810	25.025	43.556
337.935	101.214	25.240	44.476
339.280	100.737	25.113	45.077
340.221	101.771	26.400	48.844
343.146	102.539	25.460	45.557
342.952	103.070	28.372	49.254
345.999	104.449	27.688	47.089
347.413	103.371	28.777	46.861
350.960	104.131	26.297	47.873
352.379	105.604	27.064	47.213
354.851	105.759	25.969	46.115
355.901	105.638	24.907	50.291
358.199	106.397	23.863	48.985
359.415	106.600	23.510	46.805
361.072	107.611	22.172	48.505
361.498	107.758	22.288	46.915
361.661	109.291	23.007	45.129
361.599	110.347	23.234	45.315
360.927	110.936	23.874	45.321
361.403	111.667	23.480	47.222
361.841	112.451	22.409	44.642
360.922	112.272	23.242	46.234
359.971	113.920	22.963	46.759
358.396	114.214	23.087	48.101
356.047	115.130	23.957	50.015
353.244	115.700	24.947	49.923
348.993	116.819	27.315	48.056
346.833	117.079	25.875	52.615
343.616	118.295	25.401	49.146
341.444	119.083	25.536	50.048
338.525	119.547	25.167	49.270
335.767	119.670	24.697	53.124
333.859	120.577	24.386	52.337
329.073	120.900	25.813	51.861
326.816	121.852	26.381	52.473
322.894	122.652	29.357	52.000
319.196	123.943	32.822	51.925
315.316	127.235	31.922	49.265
310.250	129.613	31.616	49.997
305.155	130.527	30.894	49.602
299.706	131.119	30.792	52.413
296.569	133.215	32.128	50.243
295.206	132.602	32.113	51.035
295.365	133.782	30.348	51.075
293.152	134.976	30.767	53.285
292.208	134.974	29.324	55.725
291.124	137.195	27.606	56.185
286.435	137.222	30.351	55.985
285.728	137.934	30.181	54.456
282.275	136.795	32.531	56.961
282.664	138.789	31.257	55.545
282.540	138.558	30.692	58.989
281.776	139.319	32.148	59.780
283.126	140.821	30.982	58.872
283.419	141.709	31.339	58.514
284.743	143.604	30.367	58.302
284.850	146.220	29.265	55.181
285.653	146.374	30.035	56.378
286.695	146.728	28.000	58.304
285.490	147.597	30.620	59.351
285.816	150.696	30.686	57.253
284.409	150.979	32.071	59.524
283.546	151.601	30.579	60.293
282.273	152.621	30.321	60.536
281.683	155.951	31.065	59.133
280.051	156.719	30.173	60.428
278.051	158.791	29.365	60.528
276.135	157.413	30.411	66.250
273.636	159.634	30.236	66.581
271.408	163.512	30.290	62.822
269.564	164.774	29.049	64.646
267.611	165.082	28.377	66.518
264.583	168.071	29.373	66.392
263.426	167.369	29.881	68.485
260.892	168.821	29.550	68.588
257.295	171.773	30.714	68.610
255.193	172.477	30.333	70.163
254.046	174.374	30.414	71.018
251.464	174.588	30.642	72.170
249.480	176.652	30.655	74.146
246.094	178.343	30.764	75.074
243.428	180.635	31.035	75.910
239.288	181.733	33.107	78.695
238.357	183.110	31.664	78.692
235.201	186.010	30.813	78.038
230.511	187.542	33.108	79.960
227.321	189.687	32.833	81.529
223.742	190.278	32.744	83.068
218.733	192.281	34.477	83.855
214.548	194.117	35.681	84.403
209.946	195.666	37.196	85.640
206.061	197.768	36.905	82.405
202.216	199.996	37.887	85.661
199.183	201.182	38.484	82.609
195.051	203.166	38.659	81.782
190.087	205.519	40.770	81.049
185.541	208.274	41.622	82.245
180.592	210.760	42.632	81.285
175.907	212.313	42.199	83.126
170.458	214.982	43.881	83.904
164.863	217.120	44.738	85.174
160.092	219.277	44.149	88.083
153.108	222.833	46.597	87.382
147.695	224.994	45.304	87.812
140.351	228.632	46.773	89.931
134.175	231.348	45.875	90.718
128.857	234.630	44.977	92.494
120.367	236.603	48.300	93.680
115.447	238.118	47.514	96.467
107.195	242.787	48.836	98.010
100.347	245.292	49.484	100.630
93.669	247.440	50.456	97.771
84.364	250.642	51.472	99.658
78.288	253.761	50.399	102.849
69.800	257.461	49.666	106.590
62.742	259.624	51.121	105.678
53.283	262.181	51.631	108.408
44.452	265.979	52.481	108.197
34.304	269.317	52.015	108.028
24.473	272.679	53.248	109.210
14.475	276.428	54.720	108.464
4.724	278.999	56.135	110.574
