732.000	285.000	210.000	185.000
724.041	286.072	213.017	182.046
723.918	285.842	206.838	181.260
720.537	286.474	205.735	178.784
721.144	286.305	200.051	178.017
713.027	286.156	205.467	177.691
714.475	285.742	201.505	178.229
717.066	286.221	197.267	177.296
702.360	284.223	203.863	180.745
678.320	284.083	225.108	184.976
685.930	283.987	213.835	201.157
685.627	282.975	205.933	179.950
683.479	280.566	184.703	177.872
675.634	283.990	198.750	176.533
674.564	280.359	192.890	179.657
670.563	279.600	191.651	179.145
670.230	280.053	189.927	177.933
670.036	278.057	190.300	178.360
669.020	275.862	187.750	177.671
684.495	275.200	169.990	177.135
684.809	273.742	164.810	178.527
659.940	263.954	190.036	189.175
643.429	253.844	196.915	207.429
617.047	249.432	190.012	222.947
639.282	248.150	203.973	221.907
588.499	223.462	240.398	247.476
364.161	212.106	267.146	215.764
384.519	264.559	282.834	178.370
445.618	268.594	247.519	178.477
534.482	278.731	204.799	183.772
593.768	282.379	191.147	174.741
649.129	287.701	176.268	160.006
652.150	267.597	134.919	173.748
619.793	268.508	165.794	168.736
610.984	265.263	190.360	173.154
606.412	263.597	190.628	173.585
595.235	262.389	194.080	174.934
589.340	263.289	192.449	173.995
579.481	264.783	191.039	172.380
572.411	265.670	188.962	172.198
561.582	266.502	192.037	171.792
548.720	267.072	193.434	171.769
540.694	270.008	188.382	168.834
528.640	270.697	186.789	169.109
524.057	271.749	183.769	169.880
515.609	273.073	183.196	169.027
507.722	274.130	182.381	168.665
496.823	275.360	185.441	168.704
490.905	278.886	180.882	166.443
486.244	278.188	175.383	169.769
478.396	280.559	177.071	169.301
469.297	284.183	179.406	167.558
461.875	284.983	181.783	166.724
453.662	284.261	189.129	165.958
448.206	283.864	179.238	167.139
443.638	283.260	175.214	166.440
439.754	281.588	169.900	168.312
429.284	279.785	182.189	168.805
427.848	278.158	167.757	167.097
418.521	277.098	168.746	167.221
410.627	276.701	163.407	165.165
404.752	273.680	164.007	169.456
396.717	273.558	168.208	168.346
388.530	273.873	165.498	166.967
381.707	273.558	158.569	165.658
371.701	273.225	159.518	165.687
365.829	273.136	157.301	163.533
359.427	271.841	157.280	164.514
353.023	271.155	155.380	163.927
347.162	269.165	152.475	164.273
342.986	268.059	149.405	165.615
339.283	267.634	146.498	164.823
334.566	267.828	148.495	163.471
329.335	267.687	147.495	162.760
324.859	268.687	140.054	161.368
321.285	268.235	137.264	159.957
316.883	267.455	134.411	159.308
314.377	267.266	132.522	157.797
312.067	266.836	130.663	157.385
310.179	268.104	128.886	156.566
307.527	267.870	129.721	155.868
305.051	269.559	131.873	156.084
300.922	272.291	130.765	152.884
296.345	273.039	130.551	153.032
292.318	273.783	126.150	152.268
288.084	273.168	123.911	153.669
283.543	272.983	122.568	153.480
279.775	274.796	121.740	152.734
277.167	276.084	121.407	151.813
274.950	278.024	120.248	151.306
273.057	278.695	117.747	152.099
272.351	280.200	116.979	150.721
270.873	279.957	117.684	150.698
268.873	279.555	117.997	150.351
266.086	281.344	117.805	148.038
263.191	282.134	117.711	147.035
259.901	282.623	118.361	146.908
255.374	285.036	122.605	144.234
255.060	284.699	122.487	144.751
254.932	283.695	112.375	144.878
251.932	283.026	112.538	145.032
250.979	282.196	112.360	144.292
249.833	281.984	111.662	143.290
248.544	281.860	110.515	142.554
243.405	282.571	114.191	140.936
238.973	282.562	116.329	140.230
232.702	283.423	119.645	138.728
227.568	284.212	118.631	137.357
223.506	284.248	112.560	137.151
218.603	284.686	115.470	136.108
212.617	284.179	114.761	136.622
207.948	284.043	114.459	136.296
203.112	284.111	114.952	136.320
200.184	283.907	112.332	135.518
195.873	283.435	110.621	135.136
191.378	283.168	110.950	134.425
187.141	281.472	110.569	135.583
185.120	278.450	108.356	135.233
181.234	275.454	107.017	136.174
178.870	268.777	101.352	137.160
173.561	265.667	102.451	137.101
170.472	263.445	101.906	136.233
167.238	261.386	102.667	136.001
163.387	260.771	102.472	135.242
161.232	261.054	99.111	132.606
157.673	262.640	99.517	132.019
153.615	265.974	98.018	131.892
152.637	269.228	94.231	133.390
149.463	272.120	93.105	135.944
144.701	277.101	94.546	132.800
140.228	278.362	97.094	132.028
136.732	278.531	95.901	131.373
133.742	278.913	96.980	132.114
132.314	279.045	95.886	131.393
128.884	281.889	96.250	128.598
125.785	281.261	96.531	128.600
123.824	281.944	96.261	127.906
122.173	282.911	94.981	126.222
120.789	282.062	92.633	126.948
119.187	281.598	92.321	127.053
115.041	281.762	94.434	125.175
111.667	282.239	95.323	125.313
106.656	282.404	98.126	124.646
103.297	283.014	98.375	124.682
97.946	285.074	95.892	123.917
93.451	286.224	97.253	124.949
88.595	288.356	99.470	124.331
83.949	289.937	99.806	125.239
79.943	292.563	99.486	124.766
74.410	295.123	101.086	126.278
70.550	297.454	100.185	125.767
67.594	299.736	101.424	124.991
63.707	300.876	102.218	125.348
61.460	301.834	100.512	124.853
61.279	303.292	99.740	124.389
62.386	305.934	98.961	122.588
66.314	307.055	99.143	122.651
70.124	309.376	102.624	121.636
74.593	311.173	108.459	121.046
91.858	313.852	96.337	118.922
92.534	315.051	98.754	117.591
100.326	316.254	92.415	116.665
101.059	316.192	90.282	116.475
99.387	317.062	89.943	116.294
96.386	321.786	86.802	114.810
94.147	324.320	84.637	116.012
91.527	326.635	83.933	118.514
88.624	328.002	81.923	121.162
85.554	329.063	80.049	124.223
82.301	337.949	78.935	117.607
79.585	340.337	78.838	118.553
76.303	343.722	78.171	117.263
73.030	347.162	77.346	116.862
70.129	348.119	77.829	117.278
67.312	351.126	75.731	116.238
63.531	353.700	75.628	115.036
58.927	355.991	76.400	115.000
54.595	357.284	76.831	114.477
50.019	357.353	77.231	115.784
45.230	357.111	72.342	115.865
44.344	356.447	69.854	115.722
43.451	355.263	67.937	115.643
43.233	354.840	65.784	114.675
42.061	354.234	66.442	114.513
40.612	354.049	65.975	114.384
38.287	356.225	65.448	109.393
35.076	355.595	66.912	111.363
31.144	355.931	67.128	111.173
26.809	355.139	66.361	111.888
22.395	353.804	67.915	114.310
16.962	353.827	70.171	114.103
16.047	351.173	72.939	115.272
21.709	349.328	69.224	114.803
25.486	345.367	70.483	115.522
83.745	334.788	68.950	121.709
107.626	337.479	81.019	113.347
136.697	334.064	85.034	113.818
175.786	334.444	83.611	109.550
207.710	333.223	79.897	107.004
268.339	323.207	71.235	112.767
281.855	326.829	76.448	106.113
295.054	327.242	74.910	104.000
302.660	325.957	73.173	105.396
313.754	328.100	75.795	104.106
331.892	323.453	72.826	107.913
348.177	322.852	78.265	104.830
367.345	320.975	79.439	104.741
390.697	322.165	82.325	101.689
417.556	323.014	80.974	101.231
439.387	324.070	79.045	101.369
452.901	326.172	80.877	100.690
468.366	326.450	80.621	100.639
473.943	325.143	76.287	97.929
477.118	323.400	72.040	97.407
473.801	323.684	70.446	100.512
468.378	324.411	71.009	103.085
473.726	323.745	69.645	101.109
493.480	324.411	73.032	97.795
498.243	324.251	72.984	97.012
536.186	323.247	70.929	97.450
552.311	321.903	70.904	98.866
567.257	323.010	71.257	97.821
573.374	322.250	75.825	98.481
577.703	321.684	72.050	97.827
582.392	321.442	66.062	96.994
580.021	321.237	65.454	95.977
579.973	320.113	65.913	96.067
582.717	318.584	65.285	96.211
589.600	317.356	62.089	96.569
595.440	316.853	63.492	96.991
604.150	319.093	64.309	95.802
610.449	317.874	63.546	97.468
615.442	319.145	62.790	95.763
619.550	317.712	60.908	96.228
621.664	317.142	57.627	95.622
619.960	317.370	56.318	91.113
618.158	314.758	57.575	91.455
617.090	315.689	56.355	90.228
615.557	316.597	57.090	89.458
613.730	318.012	56.329	90.656
611.463	319.715	56.535	91.145
609.659	321.702	56.084	90.591
608.916	322.896	54.176	89.716
608.048	323.405	51.884	89.399
606.784	324.553	51.742	88.124
605.548	325.103	51.832	88.512
603.795	326.113	50.472	88.161
603.156	327.363	48.601	88.761
602.400	328.428	47.846	88.729
600.301	330.550	48.496	88.441
598.139	333.936	48.491	87.437
597.401	335.802	47.813	87.981
596.117	337.276	47.201	87.207
594.721	337.804	46.925	88.286
591.978	338.979	48.678	87.063
589.393	341.650	48.575	85.843
587.349	342.886	48.245	84.918
