655.000	180.000	51.000	50.000
634.377	179.018	50.356	51.453
620.828	178.199	49.494	56.287
604.986	177.434	45.639	54.339
592.869	178.409	43.736	52.156
572.695	176.850	40.968	50.074
554.848	176.017	43.513	52.017
544.527	179.068	43.496	48.830
532.375	177.669	38.331	48.598
516.887	177.106	38.051	48.886
501.443	178.837	38.869	49.890
483.353	179.644	42.918	56.338
465.550	179.191	46.107	55.355
452.724	179.123	47.764	53.772
434.584	178.950	51.798	55.342
424.878	178.657	47.563	55.244
414.385	181.448	45.404	53.993
396.176	179.757	46.394	53.487
382.559	179.659	47.402	50.504
378.200	179.207	39.610	50.849
364.688	180.164	38.069	51.354
352.472	178.972	37.908	50.875
339.822	179.439	36.919	50.386
327.080	178.598	36.351	51.852
318.742	178.935	35.629	48.917
310.715	177.283	34.032	50.439
303.744	176.495	32.169	50.295
297.710	175.884	30.204	50.106
291.706	174.561	28.065	50.275
287.932	174.364	28.196	49.401
283.707	172.379	25.753	50.386
281.365	171.811	25.071	49.868
278.938	170.605	24.702	50.035
277.622	170.651	24.344	48.957
275.959	170.335	24.139	48.636
274.486	169.198	24.179	47.938
273.598	168.814	23.973	48.237
272.417	167.973	24.069	47.131
271.716	167.148	24.213	46.792
271.408	166.646	24.189	46.875
271.437	166.202	24.321	46.815
271.586	165.087	24.484	46.812
271.887	164.557	24.249	46.573
272.362	164.246	24.244	45.905
273.166	163.362	23.924	46.134
273.772	162.005	24.648	46.369
274.282	162.015	24.634	45.781
275.456	161.047	24.621	46.180
276.429	160.859	24.472	45.860
277.711	160.234	24.660	44.953
278.911	159.289	24.555	44.937
280.531	158.899	24.804	44.511
281.657	157.942	24.343	44.897
283.500	158.108	24.232	44.433
284.780	157.601	24.553	43.952
287.634	156.345	23.434	44.268
290.667	156.958	23.356	43.498
291.524	155.227	24.495	44.239
294.194	155.808	24.362	43.345
295.874	154.535	24.564	43.497
298.029	154.033	25.032	43.118
300.959	153.982	24.341	43.283
303.369	153.451	24.101	42.793
305.427	152.768	24.562	43.061
307.885	152.493	24.444	42.667
310.990	152.369	24.205	42.844
313.194	151.842	24.822	42.944
315.706	151.712	24.755	42.772
319.052	151.434	24.166	41.949
321.651	151.192	24.578	41.707
325.679	150.968	23.276	40.979
328.479	150.345	23.492	41.456
330.018	150.243	24.209	41.547
333.121	149.924	23.639	41.012
337.646	149.927	23.171	40.126
340.469	148.995	23.569	40.411
344.351	149.636	23.876	39.178
347.256	148.559	23.445	39.700
351.869	148.904	22.212	38.648
354.538	148.414	22.877	38.713
359.056	147.887	21.673	39.131
362.571	146.668	23.010	39.878
365.279	145.270	22.795	40.765
367.936	148.533	23.842	37.515
370.222	146.395	22.686	39.255
373.232	146.906	21.470	38.185
374.255	145.000	21.222	40.056
376.553	146.596	20.282	39.417
376.734	144.594	20.288	38.999
378.361	143.690	20.331	40.271
377.927	143.516	20.679	39.910
377.792	143.689	20.989	39.384
377.914	142.862	20.406	39.892
377.671	143.220	19.609	39.128
376.437	142.822	20.760	39.552
375.581	142.548	21.812	40.476
374.673	141.417	21.444	40.905
373.893	141.464	21.193	40.214
370.908	142.313	23.434	40.186
367.987	142.019	24.627	39.238
365.129	141.002	26.165	39.590
361.349	141.726	28.351	39.191
357.416	143.246	29.705	37.745
354.103	143.062	27.488	37.008
351.074	142.784	29.094	36.962
346.316	143.005	32.772	36.925
341.633	143.142	35.155	36.401
337.261	142.126	36.729	37.910
333.089	141.626	37.100	38.765
329.682	141.680	36.971	38.751
325.471	141.449	37.182	38.974
321.453	141.633	36.880	39.195
318.130	141.870	37.820	38.851
314.360	141.914	36.439	39.097
310.654	142.036	36.187	39.425
307.622	141.590	34.141	39.584
303.544	141.574	33.139	40.145
299.226	142.181	32.484	39.387
293.535	141.767	31.730	39.883
289.165	142.217	32.538	39.579
283.999	141.861	32.657	40.350
278.829	142.735	33.857	39.493
275.123	143.438	33.856	38.950
268.879	143.129	34.631	39.449
262.563	143.001	36.146	39.292
255.550	143.421	37.922	39.653
249.792	142.498	37.829	40.690
243.407	142.946	37.839	40.406
237.278	143.455	37.125	40.088
229.048	143.786	37.243	40.030
223.221	145.373	35.828	40.059
217.665	145.028	34.272	39.945
211.083	144.832	33.406	40.954
205.948	145.074	30.266	40.918
202.835	145.801	29.520	40.494
198.994	146.272	28.174	40.672
194.766	146.559	28.722	40.155
190.644	146.640	28.870	40.752
187.014	147.921	28.034	40.345
182.936	147.490	24.623	40.913
179.067	148.882	25.312	40.029
173.159	148.854	25.945	40.586
167.591	151.128	27.411	39.710
163.053	150.677	27.399	39.869
158.275	151.676	27.721	40.414
152.793	152.525	28.628	39.407
146.158	153.084	29.514	38.741
140.435	153.241	30.721	39.910
129.956	154.463	34.085	38.667
121.914	155.467	34.494	38.623
111.921	155.989	37.685	38.962
104.485	156.264	38.162	38.568
92.822	153.887	40.984	42.021
82.255	154.954	41.369	41.880
75.806	154.567	39.868	41.738
