354.000	292.000	49.000	95.000
355.270	294.938	48.976	92.816
355.771	294.283	47.801	93.036
355.370	293.167	47.928	94.015
354.942	294.108	48.325	93.271
354.942	294.597	48.816	93.861
354.608	294.247	48.850	93.654
354.658	294.247	48.609	94.134
355.510	293.515	47.283	94.340
355.470	292.505	47.628	96.220
355.627	291.729	48.011	96.782
355.933	291.444	47.553	96.869
356.102	291.559	47.636	97.021
356.352	291.848	47.746	96.730
356.076	291.162	47.212	97.123
355.877	291.066	48.088	97.346
355.723	290.414	48.181	97.799
355.672	290.516	47.987	97.498
355.542	291.002	48.055	97.512
355.827	291.047	47.770	97.501
355.713	291.218	47.995	97.029
355.781	291.263	47.986	97.382
355.427	290.901	47.976	97.778
355.197	291.018	48.372	97.528
355.542	290.836	48.279	97.910
355.729	290.699	48.619	97.548
355.264	290.623	49.311	97.589
355.388	290.533	49.355	97.281
355.271	290.623	49.272	97.622
355.563	290.760	49.009	97.486
355.562	290.714	49.341	97.465
355.563	290.850	49.618	97.429
355.737	290.728	49.093	97.551
355.972	290.805	49.159	96.975
356.293	291.082	50.158	96.900
356.795	290.336	48.777	97.841
357.030	290.578	49.244	97.802
357.447	290.928	49.823	97.382
357.392	291.425	50.643	96.784
358.329	291.064	52.220	97.548
358.171	290.927	52.768	95.936
358.378	290.755	53.282	97.014
358.336	290.860	53.542	96.437
358.336	290.795	54.065	96.500
358.239	291.208	55.115	96.135
359.036	290.813	55.380	95.824
359.287	290.907	55.987	95.939
359.253	290.977	57.374	95.576
359.456	291.163	57.891	95.441
359.699	290.963	58.207	95.297
360.072	291.189	58.141	94.843
360.194	290.735	58.517	94.941
359.871	289.031	57.977	97.294
360.179	287.810	56.761	98.238
361.338	286.339	54.242	99.352
361.467	286.416	53.764	99.747
361.624	287.170	53.387	98.989
359.756	287.214	54.594	99.406
358.433	287.510	56.395	98.466
356.024	289.455	57.372	95.804
356.704	290.099	57.130	95.390
355.764	290.436	59.423	94.844
353.616	290.561	61.156	95.141
354.121	290.311	60.360	95.506
352.475	290.697	62.311	94.857
352.304	289.584	62.946	95.795
350.752	289.368	63.299	95.931
348.817	288.780	64.126	96.574
346.702	287.586	67.204	97.765
345.244	287.038	68.660	98.305
340.661	286.361	73.996	98.973
337.099	286.123	75.952	99.937
339.197	286.316	73.122	100.126
336.574	286.584	74.477	98.913
337.575	286.413	73.651	99.358
335.782	287.493	74.449	97.750
336.745	286.262	74.083	98.665
337.346	287.310	73.856	98.160
337.672	286.872	73.875	98.342
344.156	287.097	69.861	98.680
343.272	286.890	71.609	99.629
345.122	287.493	70.210	98.984
345.211	286.926	69.759	99.049
345.697	287.154	69.108	99.115
345.342	287.109	70.079	98.866
347.561	288.261	67.671	98.214
347.177	287.642	68.311	98.946
346.436	287.197	67.874	99.019
344.857	286.826	69.240	99.734
345.209	286.622	66.642	99.715
343.031	287.027	67.722	98.695
340.250	286.304	69.749	99.151
338.880	285.285	71.233	100.349
339.263	286.251	71.279	99.468
337.003	286.071	74.117	99.393
336.569	285.886	74.848	100.378
334.217	286.591	77.873	99.770
333.235	287.055	77.944	99.357
331.851	288.760	79.473	97.241
331.421	288.989	80.216	96.889
329.818	288.941	81.976	97.003
330.357	289.295	80.891	96.725
330.205	289.255	81.308	96.482
332.375	288.189	78.824	97.465
333.425	288.103	78.135	97.804
337.384	288.182	73.758	97.983
337.875	288.314	72.876	97.788
338.711	288.597	72.583	97.653
339.085	288.712	71.943	97.032
338.723	288.536	72.021	97.639
341.157	288.421	70.972	97.397
339.936	287.896	71.618	98.190
339.270	287.798	71.962	98.511
339.516	287.557	71.330	98.841
339.255	288.923	72.725	97.326
341.173	288.845	71.525	97.425
341.797	288.403	70.658	97.581
341.998	288.293	71.124	97.832
342.148	288.135	70.873	97.944
342.681	288.838	70.536	97.459
343.006	289.088	70.861	96.799
351.382	288.092	64.607	97.464
345.339	287.669	71.328	99.637
346.864	288.559	69.982	97.420
351.508	289.021	65.486	96.278
351.008	289.929	66.694	96.588
352.260	289.777	65.616	95.762
353.376	291.214	66.150	94.816
354.225	291.758	66.001	93.332
355.872	291.793	63.901	93.668
358.049	290.209	62.946	95.246
356.898	290.580	63.649	96.241
357.521	290.156	62.511	95.001
356.609	289.650	63.149	95.861
357.240	287.087	61.522	98.545
358.286	288.040	60.823	97.269
357.594	289.259	59.444	96.233
355.615	288.179	58.456	97.325
354.990	286.961	59.243	99.413
357.072	286.335	57.021	99.565
358.035	285.688	54.687	100.207
357.543	285.101	55.198	101.250
358.734	285.773	54.543	100.740
358.351	285.717	55.457	100.530
359.057	287.330	57.225	98.615
359.979	288.039	56.865	96.807
361.404	288.553	55.272	96.365
361.887	289.792	54.285	95.218
362.367	291.113	53.161	93.575
362.350	292.345	53.665	92.277
363.318	293.087	52.809	91.686
362.418	292.971	53.638	91.765
362.694	293.698	53.872	91.297
361.856	293.181	52.922	91.776
361.652	292.402	52.899	92.460
362.425	291.873	52.718	93.409
361.917	291.153	53.561	94.225
361.952	290.840	53.505	94.163
362.354	290.528	52.696	95.189
362.539	289.627	53.045	96.122
362.729	289.637	53.754	96.030
362.650	289.339	52.806	95.780
362.973	289.009	53.711	96.797
363.700	289.180	53.695	96.150
364.088	290.057	53.567	94.909
366.048	290.270	50.872	94.424
366.439	289.810	50.132	95.608
366.439	288.140	49.552	97.343
365.202	287.224	50.773	98.254
364.790	287.300	51.854	98.007
364.522	286.234	52.631	98.861
364.344	285.424	52.885	100.107
365.384	285.235	52.041	99.383
364.850	285.214	52.971	100.112
365.140	284.617	53.244	100.599
365.413	285.042	53.029	99.304
366.309	284.796	51.821	100.100
368.322	285.039	49.797	100.088
368.215	285.420	49.543	99.184
367.861	285.750	50.263	98.861
368.583	286.527	49.009	98.016
368.968	286.270	47.853	98.643
368.836	286.623	47.843	98.228
368.845	286.425	47.441	98.556
368.787	286.836	47.342	98.145
368.713	287.182	47.773	97.602
368.542	287.173	47.889	97.741
368.485	286.745	47.486	98.068
368.713	286.550	47.527	98.235
368.827	286.912	47.386	97.940
368.485	286.491	47.946	98.456
368.679	285.985	48.233	99.139
368.502	285.416	47.657	99.535
368.448	285.637	47.930	99.602
368.895	286.152	47.032	99.275
369.240	286.425	47.788	98.255
369.124	286.425	47.347	98.288
369.029	287.092	47.371	97.154
367.747	287.201	48.546	97.044
367.049	287.721	50.098	96.259
368.069	286.988	49.703	93.709
370.732	285.981	49.342	88.646
374.444	284.428	44.799	83.401
377.368	282.434	40.408	82.267
377.352	280.704	38.359	85.204
375.576	280.384	39.116	95.001
373.724	279.803	40.463	95.237
372.649	278.631	40.696	95.274
372.025	277.260	41.293	95.124
371.929	275.551	40.313	94.609
371.766	275.283	40.104	92.381
371.312	275.019	40.777	93.282
370.867	275.952	40.031	92.182
370.230	275.917	39.862	92.707
369.674	275.731	39.608	92.135
369.747	276.559	38.158	92.617
368.769	276.280	39.276	92.697
367.785	276.558	39.782	91.851
366.924	275.798	41.060	92.737
366.657	276.330	41.335	92.358
367.182	276.053	41.573	92.578
366.867	276.797	41.803	92.147
367.561	276.730	41.619	91.855
368.070	276.581	41.378	91.701
368.601	277.006	41.167	91.236
368.954	277.526	41.062	90.131
368.762	277.062	41.272	90.920
368.744	277.403	41.750	90.547
368.581	277.557	41.761	89.644
368.692	277.589	41.543	90.351
368.878	276.726	40.957	91.095
368.799	276.220	41.421	91.895
369.025	276.888	40.818	91.324
368.732	275.274	40.880	92.217
369.022	274.759	38.593	94.079
369.415	273.790	38.442	94.341
370.177	273.209	37.922	95.026
371.143	273.279	37.238	95.876
371.513	273.470	37.292	94.721
371.402	273.405	38.220	95.418
371.672	273.372	38.822	94.734
372.222	273.086	38.062	95.562
372.808	273.143	38.000	95.307
372.555	273.372	38.489	94.819
372.471	273.241	38.429	95.943
371.242	274.154	39.561	94.392
370.532	274.118	40.422	94.364
372.034	273.602	38.164	94.757
371.823	274.472	37.888	94.974
371.910	274.176	37.996	94.716
371.871	274.051	38.131	95.236
371.720	274.372	38.276	95.206
372.104	274.241	38.277	94.779
372.104	274.182	38.472	95.625
372.240	274.343	39.054	95.031
371.448	274.310	39.595	95.021
372.338	274.350	38.784	95.527
373.002	274.734	37.706	94.683
373.067	274.437	37.644	95.342
372.450	273.772	37.930	96.515
371.961	274.497	38.556	95.654
372.002	273.541	38.185	96.676
372.371	274.641	38.147	95.675
371.877	274.032	38.980	95.966
371.097	275.128	39.181	94.426
370.092	274.693	40.451	95.090
369.877	274.202	39.492	95.798
369.317	274.152	40.013	96.186
369.899	274.618	38.771	95.814
369.836	274.434	38.923	95.314
368.784	274.474	39.694	95.593
367.947	274.837	40.579	94.457
369.000	274.675	39.470	95.096
369.629	274.070	38.865	96.024
370.446	274.642	37.738	95.346
369.223	274.626	38.917	95.188
369.240	275.347	38.564	94.633
369.211	274.714	39.929	95.008
368.476	275.576	40.893	94.718
368.668	275.486	40.176	93.750
368.606	274.430	41.115	94.201
369.493	275.064	40.845	93.516
370.133	274.831	39.986	93.770
370.293	274.378	40.053	94.707
370.407	274.705	39.989	94.259
371.374	273.948	39.448	95.038
371.982	273.731	39.891	94.716
371.806	273.245	40.814	95.432
372.998	273.160	40.603	94.834
373.432	272.836	40.311	95.047
374.509	273.292	39.893	93.858
375.168	272.562	39.824	94.622
375.760	272.408	38.963	93.345
377.882	271.503	37.430	93.110
379.058	270.379	37.839	95.230
379.684	269.680	38.186	93.731
380.446	269.635	37.944	93.821
380.659	269.507	38.244	92.810
381.171	269.474	37.681	92.335
380.912	268.774	36.196	90.698
378.975	268.646	36.462	88.597
378.921	267.711	35.526	89.561
378.000	267.362	34.395	91.350
376.843	267.836	33.900	90.266
374.306	266.354	35.154	90.475
374.989	264.122	32.987	92.074
373.941	264.468	33.169	89.022
371.528	266.533	33.489	89.293
365.376	262.751	37.384	92.798
363.544	263.499	35.548	88.226
359.865	264.116	35.238	90.754
355.088	262.332	34.054	79.157
349.743	261.867	34.103	81.666
350.610	259.705	33.274	78.268
347.921	260.640	35.265	80.481
345.112	258.914	35.695	80.535
343.854	257.971	34.367	82.002
339.500	256.799	36.925	80.651
339.222	256.676	36.363	77.213
338.900	255.684	34.624	78.784
337.722	254.507	34.125	78.018
337.976	254.467	32.903	76.917
337.235	253.528	34.004	75.696
336.855	252.743	33.417	76.943
336.951	251.875	33.516	75.877
336.692	251.272	33.149	74.085
336.550	249.498	33.420	76.285
336.151	249.742	33.655	75.077
336.734	248.459	33.411	74.206
337.917	247.633	32.004	73.798
338.233	247.210	31.959	72.684
338.927	246.078	31.304	73.037
339.004	244.872	31.314	74.004
339.511	243.879	30.363	72.989
339.977	242.639	30.664	73.103
340.380	241.706	29.718	72.869
339.996	241.184	30.252	72.024
339.762	240.398	29.993	72.597
339.934	239.668	29.409	72.675
339.762	239.045	29.461	70.200
339.001	238.102	30.156	69.164
339.401	237.691	29.280	70.210
339.782	236.525	29.005	69.761
339.959	236.057	28.752	68.612
340.256	235.465	28.591	69.693
340.783	234.468	28.353	68.620
341.006	234.264	28.790	68.254
341.696	233.300	28.524	68.986
341.905	231.825	28.089	68.542
342.354	230.794	27.843	69.280
342.204	230.126	28.467	67.963
344.725	229.000	26.917	67.985
345.038	228.675	28.990	71.725
344.149	228.710	32.092	72.909
344.236	228.283	31.851	71.250
344.877	227.469	30.577	70.165
343.409	226.385	29.688	71.711
343.261	227.007	31.762	71.394
342.799	226.652	32.193	71.357
342.535	224.766	33.468	71.172
344.724	223.083	31.885	67.238
345.780	223.765	30.793	65.302
346.062	223.216	30.595	65.926
345.845	221.696	31.889	67.401
347.107	221.149	29.930	68.077
345.881	220.981	31.459	67.078
348.026	219.263	29.731	70.053
349.251	220.565	29.310	68.539
349.031	219.878	30.905	69.382
348.959	217.958	30.686	68.307
350.143	217.885	30.521	66.652
349.146	216.582	28.658	71.242
350.235	216.042	25.944	67.672
349.669	215.319	26.707	66.135
350.006	214.350	27.622	65.225
350.633	214.479	26.818	64.109
350.241	213.949	27.659	64.408
350.151	213.356	28.497	65.095
350.667	213.408	28.900	65.915
351.316	212.659	28.772	65.692
352.296	212.030	28.213	65.722
353.186	211.737	27.816	64.994
353.938	211.241	27.303	64.872
355.056	210.679	27.171	64.391
355.649	210.151	27.774	64.118
356.808	210.005	26.841	64.026
357.671	209.711	27.242	63.325
357.995	209.336	28.159	63.840
358.389	208.682	27.595	64.050
358.578	208.687	27.031	62.113
359.167	207.843	26.528	62.283
359.793	207.535	26.729	62.557
361.075	206.916	25.587	62.723
362.137	206.263	25.637	62.649
362.781	206.012	26.095	62.363
363.436	205.764	26.257	61.509
363.870	204.972	26.494	61.625
363.796	204.681	26.712	61.200
364.284	203.747	26.999	60.735
363.965	203.647	26.859	60.448
364.065	203.014	26.834	60.514
363.195	202.846	25.071	60.231
360.980	202.457	25.311	59.566
357.997	201.519	25.873	59.637
355.952	201.154	26.872	59.351
354.855	200.473	26.845	59.307
354.189	200.717	25.752	58.174
353.434	199.759	25.085	58.518
352.708	199.733	24.577	58.371
351.976	198.740	24.657	58.529
351.270	198.442	24.578	57.749
350.101	198.159	24.888	57.122
349.971	197.756	24.611	56.627
349.335	196.971	24.412	56.485
349.041	196.857	23.900	56.158
348.716	196.548	23.971	56.376
347.559	196.203	23.757	55.885
346.303	194.975	23.686	56.189
344.264	195.071	23.885	55.371
342.999	194.897	23.545	54.572
340.956	194.354	24.044	53.790
338.769	193.918	24.928	54.010
337.356	193.382	24.396	50.393
335.653	191.261	24.286	53.276
334.070	192.362	24.487	51.467
333.428	192.431	23.291	51.259
332.302	191.725	23.010	51.960
331.031	191.557	22.762	51.900
329.025	191.114	22.754	50.938
326.819	190.845	22.617	50.162
323.395	190.821	23.697	47.160
319.476	191.065	25.114	47.821
316.211	190.029	25.228	48.076
312.688	189.104	25.523	47.453
307.803	189.008	27.269	46.556
303.276	187.763	26.896	45.114
298.695	187.538	27.124	45.350
295.385	187.198	27.958	45.025
291.401	187.049	27.721	46.005
287.623	186.754	27.424	44.958
283.415	186.271	27.184	45.990
280.803	185.689	25.775	48.037
278.133	185.157	25.944	47.914
276.008	185.060	24.158	47.856
273.302	184.070	23.928	48.662
270.654	183.067	23.925	50.028
267.724	182.952	24.004	48.318
264.107	182.875	23.925	47.880
260.359	182.578	24.492	48.043
255.295	181.654	25.946	48.255
251.005	181.840	27.671	48.354
228.175	182.531	29.090	47.083
206.918	181.564	28.347	47.777
198.504	182.326	27.845	48.874
196.595	182.878	25.371	48.014
193.511	182.310	24.900	47.871
190.262	183.271	25.445	46.034
188.059	182.882	23.930	46.256
185.665	181.478	22.316	47.018
182.062	177.361	23.252	50.535
232.673	176.239	23.000	48.697
230.947	177.283	22.308	46.033
228.811	175.817	21.500	47.227
226.397	176.455	21.092	46.058
224.699	175.265	21.528	47.067
222.397	175.786	22.172	45.475
220.680	174.161	20.916	46.133
