12.000	150.000	35.000	49.000
19.843	149.050	33.113	50.842
26.648	150.044	30.795	49.369
32.724	150.111	28.267	48.262
36.694	150.400	28.338	48.183
43.487	150.567	30.387	47.018
49.324	150.878	31.947	49.951
53.923	151.303	32.332	50.615
58.513	151.905	33.060	50.664
64.900	152.089	31.027	50.975
68.843	152.796	30.755	50.094
73.285	152.849	28.000	49.997
76.707	153.481	27.609	49.468
80.721	154.038	25.780	47.804
83.160	154.482	24.899	49.065
86.772	154.462	24.824	48.567
87.854	155.256	25.571	49.259
85.522	155.048	32.885	45.284
93.929	156.174	27.274	53.219
100.977	156.687	25.587	50.756
105.135	156.901	27.037	49.938
124.845	156.406	28.604	49.848
158.390	156.439	31.079	51.908
178.982	156.977	31.369	51.038
203.775	158.276	29.002	50.662
212.954	158.383	32.746	50.677
238.828	157.304	32.656	51.631
260.586	156.023	34.196	51.075
267.801	155.223	31.738	53.282
273.793	154.764	30.104	53.060
279.303	154.264	31.772	53.818
285.169	154.060	33.855	54.553
292.213	153.830	36.541	53.656
298.247	154.321	39.300	52.654
304.959	153.155	39.509	53.571
313.662	153.495	40.044	54.329
322.033	154.570	40.538	53.014
328.920	154.750	39.994	52.717
332.670	153.582	41.018	53.398
341.575	151.762	41.845	55.305
348.714	152.273	40.793	53.188
357.732	152.075	41.534	53.271
369.258	153.225	40.500	50.956
376.887	153.721	41.336	52.748
384.579	154.359	41.549	51.278
391.961	154.412	43.305	51.593
402.107	153.247	41.433	54.329
410.825	154.340	41.229	52.586
414.954	153.164	41.022	53.395
422.696	153.435	39.570	52.658
430.505	152.888	39.135	52.657
440.287	152.373	40.220	54.348
447.729	152.594	40.802	55.415
453.473	152.396	40.752	54.189
443.698	152.062	42.702	55.268
437.270	152.399	41.310	54.021
425.673	152.173	44.117	56.313
416.512	152.840	45.131	55.374
407.900	153.619	42.107	55.206
402.056	152.920	44.091	56.946
393.707	153.724	41.570	55.516
392.812	154.419	42.952	54.317
403.402	153.857	44.419	54.397
410.439	154.347	44.511	53.966
423.977	153.180	41.806	53.189
434.417	152.686	42.298	54.616
443.294	152.131	42.896	56.219
451.845	150.358	39.470	55.878
461.417	149.402	36.253	57.484
471.777	150.847	38.149	61.586
483.617	148.637	39.251	60.363
490.146	154.080	43.629	58.399
488.110	159.683	47.207	48.078
496.696	144.890	46.953	59.428
484.226	144.779	54.204	62.654
475.780	144.627	52.843	60.684
462.392	154.070	48.629	54.769
446.670	153.383	48.939	52.972
431.587	149.776	50.642	55.608
420.731	152.782	51.436	54.645
403.848	144.795	44.827	60.609
392.382	142.221	43.250	63.698
406.416	162.346	51.027	52.135
412.106	143.936	56.679	53.049
418.905	130.547	65.486	64.191
424.001	129.677	72.684	72.630
425.935	132.857	89.461	73.476
414.265	131.267	85.132	72.594
398.523	118.953	90.264	82.978
379.066	130.704	109.660	82.902
366.574	128.995	109.898	87.367
351.644	125.939	108.150	91.585
324.798	135.417	126.845	87.776
304.796	120.449	127.183	99.393
283.058	132.419	123.766	103.110
254.151	141.500	93.767	86.884
263.606	124.068	92.870	90.029
243.879	131.981	105.105	82.802
231.232	140.307	103.318	80.332
249.527	141.600	93.945	80.633
243.221	135.506	94.927	82.331
234.474	138.216	95.849	80.678
250.756	129.905	87.189	84.626
245.936	122.872	88.987	89.415
237.080	137.836	94.373	88.187
255.075	135.295	87.083	79.308
246.907	139.424	87.683	80.123
256.412	131.480	89.657	84.071
246.379	133.191	94.500	77.393
260.279	138.725	94.067	82.093
248.246	137.395	92.787	81.913
244.688	132.862	92.605	82.056
237.545	121.669	95.861	93.165
244.067	139.191	110.232	86.782
239.542	138.059	100.046	85.298
231.069	133.699	98.989	85.981
237.077	124.832	104.097	84.470
230.993	129.707	102.671	98.523
213.065	132.199	105.503	92.147
224.460	131.132	114.269	92.581
215.102	147.170	119.667	93.893
238.658	142.562	108.136	89.850
238.106	160.963	86.690	74.787
249.903	139.185	74.332	94.235
248.881	133.489	93.093	104.350
265.035	157.678	97.456	95.497
247.142	170.177	82.121	93.627
244.772	183.372	72.922	94.526
243.429	166.693	83.053	82.102
250.174	174.278	69.536	96.397
242.857	187.906	72.202	89.526
227.762	184.122	75.742	94.189
239.456	189.100	73.528	89.248
230.481	184.256	79.231	90.259
212.417	187.332	97.757	89.141
190.952	184.433	96.659	87.320
203.847	161.378	104.408	100.686
225.755	159.812	105.343	111.397
264.479	142.407	91.163	84.248
290.342	135.523	83.075	91.177
309.269	118.030	80.245	83.565
310.359	125.453	65.905	69.836
326.906	128.816	61.733	71.384
340.920	137.823	47.890	62.044
348.357	141.021	50.997	60.934
369.186	140.253	39.246	61.202
371.522	137.241	42.054	62.581
377.661	133.049	42.318	66.036
394.019	134.598	40.853	66.762
394.934	134.967	46.660	72.513
398.709	136.027	42.572	68.397
402.475	120.693	40.609	79.912
408.891	104.823	58.793	68.400
426.702	106.971	58.535	86.991
417.522	110.973	66.883	95.450
409.948	95.907	66.196	94.866
404.742	121.600	50.588	78.290
401.056	114.037	51.425	75.843
400.375	122.726	41.834	66.857
391.491	119.770	45.713	66.464
377.093	123.244	50.647	64.225
355.958	123.075	56.042	73.956
357.827	125.594	49.659	68.211
360.190	124.016	47.405	66.218
369.804	121.017	55.132	69.593
364.864	120.839	63.301	84.103
350.387	118.682	75.788	103.753
333.726	147.755	82.244	104.678
325.051	130.743	76.457	103.433
314.436	135.210	79.716	108.220
302.567	160.396	73.997	104.379
330.617	170.406	74.091	94.863
307.424	131.124	64.601	82.985
292.414	134.538	64.071	75.440
274.652	133.432	60.753	72.769
266.553	136.745	54.004	66.426
278.930	127.025	52.139	66.568
289.583	121.794	46.197	71.170
284.542	124.383	46.620	69.526
288.271	124.816	48.376	74.526
273.943	125.204	60.130	83.651
283.173	141.254	75.382	101.301
304.022	145.768	78.687	107.015
341.600	150.663	69.254	99.100
361.142	159.413	66.303	90.900
343.337	178.936	61.062	81.656
337.258	180.605	53.343	78.793
330.830	194.059	51.405	68.499
331.275	191.926	55.614	71.101
332.746	190.054	50.685	71.184
336.739	195.005	51.582	65.690
341.174	186.861	50.490	70.363
336.779	196.310	50.112	65.984
331.001	191.636	55.724	68.568
314.878	186.732	69.975	69.604
306.767	184.128	64.253	75.925
319.464	157.726	68.592	86.831
303.945	169.615	72.224	93.861
296.853	146.118	72.527	97.667
270.136	166.166	76.725	92.998
249.139	164.351	79.536	93.691
244.173	142.867	67.605	100.965
253.311	146.627	78.509	92.193
270.687	155.513	75.283	88.445
251.424	140.866	77.451	95.653
230.755	143.090	73.430	93.795
235.253	165.518	65.498	85.433
220.436	167.152	66.568	81.403
220.290	165.123	69.776	86.417
228.671	153.901	79.912	94.981
213.257	142.663	87.873	99.574
202.839	152.514	92.830	105.942
191.980	132.721	99.876	114.909
181.060	144.155	106.195	124.137
166.633	147.864	108.239	117.766
189.439	163.751	105.556	117.161
217.779	177.132	98.625	115.252
244.854	172.964	89.971	114.215
269.768	150.392	86.483	117.283
252.281	157.533	89.418	107.671
260.897	161.826	97.372	107.902
252.113	168.335	97.232	102.029
244.713	157.776	97.825	113.189
251.608	160.148	110.927	113.175
243.052	173.140	109.973	105.035
222.225	161.715	95.619	114.393
210.879	155.953	87.995	115.563
199.399	178.615	102.703	103.263
179.489	174.120	103.968	104.684
170.569	175.839	92.463	105.726
150.903	181.592	99.466	100.937
126.147	180.557	89.149	102.268
106.179	175.556	96.701	102.673
84.535	164.857	104.303	110.355
85.604	174.199	98.579	112.014
61.205	184.609	98.104	111.266
46.868	184.141	94.237	99.381
44.014	210.034	75.338	91.694
29.763	192.938	79.024	96.970
26.370	195.911	79.446	90.757
22.658	200.270	80.161	78.367
34.986	196.664	85.826	88.895
53.604	179.610	89.174	105.360
55.304	185.966	106.080	99.328
44.287	178.161	97.801	105.051
63.112	187.713	105.255	100.156
78.862	177.514	101.766	108.861
53.282	167.944	103.834	115.989
52.102	164.666	96.068	113.681
52.601	182.004	113.230	100.718
45.161	170.722	106.815	115.873
24.595	179.378	101.273	111.247
27.616	184.453	97.068	102.444
28.676	193.580	87.217	101.465
27.414	182.860	82.892	100.211
45.001	187.900	91.154	100.921
59.724	171.526	103.061	113.864
74.826	130.157	110.690	130.596
90.846	142.839	119.744	130.208
74.385	178.393	123.707	121.375
110.137	170.599	118.615	114.603
132.939	143.068	106.651	119.902
168.625	150.071	93.199	105.689
151.268	155.973	88.160	94.878
124.487	156.603	91.000	99.231
101.501	157.316	93.127	93.160
70.849	150.491	84.549	95.061
48.797	153.086	81.275	98.555
36.932	147.186	78.007	103.722
24.473	134.539	80.169	109.935
43.783	140.171	77.916	101.615
44.016	140.368	67.970	100.830
34.098	152.308	57.829	99.922
25.083	151.272	49.321	86.735
17.550	153.507	43.952	78.651
17.276	155.786	47.316	71.200
15.073	161.295	42.320	69.150
18.868	165.847	44.670	62.158
16.986	167.523	44.763	65.007
15.718	162.821	42.906	67.039
18.994	164.047	44.743	65.031
17.332	165.180	41.163	63.616
21.411	172.212	45.440	61.774
14.210	166.632	48.689	65.332
