435.000	147.000	18.000	48.000
435.297	147.836	18.859	48.670
435.563	147.207	19.046	49.070
435.555	147.564	19.409	48.754
434.829	148.675	19.969	48.081
434.324	149.025	20.961	47.796
434.869	148.024	19.863	49.583
435.416	148.330	18.373	49.717
435.367	149.069	18.336	49.924
435.404	149.475	19.128	50.216
435.527	149.321	20.065	50.067
435.650	148.889	19.996	50.701
435.378	149.691	20.681	49.857
434.579	150.716	20.789	49.877
434.277	150.650	20.788	49.011
434.485	150.230	19.847	50.642
435.063	151.139	19.280	50.133
435.234	151.389	19.882	50.869
435.312	151.277	20.348	51.043
435.234	151.337	20.816	50.997
435.054	152.189	21.412	49.861
435.313	153.109	21.642	48.676
435.139	153.106	20.788	48.288
435.194	151.984	20.160	51.297
435.146	152.974	20.514	50.916
435.479	153.611	20.337	51.625
435.529	153.776	20.345	51.382
435.359	152.889	21.106	52.480
435.375	153.476	21.708	52.078
435.087	154.404	22.161	51.507
434.848	155.357	21.536	49.829
434.924	153.889	20.186	52.127
434.640	154.406	21.090	53.324
435.015	155.780	20.011	52.472
434.926	156.121	20.712	51.895
434.550	154.928	21.072	53.648
434.180	155.340	22.702	52.952
433.939	157.345	23.922	51.042
433.383	157.735	22.778	51.277
433.332	157.059	21.544	52.138
433.923	156.504	20.753	53.566
433.971	157.875	20.435	52.916
434.252	158.491	19.721	53.118
433.936	158.338	19.796	52.643
433.275	157.469	21.574	54.839
432.610	158.977	23.433	54.267
431.860	160.679	22.096	50.791
430.894	160.020	21.545	53.101
429.895	158.897	21.435	53.648
429.874	159.797	20.770	54.734
429.450	160.735	20.628	54.460
428.940	160.706	21.033	54.693
428.614	160.167	21.508	55.463
427.975	160.429	23.896	55.220
427.300	162.407	23.784	52.941
426.379	163.097	23.508	52.170
426.334	161.141	21.570	55.443
425.525	161.654	22.891	54.413
425.064	162.620	22.887	54.900
425.570	162.849	22.509	53.122
425.135	163.626	22.775	51.571
425.259	163.329	23.424	51.913
425.221	163.697	23.294	52.324
424.871	164.691	22.938	51.606
424.174	164.969	21.366	51.464
423.931	163.710	20.345	53.164
423.436	164.939	21.248	51.756
423.768	166.212	22.864	51.750
423.660	166.155	23.572	54.025
423.508	165.724	23.485	55.284
422.843	166.175	24.254	56.245
421.206	168.115	22.419	54.858
420.778	168.026	22.885	55.113
420.577	166.996	22.288	56.725
419.963	167.526	22.568	57.444
419.752	168.483	23.740	57.680
419.533	169.286	23.843	57.399
419.020	168.309	24.966	58.380
419.271	168.990	24.649	58.412
418.366	170.463	25.704	58.087
417.333	171.304	26.679	55.922
417.206	170.556	25.714	57.862
416.561	170.381	25.019	59.538
416.613	170.789	24.527	59.374
416.544	172.330	24.328	58.569
416.631	171.767	24.014	59.051
416.103	171.683	25.530	59.846
415.629	172.064	27.186	61.124
415.273	173.438	27.831	59.810
414.751	174.035	26.804	58.679
413.808	173.218	25.704	59.745
413.182	173.218	25.453	61.345
413.354	175.270	24.591	60.381
412.952	175.520	24.234	60.086
412.263	174.886	24.646	60.604
412.350	174.758	25.049	61.508
410.460	176.915	26.176	59.249
409.589	177.575	27.010	59.585
406.713	176.696	28.256	59.923
405.950	176.004	30.072	63.024
407.481	177.396	27.957	62.146
406.846	178.675	26.576	61.645
406.624	178.240	26.873	61.841
405.415	178.977	27.866	62.617
404.384	180.757	28.875	61.303
403.535	181.698	28.401	60.583
402.381	180.707	27.678	61.836
401.833	180.431	27.198	63.273
401.161	181.997	26.029	63.906
400.819	183.242	25.216	63.931
399.694	182.756	26.094	64.247
398.744	182.833	26.695	65.180
396.924	184.085	28.272	64.453
396.050	185.697	26.225	63.141
393.596	185.384	26.294	64.104
392.512	186.170	25.898	64.141
391.488	188.776	25.487	61.057
390.762	189.169	24.197	63.691
389.755	189.205	24.448	63.898
388.591	188.743	24.765	64.162
387.514	190.668	25.723	62.957
386.369	191.556	26.299	62.119
383.768	191.041	26.945	62.977
382.095	191.002	26.688	64.509
381.310	191.237	25.463	65.862
380.539	193.243	25.509	64.715
379.621	193.911	25.648	63.930
378.896	192.899	25.645	65.094
377.817	193.505	26.000	65.767
376.494	195.344	27.281	63.810
375.894	195.699	26.130	63.911
373.967	194.355	25.585	64.404
372.366	194.276	24.883	66.985
371.627	196.034	24.930	66.274
370.606	197.033	25.058	66.585
369.212	195.896	25.151	67.012
367.774	195.519	26.455	68.216
365.838	196.876	27.689	67.551
364.295	197.500	27.541	66.778
362.299	197.342	28.488	65.805
361.780	196.816	26.209	66.630
359.861	198.260	26.294	68.365
358.947	198.786	26.043	69.368
357.417	199.676	26.305	69.242
356.583	199.052	26.098	68.514
354.563	200.696	27.120	67.732
352.848	202.070	27.621	67.758
349.160	203.555	29.138	66.770
347.143	201.834	27.790	69.260
346.037	202.359	26.647	70.694
344.607	205.453	26.617	69.061
343.336	206.307	27.005	68.594
341.112	206.184	27.955	69.827
338.979	204.304	28.830	73.463
337.495	205.786	28.980	73.251
335.563	205.063	30.600	75.713
329.934	204.674	31.249	74.820
330.095	206.898	29.927	71.503
329.475	206.256	27.509	73.019
328.086	208.563	25.666	72.856
326.375	210.598	25.662	71.794
324.894	210.953	26.673	71.607
322.700	212.290	27.471	70.905
321.119	213.682	28.129	69.875
318.318	214.037	30.082	68.872
317.428	212.552	28.550	69.679
315.592	211.739	27.808	73.710
314.148	214.495	27.795	72.801
312.845	216.154	28.256	72.316
311.574	216.057	27.718	73.921
308.907	216.508	30.099	72.710
307.442	217.146	31.039	73.274
305.752	218.490	31.468	72.144
303.463	217.205	30.471	73.903
301.170	216.390	30.725	74.802
299.825	216.776	28.632	77.189
298.582	216.025	27.774	79.885
297.606	216.638	27.999	80.459
295.411	216.948	28.461	80.133
293.250	217.519	28.960	80.145
290.730	217.872	30.720	80.536
287.889	220.657	32.155	78.794
283.714	220.507	33.164	79.959
281.793	220.883	32.241	80.262
280.340	220.643	30.089	82.296
277.933	222.835	31.131	82.242
275.170	224.658	32.313	80.577
272.976	224.319	32.792	80.348
270.170	224.301	34.186	81.890
266.737	227.498	35.002	79.112
263.094	228.702	34.441	79.748
260.319	227.469	33.427	81.180
258.692	228.020	32.198	82.452
256.270	230.188	32.266	82.128
253.556	231.172	32.736	82.987
250.663	230.011	33.049	83.765
247.856	230.417	34.363	83.894
254.375	233.245	36.794	83.380
272.097	237.304	38.547	80.897
288.891	233.816	36.343	83.146
303.481	232.766	33.891	86.341
316.097	236.426	33.767	83.996
328.585	234.983	35.348	86.626
342.600	232.940	34.830	87.566
358.787	235.448	35.467	87.937
372.806	236.550	37.129	86.095
386.306	237.874	38.399	85.428
397.749	240.133	41.336	85.231
413.976	237.940	37.464	87.852
429.066	238.886	36.310	90.243
440.672	242.547	35.470	88.247
438.441	243.353	33.968	88.761
435.997	239.258	32.714	89.764
431.102	242.704	34.601	91.209
428.301	244.505	35.537	90.578
424.042	247.291	36.628	88.646
420.102	247.299	35.820	89.702
417.836	246.304	34.048	92.150
415.989	246.991	33.566	92.245
413.658	248.074	33.054	93.994
409.421	246.372	35.259	96.053
405.820	248.567	35.609	95.062
402.012	251.079	36.830	94.172
396.181	253.023	39.315	93.828
391.938	256.289	40.014	92.463
388.544	254.196	38.282	94.215
386.709	253.928	37.856	96.847
383.878	256.152	37.958	93.143
380.187	259.799	37.122	95.834
375.067	259.461	38.899	97.926
370.244	258.645	39.886	99.039
364.704	261.199	41.612	96.311
360.429	262.422	40.192	96.964
355.595	265.007	40.882	95.582
351.746	263.950	39.486	97.219
348.319	265.549	39.475	97.924
344.953	266.593	39.386	98.971
339.515	268.479	40.180	100.128
336.112	266.382	39.864	100.268
331.943	266.442	41.219	101.422
325.168	270.978	42.164	98.686
320.108	271.950	42.316	98.416
313.319	271.941	40.987	98.331
308.268	273.528	41.693	99.528
303.643	275.436	42.775	97.594
297.577	277.862	43.235	100.028
291.907	277.142	44.524	101.460
297.556	277.134	46.779	101.502
308.196	279.445	45.796	103.293
315.134	281.320	47.061	101.641
326.611	280.442	45.205	101.925
336.570	280.554	46.336	105.058
349.619	283.945	47.584	103.749
358.925	286.807	47.321	100.479
354.451	286.484	46.076	105.346
347.377	286.553	46.857	105.732
340.931	287.169	48.007	107.081
334.607	290.542	48.282	106.251
327.658	291.606	50.103	105.293
321.427	291.818	47.027	105.051
316.895	292.509	46.782	108.300
312.555	294.883	48.539	106.389
307.452	297.508	50.051	108.661
301.414	298.937	51.086	109.568
295.520	298.110	51.414	108.545
288.054	301.025	53.199	109.761
281.702	304.068	51.922	110.224
276.163	303.921	50.105	110.488
271.860	304.298	47.269	110.715
265.328	305.470	50.630	113.946
258.640	309.209	52.583	111.900
253.593	310.346	52.366	113.368
249.323	308.914	52.001	115.679
243.412	310.925	52.835	114.158
235.346	315.097	54.322	112.401
229.263	317.432	52.743	113.728
222.484	317.311	50.039	114.343
215.568	317.268	52.172	115.227
209.687	320.672	53.627	115.625
203.039	322.863	55.484	117.731
196.465	323.263	54.606	120.595
189.260	324.115	55.079	117.911
178.334	328.133	56.724	118.849
171.971	330.765	56.958	119.210
164.866	331.536	54.633	117.112
157.882	330.044	53.540	119.274
150.116	332.757	54.795	120.703
143.356	337.281	56.380	119.968
135.113	339.193	58.277	120.524
127.999	338.825	58.419	122.024
120.582	339.283	56.320	125.299
111.216	344.888	58.269	121.352
102.708	345.310	57.053	121.154
93.592	346.334	56.770	120.639
87.130	345.443	55.871	124.501
