382.000	185.000	176.000	373.000
381.740	191.840	178.291	361.495
388.570	191.604	176.618	358.323
396.130	188.212	174.675	358.551
404.174	184.701	172.889	359.146
412.683	183.656	172.610	354.150
419.983	179.349	170.043	353.611
426.627	176.152	168.135	347.238
430.635	174.183	164.661	345.813
433.102	172.822	166.369	344.044
436.003	174.905	164.564	340.908
438.871	172.273	166.843	342.102
442.083	173.851	167.375	338.749
445.195	173.062	164.455	337.838
448.660	176.683	161.239	330.400
449.850	177.128	162.259	327.067
452.065	177.465	157.193	325.303
456.282	177.417	152.938	323.138
457.325	173.319	151.300	323.810
461.163	176.309	150.037	318.127
464.966	176.602	147.319	314.864
469.412	174.839	145.523	314.057
475.021	175.345	143.913	311.055
478.472	175.405	143.966	310.238
483.533	177.250	143.494	308.285
491.566	180.581	144.140	304.529
493.348	185.110	150.121	301.674
499.465	189.709	149.388	298.248
504.092	191.046	147.283	298.736
508.430	195.541	144.619	296.008
510.830	199.615	145.904	293.695
513.407	198.915	144.451	294.807
515.027	197.958	145.143	295.360
516.739	196.584	143.800	294.235
518.386	195.539	140.845	291.300
518.056	190.781	142.538	292.244
519.405	193.095	141.829	288.716
521.799	192.482	141.122	290.331
524.980	194.993	140.375	286.801
528.158	195.254	138.944	287.179
535.143	199.454	135.996	280.245
538.820	201.467	137.641	276.391
544.618	204.708	135.678	272.065
548.294	204.659	131.102	274.059
552.018	204.946	131.829	274.723
556.102	205.218	130.266	274.486
558.595	204.739	132.214	272.866
560.657	204.695	131.360	269.332
563.143	203.730	132.527	268.288
563.784	203.805	131.481	266.567
564.103	201.618	132.680	270.175
565.961	203.359	133.498	267.736
567.139	203.183	134.527	267.553
569.753	204.301	133.913	266.344
572.419	206.151	131.861	263.948
573.863	206.103	131.545	263.504
577.739	208.054	131.057	260.926
579.466	209.251	131.069	259.431
582.208	210.326	130.019	258.535
585.511	209.641	127.806	258.615
587.237	209.641	127.370	256.772
587.526	210.774	128.053	253.052
587.152	209.213	124.362	254.283
585.125	210.563	127.045	251.280
582.720	209.866	127.584	252.500
580.606	211.794	131.687	250.663
579.435	213.881	130.366	246.272
578.980	214.395	127.988	244.354
579.406	215.124	126.195	242.926
580.593	215.369	124.491	241.859
581.000	213.816	125.619	242.327
581.146	210.165	123.044	242.611
580.690	211.387	122.411	239.025
581.645	210.694	119.878	237.751
583.421	211.543	118.245	237.089
583.367	210.347	119.276	238.900
587.038	217.472	115.507	236.615
587.276	218.507	115.307	239.243
585.356	223.920	115.758	237.159
583.700	229.150	115.761	234.827
582.350	234.429	117.708	233.165
582.835	243.553	115.016	230.214
580.889	245.640	115.063	230.515
578.582	251.943	116.031	226.935
574.852	253.868	117.654	229.396
571.100	256.037	117.379	227.276
563.120	259.277	118.288	223.206
553.082	258.484	117.513	223.210
540.998	255.967	119.441	221.588
530.309	255.927	117.717	218.935
523.263	253.739	113.726	220.213
514.591	254.229	112.896	219.083
511.270	254.190	110.330	217.992
507.810	254.770	111.459	217.258
504.221	257.170	110.224	215.612
499.944	259.031	109.205	213.809
490.408	262.930	110.992	211.081
487.288	263.659	108.044	211.561
482.163	262.793	109.486	211.390
478.585	262.882	109.510	208.753
475.675	262.808	107.784	206.893
469.204	261.523	105.741	208.171
465.843	260.601	105.965	209.599
463.525	261.488	107.886	208.158
462.260	263.317	105.617	206.185
461.559	261.058	105.426	210.183
461.163	262.183	104.705	208.168
463.771	262.764	102.050	206.544
465.654	264.445	103.022	203.642
469.119	263.762	101.897	202.856
471.950	263.673	103.226	202.474
479.120	265.958	100.084	200.465
481.635	267.586	99.891	199.049
483.567	269.218	98.147	199.175
484.398	270.943	97.626	198.576
485.615	272.308	95.503	197.844
486.263	274.643	94.485	198.801
486.101	275.350	94.081	197.918
485.791	276.203	93.989	196.115
486.431	278.547	93.852	193.787
486.439	278.598	95.070	193.760
488.376	279.494	93.728	192.652
489.896	279.197	94.018	192.984
491.820	279.385	93.334	192.182
492.655	278.650	94.182	192.159
493.802	280.144	94.903	188.704
496.168	281.012	93.690	187.494
497.877	279.695	93.408	188.760
499.906	281.584	92.625	187.014
501.502	281.444	92.553	187.327
503.173	282.307	92.695	187.570
506.346	283.762	93.474	185.464
508.779	283.873	92.803	185.539
510.811	285.419	92.184	184.087
512.377	285.126	92.161	184.667
514.450	282.617	91.228	186.634
516.608	278.480	90.321	187.495
518.069	277.719	90.639	185.157
518.703	274.880	89.513	185.682
519.620	274.806	90.057	182.563
518.077	274.771	91.177	180.398
518.225	274.785	91.472	178.885
517.695	274.958	92.374	179.031
517.213	274.743	93.537	178.921
517.151	276.756	93.994	176.717
517.470	277.143	94.698	176.536
515.302	276.931	94.425	176.616
514.472	277.259	94.147	175.615
514.534	277.436	92.915	174.922
514.405	277.076	92.449	175.274
513.555	277.807	93.917	173.998
514.318	278.857	93.154	172.288
516.421	279.425	92.122	171.115
518.591	279.475	91.278	171.059
523.004	279.546	88.220	171.611
525.545	280.252	88.729	170.952
534.404	281.820	85.251	170.188
535.584	284.105	86.272	168.339
539.466	286.210	85.974	166.590
543.901	286.712	87.613	167.413
550.211	287.539	87.754	167.691
558.628	287.999	87.476	168.381
565.145	288.781	87.962	167.510
571.917	288.936	88.158	167.065
579.618	288.707	86.777	166.065
585.971	287.096	85.261	167.822
592.513	286.415	86.280	168.560
597.313	285.749	82.435	168.722
599.575	286.074	85.130	167.061
603.350	286.879	81.446	166.757
605.454	287.171	80.762	165.273
608.095	288.101	78.216	163.754
609.328	288.450	77.937	163.111
610.784	288.102	77.411	163.095
612.202	287.849	76.804	162.614
614.058	286.574	75.734	161.809
615.442	287.167	76.128	158.506
616.766	285.382	76.276	159.326
618.305	284.443	76.159	159.021
619.848	284.457	77.614	159.212
622.585	284.243	78.691	159.999
626.444	283.755	77.324	160.398
628.730	284.253	77.475	158.922
631.434	284.610	76.597	157.934
634.229	284.676	76.265	157.674
637.273	284.821	75.351	157.354
640.227	285.258	76.783	156.347
643.308	284.027	75.615	157.146
646.151	284.677	76.859	155.889
648.722	285.247	77.011	154.507
650.157	284.974	77.099	153.807
652.473	285.326	76.102	152.088
656.065	285.928	78.995	151.603
661.980	285.889	79.945	151.895
667.378	285.673	79.504	152.640
670.330	285.602	77.575	152.817
675.765	286.820	77.830	151.592
681.591	287.123	76.720	151.546
688.761	290.496	77.007	149.163
696.130	291.654	75.734	149.293
702.464	294.893	74.284	147.347
707.700	298.427	71.782	147.363
711.271	301.161	70.750	146.068
714.151	302.165	69.936	145.919
714.795	302.140	72.283	146.505
717.759	304.571	70.998	144.656
720.175	303.775	72.150	146.407
721.802	304.292	72.140	146.176
723.636	303.957	72.482	146.512
724.536	303.552	72.328	146.155
725.176	303.775	72.698	145.984
727.598	304.311	72.421	145.296
728.883	304.407	73.662	144.952
730.429	305.375	74.590	143.125
732.673	306.023	74.019	141.892
732.345	305.522	73.090	143.302
734.561	306.967	73.344	142.007
736.282	309.425	71.448	141.263
737.387	311.761	70.076	140.744
736.895	312.499	69.838	141.966
734.866	314.375	69.775	140.402
729.633	314.395	71.533	140.694
719.346	315.622	74.155	140.773
710.846	315.552	76.626	139.874
702.453	315.676	77.363	137.785
692.320	315.763	79.157	136.310
687.174	316.413	75.268	135.433
670.988	318.106	79.446	135.793
666.467	316.461	74.586	135.944
662.593	315.734	75.890	134.142
654.786	312.635	73.563	137.395
646.364	311.775	72.091	136.291
633.214	310.312	73.227	136.673
627.078	310.586	70.629	136.710
619.278	312.026	69.337	137.198
610.872	315.737	68.441	135.774
602.507	317.450	67.627	136.493
587.204	323.276	71.266	133.317
580.529	323.965	69.622	132.725
569.385	325.078	72.172	131.556
557.913	325.132	73.951	131.521
548.510	324.120	72.473	131.627
535.947	321.130	72.542	132.379
528.198	319.648	70.990	131.265
518.123	317.796	71.611	130.105
511.763	316.242	68.889	129.408
505.017	314.529	68.068	128.925
496.804	312.969	69.664	128.896
493.830	311.521	67.390	129.410
490.251	310.881	66.573	128.929
487.441	310.578	65.682	127.180
484.545	310.385	65.808	127.219
480.983	309.310	66.066	127.903
478.774	308.697	65.298	126.722
476.560	307.705	64.335	126.070
474.648	305.874	63.526	125.918
473.784	305.651	63.180	124.661
471.942	305.044	63.194	124.405
471.001	304.361	63.668	125.143
470.700	305.341	62.903	124.159
471.938	306.507	61.744	123.661
472.467	306.612	61.141	124.164
473.158	307.794	61.932	122.847
474.360	307.774	62.716	123.116
476.859	308.300	64.366	123.092
479.870	308.445	65.063	123.059
481.914	308.437	66.539	122.175
486.734	308.579	66.375	121.445
489.326	308.127	67.004	121.403
492.906	307.062	66.102	120.854
495.419	305.913	64.757	121.224
497.582	306.549	62.832	120.045
498.089	307.185	62.653	119.253
499.091	306.392	61.378	120.710
499.753	307.458	60.791	120.142
499.885	308.227	60.853	119.745
500.188	308.056	61.915	120.215
502.136	309.897	62.241	118.124
504.581	310.002	61.642	117.832
506.346	310.160	61.846	117.821
508.936	310.002	60.139	118.156
510.254	309.559	60.240	118.102
511.771	309.829	59.909	117.055
513.054	308.342	59.432	118.351
514.507	307.173	58.493	118.384
515.350	306.679	58.909	117.511
516.222	305.955	59.253	118.232
518.692	306.931	58.654	116.883
520.371	307.166	58.629	116.890
522.373	309.047	59.274	115.089
525.105	309.998	59.172	114.684
528.382	310.206	58.858	114.945
531.045	310.313	59.084	114.601
532.544	309.938	60.435	115.134
538.105	310.246	58.538	113.566
542.278	310.095	57.105	112.359
545.067	309.950	58.856	112.794
548.110	309.654	58.216	112.557
551.756	309.637	57.512	112.563
554.263	308.807	57.793	112.606
556.091	308.861	58.442	111.325
559.674	309.358	58.469	110.316
562.046	309.735	58.161	109.953
567.380	311.366	55.286	108.246
567.721	311.508	55.545	108.469
566.335	310.621	58.639	109.241
566.928	309.987	58.784	109.925
567.682	310.587	58.231	109.501
570.446	310.650	57.280	110.126
572.061	310.856	57.144	110.263
573.182	310.025	57.695	112.310
575.455	311.676	58.676	110.387
578.732	311.556	58.558	110.987
581.009	312.823	59.034	109.400
583.039	312.581	59.693	109.319
585.898	310.617	59.558	111.698
587.463	311.542	60.332	109.574
590.473	311.162	59.617	109.949
593.648	311.203	59.311	110.170
597.066	311.358	60.648	110.544
600.063	309.972	61.579	112.087
600.889	310.869	62.796	111.693
602.866	310.686	62.736	111.882
605.215	310.475	62.185	112.363
607.972	311.629	61.428	110.063
610.772	309.654	60.496	112.252
613.030	309.561	61.025	111.987
615.676	309.455	61.044	111.001
617.339	309.098	61.692	110.865
620.770	310.052	62.417	109.684
625.011	309.150	61.402	110.700
626.860	312.294	62.417	108.627
629.843	314.246	61.611	108.541
633.747	316.501	61.210	109.317
641.770	322.490	58.883	107.400
649.015	322.029	60.727	110.483
659.262	323.624	59.221	111.255
663.221	324.862	60.233	110.673
668.883	326.127	59.484	107.552
673.865	321.549	57.485	108.805
678.079	320.049	55.983	106.621
682.963	318.271	55.940	106.240
686.798	317.537	55.754	105.925
688.973	317.714	54.771	105.682
690.491	314.272	58.120	108.223
690.552	314.588	59.622	106.718
690.662	314.250	59.781	107.014
691.348	314.484	59.530	106.409
691.355	314.653	61.058	105.778
692.466	316.528	61.915	103.824
693.304	315.414	60.721	105.110
693.640	315.802	61.472	105.681
694.013	315.730	60.993	105.784
695.675	315.534	60.854	105.072
697.961	313.540	60.262	104.072
701.162	311.330	57.540	104.555
702.217	310.437	57.800	104.636
702.898	308.487	58.437	106.297
704.579	308.035	57.611	104.963
705.708	307.138	57.620	104.130
707.332	306.199	55.969	104.320
707.550	305.300	54.001	105.337
706.191	305.445	54.135	105.460
705.508	304.491	53.662	105.187
704.435	304.934	54.413	104.574
705.299	305.177	53.767	104.151
705.772	304.970	53.570	104.207
706.051	304.483	54.219	103.598
708.605	303.385	53.637	102.248
714.500	304.857	58.937	96.690
723.149	305.148	61.094	97.975
733.901	305.400	59.398	101.057
743.726	306.945	62.188	101.319
754.086	307.779	62.329	102.543
767.180	309.112	67.912	100.219
778.254	309.820	60.834	99.290
789.690	309.652	60.321	100.231
800.175	310.330	61.160	100.038
813.068	310.437	58.295	100.449
823.753	311.382	58.639	101.021
837.300	314.274	60.963	99.453
849.408	315.415	59.036	99.022
861.881	315.128	58.076	102.228
872.573	316.509	57.245	101.208
880.904	317.328	58.114	97.606
891.309	316.573	55.315	99.999
897.170	316.103	56.965	101.154
899.673	315.227	57.347	101.542
902.595	315.047	55.559	101.831
905.821	315.218	53.173	103.121
907.193	314.964	51.316	104.401
906.408	317.008	52.171	102.517
903.732	316.618	53.817	102.973
899.161	317.830	54.993	102.697
895.521	318.415	55.155	101.875
891.042	320.888	52.222	98.904
885.618	319.955	53.260	98.758
880.142	320.382	54.158	97.792
875.140	319.598	54.385	98.207
870.999	319.860	55.550	97.538
867.617	318.517	51.875	98.169
862.515	317.114	51.508	97.974
858.535	316.111	52.630	99.087
855.378	316.075	53.459	98.437
853.030	316.244	53.809	98.814
851.942	316.676	54.980	97.256
851.845	316.952	53.391	96.881
850.175	316.309	53.901	97.946
846.737	316.336	54.580	98.210
844.293	317.319	54.103	98.198
839.957	318.547	55.415	97.662
837.084	318.634	55.428	97.749
834.512	318.588	55.926	98.436
832.094	318.594	55.410	98.820
829.063	319.529	55.013	98.669
826.631	322.168	53.911	96.961
825.164	323.111	53.272	98.686
824.076	323.794	53.755	97.854
822.939	324.498	54.436	97.250
823.144	324.657	52.769	97.248
822.364	324.977	52.182	97.052
821.735	326.311	51.497	94.831
821.187	326.862	51.640	94.785
820.651	327.153	52.091	94.289
821.147	327.153	50.507	94.483
820.626	326.474	50.585	94.020
820.810	325.648	50.184	93.649
820.814	325.068	49.565	94.111
821.269	324.625	48.516	94.897
821.775	324.088	49.062	94.932
821.806	324.225	50.601	94.043
822.690	323.648	50.375	94.185
