66.000	77.000	135.000	51.000
98.635	76.322	133.245	48.697
116.566	75.932	136.826	48.725
149.971	75.990	136.340	48.279
180.487	76.276	134.770	46.199
211.907	75.057	136.291	46.719
243.768	74.533	139.440	46.309
275.647	74.859	138.437	45.836
317.321	74.751	135.386	45.696
348.070	75.198	132.512	45.296
386.520	74.485	134.593	44.779
383.327	68.082	134.934	42.925
382.084	67.099	133.133	44.394
378.992	67.099	132.930	44.862
375.200	67.402	133.331	44.736
370.968	67.488	134.754	44.358
368.143	67.085	134.675	44.897
366.304	67.085	133.957	45.013
362.151	67.062	133.492	45.386
355.434	67.559	134.792	45.066
352.916	67.312	133.310	45.733
350.327	67.713	131.707	46.355
348.667	67.489	132.097	45.817
344.982	67.944	132.707	45.701
339.876	68.059	133.637	46.490
334.907	68.046	135.110	45.827
330.853	68.405	135.519	46.143
327.000	67.895	134.965	46.004
299.167	68.669	128.108	49.036
294.300	69.544	123.029	49.187
289.710	70.456	119.709	49.152
285.926	71.035	116.709	49.296
282.015	71.228	114.131	50.033
278.177	71.991	110.360	49.835
275.348	72.637	108.539	49.866
270.999	72.933	107.259	50.550
268.485	73.078	103.819	51.510
266.250	74.136	100.097	50.835
262.762	73.275	97.878	52.661
262.217	74.037	93.174	53.438
260.728	75.138	90.564	52.901
259.242	76.196	88.075	53.412
258.326	76.659	84.956	53.862
256.875	77.867	82.732	53.321
255.496	78.561	80.207	54.090
252.965	80.008	80.298	52.957
251.720	80.670	79.415	53.421
251.136	81.859	77.695	52.896
250.697	82.559	75.591	53.712
250.356	84.166	75.150	53.037
250.200	86.175	74.928	52.211
250.345	86.830	73.887	53.447
250.417	88.174	74.418	53.705
250.581	89.542	74.402	54.149
249.892	90.366	75.021	54.915
249.442	92.302	75.386	54.961
249.159	92.431	75.325	57.000
249.556	93.627	75.077	57.174
248.919	94.454	75.071	56.985
248.339	95.515	75.667	58.583
248.147	97.300	75.939	59.745
248.309	98.222	75.875	58.884
247.579	99.389	77.493	61.263
248.108	100.647	76.930	61.742
246.960	102.450	78.124	62.331
246.651	104.502	78.511	60.543
245.529	106.216	79.756	63.137
245.454	106.846	80.446	62.984
245.569	108.860	80.537	63.015
244.683	109.351	81.702	63.894
244.223	110.829	82.199	66.447
243.707	113.026	83.584	65.301
243.323	114.167	83.645	66.404
243.072	115.224	85.139	69.074
242.297	116.764	86.106	69.541
241.081	118.592	87.930	69.294
240.937	120.186	88.726	70.874
240.570	121.076	89.842	69.827
240.192	122.858	90.902	72.350
240.098	123.953	92.187	71.045
240.031	125.448	93.836	71.667
240.203	128.052	93.861	73.083
240.048	129.627	96.190	73.319
240.334	132.230	97.400	75.077
241.014	134.619	99.291	76.057
242.200	136.112	100.750	78.151
243.148	138.532	103.438	79.478
243.474	140.506	105.113	80.322
244.617	143.228	106.704	80.173
245.917	144.475	107.440	83.598
246.901	147.372	108.522	83.818
247.970	150.129	109.658	84.548
249.396	152.208	110.760	85.876
250.675	154.110	113.121	87.979
251.989	156.306	113.877	89.059
252.573	159.413	115.548	90.696
255.858	161.981	116.718	92.954
259.098	165.303	118.335	93.653
261.862	167.556	121.194	96.169
265.574	170.768	122.106	97.001
267.937	174.067	126.115	99.067
271.669	178.845	129.074	99.043
275.842	181.620	131.996	103.119
280.610	187.583	134.264	101.292
286.607	190.127	140.622	108.955
290.835	195.181	146.107	108.487
296.920	199.237	150.714	112.365
303.883	203.221	157.139	115.043
311.468	208.105	160.775	117.605
315.749	212.769	164.979	117.031
326.781	218.331	171.858	124.205
337.234	223.001	179.779	127.672
348.734	227.991	184.764	132.655
360.276	233.585	189.553	136.056
370.710	240.425	196.857	137.935
381.788	231.187	205.292	146.601
394.822	193.289	210.326	155.193
406.462	158.978	218.723	158.093
419.281	126.887	228.172	162.318
431.031	119.742	235.326	166.810
450.658	129.477	243.787	170.538
462.476	137.059	250.513	171.194
480.647	147.614	256.830	177.258
499.575	156.495	257.675	184.183
519.150	166.899	247.830	188.912
538.587	177.957	229.317	197.776
