342.000	131.000	130.000	201.000
336.947	133.527	140.687	191.405
338.731	132.946	141.192	192.053
338.423	134.102	146.060	190.909
342.767	132.894	145.948	190.677
338.682	131.651	156.149	195.451
339.371	132.624	156.711	194.994
340.621	132.492	157.911	195.223
340.021	132.945	158.080	197.329
340.489	132.862	157.976	194.869
341.036	132.945	157.371	196.551
341.656	132.945	157.179	196.454
341.002	133.079	158.016	196.321
342.214	133.345	155.710	195.570
341.785	131.631	156.990	196.810
341.087	132.384	156.717	197.136
341.067	133.212	157.870	195.703
341.846	133.212	156.461	196.381
340.633	133.610	155.471	196.274
339.533	134.533	157.754	193.996
338.310	134.402	159.796	195.288
340.183	134.607	154.082	195.912
340.119	135.473	155.215	194.586
339.895	135.340	155.328	194.431
337.595	134.480	158.344	194.570
338.875	133.079	159.029	196.514
340.079	132.315	156.874	198.325
340.099	132.455	155.735	199.428
340.274	132.591	156.887	199.096
340.301	132.455	155.950	198.647
341.465	132.182	155.776	199.310
340.083	131.359	157.551	200.328
339.537	131.694	159.168	200.476
340.458	131.422	158.588	200.649
338.758	131.285	159.450	201.083
338.654	132.289	160.524	199.164
337.973	132.238	159.743	199.242
338.046	133.046	160.430	197.844
337.552	133.714	159.741	198.061
338.011	134.245	159.719	197.136
338.674	134.676	160.158	194.379
340.541	134.607	158.422	195.815
338.941	134.607	158.674	195.621
339.475	134.207	158.565	195.924
339.524	133.672	156.701	197.235
339.678	133.268	156.933	197.251
339.778	133.672	156.147	196.847
336.499	132.678	158.516	196.625
337.868	131.376	155.865	198.478
336.268	129.985	153.361	199.437
335.115	130.792	152.838	195.515
333.710	131.516	152.761	195.400
334.883	132.043	150.262	195.260
335.405	132.702	147.822	192.881
335.389	133.915	145.701	192.596
337.542	134.146	141.975	193.833
335.767	132.743	143.716	195.160
336.241	134.938	143.032	192.380
336.179	134.363	141.939	193.072
336.147	134.659	141.211	193.133
336.735	134.526	140.558	193.266
336.985	134.818	140.548	192.676
336.604	135.082	140.633	192.601
335.059	136.258	141.102	191.989
335.144	137.313	138.953	191.261
333.792	137.363	139.743	190.057
333.086	137.629	136.364	189.632
330.565	138.909	135.496	188.461
329.354	139.940	129.435	187.964
326.198	141.673	125.263	186.285
322.968	143.526	122.074	185.082
318.243	144.098	118.905	184.256
313.827	145.546	119.249	183.373
308.071	145.197	124.904	184.207
303.340	144.708	124.805	183.004
299.454	143.824	129.896	184.026
296.402	144.398	133.360	184.103
294.293	144.725	132.410	182.191
291.588	146.454	137.415	180.803
290.183	146.874	137.338	179.907
290.494	148.733	138.511	178.547
290.529	145.892	138.305	182.047
290.852	147.891	139.453	180.212
292.310	144.766	138.034	183.420
294.860	145.202	136.668	184.261
299.135	144.553	133.694	184.138
301.881	146.427	130.443	182.179
304.169	146.715	129.284	181.559
308.970	147.958	125.975	180.939
313.834	146.076	122.432	184.051
316.871	146.809	121.114	182.970
318.658	148.468	120.533	180.723
319.524	148.479	119.898	181.414
321.670	148.588	118.218	181.733
324.300	149.180	117.123	182.130
326.489	148.544	118.488	181.538
327.959	148.479	115.557	181.229
328.539	147.639	116.419	180.897
329.367	146.852	117.252	182.556
331.230	146.881	114.807	181.971
332.255	147.464	115.302	180.956
332.091	147.964	114.786	179.948
333.152	148.208	115.334	180.854
334.918	148.416	114.973	178.791
333.705	148.966	116.994	179.725
335.033	149.016	115.925	179.728
335.591	150.754	115.711	177.170
336.801	150.501	114.234	176.831
336.643	151.278	113.084	175.818
337.568	151.470	111.847	175.517
336.936	150.122	112.256	175.404
336.093	150.981	112.560	173.413
336.609	151.047	110.930	174.314
334.662	152.886	111.006	172.122
332.880	154.663	112.239	170.879
330.017	155.250	115.322	169.161
329.175	156.321	114.821	169.648
327.594	157.381	114.496	169.575
325.938	157.381	114.830	168.891
323.418	156.555	115.699	169.830
324.380	155.814	114.313	170.571
321.287	156.014	116.957	170.096
319.392	154.100	117.958	172.102
316.007	152.721	122.093	172.971
313.951	153.607	124.187	171.810
313.355	152.576	125.170	173.011
313.286	154.378	124.391	171.261
313.165	152.915	126.288	173.603
312.992	153.599	125.340	171.745
314.510	154.217	124.395	171.746
315.312	153.593	123.501	171.303
318.634	154.192	120.838	171.108
319.071	155.066	120.292	170.242
323.210	157.011	116.637	167.914
321.878	157.816	118.435	167.949
325.914	159.393	115.786	165.117
327.341	158.969	115.043	166.168
328.243	158.807	115.342	166.555
330.279	160.485	114.432	165.837
330.024	159.710	116.002	167.779
331.883	158.344	114.339	169.675
333.301	159.366	113.793	168.825
333.166	159.612	115.882	168.012
334.533	160.489	117.562	167.418
335.220	160.218	120.973	168.197
335.578	160.299	120.992	167.336
336.181	161.718	122.735	165.865
337.709	161.684	122.124	166.168
337.092	162.691	125.996	165.767
337.047	163.563	127.073	165.408
337.781	162.778	127.841	167.109
337.655	163.228	128.210	166.084
338.489	163.154	129.778	165.713
339.586	162.283	131.697	166.334
340.867	161.693	131.522	167.203
340.775	160.817	133.836	170.237
341.210	160.425	133.909	170.810
341.097	161.415	136.320	169.668
342.702	161.394	140.595	169.547
350.543	161.468	140.839	169.143
365.517	161.976	128.280	168.800
377.936	162.434	122.090	168.786
383.115	163.016	120.338	166.778
386.555	163.585	120.954	166.187
393.219	164.283	119.279	165.883
397.874	164.811	118.611	159.156
411.900	164.769	107.738	157.168
408.427	163.894	114.149	160.916
422.343	163.292	103.328	156.249
432.904	163.165	97.332	158.572
437.576	162.926	95.414	159.524
441.472	161.622	93.867	161.043
445.159	162.522	94.032	159.333
447.774	162.420	93.657	159.852
452.709	162.267	93.474	160.005
455.665	162.190	92.656	158.378
456.807	161.941	92.881	157.252
458.469	162.809	93.828	157.125
460.077	162.917	93.701	158.321
461.735	162.977	97.041	160.559
463.518	163.129	101.956	160.507
464.948	163.969	104.143	161.286
464.896	163.557	108.033	160.346
466.809	163.351	109.076	161.940
467.044	165.014	112.105	159.551
465.622	164.532	116.699	158.999
462.540	163.971	121.731	160.887
457.310	164.215	127.889	161.871
449.967	164.590	135.402	160.586
443.418	164.246	142.253	159.185
439.963	162.594	146.235	159.876
438.298	163.105	146.038	159.855
436.127	163.429	146.292	158.471
439.558	163.011	141.592	157.875
448.139	163.504	130.909	157.746
453.109	163.356	123.535	158.703
457.194	164.366	117.552	158.822
458.081	166.168	115.906	156.455
459.636	167.257	113.576	155.348
459.862	166.989	108.951	155.044
458.487	167.712	105.925	152.679
456.054	169.520	106.647	153.117
455.521	168.502	102.023	153.691
453.947	169.823	98.502	152.277
451.713	172.224	97.472	150.125
449.704	172.516	93.542	148.739
447.059	172.730	90.354	147.373
443.691	173.208	91.316	148.542
440.501	172.727	90.443	148.802
433.866	172.638	90.622	146.276
430.037	174.274	91.945	145.972
426.776	174.103	92.700	144.995
420.229	174.899	96.991	146.463
416.004	175.288	99.548	146.033
410.394	175.329	101.312	146.795
405.953	175.801	101.805	148.812
403.413	175.343	102.088	148.012
399.611	174.921	103.654	148.584
398.236	173.717	103.720	149.287
395.664	173.423	103.778	150.280
390.397	171.245	108.077	152.907
389.337	170.060	109.290	155.166
388.526	170.584	109.912	154.962
390.441	172.266	107.806	152.550
394.670	174.065	103.478	151.173
390.975	175.254	107.477	150.187
395.368	179.558	105.397	145.364
399.618	181.117	102.671	143.884
400.516	182.001	104.606	141.677
401.991	185.936	106.109	137.482
404.239	184.173	106.683	138.965
406.758	186.680	105.436	136.928
402.849	184.876	112.702	137.891
407.243	186.424	110.019	136.729
413.557	185.931	105.052	134.704
412.359	186.685	110.118	136.022
414.084	186.321	109.672	136.000
416.168	185.757	107.611	136.478
417.854	185.569	106.325	136.293
419.908	186.119	105.686	136.944
422.686	185.492	105.548	138.665
422.855	185.725	104.165	139.404
423.262	186.259	104.057	138.072
423.949	186.544	103.549	139.294
422.316	186.356	106.528	138.708
422.232	185.553	104.829	139.626
422.656	184.943	104.613	141.282
422.504	184.714	104.616	141.225
421.141	184.565	105.299	140.541
419.302	184.149	107.676	140.767
419.455	183.586	105.271	140.952
419.357	183.099	104.688	141.219
417.253	182.582	105.623	141.704
415.843	182.583	105.619	141.990
416.548	181.871	103.519	143.206
413.783	181.092	105.923	144.335
412.319	179.643	105.770	146.614
409.065	179.417	107.744	147.266
407.171	179.319	108.977	146.340
405.200	178.656	108.911	147.257
400.463	177.177	110.808	148.739
400.940	177.627	107.020	147.899
400.780	176.921	104.395	149.905
398.737	176.873	105.091	149.710
389.845	179.097	111.157	147.024
382.533	179.891	115.868	146.876
372.977	184.648	123.229	142.755
367.291	187.609	126.808	142.587
364.162	192.759	128.456	137.633
354.279	192.136	133.628	137.914
355.500	188.601	129.712	140.492
351.368	187.758	130.537	140.741
346.444	187.142	133.648	141.731
337.117	183.961	134.406	144.677
336.135	184.848	137.280	146.205
329.761	184.670	134.697	146.266
329.364	183.320	123.520	146.834
328.361	184.835	122.818	142.889
327.733	184.215	118.241	142.962
331.638	191.174	115.633	141.601
369.975	222.202	112.118	112.041
365.495	223.645	117.096	111.247
361.501	224.827	121.528	111.163
376.018	226.185	109.661	111.282
384.653	227.490	104.174	108.264
385.715	229.203	102.792	108.829
385.618	229.091	104.320	109.278
387.148	229.453	105.343	109.037
388.370	229.126	105.595	108.839
394.707	229.405	102.053	107.602
393.530	228.098	104.639	110.201
393.891	227.833	105.080	109.590
398.645	228.870	100.675	109.010
407.246	227.733	93.120	111.468
411.190	228.174	91.868	110.513
413.093	227.332	93.238	109.008
413.237	226.746	93.756	110.127
414.232	226.876	93.927	111.073
416.033	226.791	92.666	110.537
415.910	226.549	93.209	110.043
414.309	224.902	95.237	109.537
412.324	225.918	97.192	108.576
413.686	225.865	95.486	108.938
411.343	225.581	98.078	109.324
415.593	225.182	93.833	109.203
413.393	223.736	96.092	108.649
413.177	223.140	95.621	109.691
413.002	224.431	95.412	109.476
411.281	223.641	97.071	109.318
412.456	224.099	95.898	110.080
407.442	221.127	100.134	112.289
397.269	221.421	109.141	113.399
406.364	223.057	98.334	111.181
388.802	216.903	114.818	116.633
410.456	226.060	90.888	108.868
396.714	223.149	104.881	111.778
411.344	228.949	90.349	106.255
402.815	227.783	98.184	107.407
403.433	224.838	96.536	109.578
391.441	223.401	106.985	110.522
400.834	225.843	99.109	110.074
413.973	230.746	85.156	104.791
406.961	231.903	89.768	102.141
409.624	232.391	88.377	103.010
400.744	232.257	93.537	101.539
403.062	232.477	91.960	102.456
397.401	232.123	95.489	101.124
391.379	232.219	100.863	100.068
387.894	231.087	103.975	101.294
391.876	230.824	98.198	104.317
396.153	232.047	94.655	102.903
391.115	232.852	100.988	99.461
388.022	232.653	109.351	92.913
387.826	230.218	111.242	95.958
340.130	211.371	150.525	114.182
378.378	231.936	117.623	100.699
383.287	232.741	119.038	98.093
385.484	231.863	117.593	98.692
386.748	231.803	117.217	99.833
386.220	231.609	117.778	99.528
381.658	231.349	125.300	99.420
378.816	231.100	128.959	100.488
376.829	231.958	132.284	99.829
375.799	232.576	133.302	99.376
378.580	233.095	132.050	99.684
380.649	230.471	130.127	103.474
383.915	229.835	127.194	104.552
388.001	230.172	123.550	103.347
393.108	230.580	118.816	102.884
390.029	230.796	122.374	103.066
394.081	231.024	118.932	102.614
390.648	230.850	121.338	104.112
388.313	231.697	122.078	102.607
387.261	231.378	124.343	102.303
390.890	231.786	120.475	101.891
393.319	231.945	118.627	102.007
397.117	232.457	114.609	102.852
398.286	232.158	113.994	103.577
398.688	231.995	113.601	103.808
401.730	232.538	111.217	103.333
404.059	232.388	109.613	100.994
405.290	232.770	109.272	101.167
407.140	232.718	108.421	101.153
409.221	234.152	107.751	99.678
409.557	235.104	108.381	98.714
411.655	234.867	107.654	98.874
410.591	232.735	109.470	100.713
411.631	235.914	108.573	97.424
415.385	235.687	105.766	97.203
413.408	236.459	107.763	96.131
416.645	237.469	103.822	92.325
416.652	237.475	103.359	92.852
417.226	237.371	103.479	93.134
417.752	237.554	103.237	92.853
419.721	237.494	101.290	93.158
421.707	237.966	99.616	91.393
423.037	238.587	98.328	90.262
424.415	238.193	97.597	91.131
424.430	238.434	98.048	90.559
425.838	237.950	96.482	91.089
427.392	238.825	96.022	87.648
427.329	239.398	95.681	88.277
429.828	238.428	93.474	89.086
431.759	238.764	91.174	89.091
432.580	238.401	91.305	89.157
434.362	237.956	90.294	90.009
435.171	238.075	90.478	89.243
435.995	238.113	89.857	88.721
436.038	237.651	89.522	89.304
436.475	237.770	88.159	88.818
441.689	234.640	81.333	95.456
441.838	234.382	80.358	96.050
441.027	234.199	80.769	96.010
440.034	234.017	81.631	96.647
438.576	233.849	83.058	96.611
437.002	233.726	83.816	97.961
435.467	234.492	85.246	97.549
433.285	233.998	87.132	98.320
430.314	234.515	89.630	98.167
429.964	234.663	88.956	98.650
427.865	233.841	89.817	99.972
426.236	234.070	90.976	100.274
424.123	233.951	92.056	99.711
423.232	233.850	91.622	99.482
422.523	233.885	91.566	99.480
421.407	232.201	90.379	102.040
417.171	232.997	94.012	101.556
413.371	232.753	96.607	100.808
411.377	233.133	97.612	101.375
406.199	233.529	100.805	101.920
401.482	234.154	102.705	101.259
391.735	237.591	116.128	91.477
394.951	238.443	114.005	90.330
388.564	239.916	120.588	89.318
384.106	241.149	121.887	87.852
383.840	243.814	117.811	84.859
380.781	244.821	119.151	83.442
378.874	243.671	122.326	84.435
377.115	244.115	122.037	85.123
378.232	243.605	120.854	85.388
377.785	241.231	121.540	87.978
375.159	237.328	121.401	91.777
376.040	232.900	122.776	96.181
374.777	226.539	125.756	100.780
374.265	221.188	124.055	106.944
370.168	211.357	127.972	117.865
371.297	207.412	126.760	121.586
374.411	204.207	124.311	124.783
378.290	199.463	117.419	136.242
381.817	197.760	114.266	137.846
378.012	191.909	120.331	137.764
376.505	191.601	122.570	138.506
377.983	190.237	121.119	138.453
375.735	189.355	122.854	139.553
376.908	188.892	121.917	139.940
370.951	184.264	127.160	141.322
374.099	186.702	124.185	140.239
374.416	184.215	123.879	142.219
375.608	184.996	120.747	141.767
375.672	184.633	121.117	141.129
373.629	183.809	120.824	140.274
375.214	184.196	117.693	142.788
378.018	184.532	115.041	142.789
377.575	183.161	115.303	142.062
379.235	183.658	113.217	140.717
380.943	184.582	113.245	140.541
379.850	184.117	114.975	140.393
381.213	184.260	114.438	139.220
384.329	184.928	113.183	140.003
387.484	184.607	112.040	139.435
392.611	186.087	109.453	137.623
397.545	185.293	108.075	138.043
400.671	185.094	108.167	138.616
400.292	185.909	111.679	137.707
403.125	186.539	111.706	136.325
407.276	185.014	108.322	139.352
408.213	184.480	108.131	138.847
409.073	184.933	108.128	138.605
408.150	184.728	109.734	139.282
411.953	184.163	106.341	139.140
413.953	183.799	104.014	140.774
417.905	183.418	100.915	140.869
419.475	182.944	101.101	141.372
420.145	182.626	101.677	142.661
424.977	182.743	98.500	141.457
425.741	183.484	99.665	141.697
422.298	183.019	103.380	141.624
423.606	182.813	105.223	141.674
429.601	182.983	100.930	141.916
433.780	183.463	98.609	142.276
437.451	183.366	97.732	143.704
438.559	182.271	98.889	145.306
437.368	184.323	101.136	143.883
437.662	183.726	102.288	144.246
436.496	183.967	103.051	143.312
435.210	184.293	104.964	141.855
434.691	184.514	105.950	141.974
434.735	184.393	105.591	142.537
434.100	184.586	106.092	142.907
433.724	184.654	105.738	143.554
432.768	184.816	105.440	142.701
431.401	184.617	104.698	143.946
430.492	184.285	105.440	143.311
430.129	184.654	106.622	143.413
428.136	185.015	107.213	142.017
427.535	183.218	106.467	142.785
427.865	182.923	105.844	143.164
427.663	182.782	104.724	143.305
427.481	182.859	104.492	142.941
427.486	182.907	104.395	144.282
427.067	183.070	104.602	143.364
427.868	183.209	103.311	141.726
428.037	183.160	102.799	142.096
428.232	183.437	101.876	142.110
429.192	184.150	100.440	141.654
430.184	183.649	98.211	140.880
429.801	183.739	98.420	140.915
430.131	184.160	98.725	140.471
430.177	184.639	99.350	140.471
429.498	185.266	100.359	138.970
429.231	186.891	101.456	137.607
428.142	187.524	100.963	136.416
427.559	188.455	101.756	135.582
427.689	188.817	102.908	135.484
428.322	188.807	102.708	135.311
428.081	188.440	102.170	137.291
427.785	188.511	103.182	136.265
428.781	187.596	102.353	136.940
427.387	187.419	103.517	136.358
428.240	187.055	101.998	136.028
428.147	185.591	101.444	137.286
427.209	185.519	101.549	137.383
423.106	184.771	105.310	137.659
424.261	185.317	102.380	136.812
424.522	185.524	101.500	136.348
426.660	185.805	100.602	135.938
427.319	185.444	97.734	136.214
426.001	184.926	95.934	137.110
424.971	185.311	96.166	136.633
423.595	186.875	91.016	134.363
420.525	188.537	93.189	132.551
418.711	188.367	91.081	133.082
416.836	188.244	90.172	132.353
414.835	188.387	91.137	131.711
414.414	188.255	92.464	131.430
414.149	188.229	88.570	132.008
413.715	187.681	86.916	132.369
412.353	187.262	82.954	132.018
412.249	188.307	78.004	130.410
412.200	188.138	72.366	128.585
411.266	188.073	69.567	123.998
412.192	190.035	70.745	120.948
403.459	187.950	70.036	124.092
371.108	190.549	89.725	121.316
342.134	183.723	125.316	129.206
405.381	182.444	108.296	129.897
411.784	180.479	97.903	131.415
415.448	179.686	97.422	136.439
404.909	180.275	114.447	135.968
424.409	181.516	97.472	135.348
431.646	181.893	93.797	135.894
436.979	183.559	95.075	135.982
438.700	183.895	98.576	135.794
438.156	183.763	100.443	133.935
437.684	182.497	105.999	135.013
441.756	182.517	108.614	137.713
443.958	182.477	111.646	137.134
444.203	181.747	117.336	139.155
452.345	181.007	116.162	139.083
453.982	180.578	120.912	139.910
456.768	177.954	120.036	141.355
461.429	177.609	118.737	144.356
469.141	178.654	111.686	140.239
472.375	179.394	108.500	141.182
475.967	180.469	104.406	137.312
478.716	180.128	103.372	138.366
482.890	179.659	100.022	137.211
485.160	179.019	98.432	138.556
487.572	179.155	97.743	139.557
490.266	180.117	95.843	138.765
486.151	180.024	102.184	136.577
490.474	179.905	102.828	136.576
489.252	179.956	106.940	137.562
493.488	178.506	107.836	140.125
505.427	178.738	100.060	138.596
520.391	178.556	88.747	138.484
523.783	179.376	90.620	135.288
527.415	178.997	89.415	134.905
527.131	177.900	92.108	136.384
533.026	177.294	89.774	136.129
534.811	176.932	94.382	133.620
536.893	176.456	98.031	134.502
539.383	176.630	98.948	135.228
542.963	177.028	97.532	133.940
547.665	177.378	95.500	134.098
551.099	178.207	96.444	129.693
554.070	178.202	96.683	128.379
554.440	177.998	98.544	128.418
556.530	177.234	97.902	130.099
558.561	176.947	97.985	129.363
560.411	175.720	100.064	130.176
563.566	174.633	99.594	132.272
564.263	175.029	102.579	133.354
565.353	174.184	108.477	135.635
568.956	173.438	111.976	136.968
569.991	175.108	122.722	138.069
572.391	175.303	116.509	139.520
572.025	173.407	118.633	140.383
574.209	175.004	115.971	140.103
573.213	173.047	116.247	142.390
573.881	174.233	119.975	142.511
573.915	174.221	120.255	142.760
573.852	173.773	119.697	143.735
573.559	172.951	118.840	144.989
574.213	173.097	117.945	144.461
574.624	173.503	119.416	143.669
573.207	173.917	118.761	144.460
572.429	174.186	119.578	144.525
570.519	173.875	119.078	144.881
568.461	174.889	113.445	143.578
564.393	174.888	108.603	143.989
555.888	175.523	99.708	143.724
548.740	177.781	97.181	141.022
543.359	177.976	97.394	140.173
539.850	178.305	89.726	139.672
533.121	177.765	91.679	137.574
520.622	178.109	93.889	135.503
517.699	177.659	92.702	139.029
514.577	177.192	92.738	139.857
512.331	176.959	92.923	141.945
510.823	175.570	89.837	142.854
507.651	176.280	86.982	140.545
502.983	177.516	88.512	140.302
498.904	177.622	90.284	140.710
494.897	179.561	91.607	140.214
487.772	180.057	95.303	139.090
482.381	179.821	96.425	141.210
482.239	180.544	95.660	139.976
481.350	179.980	90.888	138.457
478.510	180.710	91.313	137.379
474.254	180.161	91.277	135.714
470.046	179.300	92.388	135.443
462.290	179.056	100.724	138.642
461.702	179.409	97.887	138.409
460.665	178.227	96.858	139.809
457.237	178.222	96.066	139.722
454.286	178.327	93.669	140.959
450.884	178.480	97.429	138.070
448.948	179.470	96.912	136.926
446.006	180.671	97.772	135.386
442.449	181.644	99.358	135.697
439.040	182.863	98.686	135.503
436.170	183.555	96.435	135.705
433.390	184.930	95.650	132.828
431.790	184.717	93.134	133.784
428.057	185.785	91.652	133.429
420.606	185.366	93.139	132.364
413.985	185.079	94.150	131.474
408.596	184.107	96.236	133.795
401.628	183.055	100.989	136.031
395.640	182.272	103.248	138.791
388.615	180.695	105.628	140.384
380.882	181.529	108.899	139.671
378.622	181.993	110.119	139.298
370.495	182.629	115.121	138.451
360.245	180.916	122.812	142.831
358.038	185.021	121.808	138.107
355.140	185.220	121.671	138.730
353.570	186.705	121.049	138.075
352.755	187.810	118.729	137.267
344.536	186.307	124.471	143.707
341.167	185.190	124.931	143.810
338.782	185.135	125.182	143.312
337.030	184.042	124.015	145.981
335.842	183.629	122.639	148.994
333.864	178.711	120.010	156.632
332.884	177.363	118.029	159.463
333.740	176.691	115.948	160.173
333.173	177.785	114.983	160.128
332.675	178.742	114.243	157.412
330.785	175.030	113.431	159.080
329.070	175.135	112.611	159.827
328.830	173.817	112.157	161.470
328.268	174.260	111.690	160.483
327.892	175.243	111.402	158.249
325.964	171.027	111.863	160.767
325.909	174.550	111.679	157.311
325.873	173.666	109.880	156.560
325.865	172.776	109.242	156.796
325.138	175.072	110.176	156.623
325.081	172.943	109.698	155.703
325.045	176.265	110.928	153.176
325.915	172.688	108.510	153.116
324.004	176.292	111.906	152.694
326.627	172.577	106.860	155.016
328.047	174.184	104.241	152.159
329.808	171.196	102.593	154.923
329.554	171.769	102.936	156.004
330.328	172.306	102.752	154.131
329.080	175.789	104.275	150.936
332.294	172.374	101.428	154.266
331.497	170.901	102.150	156.430
330.840	176.182	104.429	148.663
332.326	173.233	103.108	150.971
333.623	172.457	102.564	153.356
333.095	179.898	103.835	147.937
332.420	179.194	104.151	149.914
333.752	174.358	103.028	155.141
335.364	175.386	103.189	153.325
334.196	179.948	105.002	148.269
333.142	179.322	105.236	149.308
331.855	179.609	105.678	149.212
332.202	182.771	106.662	144.850
332.389	179.101	106.304	148.695
332.482	181.273	106.510	146.347
333.038	179.249	106.404	147.986
333.747	177.055	103.166	150.719
334.858	177.810	103.863	149.719
335.672	178.116	103.048	148.668
336.189	178.708	104.177	147.386
336.224	177.407	104.535	148.939
337.216	176.505	104.763	149.978
511.568	162.593	101.025	152.929
507.655	164.838	104.534	154.673
498.987	163.165	107.703	154.728
492.467	163.866	106.660	150.081
488.894	163.490	105.798	153.019
485.371	163.229	105.760	154.043
482.310	163.929	106.116	153.979
480.247	164.033	107.831	154.722
474.805	162.043	110.204	155.911
471.526	163.250	111.428	154.636
466.745	166.342	104.588	153.091
463.015	164.045	102.551	156.068
457.368	162.110	103.675	158.012
451.468	163.544	107.601	153.906
447.830	163.699	108.326	152.168
445.241	162.626	104.668	153.342
441.830	162.289	106.748	153.623
436.930	162.009	108.474	154.920
433.388	161.071	107.010	153.239
429.605	160.727	107.232	152.055
426.086	161.546	107.994	151.884
422.227	160.462	108.639	155.050
417.887	161.813	108.354	154.770
410.565	161.499	111.204	155.189
407.727	162.341	110.976	157.035
403.178	163.197	111.493	156.383
400.925	162.070	109.166	156.771
399.135	159.937	106.425	157.991
391.032	156.649	109.641	161.237
388.080	155.816	109.835	162.269
384.105	154.669	109.494	163.214
385.855	156.070	105.840	160.804
373.428	155.830	115.385	160.961
373.095	155.330	116.097	161.309
368.228	153.380	118.115	163.564
366.533	154.161	115.229	163.984
367.229	156.489	113.315	160.260
362.461	156.014	115.078	160.952
357.813	155.212	119.243	162.293
354.073	154.854	118.980	162.316
351.352	154.934	118.118	160.851
348.661	155.420	117.135	161.422
345.284	154.493	115.327	161.907
343.062	153.813	113.593	161.464
342.180	154.091	111.157	161.946
341.368	153.382	109.506	161.028
338.458	152.713	110.168	163.766
338.947	153.126	108.523	163.089
337.238	154.037	109.575	161.514
335.704	153.354	110.381	161.910
333.954	154.419	111.203	160.879
332.017	154.732	113.179	160.675
333.937	153.126	110.436	162.225
330.970	153.712	113.899	161.804
330.160	152.813	113.617	163.934
329.819	151.432	113.645	164.840
328.008	151.027	115.058	165.245
328.816	149.805	115.112	166.570
328.697	147.988	114.724	170.311
327.766	145.450	114.548	172.805
326.690	146.661	115.406	170.876
325.635	145.410	116.836	172.359
325.014	145.794	117.832	171.965
325.397	142.856	117.209	174.354
325.450	146.868	118.007	170.488
325.093	141.871	117.709	177.472
324.848	142.979	118.619	175.186
324.390	142.365	119.248	174.842
323.794	141.496	120.753	176.763
322.975	142.450	121.399	175.402
322.708	142.009	121.388	176.670
320.876	139.771	123.024	178.683
318.062	140.171	126.608	179.624
316.562	142.120	129.681	176.702
315.206	142.906	132.203	176.391
311.080	144.908	135.357	175.654
306.424	140.686	141.698	177.640
305.665	136.568	142.693	181.735
305.710	136.091	141.989	182.737
305.017	134.415	141.961	184.867
299.776	133.192	147.541	186.803
299.810	134.257	146.925	185.358
301.505	133.132	144.048	186.321
297.189	133.621	147.472	186.862
299.713	131.152	146.647	188.215
300.699	130.486	141.994	189.440
299.332	129.418	144.096	189.434
299.601	129.926	143.524	189.872
298.765	132.729	144.634	187.295
305.314	130.073	139.316	188.810
304.669	129.706	137.795	189.870
306.803	129.520	137.212	191.867
306.523	129.331	137.006	191.788
309.340	133.028	134.381	186.766
312.178	129.430	132.320	190.374
313.737	128.892	131.459	191.024
316.616	128.985	129.468	192.084
317.034	127.480	130.260	193.331
318.611	128.238	130.368	191.451
319.506	128.656	130.142	190.929
319.675	127.578	131.709	193.482
320.884	127.102	130.232	191.963
320.930	127.629	128.933	191.991
321.419	127.766	129.190	190.223
321.978	127.249	128.126	191.656
321.191	127.483	127.647	191.494
320.465	127.621	126.100	191.155
317.978	128.217	127.637	190.616
317.137	127.435	127.848	191.599
317.079	125.984	127.317	192.227
315.864	126.556	128.801	191.045
315.692	126.185	127.616	190.515
314.851	124.725	128.213	192.747
314.706	124.221	128.038	193.121
313.675	124.315	130.206	193.805
312.797	122.591	131.845	194.663
314.191	122.884	130.875	194.057
314.833	123.188	135.145	193.770
316.177	123.524	132.561	193.407
316.352	124.563	131.471	193.375
317.986	123.197	135.444	193.096
318.377	123.546	133.012	193.575
318.332	124.397	136.628	193.090
319.347	122.819	136.917	192.992
320.198	124.164	137.509	190.911
319.142	123.767	137.272	191.219
322.941	124.845	135.019	190.680
320.055	125.991	136.515	189.707
321.683	125.053	133.163	190.206
322.960	123.963	130.841	191.793
322.418	123.802	130.174	193.218
322.344	121.533	131.443	195.051
321.626	120.822	132.127	193.768
320.946	119.807	131.230	192.399
321.850	119.390	131.695	192.544
321.560	119.655	131.600	191.356
320.416	121.932	133.019	188.940
320.768	120.411	132.713	191.331
319.249	120.835	134.140	191.192
319.475	120.890	135.172	190.811
318.606	121.544	135.109	190.065
318.808	121.544	135.839	189.697
319.030	121.804	136.225	189.528
318.381	121.244	136.439	191.680
318.184	121.427	136.656	191.814
318.259	121.384	137.454	192.339
319.869	122.570	135.610	190.117
317.336	120.541	138.484	192.681
318.615	121.264	134.376	192.729
319.700	120.629	134.071	194.007
319.895	120.717	135.642	193.749
322.527	118.972	131.897	196.632
322.411	118.959	130.277	195.880
324.478	120.187	129.087	194.416
325.539	120.456	129.102	193.179
324.599	122.111	128.753	191.881
326.900	121.024	127.298	192.651
326.191	121.376	128.118	191.500
324.710	122.302	129.794	189.844
325.578	121.243	128.086	191.724
324.903	120.843	128.881	191.942
327.110	121.961	126.114	191.597
325.238	121.283	126.975	191.650
325.907	120.818	126.878	192.574
324.361	120.976	128.035	191.261
323.935	122.271	128.170	190.662
322.530	123.153	128.817	189.540
319.899	122.468	130.484	191.846
318.726	121.853	131.379	191.690
316.109	121.817	132.873	191.647
313.523	122.977	135.637	191.067
310.502	121.874	136.831	193.469
307.325	120.098	138.897	194.432
303.188	116.827	141.134	198.509
297.964	119.534	144.147	195.408
299.680	118.811	140.963	196.889
295.137	118.191	143.513	196.693
296.231	120.691	141.556	194.545
287.931	117.198	148.616	198.425
288.714	122.351	144.544	193.082
277.551	125.030	150.319	192.436
276.703	129.977	143.819	187.540
270.490	133.818	136.358	185.282
253.337	135.014	138.557	184.978
246.269	141.001	145.220	175.557
239.515	142.963	151.545	174.002
237.267	144.872	140.354	175.431
235.729	148.186	137.724	173.905
231.463	148.019	134.555	177.103
228.781	148.926	133.744	173.262
226.480	148.937	128.274	173.735
222.432	150.796	129.381	172.251
219.032	151.566	130.156	170.290
219.794	154.667	125.853	166.200
218.777	156.878	127.084	162.543
216.156	161.646	126.399	158.548
211.142	160.234	129.668	165.301
209.887	162.649	128.339	163.122
209.966	158.662	126.922	164.921
208.832	169.757	129.118	158.717
206.822	175.805	130.876	151.227
205.930	176.011	134.202	150.828
212.263	183.055	130.225	146.184
211.264	183.412	131.333	144.133
210.546	185.845	135.090	141.901
214.095	191.228	125.868	138.353
219.131	191.363	116.943	139.111
222.483	193.709	115.504	135.709
226.417	186.131	109.072	144.931
230.690	182.024	117.341	146.798
234.130	183.509	120.242	148.062
233.151	183.192	121.010	150.927
233.662	178.389	121.939	152.848
237.583	181.086	127.988	151.707
243.550	179.036	122.628	154.601
254.113	184.494	107.528	153.148
238.565	184.942	116.534	150.238
255.867	181.126	113.812	154.047
240.054	182.730	117.816	152.053
254.489	183.187	109.462	151.305
266.754	185.603	102.191	144.960
255.633	181.756	119.010	148.517
274.523	186.648	100.861	144.225
277.120	184.487	114.745	146.886
262.830	182.281	110.971	150.379
281.245	182.008	112.082	146.930
278.341	183.589	103.507	148.910
275.396	181.652	120.571	149.136
276.902	180.201	103.151	150.908
254.263	178.403	120.952	152.129
272.366	187.294	107.174	145.120
285.329	179.254	115.975	147.953
278.535	187.609	102.348	142.262
270.011	184.622	109.439	144.665
255.361	178.564	123.657	152.410
266.126	184.259	107.063	147.486
259.423	179.307	121.813	150.492
249.353	184.242	121.178	148.907
267.966	186.586	103.266	145.247
259.409	185.189	115.346	146.728
263.712	182.709	121.245	149.141
242.604	184.101	120.922	151.034
259.667	186.665	107.813	145.268
252.709	186.469	115.795	145.970
263.854	185.608	107.771	150.482
245.218	185.521	117.620	146.405
266.094	184.925	114.239	148.002
246.319	184.505	117.871	147.549
268.052	185.816	111.030	144.001
256.289	184.489	115.798	145.022
248.355	185.285	116.017	145.228
272.534	188.035	107.886	142.318
269.696	184.020	115.941	146.711
259.095	184.989	118.490	147.121
268.544	182.576	134.282	145.903
493.256	150.810	117.810	167.816
489.805	152.892	109.781	162.978
486.462	153.385	107.282	165.581
480.052	153.759	108.000	161.577
477.417	156.915	103.492	157.768
473.306	158.772	99.303	156.172
465.688	155.702	97.280	160.419
458.199	157.192	95.448	157.351
450.981	158.675	96.727	151.144
443.716	155.805	95.017	153.435
437.108	156.359	94.070	151.736
425.377	153.137	93.758	155.120
415.536	152.766	98.918	156.877
404.821	151.976	102.044	158.053
396.221	151.501	104.526	159.012
388.875	148.210	105.458	163.158
383.236	150.442	102.274	159.318
374.376	148.413	104.243	161.240
361.963	150.351	111.773	160.052
359.550	149.069	109.172	162.475
353.626	150.687	106.913	162.419
346.842	147.895	107.040	166.271
342.427	149.883	107.614	162.588
340.122	145.804	103.877	167.894
335.558	147.311	104.091	168.165
333.465	145.319	104.176	170.305
326.192	145.108	109.817	170.975
322.112	145.443	112.587	170.155
316.800	141.352	119.295	175.972
311.541	140.991	124.229	178.898
304.310	141.838	131.772	176.184
299.260	139.400	136.887	177.371
294.267	142.292	143.253	175.122
277.505	143.512	157.622	173.496
273.380	144.798	158.178	173.933
265.210	146.190	137.017	172.746
250.036	143.270	123.621	173.701
247.917	139.594	120.999	180.052
242.008	138.855	117.717	179.735
233.540	139.933	120.078	180.330
223.358	138.008	124.218	181.532
214.428	138.786	128.059	182.222
199.182	139.082	142.626	183.945
192.714	137.738	138.072	185.048
187.560	138.861	139.662	186.423
183.052	140.614	142.551	181.737
177.734	139.986	144.224	185.368
174.036	141.117	146.226	183.581
169.533	140.481	147.755	189.433
166.155	140.986	149.817	187.385
163.848	140.151	149.855	187.929
160.039	140.151	153.222	186.728
158.838	139.248	149.335	186.273
154.826	139.044	149.975	185.550
152.656	138.789	150.155	183.361
149.015	137.558	149.320	184.479
146.273	137.938	149.342	185.279
143.738	138.045	151.239	186.777
141.604	138.278	147.975	187.091
138.840	139.306	147.890	185.814
135.526	138.681	147.784	186.325
132.712	137.918	149.852	186.997
131.354	138.917	150.382	185.050
130.567	136.349	146.357	187.674
130.085	135.737	145.509	188.511
128.637	136.276	145.820	187.766
127.506	139.070	144.654	184.147
127.039	140.539	142.722	183.817
134.781	140.366	133.978	183.280
137.460	138.861	130.933	184.796
139.881	143.655	130.696	177.719
144.695	143.239	124.534	177.218
148.886	141.718	121.076	178.299
154.590	142.317	115.432	175.556
161.883	143.098	110.908	172.690
162.980	143.982	113.756	172.386
168.815	144.942	112.870	170.878
177.285	145.193	108.124	171.441
182.269	145.193	104.355	166.483
185.442	144.313	104.894	166.801
191.242	145.156	102.571	167.286
194.653	144.609	103.992	169.586
198.494	144.531	106.640	168.284
203.040	142.896	104.294	167.798
205.735	142.358	106.272	167.923
208.136	143.389	108.432	168.015
210.738	144.190	110.467	169.403
212.930	145.706	112.820	167.988
212.914	144.756	118.310	166.259
212.634	144.934	120.321	166.195
213.917	145.385	117.567	164.788
215.496	145.889	116.603	163.772
216.188	145.745	117.960	162.817
215.479	145.409	120.801	160.372
217.165	145.956	123.368	161.472
216.098	145.796	120.291	160.219
217.136	145.203	121.284	161.898
217.483	146.861	119.669	160.775
217.198	145.329	118.559	159.614
217.544	145.057	118.127	160.658
217.544	143.866	115.592	161.633
216.825	142.258	118.230	163.989
215.002	141.714	117.110	165.603
213.134	141.073	120.759	166.657
208.131	140.415	124.164	168.824
202.882	140.159	125.304	167.662
198.171	138.804	128.901	167.363
193.303	136.089	130.966	176.150
187.313	136.503	139.666	177.865
183.261	134.575	138.128	180.729
180.767	134.463	138.478	183.130
176.776	137.407	139.072	180.807
171.758	137.357	134.632	180.008
170.169	138.802	124.773	177.055
166.195	137.566	125.029	176.879
160.728	136.726	129.469	176.968
157.520	136.600	131.060	175.451
155.005	134.867	130.082	181.332
150.391	136.074	133.991	177.336
147.481	136.550	133.306	178.516
144.812	134.828	135.075	177.545
143.566	134.616	135.706	179.545
143.654	137.272	133.075	177.565
142.019	136.812	131.640	179.982
140.901	134.826	128.209	180.010
140.224	137.715	127.695	177.069
138.387	135.077	127.671	182.218
137.304	135.498	128.778	180.085
136.387	134.577	128.323	181.214
134.895	134.452	128.123	182.129
132.740	134.453	129.441	182.279
132.523	133.238	129.421	183.007
132.098	133.997	129.809	182.188
131.839	133.997	130.450	181.569
132.344	135.352	129.709	180.655
132.046	131.713	128.372	187.327
131.182	132.454	129.735	186.623
131.632	133.854	127.094	185.813
132.049	135.203	125.324	183.450
131.856	133.657	125.056	184.112
132.096	134.825	123.253	182.551
130.322	133.341	125.995	183.308
131.413	133.484	124.797	183.738
128.613	135.191	124.194	178.616
125.638	135.745	126.782	177.608
123.357	138.223	130.212	174.106
120.452	136.360	133.248	175.512
120.500	139.242	132.195	175.193
119.467	140.857	133.901	170.506
119.796	143.066	132.741	167.930
119.890	144.216	134.081	166.051
119.890	145.448	133.014	166.640
119.905	148.101	131.706	163.692
121.243	151.480	131.451	159.024
121.453	154.535	130.983	156.430
121.297	157.896	130.445	153.355
122.331	161.811	129.987	151.908
120.007	164.298	134.114	149.264
122.416	165.944	131.431	151.495
122.917	168.598	130.288	149.132
122.765	171.628	130.055	148.063
122.709	171.649	128.695	148.403
118.671	175.895	130.730	142.754
119.454	179.378	130.106	138.593
121.032	183.618	127.241	135.377
119.224	186.947	128.941	134.285
119.307	191.607	130.024	128.022
117.254	194.905	136.500	125.075
118.526	198.927	139.634	117.133
119.260	201.124	138.235	116.084
121.949	203.600	134.975	115.724
131.861	205.216	129.783	115.095
144.834	206.770	123.165	115.468
154.059	208.907	110.256	116.965
157.309	206.619	113.057	119.334
164.107	208.653	110.509	118.263
177.334	207.821	110.936	120.775
268.548	190.886	145.554	128.567
174.499	203.659	118.558	126.810
190.018	201.828	108.681	125.827
191.614	202.900	108.082	122.061
196.877	202.926	107.690	121.873
210.824	201.649	103.032	121.155
208.212	199.382	105.717	122.234
228.681	198.053	101.019	120.808
226.758	197.938	101.667	119.627
226.493	198.462	97.834	119.486
225.067	197.369	107.909	117.573
229.136	199.081	94.578	118.439
232.002	198.149	111.611	116.287
293.752	185.647	118.835	129.095
225.939	194.015	102.400	122.186
227.164	197.497	96.218	121.169
231.482	196.875	101.905	119.522
231.092	195.837	103.423	118.973
227.060	195.515	98.453	120.981
227.083	197.941	101.290	120.494
230.256	196.919	111.431	119.008
292.054	186.491	118.684	127.490
226.980	195.620	99.284	120.053
226.412	199.327	97.410	119.950
229.533	197.179	92.619	120.058
226.565	198.317	97.325	118.894
226.563	197.772	101.687	119.253
226.226	199.900	98.408	118.439
227.326	197.908	105.727	117.715
226.420	198.828	96.283	118.843
222.551	199.048	101.704	119.592
219.770	200.413	98.605	118.836
211.160	200.503	102.779	119.913
210.621	200.086	109.228	121.907
215.374	201.198	101.072	124.067
214.691	199.843	103.351	121.135
208.650	201.568	100.613	124.577
205.424	202.362	124.812	120.808
208.016	201.571	116.707	123.385
208.464	200.959	104.393	123.342
212.719	201.290	116.726	123.657
210.385	201.571	106.164	120.622
202.497	200.824	112.181	123.970
191.051	200.789	121.487	126.781
207.687	201.786	108.719	123.753
190.461	200.066	115.201	124.363
201.360	201.875	117.977	124.804
173.864	200.839	130.217	124.653
198.011	201.135	119.714	127.577
191.366	200.354	124.798	128.197
182.194	200.909	127.022	123.497
202.360	201.542	118.634	128.143
170.941	200.525	133.105	129.250
199.609	200.604	122.157	131.254
167.122	202.443	133.059	123.050
194.068	201.134	127.474	126.910
171.493	200.621	135.781	128.662
208.330	202.705	112.576	128.244
204.071	200.062	100.426	123.293
190.430	201.875	119.836	122.006
204.636	202.508	107.020	127.798
199.620	201.623	134.302	123.485
208.690	199.877	124.852	129.865
197.988	202.108	120.104	129.559
187.469	199.693	137.939	128.785
215.581	199.617	127.075	124.530
202.757	203.742	108.804	124.415
198.266	202.176	118.617	126.665
202.421	200.985	114.034	130.091
198.446	200.765	114.105	125.643
200.087	201.317	113.243	126.251
196.014	200.802	111.553	128.347
179.622	201.930	126.261	129.103
203.174	203.485	111.415	124.290
183.443	201.251	123.732	125.585
203.065	203.104	113.887	128.395
183.952	201.159	124.004	126.771
204.876	203.302	112.841	125.904
188.808	200.877	120.075	125.557
188.954	202.508	118.349	127.911
188.644	202.440	121.482	130.614
199.320	201.346	114.819	127.432
178.716	200.948	126.242	129.222
187.570	203.966	122.958	126.595
183.534	201.766	123.797	130.945
200.660	203.390	113.413	126.153
185.202	201.360	129.966	126.768
190.834	201.089	124.717	130.922
196.372	200.987	123.377	129.857
172.071	201.192	136.621	129.637
284.463	192.679	137.544	130.038
184.286	201.915	133.763	126.594
182.878	200.295	135.259	127.963
179.792	200.115	137.722	127.413
172.672	201.534	133.464	126.233
197.540	202.551	116.985	127.995
177.562	200.073	133.983	128.670
240.373	197.268	155.560	131.096
307.421	188.348	129.357	132.107
184.375	203.794	127.113	126.450
174.647	201.926	124.890	126.879
190.363	202.837	113.265	130.198
174.499	203.423	123.650	125.219
194.441	203.373	114.228	128.781
178.161	201.812	135.737	126.852
269.734	190.655	138.531	132.223
187.484	203.879	122.107	126.282
177.279	201.829	121.251	127.220
195.765	203.461	111.155	125.431
188.339	202.704	121.798	126.262
186.354	202.483	124.418	126.951
198.525	201.833	122.503	130.050
191.886	201.718	126.757	127.007
188.755	201.181	142.187	127.367
202.578	201.121	134.498	125.939
193.469	203.186	114.565	130.169
184.175	202.436	131.568	126.860
281.951	189.637	132.790	131.002
204.466	200.917	152.072	126.171
195.663	202.397	122.836	126.191
181.041	201.840	116.614	128.715
198.337	203.040	136.449	125.164
192.003	202.751	109.954	126.210
173.953	203.413	120.346	127.864
205.491	203.444	108.712	124.602
192.605	199.918	142.838	125.726
284.432	187.837	132.936	134.260
240.237	187.284	170.697	138.454
166.873	202.983	139.891	125.263
183.504	204.068	118.173	124.772
169.812	205.067	119.003	122.516
171.571	204.152	117.474	120.612
182.912	202.330	111.893	126.999
154.233	205.897	130.124	116.737
292.479	185.858	121.174	136.084
160.828	203.915	135.883	123.198
168.586	204.798	124.760	119.798
160.393	204.831	126.069	121.285
162.240	203.988	126.529	120.369
160.661	203.394	128.493	122.022
159.267	204.199	128.237	122.350
156.270	201.952	144.862	126.438
296.310	181.615	120.975	138.008
170.174	201.537	132.744	123.459
173.603	204.087	130.958	121.909
174.470	204.139	126.346	122.995
167.049	204.710	127.947	121.944
169.505	202.828	122.376	122.493
173.172	203.109	120.528	124.755
188.278	203.244	117.976	126.183
171.998	202.637	132.845	124.228
199.143	203.713	121.687	125.640
182.387	200.666	122.213	130.195
298.023	182.565	116.947	136.108
260.198	184.954	138.644	138.250
246.226	193.669	150.588	130.935
186.181	200.696	123.468	125.451
296.073	186.189	113.937	134.130
270.929	185.924	139.283	136.411
282.538	179.980	130.477	144.467
192.159	200.062	141.655	125.976
197.646	199.483	156.999	135.396
195.255	202.314	116.477	121.202
190.443	198.860	140.374	128.833
191.459	199.278	142.562	130.339
183.531	199.004	149.056	130.123
228.823	196.294	143.320	127.106
189.618	199.829	142.199	135.121
174.094	200.830	128.562	124.037
196.809	201.245	111.153	129.062
171.439	201.334	125.314	126.540
190.209	201.513	115.380	129.533
178.333	201.132	129.837	123.476
201.921	201.643	116.151	125.414
195.434	199.499	105.159	127.770
186.521	201.452	130.547	124.923
197.497	200.403	136.782	126.551
190.114	197.226	151.019	130.476
262.436	188.390	133.233	134.371
217.782	197.723	149.496	126.671
185.276	201.162	131.969	126.202
191.259	199.950	134.176	123.691
203.731	198.860	124.282	130.859
191.034	200.436	120.949	129.362
195.419	200.695	129.036	124.899
192.980	199.621	130.399	127.131
201.894	200.221	125.299	125.891
200.067	198.596	119.496	127.590
193.334	199.994	128.833	126.867
202.749	199.383	121.645	127.193
196.597	199.986	116.510	126.651
187.981	200.349	145.956	123.669
207.576	198.005	143.493	125.350
200.195	193.665	177.148	128.775
260.854	189.567	154.366	131.283
217.516	191.448	171.500	133.800
214.971	193.303	134.125	134.442
200.589	197.595	143.680	128.820
196.152	200.080	119.908	127.123
190.334	199.962	129.336	125.378
191.324	199.875	139.782	124.877
204.557	197.226	152.978	126.716
207.120	193.471	198.862	129.025
220.765	196.798	157.865	129.350
233.679	187.055	172.154	131.275
187.043	196.153	156.085	127.946
285.800	182.663	129.111	139.572
199.664	199.483	119.177	127.335
197.512	200.364	113.795	130.048
195.067	201.182	111.542	128.669
190.882	202.618	121.875	125.423
190.835	201.897	131.459	127.280
190.952	200.634	116.840	130.310
193.853	202.156	129.013	123.807
201.382	200.105	123.304	125.620
190.863	199.747	126.304	128.421
189.829	199.732	135.454	125.666
212.216	196.390	122.035	129.656
200.204	203.942	103.349	121.817
201.178	200.756	121.013	121.761
201.507	199.846	104.636	130.758
186.892	199.985	138.656	125.169
207.366	199.715	122.048	126.482
195.155	202.221	115.249	125.530
185.944	200.116	137.149	125.581
212.670	200.194	117.829	127.396
202.009	204.062	109.530	120.109
195.574	198.920	128.959	123.239
204.144	196.992	117.499	128.819
200.235	199.693	111.631	128.631
189.805	198.594	143.576	122.749
248.445	188.564	143.333	134.212
210.630	195.703	151.211	129.557
205.156	198.850	129.928	129.601
201.050	202.170	112.714	126.965
201.024	200.295	105.079	126.262
205.303	200.924	110.701	124.164
204.379	199.350	105.363	126.001
206.711	198.915	113.351	125.504
206.186	199.953	108.882	125.778
204.292	199.159	107.114	125.610
203.573	198.892	115.180	126.018
206.648	199.238	106.793	128.454
206.712	198.816	105.899	125.112
202.345	198.168	120.421	125.752
207.137	199.829	106.774	132.426
206.537	199.751	108.050	124.725
202.851	199.018	109.300	124.554
200.912	199.625	114.715	124.849
205.412	200.072	108.728	126.206
204.023	198.623	108.248	125.873
203.317	200.000	117.152	124.306
205.589	199.046	103.814	129.358
199.433	198.981	121.367	124.115
192.634	197.330	134.144	127.984
200.569	199.171	132.275	126.245
202.325	199.393	123.623	128.759
205.398	200.236	111.570	129.644
203.647	199.059	102.887	126.971
191.322	198.366	156.106	122.342
229.911	189.451	159.296	131.978
203.524	194.292	137.905	134.116
203.468	198.387	120.409	128.679
204.972	200.390	111.635	129.113
201.991	199.725	100.880	127.612
206.682	201.487	110.936	122.477
208.768	199.112	107.400	122.979
208.030	199.250	115.300	122.162
205.522	200.324	111.657	125.870
202.967	198.667	106.924	127.058
207.303	199.366	113.804	126.193
207.427	199.490	110.617	123.661
208.470	199.187	106.037	124.531
205.227	198.684	110.709	122.467
209.886	198.382	114.599	124.797
206.574	201.008	117.009	123.414
207.146	200.051	108.825	124.214
206.956	199.446	102.693	125.592
198.087	199.048	124.396	123.111
206.359	199.136	111.957	129.004
206.087	200.420	107.102	127.847
204.198	199.040	111.781	125.808
208.912	200.149	112.649	124.324
202.771	200.654	117.564	122.869
202.307	199.814	120.006	127.168
203.704	201.186	117.224	126.247
197.684	202.124	120.651	127.755
172.274	200.565	147.284	130.534
193.252	203.177	138.998	126.583
186.568	201.111	150.640	125.107
198.451	199.373	149.606	126.373
186.099	203.151	131.012	128.604
182.175	203.355	133.320	126.029
187.342	203.093	133.923	129.200
174.186	201.837	137.967	123.576
178.529	205.290	128.335	127.910
181.771	202.076	135.953	128.966
180.246	203.097	141.990	127.581
183.275	203.542	134.081	122.659
183.471	203.930	132.191	127.250
180.182	203.261	134.539	125.756
197.771	202.557	121.144	126.451
