187.000	81.000	22.000	45.000
187.701	79.918	21.174	48.105
188.072	79.673	22.540	48.186
188.654	80.714	23.603	48.940
189.669	81.139	24.236	49.039
192.127	82.926	25.058	47.531
193.986	83.864	26.163	45.787
195.675	83.412	27.627	47.752
199.424	82.311	24.963	50.019
199.463	82.777	25.993	49.486
201.879	84.720	25.879	48.607
204.125	86.888	25.584	47.204
208.294	89.414	23.655	46.553
212.316	90.669	23.600	44.787
214.416	91.487	23.957	46.040
217.150	92.232	22.707	46.741
220.716	94.516	22.749	45.377
224.256	97.139	22.126	44.358
228.318	99.256	22.239	44.336
230.612	99.403	22.277	45.012
233.813	98.938	22.128	44.014
236.233	100.239	22.142	44.010
238.834	102.146	22.526	43.481
242.121	104.786	22.154	43.226
245.059	107.163	21.612	42.769
247.469	106.994	22.071	45.899
251.648	108.188	22.072	44.829
252.791	109.165	21.946	46.278
256.144	112.685	21.027	40.526
259.564	114.280	20.450	39.967
262.262	114.063	20.722	40.923
265.564	113.797	19.810	41.605
267.195	114.810	20.594	40.027
270.648	116.360	21.496	40.009
274.535	118.420	21.295	39.669
277.899	119.381	21.057	40.108
280.407	120.918	20.336	39.774
283.026	122.566	21.048	39.813
286.895	125.115	21.432	38.714
289.886	128.619	22.200	36.462
296.070	129.040	21.098	36.850
298.901	128.819	22.730	39.646
302.016	128.487	22.672	42.717
305.257	131.217	25.073	41.631
310.845	132.301	24.462	41.089
315.484	132.936	22.344	41.194
319.509	131.918	23.334	44.088
324.123	132.475	23.732	44.385
332.388	133.347	22.886	44.039
343.635	137.869	21.760	41.457
352.709	135.598	21.889	40.755
364.380	136.805	28.414	41.311
363.494	136.040	24.824	46.072
365.936	135.857	25.954	44.672
364.267	137.531	27.380	45.964
366.445	135.704	33.313	44.829
384.393	139.259	25.102	41.642
393.106	138.487	25.853	41.829
398.127	139.463	22.421	42.076
405.808	139.273	21.924	41.221
407.609	139.016	21.037	40.540
377.103	135.905	22.759	43.514
377.073	135.826	21.526	44.324
374.440	135.940	25.054	46.808
365.453	134.845	30.778	46.512
365.910	135.035	31.587	45.474
365.752	135.858	28.481	44.670
371.985	137.919	27.465	41.092
375.252	137.178	23.678	39.679
372.580	136.493	25.889	44.178
368.292	135.661	29.471	45.538
366.531	134.686	32.032	43.575
366.678	134.551	30.105	45.236
370.387	134.527	28.141	48.590
367.075	134.960	30.099	44.791
365.549	134.153	29.637	47.587
369.008	133.160	29.339	47.107
372.711	135.448	26.465	46.963
369.130	137.004	30.908	45.353
365.487	135.518	31.222	44.723
365.316	134.191	31.257	45.741
371.715	134.649	28.321	48.131
