259.000	107.000	78.000	176.000
258.981	107.204	79.887	171.125
258.727	105.447	79.463	172.332
260.432	103.904	79.381	171.718
261.824	103.981	79.237	174.881
264.238	103.741	77.720	173.221
264.572	102.583	76.710	173.198
264.936	100.970	77.996	171.701
265.778	100.085	79.129	170.046
266.413	100.189	79.356	169.168
263.385	100.427	82.620	170.643
254.571	102.382	83.378	166.965
254.835	103.674	83.197	169.512
253.094	103.524	83.219	169.004
251.901	103.289	82.486	168.699
252.844	102.528	81.630	170.408
253.361	104.041	81.221	168.028
253.834	105.943	79.142	167.440
250.762	105.823	79.907	167.192
249.534	109.076	75.556	162.042
248.943	107.836	74.795	169.675
247.839	106.930	76.314	166.354
247.564	106.877	84.118	162.656
251.103	106.785	88.526	162.128
248.787	110.063	78.658	161.846
259.137	106.464	81.005	158.262
252.421	106.880	74.722	167.831
251.935	110.254	83.636	156.337
236.669	115.613	86.273	152.067
245.921	114.342	81.637	151.779
246.565	114.217	81.279	163.091
229.398	118.759	90.723	155.107
226.763	119.577	89.789	155.592
224.326	121.861	90.591	154.902
224.582	118.187	89.015	159.088
227.478	121.323	85.070	156.410
228.197	121.796	86.041	162.828
232.222	124.490	87.296	162.145
238.062	125.393	83.132	162.051
241.088	121.494	85.048	164.268
243.098	124.766	87.563	162.658
242.202	131.801	85.766	165.570
244.162	140.391	84.087	162.511
234.672	149.149	91.546	162.540
228.085	155.501	91.192	162.882
220.073	159.099	88.494	163.035
218.006	165.332	84.982	157.450
214.740	159.221	83.790	166.582
218.906	155.146	85.113	168.451
222.012	152.060	86.818	166.618
224.256	147.952	87.946	166.813
225.382	141.437	85.511	168.777
221.899	135.917	87.830	168.283
217.417	128.004	85.069	173.043
212.577	122.993	82.772	171.904
206.559	117.405	83.415	173.915
201.977	112.877	82.487	173.198
200.573	111.830	80.139	170.350
200.407	110.668	81.763	170.304
199.897	109.625	80.069	176.387
195.982	113.112	82.369	171.973
192.429	115.492	82.045	173.036
187.273	116.718	80.102	173.014
176.254	118.726	83.557	173.825
168.943	120.162	86.727	171.602
171.227	120.981	80.545	170.944
171.456	124.530	78.534	169.703
171.738	125.696	77.595	171.918
172.938	126.441	76.873	175.710
172.713	126.205	74.927	174.923
166.813	124.991	74.170	171.981
162.341	124.489	74.575	168.674
158.335	125.460	80.052	166.987
155.942	124.327	83.692	169.662
154.426	125.431	86.182	167.745
154.013	121.507	93.109	171.786
154.505	121.934	92.364	171.728
150.624	119.690	92.967	174.216
148.174	116.558	93.665	175.508
146.091	116.595	93.740	174.994
148.707	115.348	94.737	177.549
150.326	115.931	95.723	177.600
152.449	117.587	98.472	176.936
155.509	116.388	99.620	178.236
155.466	118.076	100.979	174.807
162.401	120.449	95.220	171.059
171.337	124.005	88.590	172.453
180.912	127.184	83.172	167.386
176.493	129.874	85.721	174.693
174.188	131.013	88.565	173.412
178.871	132.038	81.222	170.543
177.810	132.851	79.249	169.856
179.415	131.813	78.137	167.603
179.860	131.454	77.566	166.788
181.414	130.652	80.569	164.865
182.728	126.141	84.455	168.709
187.370	123.087	82.709	171.700
187.185	119.335	84.895	170.704
189.374	120.418	82.117	169.520
189.765	122.403	82.779	167.158
191.361	123.674	83.190	164.737
188.977	127.841	82.514	162.590
186.159	132.156	84.260	162.552
184.566	133.871	85.308	163.180
184.939	135.801	85.105	163.868
185.629	136.732	86.419	163.542
188.006	138.388	89.200	160.739
190.461	137.689	93.485	161.588
193.135	136.989	95.106	160.973
193.969	136.127	95.540	159.810
193.591	133.715	99.918	159.793
193.392	132.158	96.889	160.076
192.307	130.324	94.814	160.214
191.547	129.156	96.587	160.999
192.239	129.069	95.993	160.941
195.387	130.227	95.735	159.997
199.362	130.604	93.147	160.251
201.014	131.938	89.895	161.551
200.236	132.723	86.236	161.056
199.537	132.620	85.080	162.838
202.688	133.121	83.946	162.668
206.957	130.719	82.082	164.667
209.204	128.596	81.766	164.637
215.341	130.699	82.734	164.015
217.450	131.878	84.515	165.272
217.795	134.231	88.200	165.807
220.510	137.561	88.986	165.540
220.923	139.330	90.604	165.254
222.163	140.288	91.139	164.972
225.109	138.935	90.217	165.178
226.574	136.057	90.083	167.282
230.151	132.132	88.355	168.650
232.360	129.534	86.945	168.544
234.678	129.553	86.914	166.999
237.374	129.867	85.614	165.643
238.430	131.340	86.498	166.865
240.578	134.940	85.409	165.952
243.282	137.570	84.751	166.256
244.953	138.969	84.508	166.997
243.495	140.427	88.746	166.024
243.802	141.811	89.465	166.541
246.812	142.311	89.846	167.571
247.297	143.216	89.911	166.177
248.909	143.661	89.608	165.236
250.562	144.684	88.917	162.411
253.669	144.281	88.319	162.601
256.238	142.824	87.898	164.302
258.704	141.400	88.175	161.351
261.418	142.110	87.271	159.649
263.569	140.952	87.250	162.542
265.925	140.986	87.988	159.559
270.484	139.203	86.544	160.546
272.181	139.646	89.120	166.527
274.630	140.676	88.997	165.718
277.785	141.190	90.178	165.676
280.991	142.843	89.443	165.491
283.399	144.433	89.527	165.723
286.107	143.604	88.980	168.762
288.630	145.425	87.537	164.994
289.998	145.197	87.542	165.313
291.195	144.390	88.557	167.974
293.166	141.553	87.349	170.843
295.144	139.576	87.398	172.839
297.997	136.743	86.208	173.512
300.062	133.057	86.074	173.586
302.922	130.162	85.850	175.533
305.613	127.779	85.872	178.004
308.264	128.316	88.171	176.770
312.596	129.893	89.533	175.790
315.903	130.466	87.387	175.873
317.869	131.811	90.381	175.167
321.581	130.879	88.689	178.041
325.021	128.730	92.438	177.238
328.076	124.828	91.107	177.890
333.081	119.836	90.970	177.364
338.032	116.508	94.051	176.911
345.013	115.398	94.411	177.526
351.130	114.716	95.622	175.276
359.165	117.518	94.598	176.381
369.687	119.700	92.802	174.558
382.219	119.730	90.831	175.428
393.989	121.602	93.004	175.219
402.004	125.393	94.571	176.620
411.096	129.275	98.444	175.806
419.594	132.689	100.508	176.252
426.476	134.932	99.397	177.333
434.139	138.482	97.189	175.567
440.427	138.167	96.471	177.460
445.705	139.090	95.112	175.989
450.785	142.034	93.179	176.831
458.558	141.554	93.948	176.801
466.947	140.198	94.314	176.767
477.542	140.398	91.344	177.354
488.163	138.682	91.052	179.748
498.284	138.346	88.974	179.885
505.370	139.184	91.750	178.213
514.461	139.078	89.352	178.004
521.500	137.743	91.516	178.901
529.663	135.493	92.873	180.574
537.974	133.650	93.071	181.333
547.793	130.438	93.355	184.607
557.317	129.535	94.198	183.339
566.902	129.674	93.987	182.830
575.225	131.039	93.103	182.843
583.714	131.489	91.989	184.311
587.149	133.332	93.466	181.698
591.257	134.939	92.025	178.974
594.984	134.651	92.122	178.939
598.118	136.890	94.429	178.992
602.043	137.101	93.195	180.068
618.508	136.869	92.145	183.747
610.114	140.722	98.776	181.276
612.996	141.082	97.938	182.554
616.471	138.943	100.803	185.315
619.960	135.617	100.154	186.174
622.304	130.177	104.407	187.455
626.220	124.960	103.060	188.134
627.762	120.043	104.673	187.792
632.808	116.964	104.522	187.062
640.288	114.503	104.115	187.547
648.062	113.669	103.333	190.109
657.774	115.720	101.403	188.087
660.937	117.023	102.542	190.278
664.551	118.162	103.106	192.766
667.376	117.974	103.545	194.959
671.899	118.791	103.043	193.739
677.547	117.153	104.433	196.806
682.730	115.726	104.480	197.773
688.260	114.765	103.292	198.350
691.919	113.046	103.724	198.860
695.722	112.872	103.024	198.289
698.917	111.267	104.921	199.743
703.591	111.825	103.479	200.331
710.296	115.228	104.823	199.235
717.628	119.093	105.972	198.044
727.641	123.099	107.022	197.884
740.514	128.440	111.313	197.440
755.763	134.434	111.154	198.707
772.195	141.220	112.688	199.011
789.156	145.481	114.583	199.929
801.027	151.778	114.874	201.599
809.767	154.276	118.292	200.530
813.692	150.524	120.682	201.666
819.824	145.091	123.582	203.352
827.035	142.380	124.803	202.345
834.587	138.069	123.543	204.426
846.663	138.014	113.337	201.724
855.890	137.352	104.110	201.253
862.186	138.411	97.814	200.996
864.963	140.291	95.037	199.681
860.389	143.737	99.611	196.324
854.429	145.944	103.114	197.176
850.000	148.246	103.763	197.753
845.015	148.997	104.779	200.258
839.618	149.027	103.985	202.927
831.472	147.897	107.750	204.851
822.371	142.425	111.966	208.297
818.288	141.070	109.673	205.018
817.421	138.295	110.648	203.770
820.059	134.697	112.262	202.423
823.199	133.409	112.561	202.693
827.271	135.009	115.386	201.516
833.480	136.601	113.499	200.957
837.024	140.542	114.944	200.082
845.103	146.324	110.031	198.624
847.989	147.091	111.838	202.086
851.852	148.777	107.901	194.427
851.789	147.577	106.369	193.091
852.497	146.252	104.230	186.283
848.670	144.640	108.232	192.279
833.740	146.089	124.597	195.929
819.271	164.773	131.216	231.017
826.507	154.387	133.493	231.823
811.301	165.378	137.731	236.050
821.237	159.609	138.330	254.607
841.961	162.755	118.039	258.062
854.940	161.338	105.060	235.088
868.939	163.852	91.061	192.120
864.917	157.948	95.083	196.783
873.676	152.871	86.324	206.218
892.159	152.875	67.841	214.607
901.935	166.611	57.015	187.437
917.796	180.143	42.040	186.983
925.291	177.297	34.709	184.083
919.583	178.377	40.417	185.438
923.283	176.442	36.717	187.523
914.469	168.776	45.236	192.422
907.983	177.617	50.442	190.513
906.812	181.568	49.837	184.688
900.787	175.277	55.375	201.115
894.768	192.473	62.820	189.584
903.338	167.934	56.662	206.438
881.524	175.844	78.476	199.970
895.629	168.018	64.371	198.095
882.883	163.495	77.117	196.075
888.486	155.925	71.514	204.041
875.854	159.389	84.146	208.602
876.823	169.135	83.177	217.429
867.656	178.424	92.344	219.832
642.311	185.436	160.217	236.219
655.222	166.220	147.648	255.338
651.559	169.985	144.579	245.526
649.507	172.739	143.634	243.371
641.806	168.050	149.358	248.344
611.665	191.912	163.527	228.412
592.376	188.409	177.012	235.236
582.933	200.550	147.304	226.383
563.162	197.011	140.436	222.703
523.345	223.120	153.223	248.312
576.072	201.555	118.666	214.865
607.180	189.756	106.502	202.512
409.602	139.839	100.555	168.351
423.811	134.605	74.610	165.752
429.005	140.868	78.832	145.638
428.547	141.234	73.528	153.043
428.374	140.086	71.469	151.496
431.900	141.141	68.196	151.061
429.940	139.345	76.357	160.337
431.072	142.656	71.750	156.219
430.104	140.930	76.297	158.052
430.202	138.025	76.419	159.968
430.445	138.305	73.781	155.584
429.563	136.341	77.317	157.022
427.696	134.514	80.624	158.338
428.740	136.857	77.508	155.227
436.585	139.204	77.258	155.742
422.307	125.107	86.568	170.701
421.251	132.824	82.380	160.880
421.475	134.097	82.183	159.570
424.328	136.790	84.211	158.421
421.224	136.879	81.775	160.056
421.391	142.448	82.478	156.651
421.641	139.685	84.288	160.636
423.720	139.297	82.918	159.973
424.609	140.359	87.634	156.376
575.020	134.435	81.778	189.763
587.224	144.003	78.400	176.904
591.687	144.860	82.099	175.708
592.875	141.228	88.271	176.838
599.246	140.676	88.520	175.247
606.337	134.986	83.323	179.418
611.164	130.162	80.702	181.802
619.023	131.923	77.748	178.072
621.922	125.698	77.467	183.376
624.138	125.868	78.558	184.735
627.571	126.350	76.223	180.465
470.929	104.239	94.053	190.041
456.141	104.048	98.748	177.766
441.744	102.036	85.071	170.382
443.106	105.722	99.539	171.673
444.940	105.601	92.788	168.270
436.908	103.816	75.833	161.363
431.232	100.057	75.773	154.021
432.339	98.636	74.351	154.221
430.993	97.185	74.013	149.991
428.385	97.307	73.413	142.155
425.678	97.683	72.731	138.230
424.993	96.840	70.682	136.788
424.085	96.482	74.092	134.939
414.529	94.063	75.873	136.341
417.006	98.873	79.870	133.303
423.578	98.846	72.949	141.523
422.531	99.321	75.633	143.969
430.011	103.820	73.114	157.802
430.857	105.877	75.879	147.719
434.778	109.459	74.797	158.072
505.651	126.882	88.073	174.634
503.570	114.533	97.576	183.560
506.994	114.281	93.254	178.888
505.541	118.986	103.128	178.819
506.347	114.405	95.551	181.068
501.191	115.716	110.903	180.822
431.869	104.236	100.937	191.455
422.468	117.131	90.537	178.073
518.055	127.714	98.837	178.710
518.686	126.602	97.716	179.766
519.253	131.031	97.207	175.703
521.199	126.627	96.490	181.983
523.093	132.467	97.037	176.873
528.793	134.984	94.146	176.092
529.386	134.126	95.287	177.024
530.808	132.229	97.287	179.046
536.325	137.826	94.486	173.818
533.920	134.590	100.451	175.688
540.164	137.254	97.632	173.247
543.195	132.072	98.561	179.235
540.906	136.654	105.482	175.934
537.118	134.004	111.047	177.196
549.292	135.268	102.772	176.342
542.210	128.715	112.768	184.624
553.420	131.118	105.466	181.420
553.850	130.118	105.997	182.584
560.900	131.675	103.513	181.210
565.436	140.342	106.164	172.476
570.737	138.417	98.543	167.548
576.450	124.819	103.548	171.829
583.498	131.027	95.236	161.354
594.028	118.005	98.504	170.872
601.751	114.302	100.103	166.932
607.615	131.014	101.654	158.497
612.757	126.896	92.969	158.719
616.385	130.212	91.653	171.263
617.499	127.310	94.131	175.288
502.418	113.524	68.576	163.516
608.810	131.187	91.450	187.791
613.916	141.916	93.350	178.000
616.057	144.841	93.388	176.950
618.387	149.253	92.775	176.890
624.337	146.726	91.475	183.711
629.221	154.992	90.175	180.716
632.782	165.234	89.523	177.669
636.806	168.353	87.902	181.258
623.928	175.841	86.063	180.299
618.933	184.527	87.316	173.473
618.601	182.226	83.496	180.284
621.177	186.550	83.544	179.361
630.288	189.896	78.285	177.870
641.436	180.434	77.131	183.071
651.948	173.743	76.586	184.747
660.092	169.022	77.199	181.906
667.753	164.840	76.697	178.307
668.341	164.836	81.408	174.458
671.177	164.437	81.870	173.355
670.701	165.665	86.496	170.436
667.076	168.706	85.577	168.617
663.057	172.439	84.929	166.267
660.933	172.833	82.083	168.356
660.548	172.956	83.508	172.187
662.116	176.278	86.544	174.110
671.511	179.455	86.614	173.730
678.010	179.726	87.657	175.952
680.497	179.037	85.132	178.266
679.132	178.697	84.922	180.242
675.473	182.615	86.895	175.417
674.620	180.377	84.921	178.125
674.516	177.623	82.235	180.245
673.602	177.715	81.354	178.666
671.746	171.122	84.862	184.394
667.838	163.928	90.538	192.615
678.117	173.582	89.859	185.351
675.152	170.778	92.724	188.031
678.208	168.367	93.562	189.452
675.275	172.273	93.304	182.911
675.242	166.836	99.550	184.849
672.816	168.624	108.465	183.015
677.517	164.188	108.121	185.796
681.344	165.594	107.006	183.683
688.818	163.154	103.891	184.557
691.233	159.826	107.935	188.427
698.157	154.999	103.765	192.977
699.309	159.913	102.325	186.592
712.550	163.184	94.119	183.924
709.390	155.043	97.794	192.936
718.247	168.172	85.154	182.824
715.457	166.188	101.932	190.566
726.275	172.491	95.681	182.764
722.529	167.976	109.483	189.400
726.685	171.174	111.246	189.176
730.052	168.421	113.967	191.915
734.783	170.765	111.793	189.021
739.671	164.301	110.534	197.728
742.329	163.524	109.467	197.709
744.948	165.178	105.880	196.363
749.599	160.470	104.060	201.226
753.065	162.621	102.163	196.594
757.293	160.687	95.731	198.511
761.746	158.506	90.354	199.468
768.136	154.160	85.071	202.880
774.759	149.741	85.493	209.199
775.376	155.779	88.741	204.319
775.925	153.288	92.322	210.280
777.353	160.802	89.478	205.390
781.432	152.625	92.224	215.793
777.684	160.384	97.447	206.034
782.812	158.747	94.134	209.409
790.609	156.701	95.456	212.895
793.603	161.149	97.143	209.304
795.372	162.532	99.492	208.395
796.344	164.598	97.074	206.739
797.789	162.935	97.928	209.975
800.608	163.382	104.016	212.581
800.796	166.807	108.176	212.472
805.064	165.412	109.557	215.690
808.124	172.827	106.744	211.417
810.734	160.004	103.199	224.131
809.099	170.939	104.689	211.015
811.351	158.092	104.221	220.698
818.007	167.204	108.729	210.669
825.895	158.670	109.413	220.342
829.516	156.693	107.865	222.575
831.044	151.807	110.214	227.972
835.051	155.610	107.371	224.347
838.391	154.631	110.594	226.324
841.562	157.914	111.316	227.787
844.662	162.193	111.422	222.802
845.638	161.020	113.141	226.335
847.667	160.179	112.129	225.892
848.019	158.404	111.981	228.370
853.171	158.326	106.829	228.134
855.401	157.300	104.599	230.867
854.823	155.050	104.804	232.170
861.233	156.561	98.135	232.231
873.689	158.920	85.769	229.934
880.802	156.834	79.198	233.218
883.376	159.596	76.540	231.476
888.097	156.652	71.903	233.869
892.887	157.398	67.113	240.583
894.253	163.002	65.747	237.747
897.363	163.054	62.637	241.174
899.735	167.463	60.250	233.758
902.753	170.452	56.101	229.894
904.567	171.103	55.163	229.587
905.457	174.599	54.543	226.377
905.547	180.194	53.692	217.765
905.461	176.985	53.801	219.437
902.835	185.627	55.703	208.426
902.632	193.431	56.064	200.742
902.641	194.159	55.539	198.866
900.121	196.319	56.836	200.574
898.979	191.158	55.651	205.929
902.057	202.391	57.943	194.589
912.914	204.091	44.471	186.417
909.958	211.238	46.210	181.868
909.671	198.429	47.838	189.781
711.582	131.655	91.908	186.497
715.302	136.984	93.994	179.971
708.310	135.350	93.534	177.724
712.156	135.253	97.016	184.224
723.345	135.104	93.240	184.830
721.790	132.817	95.274	179.906
731.514	125.395	88.028	181.258
737.223	123.803	87.901	191.608
744.287	123.364	85.799	187.502
749.101	122.486	85.364	190.142
751.275	122.469	82.787	187.613
751.147	124.058	88.965	187.740
752.423	124.920	89.879	188.846
754.098	126.901	90.311	185.987
759.468	125.961	83.343	185.785
765.695	129.258	80.712	179.946
773.549	133.300	83.447	174.533
769.739	129.963	82.487	179.068
779.564	132.997	83.571	174.302
787.504	135.541	86.066	174.439
791.782	139.218	77.933	173.734
799.508	142.036	80.622	168.067
806.577	142.226	89.356	171.990
807.265	147.396	82.785	167.117
820.934	153.034	81.483	174.305
818.303	142.406	93.324	174.362
819.365	144.147	88.458	179.993
819.209	150.910	95.378	167.068
822.240	152.158	88.656	164.133
849.648	160.217	96.344	160.069
850.306	148.191	93.778	172.018
850.317	144.017	93.883	176.678
854.230	147.477	97.907	177.779
858.301	148.786	94.659	171.909
865.328	152.888	88.749	171.563
868.547	148.368	87.043	176.927
872.251	147.569	83.770	177.905
877.118	142.768	80.417	180.667
876.774	141.538	82.332	185.318
879.096	142.920	80.102	191.317
