567.000	88.000	21.000	27.000
565.112	89.612	21.971	28.948
563.992	92.558	22.053	28.564
562.107	94.525	22.450	28.940
560.643	97.259	22.982	28.785
559.452	99.210	22.965	29.379
557.616	101.475	23.823	30.075
556.183	98.601	23.201	30.311
554.327	95.709	23.991	30.226
552.409	92.838	23.975	30.894
550.651	92.889	24.015	31.152
548.429	92.873	24.520	31.747
546.289	93.228	24.860	31.953
544.527	93.577	24.749	31.911
540.996	94.221	25.434	31.622
538.902	93.878	25.497	32.809
536.489	93.701	26.000	33.403
534.048	93.928	25.556	33.713
531.543	94.056	25.290	34.324
528.949	94.339	26.143	34.041
526.243	94.499	26.141	34.478
523.779	94.926	26.446	34.224
521.819	95.245	25.394	35.085
519.303	95.362	25.716	35.259
516.776	96.419	25.747	34.150
515.495	95.680	26.463	35.902
512.259	96.141	25.720	35.413
508.349	96.843	26.731	36.485
505.946	97.015	27.132	36.397
503.215	96.884	27.871	37.004
499.379	96.856	29.028	37.437
497.761	97.889	27.456	37.703
494.409	98.791	27.815	37.115
491.490	99.112	28.532	37.029
488.249	100.132	28.912	37.346
486.489	100.871	27.546	37.017
481.725	112.876	29.235	37.777
480.439	112.997	28.511	37.687
480.327	113.811	26.131	37.509
472.818	114.749	29.848	35.812
469.267	113.236	29.678	33.956
458.993	116.778	28.152	30.902
456.265	116.174	26.662	33.538
453.935	115.757	26.711	37.264
453.075	114.753	26.122	38.329
448.022	114.780	33.774	39.362
454.189	116.473	25.433	38.783
437.209	115.418	31.504	36.793
430.769	118.717	24.500	37.301
428.851	117.773	25.530	39.699
426.057	119.581	28.272	39.343
421.812	119.700	31.402	39.486
417.907	120.143	33.519	40.788
413.863	121.511	35.977	39.472
409.193	121.944	36.824	38.480
404.118	121.316	38.356	38.120
399.303	123.735	38.293	36.912
395.595	124.453	39.024	41.971
391.700	125.191	35.976	41.792
387.007	127.145	36.205	43.475
382.629	128.554	32.096	43.441
378.230	129.202	35.773	43.954
374.284	130.294	36.169	44.811
370.076	131.306	39.206	45.176
366.102	132.189	39.272	46.005
361.298	133.398	39.067	46.737
358.877	132.668	38.141	46.817
355.367	130.947	37.074	47.434
352.090	130.512	36.907	47.395
349.702	133.453	37.126	48.905
347.033	133.765	36.819	48.356
344.128	133.492	37.047	48.485
341.877	132.507	35.769	49.660
339.030	132.886	35.480	49.322
336.231	133.688	36.203	50.417
334.813	135.365	34.302	51.133
332.664	136.280	34.858	51.810
329.591	138.699	34.284	50.167
327.519	140.138	34.841	49.915
325.679	140.471	34.677	51.821
324.142	143.160	34.226	51.708
323.018	144.231	33.858	51.655
321.554	145.401	34.055	52.194
320.333	147.575	34.516	51.509
319.253	148.927	34.125	52.063
318.390	151.460	33.629	50.832
317.381	152.375	33.902	53.102
316.661	154.041	34.156	52.798
315.857	154.576	34.160	53.827
314.919	155.203	35.534	56.522
314.806	155.801	35.414	56.499
314.726	155.915	36.074	57.045
315.510	155.957	37.329	58.750
315.620	157.406	38.043	59.399
316.274	159.110	39.087	59.059
317.892	161.202	38.500	60.095
318.606	162.128	38.960	60.627
319.787	165.225	38.703	60.066
320.448	165.640	39.458	62.210
321.273	167.014	39.893	63.211
321.818	169.558	40.877	63.989
322.515	171.941	41.466	64.113
323.783	173.050	41.664	65.360
324.053	175.500	43.358	64.801
324.769	176.678	44.303	65.589
325.797	178.356	45.254	66.261
327.580	181.451	46.447	67.817
329.685	183.229	46.587	68.461
330.942	185.299	47.969	69.490
333.102	188.739	49.288	70.096
335.839	190.346	49.084	71.948
338.144	193.526	49.616	71.986
339.600	196.228	51.272	73.700
341.809	199.448	51.667	73.964
344.142	202.009	52.835	74.753
345.817	204.539	54.015	74.450
348.408	207.721	55.086	75.841
351.224	210.873	55.824	77.053
354.045	214.524	56.810	77.929
356.606	218.036	58.388	79.451
360.077	221.033	59.018	81.368
363.172	224.839	60.802	81.928
366.205	228.039	62.959	82.241
369.280	231.915	65.003	87.448
371.932	234.820	68.551	88.496
375.572	238.268	70.868	89.776
378.010	241.133	72.904	89.429
382.983	245.111	73.876	91.417
388.354	249.303	75.395	93.895
394.212	254.037	76.893	95.610
399.115	259.332	79.357	96.605
404.929	264.683	81.226	97.904
408.904	269.607	85.360	102.269
415.500	275.386	86.812	102.919
421.888	280.628	89.908	105.928
428.176	286.454	93.655	109.521
435.336	291.186	97.526	113.309
443.223	298.480	102.958	113.203
453.921	305.081	105.979	115.704
462.775	309.578	107.287	122.965
473.675	316.465	112.964	125.541
483.679	322.791	120.084	124.120
