285.000	132.000	112.000	349.000
280.791	130.620	116.447	345.510
281.314	129.154	115.182	349.489
284.753	128.327	115.095	350.452
277.981	126.988	124.586	350.489
266.111	127.268	136.302	348.452
252.943	125.264	145.304	347.211
245.752	124.483	147.469	345.320
242.840	123.884	148.193	344.720
242.005	120.270	155.925	345.980
240.206	117.632	181.431	347.395
247.028	114.549	174.786	348.538
252.475	112.771	170.878	351.820
262.859	107.377	160.146	356.728
284.138	102.626	143.121	357.743
292.556	101.873	136.373	353.853
291.435	100.273	139.064	354.243
290.915	99.916	139.716	355.159
290.465	102.817	137.570	358.715
287.257	115.342	137.659	359.633
280.733	131.999	143.071	344.864
273.813	142.948	148.407	336.722
264.757	149.749	147.861	330.656
258.112	161.871	137.876	319.003
250.665	177.209	137.991	303.011
255.271	188.662	131.582	292.338
254.929	197.912	132.911	283.088
252.032	205.395	139.853	275.605
250.516	205.799	145.869	275.201
253.434	205.518	149.281	275.482
262.744	205.522	144.948	273.872
272.021	198.254	144.656	281.172
286.092	190.358	139.246	288.261
298.127	185.708	131.314	288.710
308.050	181.817	125.968	289.629
310.392	178.913	127.149	294.055
308.303	175.562	130.686	296.543
309.160	176.842	129.865	297.028
312.327	184.755	126.222	290.621
311.318	185.402	123.961	291.238
302.644	192.683	130.240	282.106
289.625	198.408	140.058	272.106
277.808	205.006	149.272	267.032
277.008	213.551	149.605	264.664
280.581	221.233	145.408	256.070
287.658	225.855	136.565	252.283
291.194	227.596	132.925	253.404
301.741	230.485	121.115	250.515
314.468	234.413	106.499	245.696
318.101	241.174	96.587	239.826
315.381	250.208	93.176	230.792
301.770	254.958	98.882	226.042
276.650	261.346	115.592	219.654
251.989	269.225	132.954	211.775
230.581	275.826	149.310	205.174
225.544	283.476	150.291	197.524
227.035	291.958	148.554	189.042
234.133	296.881	143.061	184.119
271.522	301.919	107.254	179.081
287.173	304.911	94.412	176.089
286.490	313.682	95.150	167.318
293.413	321.055	88.745	159.945
291.996	329.877	90.192	149.871
284.242	341.280	95.304	137.765
279.277	345.320	98.025	135.304
278.758	352.811	95.481	126.570
275.506	346.709	95.400	132.821
271.740	344.729	95.914	133.831
269.276	342.553	95.003	135.982
268.111	340.515	92.123	137.481
267.933	337.684	87.183	139.356
267.830	333.998	82.882	142.475
264.327	329.347	81.336	146.406
263.047	324.823	79.048	150.980
259.703	322.542	78.112	152.361
254.721	320.414	77.545	155.159
244.762	319.335	79.733	156.058
232.540	318.142	81.520	159.761
222.223	315.636	81.108	163.057
210.998	313.991	84.953	165.055
202.520	311.448	86.280	168.839
192.978	308.106	88.489	171.871
186.874	308.349	89.198	170.784
188.906	307.883	82.201	170.212
183.860	305.788	82.734	172.148
182.566	301.678	78.537	176.947
178.988	297.081	78.045	180.989
183.910	292.608	77.357	184.253
194.346	292.682	76.327	182.662
201.773	290.341	78.635	187.303
210.366	291.676	76.258	184.608
216.234	289.049	78.641	186.378
220.474	287.461	82.137	185.262
213.062	284.469	103.521	193.406
216.303	281.279	115.892	194.871
221.803	278.677	126.716	197.419
236.050	277.446	131.078	202.381
260.853	277.232	120.056	199.913
302.213	275.868	102.661	200.157
336.244	274.256	86.021	202.154
361.095	272.237	92.311	200.074
377.046	272.077	89.103	199.895
376.912	269.191	92.901	208.533
377.382	267.612	93.320	208.113
378.047	267.709	90.743	207.608
381.411	264.207	86.999	210.849
380.972	260.426	87.447	215.752
381.257	258.669	87.030	215.244
378.777	256.985	91.545	215.655
376.011	254.958	93.412	219.245
373.693	254.628	93.753	220.092
371.630	253.998	94.644	221.807
366.631	253.241	95.468	223.081
364.152	252.363	89.541	223.692
361.152	249.212	85.784	224.878
358.887	248.414	90.305	226.128
358.320	246.035	91.618	228.013
357.186	244.704	92.253	228.573
356.118	242.568	89.719	229.635
355.304	241.055	88.124	231.681
354.757	238.756	89.168	232.945
352.393	235.701	90.851	235.543
348.317	234.099	92.458	236.604
340.152	233.929	98.115	236.849
333.422	232.893	101.355	236.988
329.280	230.208	100.952	237.339
324.333	230.001	100.563	232.850
320.847	227.471	102.444	234.736
317.945	227.010	106.582	231.077
314.940	223.056	112.091	234.966
314.454	221.097	126.566	238.634
313.138	217.096	135.870	242.249
313.887	214.747	129.221	244.067
314.209	213.508	128.516	241.090
313.057	211.942	125.300	240.535
312.381	210.188	118.001	238.089
308.741	208.426	116.826	233.780
305.527	207.713	114.089	230.643
301.574	203.139	111.235	233.946
298.962	202.911	107.004	234.961
297.460	202.727	101.741	233.655
292.340	200.895	100.818	234.223
291.905	199.672	97.329	233.041
291.298	199.036	92.943	231.649
288.989	198.520	90.499	231.550
289.826	197.505	88.940	232.104
290.331	195.240	88.014	233.633
290.051	194.593	88.950	232.176
287.574	193.224	91.461	230.658
286.459	191.494	90.040	230.961
286.850	191.235	87.419	226.171
283.219	187.508	84.968	228.640
282.808	188.291	81.205	227.023
280.491	186.732	80.305	227.582
278.466	186.621	77.594	226.572
275.375	185.826	78.498	226.449
274.248	185.268	78.449	225.016
272.679	186.606	79.616	219.224
272.013	187.720	79.104	216.293
272.173	184.476	80.303	218.720
273.883	179.277	83.615	223.459
274.234	180.728	85.010	217.649
271.360	181.534	88.420	211.768
267.188	179.369	92.615	211.688
262.532	176.588	95.639	212.817
256.504	174.598	95.736	212.906
249.417	171.656	98.233	215.802
244.765	170.292	99.973	217.176
238.385	169.091	102.757	219.650
232.384	170.204	105.323	214.083
228.667	166.574	104.367	214.382
224.600	166.209	107.482	214.604
222.244	166.800	107.602	210.717
219.469	167.156	109.275	209.436
222.637	167.903	104.606	208.563
216.461	167.212	107.807	207.998
211.515	160.479	107.371	212.484
207.777	158.919	109.997	212.967
207.560	158.844	109.275	212.693
211.206	160.991	93.542	210.498
210.713	165.525	94.185	206.588
213.412	163.274	88.362	209.109
215.261	163.074	88.440	208.578
215.269	161.927	92.378	208.663
217.819	162.141	88.648	208.374
219.167	162.716	86.189	207.595
219.354	162.466	85.716	207.898
219.760	161.901	86.363	208.036
223.422	160.839	82.932	209.865
227.384	161.239	79.187	208.484
227.530	161.511	79.848	206.822
227.695	161.324	80.403	204.025
226.693	159.550	80.123	205.294
224.928	159.435	80.728	203.921
224.531	159.294	82.395	204.245
223.139	159.322	84.194	205.795
222.973	156.290	82.361	206.235
224.380	153.693	80.059	207.129
226.004	152.091	75.259	204.667
224.319	149.957	77.192	203.382
223.560	149.422	77.393	202.617
222.678	148.629	78.690	202.467
221.208	149.176	80.327	201.644
221.094	146.078	82.853	202.213
220.203	145.375	85.541	196.840
220.493	144.006	83.853	195.802
219.172	141.019	86.130	198.207
216.643	140.092	87.605	198.615
214.737	139.521	88.077	199.045
211.922	138.063	87.971	197.059
208.858	134.533	89.710	199.742
206.213	132.273	88.974	195.633
205.223	132.419	87.302	194.208
207.385	131.498	83.930	193.972
211.561	131.058	78.465	196.005
214.457	129.946	75.563	195.166
215.553	127.184	74.929	191.499
212.981	124.837	77.660	189.541
212.857	123.930	76.840	187.864
213.114	121.946	76.601	188.663
213.195	120.470	75.664	190.954
213.488	119.251	73.942	190.627
210.881	117.636	73.557	188.737
208.240	114.755	73.400	185.500
209.109	113.477	70.808	183.986
209.664	112.012	69.303	183.812
206.894	110.696	69.989	184.682
204.507	109.226	71.527	185.752
202.688	105.979	73.523	183.713
196.607	103.979	78.681	179.672
195.940	101.113	78.128	181.473
195.584	100.087	76.430	182.433
194.660	99.055	76.901	183.563
193.967	99.496	76.364	181.842
191.947	96.638	75.351	182.613
189.000	95.302	75.536	182.424
181.546	95.306	82.702	178.065
178.447	95.636	86.930	175.505
177.838	95.289	89.388	175.534
182.457	103.085	90.603	177.806
189.538	113.507	86.530	178.347
197.841	122.301	81.108	179.141
200.693	132.100	78.820	177.474
205.272	142.073	76.572	176.751
208.542	149.985	74.771	174.790
212.292	157.372	71.701	174.994
218.555	167.727	67.952	173.153
219.683	176.167	68.040	175.306
221.331	187.612	68.488	177.093
223.855	197.296	66.919	175.720
225.238	204.290	67.896	175.603
227.427	214.014	67.412	172.106
232.532	223.073	65.309	170.954
243.363	234.071	59.963	167.568
247.427	241.289	66.381	174.137
248.729	251.577	71.491	172.446
253.199	260.647	73.241	170.047
258.388	271.210	75.482	167.847
264.437	280.012	73.681	167.527
271.472	288.393	72.209	168.022
273.792	295.200	73.902	166.824
276.210	293.763	74.026	167.245
278.785	295.197	73.938	165.170
281.220	294.173	74.783	166.027
284.827	291.162	73.273	165.702
285.869	287.095	75.268	163.550
288.480	286.783	72.900	162.377
289.076	286.627	73.158	165.609
291.972	285.577	71.738	164.491
294.390	285.994	70.695	163.967
298.456	284.462	70.259	163.264
303.320	282.885	70.508	160.674
306.724	280.450	69.459	159.671
311.487	278.377	68.543	159.985
314.308	276.681	68.610	161.540
316.334	276.398	70.136	161.467
318.420	275.972	71.163	161.200
321.382	275.907	69.824	158.768
323.944	274.267	71.419	157.183
325.429	271.416	73.811	155.431
330.036	269.858	69.820	157.992
332.510	269.832	68.806	160.178
334.159	270.668	70.743	157.694
338.894	267.457	66.390	159.236
345.641	265.319	61.321	159.673
347.046	264.636	60.853	156.346
353.770	264.224	54.110	156.693
353.847	260.601	54.644	160.493
356.494	263.491	52.521	156.819
355.894	263.097	52.869	156.212
354.186	260.726	53.923	156.534
351.351	259.338	56.194	155.013
350.632	257.091	55.693	153.835
350.337	258.914	54.753	151.088
351.468	256.794	53.299	152.958
347.802	255.932	57.386	151.602
341.200	254.548	63.968	148.539
336.685	254.637	68.539	146.285
337.996	252.964	67.822	146.225
342.131	251.553	63.367	146.534
343.515	250.874	59.308	147.446
343.547	251.572	57.704	146.896
340.568	249.993	58.477	145.590
333.252	248.675	61.927	145.630
325.257	245.922	68.457	143.863
317.865	246.926	74.822	141.200
315.921	247.123	76.283	140.919
315.896	245.906	74.609	142.769
318.507	245.079	71.257	139.481
321.303	244.310	68.776	138.422
323.465	241.356	65.253	138.802
331.200	240.511	57.832	138.938
333.921	237.738	54.498	143.614
334.687	238.525	53.006	141.871
333.379	237.737	52.754	140.726
327.983	235.288	56.783	141.196
316.637	234.079	65.988	138.799
309.591	232.962	74.638	137.617
307.466	232.927	75.963	137.130
308.513	232.625	75.057	138.330
312.446	230.681	70.413	136.982
317.644	229.531	65.764	136.814
324.892	229.896	59.673	133.396
329.390	227.527	55.169	135.945
331.536	228.423	52.813	134.192
331.602	229.422	50.811	133.572
330.637	227.290	51.597	134.295
324.910	225.609	54.567	134.114
317.365	226.413	60.285	130.424
309.242	222.867	69.252	132.887
299.775	220.991	77.091	134.358
290.860	219.603	85.410	136.898
284.091	216.315	90.401	139.760
282.977	218.810	91.670	134.112
282.103	216.471	93.743	134.221
284.725	213.601	90.966	137.293
282.843	214.042	91.515	136.216
280.900	213.765	93.462	136.426
277.997	213.345	94.448	136.900
285.251	212.780	85.540	133.412
296.254	208.683	69.733	135.552
301.646	209.543	66.000	133.901
301.268	209.017	64.688	131.595
292.201	210.451	74.524	130.366
295.342	209.269	71.156	129.492
319.319	207.438	48.891	129.702
318.974	205.930	45.747	130.517
318.471	203.885	47.593	130.895
317.859	204.027	48.803	130.762
317.702	204.831	48.331	129.608
316.528	203.262	46.007	128.121
313.963	200.302	48.014	130.362
312.252	200.880	49.233	126.350
312.850	205.343	47.540	121.454
312.560	204.308	49.301	123.018
314.586	202.864	45.702	124.443
316.818	198.587	44.227	128.100
318.827	198.193	43.861	127.680
319.146	196.681	43.892	125.170
320.482	196.057	42.915	126.210
321.614	195.926	42.151	125.393
321.282	196.068	42.507	126.580
320.670	195.926	42.258	122.496
318.870	192.435	43.390	123.499
317.212	190.981	44.971	126.132
317.039	188.750	45.904	127.564
318.018	190.515	45.708	125.272
320.371	189.256	44.849	125.835
323.014	188.779	43.420	123.761
324.127	187.638	44.274	125.162
327.287	186.804	41.099	123.270
328.227	186.813	41.014	123.246
327.844	186.388	42.340	122.583
328.241	186.324	41.509	121.582
327.402	185.669	42.094	120.394
326.190	184.204	44.120	120.276
327.161	182.855	43.852	120.773
326.038	182.677	45.684	120.223
327.328	183.842	44.650	119.160
328.297	182.904	44.614	119.777
331.227	181.674	43.760	118.204
333.517	181.726	42.190	117.448
334.178	179.431	42.295	120.434
335.503	179.754	42.287	118.147
335.085	179.416	43.065	117.238
335.897	179.067	41.867	116.847
335.308	177.494	42.108	116.451
333.786	175.481	43.606	117.555
335.007	176.666	42.504	115.785
335.751	175.987	44.162	116.725
337.678	177.499	43.564	114.279
340.767	176.975	42.205	114.198
343.293	176.406	42.419	114.975
343.318	175.360	44.332	114.978
344.702	175.655	43.493	113.506
345.101	176.159	42.807	112.616
345.157	176.929	43.023	111.625
346.167	176.297	41.903	110.837
345.959	175.136	41.515	112.615
345.008	174.100	41.850	114.682
345.510	173.920	42.214	114.777
345.530	174.408	42.763	114.767
346.954	173.829	42.244	113.932
351.176	171.169	39.785	114.749
350.591	167.201	40.992	118.423
351.436	166.078	40.761	118.363
350.369	166.826	41.291	116.100
348.857	167.961	41.790	114.330
347.402	166.589	39.255	114.690
344.704	165.105	41.352	115.018
343.863	165.928	41.572	115.588
344.086	165.777	41.009	115.502
345.420	162.700	39.650	118.570
347.710	158.735	38.248	115.938
349.264	155.025	37.699	118.604
348.513	154.487	38.416	120.081
348.228	155.564	39.146	117.449
349.191	156.025	38.029	114.952
347.945	154.766	39.022	117.333
346.446	154.183	39.616	114.242
345.232	153.665	39.577	111.708
344.503	152.405	38.854	112.311
343.810	152.299	38.531	113.573
343.407	152.458	38.210	110.847
342.879	152.501	38.162	113.429
342.646	150.604	37.958	113.945
340.785	148.020	39.581	112.071
336.843	142.860	42.297	118.550
337.129	142.538	40.954	119.543
337.233	143.670	39.918	117.663
335.743	143.890	40.049	114.040
336.804	143.880	37.963	110.764
335.285	142.581	38.691	112.297
335.116	143.334	37.877	110.829
333.442	143.474	38.701	111.441
332.203	144.355	40.227	108.023
332.145	145.973	40.326	102.455
332.555	145.125	39.570	101.681
332.415	144.243	39.368	101.108
331.265	145.370	40.181	101.659
329.556	144.958	42.053	98.142
326.934	143.963	44.673	98.313
326.343	143.632	44.161	96.786
325.199	142.694	44.661	97.461
323.485	142.515	45.683	98.401
322.459	142.241	45.603	96.281
322.480	141.784	44.965	97.643
321.824	141.395	45.529	97.639
321.668	140.677	44.380	98.094
320.751	140.395	43.581	96.488
319.687	141.198	42.538	91.630
317.911	142.044	41.232	90.721
316.519	143.832	39.061	87.393
313.939	143.305	37.088	88.908
311.885	143.778	36.086	87.640
310.958	144.235	35.709	84.812
310.281	143.860	34.830	84.679
309.603	143.518	34.857	85.717
308.850	143.705	34.917	83.249
308.159	142.173	34.737	84.968
308.646	142.176	33.761	82.196
307.288	141.915	33.956	83.958
305.928	140.941	34.589	84.539
304.282	141.577	34.271	83.427
301.921	141.237	34.467	82.808
299.827	139.892	34.710	81.330
297.532	139.578	35.675	82.171
296.747	139.711	35.895	81.641
295.738	139.449	35.970	82.611
295.816	139.440	35.608	81.810
296.041	139.148	36.166	78.925
296.612	138.195	35.964	80.678
296.332	137.538	36.627	80.560
297.675	137.571	35.108	80.802
294.879	136.878	34.804	81.675
293.133	136.425	35.183	82.536
290.640	135.046	33.121	83.673
287.856	135.050	32.748	81.760
284.499	134.175	30.957	83.728
282.112	134.025	31.326	82.269
280.375	134.676	29.989	77.019
275.767	134.999	30.518	80.941
270.714	134.446	31.341	79.450
267.198	133.777	33.013	76.300
262.316	133.154	33.552	78.800
259.482	132.845	32.245	82.428
254.598	133.725	34.472	78.380
249.443	133.631	36.071	83.947
246.110	134.648	34.553	79.908
243.359	134.388	34.336	81.313
239.850	134.213	33.923	84.402
236.243	134.568	33.607	84.019
232.323	133.623	36.136	85.419
227.416	133.350	36.445	90.267
222.935	134.668	36.603	98.410
219.930	136.381	36.985	99.063
216.612	134.829	35.029	100.221
213.176	136.399	35.549	99.361
210.998	135.904	36.576	98.860
208.781	137.142	35.772	98.201
207.956	137.653	36.522	99.181
204.822	135.919	36.373	101.921
202.840	137.001	37.300	101.267
201.368	137.698	38.288	100.115
197.241	139.089	40.460	98.368
195.926	139.814	40.039	100.879
194.568	140.907	40.212	100.770
192.933	141.873	40.393	100.529
191.131	141.280	39.803	101.118
189.987	142.416	40.020	100.216
188.298	142.097	40.689	101.492
187.042	142.752	40.336	102.229
186.994	142.481	39.580	104.038
186.883	143.165	39.163	103.577
185.890	142.192	40.115	104.766
184.809	142.995	40.489	104.620
184.859	142.295	38.908	106.869
184.546	142.214	38.676	108.522
183.789	142.413	38.333	108.569
182.926	142.558	37.629	108.311
181.238	143.692	39.680	107.629
180.693	144.640	40.108	106.223
179.993	144.371	41.443	106.810
180.127	144.452	41.069	106.110
179.773	145.254	41.493	105.370
180.448	145.218	40.298	105.693
180.421	145.030	40.290	106.055
180.686	145.212	39.921	105.778
180.846	145.537	39.710	105.280
181.021	145.343	39.653	105.655
181.374	145.103	39.664	105.571
182.451	145.465	38.537	105.637
183.125	144.840	37.407	106.592
183.107	144.902	37.179	106.272
183.618	144.563	36.763	106.943
184.256	144.047	37.006	106.936
184.301	143.581	36.596	105.814
184.381	143.260	36.740	107.756
184.471	142.968	36.604	107.291
183.909	144.580	37.133	105.279
183.559	143.725	38.546	106.630
183.519	145.034	39.087	104.972
183.100	145.605	39.610	103.566
182.781	145.547	39.812	103.547
182.369	145.937	39.395	102.342
182.701	146.147	39.949	102.681
183.007	146.430	38.567	102.876
181.883	145.671	40.307	103.319
181.265	146.119	40.129	100.864
177.601	145.827	43.118	102.210
174.565	144.987	48.712	102.983
172.086	143.764	52.242	103.249
171.484	143.958	53.113	102.543
175.338	144.102	50.457	101.225
174.036	142.867	51.847	102.669
175.900	142.377	50.794	102.691
176.253	142.668	49.450	102.755
173.301	142.292	52.017	102.912
177.001	142.336	47.765	101.127
168.629	142.266	52.858	99.704
169.573	140.045	51.349	102.334
169.267	139.330	50.319	103.070
168.662	139.383	50.573	101.729
168.622	139.999	50.287	100.244
168.689	138.208	49.949	100.814
168.575	138.102	50.423	98.954
168.481	136.502	50.228	98.251
167.547	137.190	50.993	98.404
167.476	136.157	50.947	99.544
167.916	136.539	50.384	99.003
169.357	135.686	48.292	98.057
169.922	135.259	47.016	98.087
171.617	134.445	43.260	97.504
173.970	133.783	41.953	97.933
174.903	134.074	39.065	97.328
174.757	133.595	39.156	96.173
174.472	132.248	38.858	96.144
175.059	132.123	39.562	95.333
175.326	131.385	39.053	96.679
170.650	131.115	44.143	96.180
168.241	131.681	47.265	95.001
164.116	130.649	50.274	94.321
161.750	129.827	52.116	94.872
161.341	128.683	51.447	94.875
161.179	128.706	50.791	94.352
159.101	128.638	51.817	94.224
159.179	128.082	51.027	92.616
161.767	127.465	47.916	93.205
163.255	126.174	46.690	92.458
167.542	125.635	41.061	93.666
168.389	124.646	39.186	94.489
167.825	125.581	37.998	93.529
163.777	124.396	40.823	92.180
159.259	123.376	43.263	92.657
153.550	123.071	48.224	92.683
151.187	122.742	48.670	92.535
150.771	122.655	48.196	92.495
152.638	122.481	45.801	91.637
157.020	120.858	40.958	90.428
156.093	120.358	39.533	91.125
147.864	120.282	44.322	90.528
139.394	120.835	51.789	90.632
131.506	120.662	60.278	90.540
130.008	121.963	61.792	90.310
127.800	120.632	55.884	90.623
122.912	117.754	45.303	93.553
114.942	118.668	45.390	91.526
109.098	119.361	45.646	91.961
105.453	119.812	46.185	91.222
99.109	119.999	46.710	91.247
93.292	119.766	48.919	92.103
99.509	122.129	47.529	93.402
110.900	122.309	50.752	91.451
124.447	120.394	50.304	92.215
132.037	118.232	49.066	92.780
147.080	117.183	45.152	92.332
161.960	116.379	47.858	91.331
177.580	115.755	51.403	91.709
196.595	115.861	50.768	89.353
207.219	115.726	45.042	88.661
210.473	115.444	44.076	88.518
212.961	114.799	44.913	88.909
215.749	114.960	45.201	88.871
219.973	117.422	50.532	86.162
222.926	118.348	55.272	83.591
228.599	116.455	52.271	86.141
232.901	114.969	49.339	86.609
238.053	114.123	47.988	86.805
246.100	114.373	51.054	86.841
251.158	113.944	61.293	86.209
255.919	112.949	59.929	87.560
260.148	113.188	57.395	87.279
266.358	110.855	52.541	88.896
273.053	110.004	48.232	90.202
277.967	110.354	45.018	89.571
283.751	110.655	43.726	90.179
288.277	110.797	41.021	90.326
289.640	109.887	41.502	88.570
289.794	109.540	42.231	86.950
288.980	108.670	45.650	87.890
285.957	109.103	45.736	88.102
285.470	108.718	45.384	87.997
285.058	108.715	43.784	86.768
285.820	107.260	40.751	87.357
284.923	106.160	38.452	86.795
279.454	107.107	41.645	85.720
277.125	107.041	41.449	83.580
276.114	105.808	37.252	84.896
273.060	104.819	33.332	85.610
268.266	106.024	36.069	86.493
259.134	105.757	44.500	85.609
258.557	107.230	46.356	84.012
256.565	106.404	46.203	84.561
255.476	104.764	42.961	85.218
252.985	104.538	41.035	84.492
249.605	103.432	36.734	86.594
245.091	104.323	34.602	84.984
243.025	104.464	34.836	83.900
236.003	103.919	42.911	85.435
229.867	104.355	45.664	84.421
225.861	106.200	46.819	82.436
223.591	111.288	48.118	76.088
222.868	115.704	48.454	72.022
222.548	120.492	48.843	68.233
223.408	123.157	48.134	64.788
224.411	124.356	47.372	62.319
223.819	124.095	45.889	62.734
223.219	122.640	44.714	63.086
220.501	122.159	44.256	62.461
217.900	119.915	45.053	64.881
215.021	117.860	43.718	66.341
212.209	116.634	43.219	66.203
209.584	117.702	42.426	64.322
205.394	117.182	44.021	63.424
203.562	115.694	44.181	65.086
202.452	115.438	42.740	65.724
204.782	115.246	37.271	65.901
190.738	116.209	48.377	64.405
192.420	116.847	47.528	64.342
175.310	114.612	60.461	66.133
171.208	112.908	66.276	66.530
169.032	108.810	46.554	70.865
171.139	111.226	38.185	68.452
173.088	109.670	57.034	67.964
174.031	111.639	56.942	66.919
176.920	109.518	54.213	70.430
179.872	110.093	53.792	68.493
199.835	109.447	41.013	68.465
201.640	111.085	42.896	65.875
207.353	111.821	41.480	66.162
207.805	111.557	48.018	64.915
213.295	110.182	48.032	65.887
217.871	108.883	45.320	64.686
221.616	108.833	44.506	64.398
225.864	107.109	48.164	66.911
229.692	102.227	47.477	71.702
233.479	95.145	44.873	74.632
236.643	90.636	43.553	79.045
237.856	88.658	43.212	81.436
240.447	88.998	41.313	81.224
243.055	89.198	38.101	81.090
246.477	88.993	34.195	80.985
247.429	89.479	32.609	80.233
246.014	89.019	32.639	79.821
240.948	88.505	36.395	79.768
237.447	88.079	37.830	79.579
234.320	88.242	39.260	79.860
233.129	89.370	39.004	78.480
232.467	89.404	38.026	76.255
233.822	88.609	35.040	77.447
234.397	87.599	32.571	78.455
232.972	86.894	31.486	79.348
230.450	86.957	31.957	78.680
224.000	89.122	36.370	76.195
221.150	87.352	36.348	76.268
216.487	86.035	35.623	78.410
211.530	85.717	37.707	78.459
209.012	86.323	38.212	76.983
209.575	87.075	35.691	77.263
208.813	85.977	36.838	76.201
208.998	85.671	34.593	76.169
209.363	84.658	34.182	77.452
210.022	85.236	33.136	76.299
209.134	85.272	32.927	76.484
208.537	86.181	31.827	75.051
206.106	85.930	32.592	75.374
203.947	84.547	33.752	75.018
202.885	83.394	33.801	74.668
202.636	83.368	35.203	76.512
202.349	83.758	37.265	75.883
204.173	84.018	38.663	75.032
205.580	82.657	38.472	74.839
207.377	82.081	36.903	75.308
210.253	80.787	34.277	77.659
210.608	81.033	34.878	77.420
211.678	81.393	33.263	76.448
211.270	82.308	33.956	71.887
209.519	81.423	35.154	73.745
208.695	81.003	35.408	72.357
207.779	81.114	35.101	72.830
207.736	81.267	33.761	72.565
206.532	81.697	32.462	70.874
206.502	81.391	32.002	69.089
206.846	80.178	30.780	70.595
205.651	79.153	30.591	73.153
204.262	79.042	30.783	71.960
201.608	79.943	31.067	71.372
198.268	79.493	32.182	70.253
193.284	78.295	31.019	69.990
189.129	76.832	28.628	73.825
186.446	77.097	29.920	72.162
183.609	78.355	28.911	72.845
180.596	78.550	30.567	71.671
177.763	78.814	28.491	69.188
175.001	77.266	27.344	67.039
172.108	76.602	27.765	64.956
168.636	76.420	26.823	64.212
163.447	77.207	28.702	63.818
159.926	77.096	27.969	61.270
155.471	76.996	27.976	58.834
152.835	76.020	28.653	56.555
150.068	76.573	28.296	56.932
147.500	76.004	27.760	56.158
143.569	76.929	28.629	54.830
139.774	76.252	28.274	60.718
135.555	77.426	28.862	63.677
132.052	77.887	30.091	62.560
127.775	77.563	31.400	63.543
123.222	78.684	31.545	62.872
120.868	79.078	31.838	61.820
118.881	78.486	31.749	63.285
117.349	79.622	30.713	62.457
115.645	79.129	31.777	59.828
113.977	78.930	31.030	61.254
111.823	77.242	31.292	62.783
108.546	79.218	30.197	63.642
106.471	83.060	30.060	62.150
104.521	80.484	30.291	62.721
102.007	79.083	30.911	65.766
101.481	80.077	30.258	63.985
99.382	80.443	30.992	64.428
98.369	81.349	31.153	64.393
97.822	80.862	30.238	64.708
97.917	81.498	29.738	63.759
99.011	82.854	29.137	59.206
98.994	82.420	28.124	59.882
97.926	82.523	28.882	58.714
96.858	82.335	29.338	60.269
95.932	81.361	28.286	61.333
93.135	82.462	29.817	61.968
92.351	82.740	29.564	61.629
92.254	80.824	28.887	64.585
91.435	79.437	29.453	64.680
91.741	78.408	28.688	66.583
91.761	77.231	27.910	69.685
90.496	78.274	29.390	70.384
90.687	79.048	29.928	68.771
91.637	77.959	29.244	69.266
91.292	78.418	29.598	67.405
91.398	78.826	30.120	67.093
92.877	79.292	28.922	66.683
92.933	79.682	28.834	66.152
92.808	79.097	29.208	66.851
92.699	77.848	29.505	68.120
93.245	80.663	28.321	66.714
93.111	80.628	29.383	65.362
93.251	79.004	29.118	65.898
93.884	80.433	28.806	64.575
94.016	80.959	28.522	63.143
94.435	81.782	28.422	61.787
94.082	81.293	28.481	63.056
93.873	80.818	28.706	64.742
94.301	83.785	28.728	63.102
93.657	82.526	28.682	63.368
93.998	81.415	27.849	63.451
93.404	81.490	28.024	67.076
92.320	79.888	29.027	68.851
91.717	79.290	28.965	68.730
91.261	78.393	28.406	70.208
91.176	81.612	28.499	67.093
90.689	79.813	28.554	67.194
91.418	84.409	27.889	62.916
91.695	84.426	26.866	59.971
92.226	84.551	27.689	58.610
92.782	85.574	27.193	58.368
93.031	86.400	27.180	56.229
94.711	87.095	25.440	56.205
92.913	85.996	26.975	61.071
91.621	82.625	28.003	66.519
90.445	81.026	27.653	71.301
89.979	88.285	27.703	61.898
90.422	89.453	27.057	53.805
90.784	86.894	26.112	55.014
90.554	85.812	25.309	54.025
91.545	89.125	24.766	51.149
92.547	88.595	24.117	52.164
91.946	89.289	24.645	50.639
92.293	89.309	24.758	50.146
91.768	89.275	25.173	51.266
92.525	89.450	25.250	51.168
92.518	89.168	25.339	52.587
92.754	89.965	26.143	54.856
92.222	89.685	26.705	53.031
93.168	90.366	25.507	52.648
93.200	89.487	25.460	54.213
93.496	89.938	25.364	52.595
92.932	89.904	24.983	54.996
94.290	90.064	24.984	54.393
94.143	90.682	25.198	56.751
96.153	90.333	24.828	58.455
96.120	90.429	25.324	57.687
97.108	90.301	26.087	60.592
97.894	91.341	25.691	59.796
98.725	91.196	25.719	60.257
99.493	91.325	25.805	61.227
101.071	93.151	26.161	64.198
103.320	94.186	27.242	61.200
106.223	95.514	27.206	60.703
108.149	96.477	25.693	63.457
110.948	96.843	26.349	61.713
113.763	96.465	26.899	66.677
114.906	98.389	30.094	76.716
117.815	97.994	31.731	78.072
119.277	100.524	34.445	77.087
121.365	99.434	35.211	76.509
123.836	97.434	36.177	78.807
123.823	97.535	38.759	76.912
126.180	99.059	38.451	76.658
128.287	99.332	39.285	76.990
130.670	99.785	40.890	78.379
133.381	99.621	36.549	79.786
135.400	100.174	38.418	78.885
138.509	100.350	37.533	77.952
140.627	100.698	35.980	77.659
141.919	100.816	35.753	78.956
143.187	102.610	36.252	78.002
145.636	102.822	35.524	78.571
148.462	101.650	33.952	80.105
151.838	101.539	31.531	79.493
152.845	100.701	30.175	80.550
152.807	100.794	30.831	81.942
152.913	102.386	30.985	79.032
152.623	102.255	30.819	81.567
151.963	102.114	31.477	81.867
151.118	102.200	31.813	81.739
150.775	101.542	32.981	82.994
149.884	102.335	34.296	81.899
149.708	104.622	34.070	79.946
150.752	111.941	33.833	74.533
150.516	119.445	36.403	67.341
150.541	125.774	37.685	60.838
153.149	125.574	36.948	61.292
155.243	121.740	36.030	65.261
155.334	119.572	36.167	67.424
161.111	115.961	34.509	71.897
163.969	121.838	31.828	65.514
167.391	124.961	31.887	65.858
170.304	126.121	36.692	64.787
173.411	128.207	35.422	63.749
178.534	130.953	39.808	59.515
182.038	129.153	55.446	62.011
180.199	129.963	67.508	60.952
181.986	128.444	74.673	62.620
186.654	127.719	74.419	63.275
191.719	126.495	80.670	63.563
213.654	125.867	67.427	63.819
220.541	126.218	64.080	62.617
223.864	126.882	56.658	62.620
228.812	129.253	59.295	63.600
238.914	130.511	59.238	60.543
248.884	128.644	47.204	65.448
250.943	129.529	52.360	64.593
254.541	130.902	56.503	62.666
256.671	132.629	60.755	61.239
255.665	133.908	65.358	59.956
254.661	133.499	71.638	61.816
255.504	132.764	78.508	61.973
259.910	132.404	74.869	61.502
267.499	133.006	67.605	61.427
267.537	131.947	58.589	64.124
264.513	131.409	53.958	67.498
261.997	132.456	51.406	66.624
259.438	131.129	52.714	67.803
257.735	132.462	50.556	66.641
253.138	130.858	43.613	67.628
251.245	131.112	43.587	67.261
246.879	131.826	42.978	66.541
244.221	132.170	45.728	68.952
240.447	133.644	50.296	68.530
236.603	132.821	52.305	69.824
230.891	132.257	47.827	69.872
221.869	131.699	57.671	69.995
205.994	133.266	66.107	71.437
203.753	133.731	61.297	73.286
201.896	134.468	60.620	72.317
200.218	134.745	49.361	72.241
196.471	135.614	57.405	70.800
189.283	135.073	58.126	72.034
183.075	134.020	58.008	76.436
181.680	139.048	58.548	72.056
178.758	136.062	56.435	76.116
173.617	135.318	55.744	76.130
164.670	137.432	60.630	73.879
160.766	135.371	60.678	79.329
157.737	131.082	58.849	84.796
159.765	125.771	52.371	91.442
159.147	125.210	50.002	91.091
158.704	125.559	49.072	90.745
159.225	124.988	50.529	90.411
159.609	124.665	52.098	92.115
161.788	124.357	53.336	94.218
166.080	124.633	51.784	93.647
169.644	122.384	51.026	95.742
172.329	124.945	50.190	93.689
176.016	129.081	48.234	91.906
179.856	129.863	44.258	92.412
183.569	130.727	37.171	92.570
187.910	128.540	35.308	95.035
188.624	129.094	43.159	94.987
188.869	129.966	51.895	93.504
194.800	129.429	48.307	94.895
199.788	128.927	45.271	94.202
210.433	127.473	45.877	94.600
213.483	127.461	52.969	94.439
217.614	128.576	52.257	94.406
219.795	129.159	49.415	95.552
223.191	129.072	42.156	96.473
226.254	128.312	39.040	97.012
228.535	127.962	40.128	97.119
231.491	129.335	42.749	96.232
234.148	131.981	44.197	94.350
236.444	132.393	46.880	95.716
242.316	129.611	48.625	98.255
247.421	129.953	49.022	99.889
251.982	132.256	49.060	99.942
257.091	137.651	48.041	98.087
260.200	137.171	46.136	98.720
261.805	134.469	45.164	100.825
261.836	134.655	45.714	101.586
262.491	139.857	44.956	100.147
261.634	141.221	45.507	101.501
259.444	141.297	45.026	100.529
258.859	138.453	41.963	104.053
256.074	140.038	42.840	102.602
255.438	144.077	42.777	99.850
255.474	145.470	40.671	103.867
254.058	144.628	43.200	104.369
252.803	144.508	43.306	104.059
251.186	146.137	50.582	104.953
250.386	147.818	46.259	104.119
248.546	150.373	48.569	104.347
246.709	149.707	46.035	104.484
245.189	149.499	44.078	106.032
243.805	152.017	40.988	104.129
243.913	154.628	39.794	103.370
243.057	154.658	41.303	106.647
241.749	155.199	43.733	106.019
239.079	155.367	48.861	106.760
233.111	157.674	57.694	105.551
230.820	158.503	51.559	107.003
228.943	159.608	53.096	107.240
227.974	159.470	44.568	107.466
227.642	159.214	38.716	109.466
228.521	161.183	33.770	109.988
229.024	163.904	34.164	110.701
223.033	162.076	43.225	113.090
214.040	161.773	56.867	111.104
207.917	164.334	68.506	109.922
205.501	164.265	70.777	112.816
214.984	165.882	61.703	113.089
236.591	166.738	46.421	112.743
243.451	167.185	48.641	111.874
244.800	169.101	61.673	110.878
247.232	169.566	70.353	111.951
249.681	171.106	74.464	112.878
253.473	169.544	67.531	114.376
255.004	169.475	59.934	113.459
256.414	170.792	62.585	113.110
258.062	172.143	55.527	113.528
257.652	174.176	56.042	114.463
256.967	173.310	49.878	114.810
258.220	174.126	44.381	114.718
258.717	176.125	42.587	115.712
258.658	178.040	42.679	115.287
258.793	179.215	41.975	117.340
258.479	177.815	41.495	118.189
257.693	177.951	40.513	121.066
256.663	179.707	41.545	121.450
255.837	181.015	40.683	121.322
254.370	180.442	41.025	123.444
253.193	180.854	42.930	122.683
252.946	183.081	43.577	121.860
253.060	185.081	44.851	121.990
253.532	186.076	45.063	123.638
253.512	185.565	46.242	124.960
254.016	188.039	46.959	122.729
254.433	188.202	45.530	124.942
254.861	189.974	45.033	124.477
254.862	189.923	45.036	127.418
254.637	191.479	45.017	125.233
255.253	188.330	45.955	127.161
255.503	191.813	46.704	127.620
256.633	191.066	47.534	131.692
259.115	191.694	46.880	134.001
260.270	190.290	47.816	135.701
260.880	187.664	50.936	138.505
261.166	189.039	49.626	139.628
260.425	189.070	50.898	141.862
259.907	189.957	50.837	141.820
260.561	189.056	49.296	142.766
259.226	186.441	54.026	148.948
258.153	187.914	53.676	146.137
258.471	190.080	52.185	145.049
257.483	192.278	50.623	148.488
255.146	192.578	50.968	147.075
250.313	195.502	52.640	144.538
247.216	203.052	55.170	140.354
244.625	211.070	53.506	134.504
236.493	212.363	60.198	134.067
234.486	212.039	58.526	134.018
220.693	211.508	67.357	134.939
212.405	212.884	71.447	134.896
204.212	213.087	77.208	135.518
209.983	214.704	69.333	135.483
195.613	214.465	78.914	136.163
191.745	213.863	78.095	141.032
205.227	216.285	64.829	135.523
185.388	213.730	79.329	142.399
177.605	215.507	86.704	137.032
173.735	217.045	89.957	137.027
168.664	213.130	92.006	142.757
162.537	213.771	92.826	144.174
157.959	214.071	92.077	143.141
155.724	215.241	87.145	141.502
153.429	214.197	84.071	144.467
150.227	213.944	84.239	142.211
146.465	216.801	84.633	138.014
159.221	217.792	76.715	137.070
184.641	216.332	75.061	135.473
200.590	218.352	70.132	134.187
219.422	220.116	69.257	131.584
245.682	219.607	63.995	135.164
265.766	221.466	55.915	135.222
278.376	223.845	53.864	131.608
289.097	222.127	57.091	130.839
302.950	221.934	55.812	135.584
308.948	220.847	61.288	140.049
331.509	219.012	58.354	136.806
350.780	219.036	54.335	138.590
360.018	217.985	56.062	132.612
376.011	217.232	52.572	137.407
381.452	217.335	57.621	141.995
390.570	218.685	58.948	138.508
405.651	219.193	55.074	136.868
421.464	219.299	55.508	137.329
432.488	217.813	57.124	139.684
439.883	216.248	56.851	142.296
451.622	216.140	57.004	139.278
461.639	216.872	61.943	137.430
472.204	219.086	63.519	134.302
482.397	217.710	64.598	135.454
494.495	214.987	59.874	137.522
505.800	214.670	51.196	113.646
517.390	214.307	51.205	116.844
528.925	215.490	46.811	123.320
539.795	217.835	46.018	111.907
552.211	216.201	44.381	115.708
565.430	206.494	45.046	128.455
560.456	196.631	46.377	132.822
551.604	205.365	50.966	129.118
541.728	214.220	46.163	121.966
531.854	217.384	46.263	112.761
522.868	218.241	48.650	109.477
518.765	216.961	47.045	115.316
511.662	215.248	47.861	114.405
504.564	219.862	47.445	115.697
497.021	221.811	48.313	124.366
486.310	221.405	52.337	121.338
475.055	222.055	54.416	127.079
470.490	222.462	56.654	138.741
468.033	223.664	56.905	139.758
465.966	223.724	53.777	138.068
456.543	224.185	56.456	138.315
446.354	223.714	51.613	135.132
439.244	222.066	51.160	135.413
432.434	219.872	47.772	133.402
424.410	223.138	43.358	130.121
412.832	225.006	46.914	130.540
401.774	225.266	50.371	123.628
391.594	224.074	52.941	118.754
381.054	224.293	56.228	121.003
371.035	223.444	61.136	120.491
361.773	225.556	61.412	124.202
356.522	224.710	62.472	124.277
349.686	226.396	61.649	118.330
345.735	222.960	54.570	114.817
344.096	222.572	48.494	116.336
337.810	222.502	48.487	115.113
333.594	223.261	45.681	111.012
326.496	222.649	45.613	112.959
319.590	224.903	46.785	100.742
311.991	222.498	48.185	107.263
305.901	226.047	47.124	106.653
297.822	221.757	50.869	107.950
292.259	223.840	51.241	108.732
289.157	224.421	47.878	113.615
278.139	223.858	50.518	117.009
271.169	223.444	50.966	120.582
263.471	221.150	53.263	119.397
262.946	221.829	48.640	115.476
257.928	219.730	50.900	115.114
252.482	220.666	48.040	113.238
247.637	220.831	46.764	109.733
240.786	220.788	46.618	106.827
235.813	221.808	47.370	102.822
233.211	222.676	45.195	96.236
228.829	222.895	48.042	93.633
226.235	224.539	47.660	92.693
222.301	229.397	46.015	87.121
220.422	223.095	45.320	92.727
217.780	223.045	42.344	92.957
205.000	223.660	50.678	92.596
203.609	223.769	47.438	92.360
201.114	224.083	45.731	89.606
197.231	223.419	44.242	91.549
195.470	223.627	41.198	89.101
191.329	223.776	42.446	87.331
186.533	223.892	43.459	87.203
179.998	224.646	44.574	89.043
172.868	225.497	45.907	86.372
171.313	224.704	41.170	87.763
167.740	224.665	40.088	88.696
160.835	224.913	42.655	86.541
156.449	224.922	41.787	88.456
153.209	225.426	41.214	88.803
146.667	225.079	41.154	90.462
139.027	224.600	40.463	93.152
132.342	224.475	44.589	92.588
128.435	223.442	40.123	97.502
124.087	224.987	40.962	94.184
117.324	225.320	42.977	95.898
112.441	225.709	42.180	95.518
122.348	224.933	44.752	119.938
130.557	223.362	46.202	134.396
142.838	222.435	45.856	137.150
154.903	222.191	45.291	143.077
165.508	222.903	46.761	140.442
174.849	224.066	52.650	136.199
185.765	224.259	58.505	137.211
194.973	224.290	58.780	136.306
204.328	222.688	60.488	138.033
213.122	220.900	55.581	139.707
223.575	218.888	61.408	143.571
245.760	221.092	54.269	144.492
261.273	224.005	50.948	141.213
276.449	224.085	51.978	145.178
296.891	223.694	52.180	145.356
310.799	221.331	53.340	146.420
322.097	222.589	55.019	148.071
339.548	224.586	58.325	147.232
356.163	228.254	54.422	147.341
370.643	227.043	53.131	148.384
379.286	227.769	54.815	149.957
378.592	225.695	50.551	146.378
376.840	227.606	52.552	143.445
376.391	230.975	53.215	143.101
376.599	234.875	51.426	138.862
376.645	233.652	48.746	142.263
375.932	232.387	49.004	146.626
373.483	235.538	51.106	147.245
370.004	238.277	54.568	147.418
366.297	241.351	55.138	145.687
361.771	242.472	58.139	144.071
359.189	241.607	53.804	144.345
358.914	241.818	52.312	144.194
358.803	242.595	52.834	141.489
354.693	244.247	55.657	141.359
353.937	244.580	54.893	141.372
352.293	240.692	56.410	145.073
351.573	237.653	58.654	145.380
348.476	237.295	64.145	148.253
345.991	238.184	68.345	149.758
344.601	240.036	68.322	143.219
342.401	237.722	66.050	148.709
340.012	237.873	62.079	149.816
337.892	240.074	61.071	149.994
337.594	241.268	61.781	149.835
336.984	243.944	62.422	147.969
337.297	247.139	62.859	145.143
336.335	251.881	63.470	138.953
336.072	253.549	65.654	136.608
336.684	253.577	65.050	135.314
336.926	253.915	65.121	135.220
336.957	253.132	64.377	137.271
337.843	252.124	64.293	137.903
337.917	249.903	63.655	142.186
338.875	246.649	71.740	144.187
337.643	243.442	68.296	146.560
338.087	240.504	68.491	149.350
337.113	241.061	67.427	148.791
337.681	238.379	59.506	151.587
337.359	229.144	59.799	161.543
337.685	238.655	55.343	152.234
337.747	237.628	55.282	155.242
336.559	236.172	70.529	155.928
333.891	239.284	84.947	151.653
332.979	239.710	85.347	150.844
333.756	239.194	79.969	150.861
335.273	238.407	78.510	152.268
336.455	237.611	67.277	152.407
335.809	236.644	67.643	153.681
338.086	236.794	67.515	153.414
336.726	242.390	66.746	150.607
335.032	238.982	56.626	152.437
333.870	238.144	57.965	155.483
334.754	238.773	42.007	153.360
319.867	237.252	53.071	156.532
315.419	234.172	58.305	158.966
310.395	236.415	65.183	156.138
301.384	240.206	75.457	151.034
302.791	238.922	72.103	153.968
309.200	237.348	66.077	154.828
318.192	237.576	60.098	154.442
324.157	237.753	56.319	153.980
321.134	238.357	60.097	154.031
322.748	237.818	63.655	152.004
322.242	240.659	67.154	147.821
321.748	239.484	68.903	153.923
326.445	238.782	68.739	150.966
340.118	238.824	56.129	150.662
340.835	239.641	57.410	146.775
344.106	240.704	55.049	146.353
350.721	242.085	50.511	146.896
352.916	240.713	48.877	149.149
342.895	239.998	59.095	146.855
335.499	239.249	68.623	148.398
329.951	239.208	74.520	147.433
327.761	239.450	75.432	146.787
331.471	236.263	74.757	148.602
346.791	233.334	59.545	145.095
354.658	230.957	51.259	145.816
360.699	228.544	47.507	149.551
362.209	228.939	47.884	149.478
362.854	231.234	49.140	146.123
361.902	229.340	50.729	145.789
360.850	226.997	54.714	147.147
360.995	227.304	54.210	146.799
360.569	227.426	53.681	148.536
352.410	226.699	59.784	147.404
349.897	225.251	61.579	140.062
362.232	222.906	49.093	141.356
359.968	220.792	49.693	146.657
352.692	222.333	55.707	142.938
347.590	220.869	57.121	139.254
341.683	220.432	58.434	138.719
331.585	215.951	50.907	141.560
325.852	215.478	52.002	144.671
321.468	218.977	51.641	141.563
320.908	218.086	51.012	138.116
316.299	214.451	43.746	141.772
303.458	213.163	47.151	141.310
292.019	213.962	52.571	140.763
292.303	215.138	50.471	138.476
293.016	217.690	48.529	136.403
288.756	213.958	50.490	134.983
281.343	211.291	52.465	137.193
274.214	211.032	45.621	135.772
265.228	208.836	45.063	137.718
254.045	210.566	55.200	137.098
247.499	214.466	58.690	132.352
240.976	206.458	51.192	136.437
248.875	203.650	46.548	120.502
242.736	204.045	46.945	133.523
238.539	204.940	44.228	130.327
225.827	205.010	55.863	134.818
222.277	206.188	57.052	131.016
218.508	204.970	51.879	133.398
213.168	203.262	53.928	129.907
205.916	202.698	45.335	132.342
196.336	203.446	50.273	135.198
190.463	205.536	54.280	128.776
186.581	201.804	52.864	128.910
180.566	202.392	45.977	129.417
172.083	199.578	43.944	132.280
165.253	198.656	45.719	129.303
156.858	200.882	51.899	127.853
147.188	201.890	58.384	126.991
142.526	202.182	59.447	123.121
135.293	201.359	49.943	115.219
131.243	200.358	46.570	112.269
128.777	200.168	43.329	104.116
121.154	199.841	42.714	96.969
111.642	196.442	44.965	100.260
102.669	201.669	44.317	97.958
96.344	198.733	44.541	103.805
89.882	193.879	42.829	106.298
82.756	192.756	45.482	136.959
72.455	200.358	50.628	121.696
72.194	200.621	49.724	108.426
78.795	204.924	51.154	119.838
90.869	207.182	51.533	113.098
102.716	195.513	48.457	121.502
109.783	193.594	51.714	127.122
113.313	194.242	56.517	124.221
131.094	199.605	54.231	117.564
140.874	200.568	60.542	122.217
142.324	202.661	68.516	126.459
166.123	193.082	59.895	111.499
179.695	189.077	58.917	118.848
184.212	207.304	79.248	121.344
204.201	184.587	68.259	127.266
213.569	197.045	79.748	134.994
230.137	187.905	78.183	129.906
248.330	189.422	65.570	125.682
263.538	202.530	71.599	117.180
276.086	187.607	64.830	120.200
290.654	185.008	68.066	129.286
297.829	186.508	57.959	122.421
295.997	184.639	54.391	121.098
288.933	185.967	59.378	124.923
285.911	183.009	58.325	129.229
273.313	183.716	60.929	130.929
269.144	183.193	58.139	136.250
270.222	195.863	53.591	121.928
266.846	190.656	45.959	126.151
258.360	186.256	42.356	132.128
251.474	191.940	39.953	124.246
241.722	188.341	48.246	127.880
238.433	189.147	51.382	125.641
237.667	192.618	51.915	123.732
233.626	187.416	44.121	129.412
232.205	185.934	43.648	132.104
228.049	186.753	44.032	131.409
224.879	184.974	46.534	133.048
224.444	186.598	43.486	130.065
222.877	186.774	44.020	132.837
221.109	187.263	44.185	130.697
220.912	186.944	45.586	129.607
219.138	185.663	45.062	123.785
218.095	186.674	44.492	123.361
215.785	184.590	41.892	126.287
212.152	188.552	44.093	122.231
208.531	185.794	44.290	124.248
205.401	185.006	46.484	123.476
200.457	187.811	51.172	116.032
196.289	188.293	45.399	114.663
192.255	191.399	41.063	112.147
186.541	188.487	41.621	115.493
178.931	184.634	46.935	118.462
169.099	185.347	52.905	115.666
166.067	177.490	46.547	122.308
159.234	176.180	44.457	120.503
154.864	177.225	43.355	117.940
153.806	176.666	43.305	111.741
148.531	177.059	43.703	113.405
143.227	181.287	44.966	117.649
135.080	181.573	45.911	114.174
121.709	180.870	48.677	120.773
117.791	183.123	46.271	123.620
111.073	183.051	48.433	125.580
108.410	181.857	46.107	125.710
104.722	182.575	47.140	128.306
103.609	182.841	44.546	126.423
101.147	181.507	42.652	128.159
93.568	182.343	44.860	127.777
90.282	181.727	44.299	128.116
88.871	181.458	44.242	129.652
87.693	181.843	45.332	129.294
84.464	181.888	43.725	128.666
82.856	182.387	44.216	128.288
80.179	179.582	41.140	130.178
77.823	179.729	40.937	132.977
76.553	179.142	40.957	133.217
75.938	178.079	42.156	134.749
76.978	180.067	41.948	132.379
76.495	180.272	40.830	132.135
76.834	181.150	40.749	133.895
75.090	182.272	42.715	130.455
73.864	183.525	44.585	129.967
73.230	183.800	46.356	128.927
73.022	184.270	48.814	128.251
74.062	185.034	51.364	128.745
73.909	185.397	52.748	126.471
77.641	185.060	49.686	128.167
77.493	184.029	50.701	128.118
79.391	183.642	51.028	128.440
81.809	183.559	50.657	126.378
84.883	180.681	47.917	130.110
87.373	181.077	45.677	129.712
90.788	180.052	43.402	131.342
90.179	181.010	44.121	129.300
90.507	181.700	43.076	128.459
91.970	178.658	43.813	131.682
93.612	178.572	42.267	130.930
93.657	177.665	44.012	131.962
94.350	177.792	44.587	130.643
96.582	177.072	43.164	132.128
97.749	177.663	40.794	129.973
99.015	178.681	41.135	128.263
99.212	176.164	43.651	127.547
101.945	174.526	44.290	131.723
102.777	175.725	45.543	130.034
103.528	173.969	46.933	129.918
105.470	177.047	47.128	128.632
107.144	175.516	49.053	127.184
112.087	177.387	48.500	124.347
115.089	173.608	49.411	124.141
119.659	174.671	46.772	122.645
118.061	173.021	48.802	124.206
118.605	175.112	48.816	120.654
115.523	172.885	52.051	122.592
124.877	174.863	44.069	119.675
124.511	171.486	47.245	125.707
123.526	170.963	47.734	128.370
123.511	170.902	48.570	126.418
123.726	170.823	50.596	124.723
130.784	170.112	43.861	122.368
134.294	168.521	42.308	124.358
133.761	169.329	45.346	122.395
137.630	169.762	45.755	121.051
139.340	173.282	46.882	122.229
138.781	172.847	47.419	127.627
141.863	170.272	45.504	126.731
142.957	172.648	44.851	128.323
144.556	168.745	44.134	128.309
147.232	171.970	43.811	124.601
150.495	167.203	41.713	124.503
153.976	167.519	40.914	124.680
158.718	170.178	37.374	119.385
156.737	166.834	41.681	126.895
158.791	170.416	43.436	125.396
160.778	170.027	45.595	125.151
163.761	162.246	50.624	128.575
166.768	162.315	58.164	123.904
169.874	165.282	63.702	121.493
176.833	175.031	58.320	110.984
183.760	178.619	51.636	107.126
182.264	178.132	51.926	107.361
183.293	166.050	53.370	119.696
200.625	170.299	43.644	113.980
206.803	166.512	43.093	117.370
207.054	164.426	51.863	118.436
209.266	165.364	55.668	118.026
214.017	163.774	51.847	119.173
221.514	164.692	46.710	117.118
231.107	165.381	44.988	116.148
238.813	170.570	45.215	111.235
242.017	172.882	57.061	108.714
241.370	169.444	61.004	111.054
247.926	170.225	57.065	110.993
254.816	170.987	51.782	111.802
262.034	173.210	48.046	108.823
273.617	169.777	45.930	111.851
277.388	164.873	54.184	117.495
279.695	164.184	56.825	116.185
284.996	162.603	57.060	118.077
297.453	147.158	48.380	125.190
310.968	159.241	48.957	118.217
314.664	160.452	50.847	120.292
320.741	157.778	60.540	117.693
323.939	162.634	60.421	114.370
327.596	158.412	58.103	120.540
338.292	150.393	49.739	126.410
348.177	151.297	43.537	127.461
354.973	150.640	42.924	124.461
360.906	148.682	49.797	128.319
362.804	157.267	52.573	119.102
364.638	153.918	53.723	119.568
380.113	155.798	47.665	116.561
385.272	156.336	46.333	116.433
386.371	155.575	48.631	116.520
389.021	150.973	50.815	122.913
395.709	145.540	48.304	126.802
401.076	142.391	46.036	127.185
405.126	143.578	44.195	126.006
404.492	143.030	44.861	126.497
405.988	140.834	45.590	127.996
407.856	141.584	43.644	127.515
408.123	142.786	44.700	124.207
408.628	142.351	45.818	126.467
410.299	142.331	45.023	126.826
412.038	142.799	42.256	129.490
411.365	140.179	42.636	129.137
411.960	137.772	43.602	134.806
413.261	139.806	42.519	132.109
411.935	137.417	42.542	134.367
411.779	137.355	44.261	137.685
416.638	147.723	47.064	126.754
413.289	149.950	52.492	125.299
429.066	144.775	59.205	131.991
417.336	148.864	54.483	127.055
406.453	142.819	60.468	132.396
304.254	144.310	55.662	128.557
291.035	137.730	55.526	121.777
291.227	119.779	61.515	113.464
291.929	134.284	57.181	114.500
294.688	135.655	59.034	128.637
291.901	151.372	48.718	118.973
296.518	142.964	56.843	125.373
299.591	140.870	49.104	130.711
297.456	150.154	42.520	125.053
297.365	140.173	52.739	132.052
295.337	143.117	51.454	128.910
289.090	142.410	53.850	127.756
293.221	137.522	56.409	120.659
292.921	134.221	49.938	124.855
294.563	142.717	57.394	116.616
296.160	130.306	50.705	110.573
296.588	133.378	51.908	108.946
296.449	129.934	50.398	105.662
299.210	140.482	45.236	115.367
296.403	129.156	53.894	110.508
295.746	146.638	45.721	115.528
295.111	130.491	55.622	102.805
297.991	140.310	55.711	113.051
293.536	139.391	50.420	118.117
295.246	132.027	54.817	108.407
297.403	143.726	43.756	115.087
299.073	143.921	51.244	119.978
300.822	146.435	46.908	124.731
298.894	166.563	43.989	133.292
290.970	170.930	55.009	149.561
298.278	176.719	49.628	147.696
297.207	185.489	48.374	146.724
292.232	194.095	53.208	145.248
297.588	205.336	56.687	151.193
293.933	214.600	59.806	138.268
294.500	229.953	54.385	141.226
299.300	245.098	56.300	135.325
298.104	259.327	49.659	128.150
294.751	258.903	48.766	139.959
303.832	270.604	52.924	140.025
300.910	290.809	50.030	123.081
281.904	257.437	65.524	145.720
308.131	288.609	59.385	138.791
290.264	273.005	68.940	119.607
293.425	285.945	52.839	131.550
288.679	270.993	64.812	129.170
293.291	267.814	72.734	154.374
295.626	290.546	61.855	140.111
286.784	274.547	66.928	119.237
292.005	289.288	59.559	122.861
290.726	284.099	64.521	121.040
292.883	286.504	53.661	107.576
303.954	270.688	55.118	103.621
305.897	285.514	45.899	100.289
302.471	248.521	53.492	130.701
291.034	267.882	76.419	152.930
291.118	270.977	68.253	135.055
301.134	282.882	56.499	114.662
303.263	281.364	54.688	105.121
297.022	277.571	52.660	125.330
291.801	272.103	51.299	121.551
292.676	269.754	56.719	112.842
296.427	284.154	62.183	140.392
265.730	247.986	72.657	141.537
284.174	286.304	64.739	126.448
286.597	261.842	64.424	125.334
285.166	269.590	71.439	124.551
286.130	262.834	80.752	133.063
292.179	276.067	68.067	149.955
288.507	288.737	62.110	130.514
287.117	270.007	62.104	125.323
295.328	280.337	58.584	124.690
293.258	286.786	52.863	113.275
299.219	279.497	59.058	112.316
298.314	280.763	49.395	114.928
300.451	279.001	57.147	105.079
313.645	278.198	66.140	119.487
296.077	260.743	63.124	139.763
291.379	261.902	71.344	151.980
296.025	276.023	62.394	150.043
272.674	276.642	61.600	126.556
296.098	287.465	54.374	108.017
300.407	287.044	57.726	101.832
304.533	287.794	55.787	106.584
296.461	286.087	52.904	108.784
304.058	289.227	53.216	98.068
305.732	285.420	40.177	101.224
303.929	258.175	48.590	131.814
293.600	286.411	59.078	129.338
287.079	282.909	61.549	124.329
296.348	282.356	58.404	119.923
292.335	272.825	57.395	118.201
298.269	296.205	54.660	127.901
292.758	284.332	54.278	141.302
288.350	292.820	53.620	135.189
299.537	289.850	55.326	126.341
290.505	277.486	53.884	120.161
300.359	289.097	53.053	112.545
301.529	296.900	48.834	117.206
301.506	288.003	48.203	123.326
294.382	286.331	50.086	118.309
298.741	291.893	55.033	119.172
297.418	279.682	55.064	116.778
298.273	282.793	52.451	109.496
297.971	283.023	56.645	98.924
301.623	289.809	49.373	125.276
295.464	280.647	56.030	113.397
296.968	284.890	60.066	112.669
301.473	283.556	49.475	118.172
302.921	292.553	51.686	113.356
301.768	286.507	51.037	119.617
298.954	286.629	53.368	120.558
299.836	284.783	55.489	120.970
296.061	284.807	55.213	127.421
295.417	292.977	58.273	124.344
295.686	283.432	51.660	135.564
293.012	291.755	49.237	127.786
294.992	294.420	54.479	125.961
294.437	287.524	53.600	119.676
297.817	289.031	60.006	128.968
294.365	287.845	49.815	123.744
297.170	286.379	60.950	128.447
293.855	293.201	50.861	119.540
297.718	287.081	56.425	112.668
303.001	289.449	55.696	119.821
309.439	277.315	56.618	112.212
298.051	271.966	57.288	107.420
300.938	291.811	55.323	124.513
286.180	265.758	64.317	119.288
296.073	295.406	60.796	115.200
296.414	282.419	53.047	103.832
303.502	292.623	53.564	102.660
306.712	282.331	51.074	104.862
310.933	286.836	51.323	93.001
310.933	275.343	49.225	100.585
305.723	282.358	50.219	103.509
308.576	281.348	44.081	95.736
299.078	271.690	50.358	125.161
297.661	264.351	64.261	136.766
291.790	298.491	61.628	120.210
291.165	292.789	54.309	125.084
289.225	293.346	58.524	120.673
293.312	282.550	58.579	118.192
293.299	286.341	60.528	130.604
286.461	287.540	56.303	123.272
295.710	294.729	56.466	118.029
293.464	282.693	59.757	116.546
294.576	282.025	60.213	118.062
296.763	275.301	54.231	132.717
297.197	283.980	55.388	131.453
293.859	292.468	52.950	118.779
295.068	284.731	63.762	119.676
302.287	269.688	58.305	121.404
302.922	279.227	58.034	101.276
305.736	280.076	51.089	113.418
299.157	278.583	52.287	120.450
301.539	275.467	60.213	114.628
296.500	275.766	54.383	117.336
299.860	292.911	48.634	137.824
296.757	305.035	52.154	131.304
304.116	321.080	53.684	129.456
305.645	334.570	49.226	128.644
307.983	345.466	46.445	122.845
308.528	348.585	45.162	126.896
300.505	361.848	47.538	109.151
307.117	334.854	50.483	119.173
316.145	347.886	48.787	110.953
311.651	303.367	53.530	127.344
290.481	256.292	77.176	179.236
270.961	230.494	75.751	178.081
253.964	246.565	83.216	168.734
242.712	285.350	65.618	145.976
227.175	281.848	66.849	160.478
129.537	354.208	63.458	126.552
148.969	357.076	47.598	117.388
133.307	353.087	57.261	114.322
128.711	354.318	57.704	114.921
133.478	355.877	52.314	108.200
133.465	352.985	53.624	113.712
135.348	352.925	53.136	113.926
121.656	357.480	62.417	115.630
115.479	358.901	55.616	110.143
130.078	356.251	57.266	112.274
145.846	354.898	48.039	111.955
146.333	355.418	47.060	107.106
132.478	355.326	55.205	116.113
137.324	348.132	52.717	114.906
125.252	353.968	57.932	118.201
114.391	359.967	54.530	112.081
136.193	354.381	52.842	108.346
123.039	359.172	58.857	111.523
107.915	356.316	53.006	116.988
127.433	356.450	52.238	110.159
135.887	359.763	52.773	113.909
129.433	355.841	55.089	110.439
129.425	352.078	54.923	111.132
141.826	357.228	53.388	107.852
127.390	356.264	56.555	111.710
123.417	360.846	54.462	112.396
130.047	358.658	57.557	107.719
136.837	356.985	53.507	112.589
141.297	352.941	53.683	113.447
142.616	355.706	51.428	114.879
128.760	350.847	57.832	116.905
137.739	355.245	52.986	114.859
128.655	352.219	59.119	112.876
135.781	353.888	54.140	117.781
129.865	352.831	58.342	108.636
146.128	355.754	49.840	110.776
132.829	358.343	52.401	108.454
137.434	356.858	52.732	115.138
133.724	354.029	53.658	109.985
138.613	356.022	53.682	111.293
127.914	357.151	58.509	109.784
134.017	357.852	54.407	110.779
133.733	349.891	56.373	113.197
139.968	351.938	54.177	115.462
126.992	355.955	61.605	115.354
133.244	356.193	53.323	113.723
143.398	353.152	49.337	112.553
143.798	354.591	46.884	109.511
150.104	353.759	46.093	113.133
131.320	352.248	53.106	114.201
136.689	354.578	53.209	115.090
139.552	355.402	54.705	113.386
125.926	356.481	60.387	115.869
131.044	356.195	53.950	112.762
144.813	354.858	50.982	115.066
143.314	351.465	51.671	118.108
145.046	357.401	50.509	118.215
129.282	352.686	56.810	109.095
148.227	357.480	46.027	113.571
141.920	355.883	48.048	112.942
147.462	351.856	48.597	113.631
129.703	359.470	51.928	113.870
121.860	351.209	50.803	117.338
143.772	353.135	50.591	115.366
133.980	353.196	55.200	115.355
137.776	355.551	55.981	115.436
135.677	356.666	55.399	112.019
140.218	354.431	53.822	112.766
132.508	349.669	56.505	116.563
147.207	355.135	52.245	107.774
140.091	347.310	52.412	118.232
133.596	357.690	56.882	110.727
130.324	357.798	53.876	114.719
126.593	357.466	48.164	113.845
142.172	350.636	48.396	116.004
129.012	357.221	56.027	111.285
124.445	364.133	48.922	110.060
130.057	357.976	54.889	112.551
126.624	362.133	50.735	110.866
138.541	360.048	52.472	107.414
131.074	357.005	53.169	109.552
142.226	363.797	49.468	111.933
141.029	357.334	47.490	109.790
