95.000	307.000	26.000	27.000
82.858	305.525	24.196	27.772
72.383	305.787	23.778	30.037
67.274	304.277	24.030	30.038
67.712	297.733	23.659	29.434
71.247	295.821	24.351	30.462
78.302	299.955	23.665	33.431
86.198	301.726	24.184	31.481
93.655	301.871	23.353	29.435
104.997	307.811	25.340	30.333
116.079	314.084	25.416	33.126
126.682	317.413	24.411	31.271
135.442	314.108	24.114	30.858
141.370	308.455	25.440	29.720
147.763	305.580	25.115	28.410
150.255	307.083	23.490	31.405
152.616	307.407	24.214	29.564
155.223	304.685	23.280	32.044
160.410	301.828	21.853	29.530
163.174	305.311	23.116	31.311
163.347	302.837	26.403	33.603
166.844	297.062	26.346	35.939
172.008	294.868	28.206	37.419
179.632	297.614	26.460	36.500
181.894	297.863	23.488	35.428
184.655	297.474	22.109	36.400
187.888	295.031	25.697	35.778
192.606	291.709	26.353	35.805
199.398	289.773	26.157	34.296
203.053	290.262	27.091	34.741
209.693	289.470	28.777	39.647
216.548	290.619	28.300	36.716
212.233	287.896	30.417	39.358
190.025	283.228	25.090	37.979
195.241	289.138	21.859	36.701
196.395	296.080	22.187	34.513
196.403	299.216	22.743	33.157
196.266	299.888	22.932	32.671
198.925	296.042	21.571	33.755
204.833	288.574	22.696	36.316
210.793	283.474	23.059	34.382
215.841	280.931	23.258	32.277
219.162	280.911	23.019	34.565
216.850	281.912	21.862	34.727
212.168	283.453	23.024	35.338
202.465	284.435	23.412	31.727
201.753	285.873	23.125	32.598
184.728	289.914	32.269	38.974
186.850	307.520	27.994	36.127
189.233	307.439	29.401	35.706
162.462	288.896	25.953	32.987
152.092	287.838	27.597	35.704
147.512	285.016	28.926	34.585
146.812	284.821	27.128	35.692
144.987	282.729	27.632	33.505
139.842	278.074	27.937	35.914
133.294	277.810	24.747	35.507
119.698	276.039	24.953	33.558
95.154	282.566	30.400	37.031
91.139	285.743	28.379	37.608
84.795	292.079	28.362	37.084
78.352	296.606	27.776	38.198
74.927	294.984	28.920	41.795
78.498	293.172	27.597	38.826
84.723	287.046	27.897	36.641
107.341	280.034	24.107	31.145
111.928	282.518	24.433	30.584
114.193	283.310	24.644	30.376
114.318	286.625	23.560	31.546
106.653	287.226	24.906	34.242
99.552	285.079	26.070	35.829
86.116	290.064	26.363	33.341
43.446	287.482	24.763	32.092
32.630	288.427	23.625	37.461
20.430	293.737	23.837	35.466
9.388	303.465	24.130	35.564
10.643	309.688	23.897	40.555
12.997	317.639	25.110	37.271
18.057	319.419	25.510	35.138
22.211	320.662	24.866	30.482
16.477	320.695	24.373	30.985
8.718	322.430	28.302	31.197
0.476	326.844	24.555	32.539
0.877	332.263	25.652	38.257
15.596	327.824	27.764	32.612
62.220	339.863	27.430	33.571
52.754	340.719	31.159	30.902
52.634	340.389	31.712	30.428
54.967	340.491	32.611	30.280
60.186	340.391	33.286	30.868
63.682	338.660	32.846	31.004
65.081	335.715	30.512	30.157
68.481	331.481	26.052	29.660
74.576	326.128	24.123	29.303
79.631	323.131	25.401	29.285
86.438	320.509	24.939	28.842
129.139	309.246	23.780	29.477
130.518	307.484	28.798	28.984
130.018	304.999	28.078	30.048
104.631	311.262	30.372	34.572
101.688	306.958	33.898	35.832
108.329	304.888	35.365	36.309
105.286	303.973	33.888	35.077
107.225	301.341	30.652	35.585
129.048	291.536	28.912	37.674
126.879	295.461	32.256	35.715
136.439	292.428	30.846	36.683
139.644	292.453	31.893	37.409
144.219	292.343	32.831	36.287
148.360	292.858	34.212	36.407
156.237	293.023	31.252	37.169
159.651	292.991	32.693	40.907
165.181	293.743	32.893	44.614
167.941	297.315	37.466	44.023
175.229	297.648	36.750	43.718
184.827	301.344	34.136	40.599
192.079	300.187	32.535	39.324
201.232	296.707	34.810	39.103
209.395	292.596	32.317	41.362
213.321	289.482	34.414	41.431
218.173	290.923	31.671	38.957
219.748	288.610	30.433	40.163
219.627	286.140	32.695	41.622
222.216	286.641	31.211	42.970
224.277	286.790	30.552	43.466
226.788	288.037	32.059	43.627
229.702	286.999	31.791	46.793
232.356	290.878	32.001	44.534
234.019	291.928	33.809	44.107
233.872	290.941	33.131	44.869
234.794	290.638	32.085	42.203
235.613	289.803	32.723	41.414
235.918	286.940	32.845	40.125
234.108	283.895	33.799	40.301
230.909	283.112	34.336	38.667
224.010	283.438	35.855	38.712
221.084	283.181	35.888	39.971
221.153	283.392	33.880	36.762
219.754	283.035	36.933	37.661
221.101	284.479	36.986	39.356
231.987	288.498	31.025	37.398
229.471	286.657	34.404	36.855
222.872	283.201	38.481	41.971
229.010	294.553	36.136	35.478
210.346	285.589	28.788	32.370
210.240	285.635	24.540	30.065
210.818	285.112	25.348	29.230
212.171	279.658	25.870	31.799
213.096	274.723	25.887	33.334
213.821	271.864	26.032	32.394
210.730	266.638	27.462	34.584
208.909	265.049	28.174	32.867
206.442	263.516	27.305	32.579
202.515	262.719	27.196	32.988
198.919	261.369	29.600	35.951
199.601	264.272	26.369	36.434
201.805	266.422	25.239	34.637
203.264	270.390	29.503	31.000
156.785	274.186	27.640	30.070
156.603	274.451	28.631	30.752
157.481	273.514	28.431	32.110
155.027	273.034	27.633	30.303
152.766	272.687	28.028	31.460
170.320	274.994	35.103	36.498
196.699	266.299	29.294	34.320
198.153	264.316	27.376	36.137
201.639	263.747	36.257	34.962
202.443	261.665	40.831	40.019
225.182	259.580	30.324	38.557
185.437	275.171	35.947	37.723
186.371	270.125	39.916	41.435
185.320	276.584	35.273	38.172
189.769	270.219	34.724	44.317
191.202	274.121	35.041	40.063
195.618	272.058	34.167	41.275
197.947	272.425	36.191	39.436
203.124	271.997	35.497	38.981
205.894	271.892	35.247	39.325
207.381	271.115	35.647	39.629
208.704	269.164	35.591	41.646
235.825	261.092	35.286	42.533
210.049	266.318	35.708	43.853
210.032	264.687	34.094	43.895
208.695	262.811	34.374	44.377
208.987	261.804	37.203	43.643
209.313	261.934	35.939	42.467
213.103	261.728	34.249	42.075
220.488	261.234	34.389	43.212
224.723	260.929	39.807	47.013
230.737	259.017	42.718	47.019
243.896	250.069	43.560	44.589
249.363	250.994	41.358	41.129
256.817	249.560	37.355	41.787
261.047	246.200	35.050	44.626
259.795	242.188	30.863	41.885
251.864	241.309	33.071	38.545
250.209	240.107	31.844	40.667
247.469	238.851	31.770	40.912
240.333	240.343	31.422	33.392
244.203	245.325	29.160	29.941
228.938	249.247	30.089	31.714
214.271	251.312	26.206	34.979
203.585	250.294	37.376	33.706
185.987	254.657	26.227	35.049
171.717	255.572	28.666	40.738
143.932	261.266	34.758	41.565
129.688	260.893	31.188	46.223
107.623	262.655	34.042	48.497
97.193	261.264	33.119	49.408
88.334	267.256	35.118	51.889
74.145	276.613	37.431	49.569
74.601	283.548	34.497	46.847
10.066	292.394	25.570	38.666
2.065	296.313	25.689	39.601
0.162	299.042	21.018	38.773
0.000	301.899	18.171	34.317
10.742	306.922	25.035	35.754
10.317	312.864	36.898	50.655
0.170	307.236	42.785	62.790
1.058	304.091	40.857	68.590
0.844	305.596	43.462	68.661
2.858	316.679	45.865	65.556
1.977	327.247	48.750	66.547
3.638	333.728	46.199	64.806
1.153	335.822	43.741	65.340
0.000	338.696	37.174	63.586
0.288	340.657	41.129	59.915
32.768	336.096	43.387	51.197
48.241	336.114	37.320	45.303
57.998	339.225	35.527	40.996
63.804	338.642	38.507	42.297
66.444	336.211	39.227	44.642
68.703	333.588	38.822	44.881
70.473	332.479	39.283	44.583
74.453	332.260	38.721	45.173
79.686	334.047	35.759	43.685
87.990	336.508	37.321	43.657
93.240	338.002	38.274	44.922
93.484	340.788	40.700	45.769
99.608	341.528	39.695	44.441
104.991	343.886	41.206	44.868
112.926	343.733	39.635	44.882
120.364	345.208	41.447	43.562
115.455	344.213	40.225	44.051
113.294	341.109	44.209	45.492
122.476	340.229	43.868	45.874
139.380	334.863	52.010	53.203
144.886	334.083	60.265	60.831
225.479	335.323	44.669	57.619
240.060	333.720	42.001	52.801
247.431	333.399	44.855	49.694
251.267	336.904	46.027	47.924
259.744	339.433	42.579	47.308
271.142	338.157	41.128	48.754
244.754	327.621	39.092	41.141
262.229	323.858	30.471	36.852
242.873	314.505	36.241	32.550
263.431	308.997	39.248	33.606
286.770	306.321	39.694	33.173
300.260	299.737	42.660	33.611
283.871	309.924	51.054	47.464
260.401	320.668	44.969	51.106
239.891	306.068	36.635	40.944
232.100	304.038	40.287	38.949
234.280	302.771	34.738	38.149
226.706	301.533	37.305	38.852
234.491	299.175	36.851	40.601
228.211	294.711	39.964	39.820
231.744	289.498	38.238	41.414
