532.000	196.000	34.000	93.000
529.999	196.794	34.578	90.173
526.754	196.517	35.861	91.443
525.412	196.583	36.265	90.725
525.540	196.552	34.863	89.413
529.011	196.930	32.131	89.686
531.612	196.809	29.868	91.790
531.363	195.884	30.746	93.039
529.954	195.648	31.139	93.641
528.449	197.082	31.878	91.920
525.358	196.974	35.413	92.749
522.224	197.665	33.661	89.020
521.613	196.409	34.649	87.419
521.215	197.533	35.224	84.507
520.016	197.674	35.557	84.766
518.243	197.072	34.987	85.841
505.800	196.202	34.679	84.643
491.744	196.674	33.977	82.471
469.362	196.030	35.664	82.275
452.211	197.228	35.252	82.731
428.004	196.542	34.647	81.054
412.090	196.547	31.359	77.801
396.125	196.535	28.058	78.421
376.428	196.055	28.816	79.719
359.116	196.341	28.303	82.352
339.655	197.899	28.053	75.154
337.362	200.680	28.651	73.950
336.263	201.295	29.664	70.784
336.448	200.743	29.094	72.294
335.036	200.803	29.888	71.945
335.432	200.939	29.198	69.606
335.717	199.971	28.945	71.627
336.037	200.196	28.375	70.535
335.785	199.782	28.462	70.295
335.845	199.872	28.438	70.482
336.518	199.777	27.657	71.215
335.894	200.167	28.158	71.365
334.803	200.291	28.859	70.330
333.803	200.227	28.958	72.608
333.820	200.420	28.877	73.083
334.166	200.524	28.038	72.767
334.433	200.475	28.390	72.298
335.047	200.733	27.988	72.705
335.357	200.661	27.494	72.312
335.865	200.771	27.382	71.973
335.994	200.906	27.056	69.882
336.224	200.984	27.163	71.064
336.722	201.071	26.925	69.722
336.752	200.570	27.288	71.892
336.477	201.099	27.204	70.716
336.921	200.600	27.865	69.798
337.017	200.905	29.006	69.824
338.059	201.318	29.428	69.916
338.741	200.942	30.300	70.415
339.465	201.196	30.644	70.923
339.564	201.186	30.669	69.938
340.538	201.124	29.851	70.874
340.523	200.953	29.592	69.925
340.189	200.642	30.192	71.759
339.912	200.974	30.443	70.598
339.944	200.746	30.033	70.010
339.461	200.999	29.989	69.578
338.155	200.451	29.273	70.146
336.697	200.403	28.834	69.827
333.382	200.582	29.823	70.143
329.001	200.944	29.801	71.350
322.484	202.624	30.100	68.639
316.744	202.507	29.547	67.638
312.786	200.633	30.166	68.176
310.173	200.557	31.075	68.307
309.228	200.307	30.663	68.692
308.040	200.620	30.036	68.593
307.440	200.916	29.523	66.867
306.276	200.909	29.189	66.144
308.079	201.309	28.146	66.155
306.448	201.304	29.034	66.757
305.945	201.623	29.791	66.368
305.426	201.705	30.202	65.194
305.788	201.659	29.336	65.992
306.045	201.500	28.372	65.773
304.940	201.816	29.104	65.427
303.885	201.696	30.192	64.639
303.693	201.383	30.359	65.017
304.061	201.371	30.467	65.332
304.480	201.643	29.797	64.453
304.445	201.578	29.632	64.328
305.227	201.727	29.774	64.576
307.446	201.675	30.068	66.472
309.647	201.727	29.396	65.548
313.260	201.832	29.789	66.820
318.415	202.429	28.949	68.126
324.241	202.601	29.763	70.413
330.002	201.293	31.100	76.295
336.139	201.322	31.448	75.247
340.496	202.026	30.714	76.196
342.883	202.977	31.117	74.508
347.150	202.512	31.806	76.417
352.957	201.411	31.989	80.108
357.107	201.489	32.180	82.742
361.268	202.156	35.674	81.205
366.091	202.655	34.563	78.729
372.782	202.223	32.899	79.291
377.935	201.505	31.110	86.475
381.154	200.441	32.300	88.377
384.026	201.497	31.970	86.699
386.817	201.452	30.122	88.188
387.423	199.871	29.600	90.328
389.337	199.996	28.807	89.779
390.298	199.498	30.051	90.576
391.422	199.537	30.934	90.987
391.592	199.387	33.513	91.577
392.539	200.040	31.965	90.781
392.127	199.827	33.021	90.793
392.036	200.109	31.287	90.538
391.760	199.510	31.164	91.455
391.796	199.999	31.715	90.434
391.718	199.999	31.235	90.465
391.842	199.876	31.231	91.089
392.237	199.795	31.840	91.420
392.846	199.378	31.246	91.961
393.164	199.868	31.175	91.597
393.097	199.623	32.117	91.590
393.683	200.068	31.128	91.297
393.631	199.574	31.299	92.109
393.680	199.936	31.548	91.338
394.124	200.476	30.634	90.455
394.174	200.010	30.237	90.612
394.375	200.171	29.829	90.513
394.294	199.985	31.283	90.849
394.401	200.038	30.653	90.615
394.283	199.564	31.271	91.244
394.727	200.120	31.313	90.376
394.842	200.643	31.067	89.548
395.011	199.888	31.130	90.455
395.087	199.846	30.618	90.276
395.174	200.179	30.084	89.909
395.446	200.227	30.254	89.990
395.546	200.339	30.476	89.380
396.051	199.596	29.375	89.873
396.023	199.645	29.826	89.872
396.037	200.460	28.740	89.499
395.598	200.453	29.262	89.220
394.633	201.123	28.628	89.137
392.913	200.589	27.616	90.010
391.200	200.405	28.000	90.533
390.345	200.498	27.557	89.325
389.555	200.140	25.726	91.130
388.790	201.207	26.284	88.339
388.574	201.887	26.124	88.706
388.015	201.535	28.475	89.008
387.197	200.724	29.172	89.267
386.992	200.081	28.428	89.942
387.201	200.572	27.724	89.317
386.526	200.695	27.292	90.985
385.177	201.493	29.052	89.273
383.146	202.123	28.070	89.449
380.913	202.398	28.953	89.818
378.787	202.086	32.020	90.990
376.604	202.233	32.146	91.043
374.915	201.338	31.723	92.073
373.779	202.596	31.749	89.927
372.795	203.521	31.853	88.516
372.076	203.458	31.842	90.442
372.542	202.462	33.729	91.298
371.718	203.405	32.290	90.290
371.312	202.460	33.353	92.386
370.989	202.621	33.080	92.455
369.890	202.603	32.378	92.852
368.989	202.975	32.879	92.448
367.056	205.369	31.862	89.799
364.788	208.323	31.399	87.455
362.086	211.327	31.521	86.036
361.247	210.863	34.063	89.026
361.132	210.472	35.224	90.578
359.330	211.475	34.427	90.028
359.251	214.531	34.555	85.505
358.779	217.562	35.117	82.639
358.728	219.195	35.441	82.171
358.728	217.488	38.429	82.469
358.921	218.490	44.834	80.393
358.273	217.141	46.292	80.860
357.028	218.261	47.651	81.856
354.933	220.673	49.168	79.127
352.806	224.713	51.070	76.540
352.220	225.722	50.332	76.054
350.109	225.876	45.728	74.068
349.285	225.253	47.309	77.597
348.130	227.197	35.975	72.839
349.609	230.340	32.635	67.597
350.543	233.208	30.359	67.574
350.631	233.754	29.901	65.876
350.165	233.161	30.248	67.042
349.592	233.209	31.620	65.488
348.236	234.739	32.525	64.939
346.429	237.363	32.782	64.789
344.169	240.739	32.245	66.008
343.812	241.061	28.752	64.004
343.864	240.488	27.171	63.195
342.095	239.958	28.076	62.344
341.240	239.424	28.132	65.608
340.397	239.542	27.581	63.442
339.997	239.470	29.446	63.410
339.318	239.693	28.463	63.149
338.684	240.100	28.696	66.127
338.702	240.038	28.966	67.597
338.358	239.926	29.116	68.095
338.292	240.019	29.043	68.242
337.853	240.043	29.405	67.784
338.714	239.597	29.145	67.158
340.027	239.834	28.708	66.102
338.977	239.398	28.022	68.518
337.904	239.834	30.127	65.326
339.699	239.365	28.751	66.135
340.703	239.372	28.296	64.276
341.355	239.229	26.800	66.636
340.807	239.565	27.616	66.657
340.832	239.798	27.514	66.465
340.606	239.866	27.339	67.528
339.982	239.868	28.287	66.077
340.136	239.752	28.360	67.983
339.760	240.064	28.154	70.223
338.809	239.640	29.473	71.606
337.881	240.149	30.902	70.234
337.113	240.029	30.878	69.680
337.523	240.551	30.408	71.185
337.086	241.233	29.477	70.678
337.281	239.736	29.888	73.076
337.214	240.091	30.496	73.970
336.871	240.139	30.554	74.234
336.892	240.258	30.640	75.102
337.009	240.415	30.521	78.235
336.343	240.539	31.074	77.424
336.142	240.593	31.206	76.953
336.143	240.085	29.726	75.519
336.857	239.378	29.364	78.507
335.519	240.004	31.351	78.541
336.972	239.990	30.974	76.932
335.796	240.241	31.725	76.890
335.846	240.905	30.642	75.631
335.592	240.224	31.506	75.370
335.825	240.542	31.381	75.563
335.996	240.849	31.141	74.910
335.327	241.035	31.271	74.768
335.242	240.015	32.381	76.805
335.623	240.690	31.990	74.173
336.669	240.430	31.238	75.010
337.276	240.611	31.554	74.694
339.624	241.947	30.612	72.580
340.214	246.127	32.554	71.486
341.873	247.514	32.527	69.832
347.560	247.696	31.977	68.147
350.717	247.208	32.059	67.907
352.717	246.588	34.116	69.959
354.882	247.023	33.687	69.898
355.729	247.399	33.071	70.463
355.089	247.583	33.770	75.832
355.648	247.384	28.905	72.023
355.465	248.099	26.702	70.512
356.953	247.638	29.917	72.997
359.546	248.459	30.541	72.255
361.304	248.912	31.590	73.126
364.609	249.043	32.456	73.672
366.417	249.045	33.142	72.320
367.416	248.709	33.903	86.100
368.536	247.679	33.248	85.294
370.189	248.152	34.197	78.004
369.596	248.353	32.144	75.391
368.902	249.149	32.068	79.240
368.719	249.360	31.896	79.710
368.170	251.464	33.042	81.841
368.129	255.146	31.675	81.665
369.361	255.832	33.289	90.198
368.388	256.438	32.442	91.000
369.065	254.660	31.170	96.246
369.016	255.692	32.523	94.474
369.395	255.294	35.714	97.241
370.792	256.100	36.503	98.361
373.545	255.977	37.785	100.548
373.528	256.229	39.968	100.706
375.951	256.359	40.299	100.813
380.181	257.061	37.943	99.983
382.707	255.694	35.650	102.707
384.086	255.538	35.708	105.761
383.997	255.672	36.703	105.118
384.186	256.094	36.311	104.834
384.901	256.070	36.185	105.660
384.787	256.455	36.720	105.209
384.636	256.336	36.471	105.173
383.663	258.605	36.078	102.652
383.272	260.751	34.705	102.886
381.531	262.634	35.547	100.913
380.905	263.728	35.622	100.442
380.436	263.429	35.415	100.561
380.248	262.587	35.979	101.658
379.495	262.470	35.977	101.976
378.983	261.977	35.776	103.017
378.555	262.275	35.191	101.357
379.692	262.527	36.677	102.547
380.881	263.846	35.127	101.563
382.206	267.785	33.932	99.165
382.856	270.891	34.816	94.916
384.124	271.613	35.580	94.313
385.669	271.774	35.515	94.966
385.729	272.222	35.852	94.430
386.133	273.208	35.108	92.890
385.851	276.401	35.180	87.684
384.502	280.198	36.494	84.139
383.040	281.128	37.552	83.701
382.939	281.495	37.093	83.401
383.498	280.674	37.094	88.641
382.928	281.343	37.159	88.650
382.973	280.958	37.369	89.601
383.989	282.864	38.043	85.942
385.620	285.664	37.506	85.341
388.426	288.212	35.156	82.307
391.590	289.645	34.752	80.420
392.312	289.268	34.040	80.799
393.022	290.045	38.851	81.088
391.088	292.035	36.102	79.808
390.487	292.356	36.149	77.403
389.373	291.426	35.750	78.722
389.422	292.034	34.847	76.383
390.540	292.065	32.900	76.132
391.898	290.127	31.315	78.549
389.340	283.402	32.861	85.128
389.442	277.927	35.593	87.882
390.126	289.627	33.173	76.895
390.185	289.913	33.494	76.870
390.769	289.976	35.074	78.018
391.860	290.222	33.319	77.148
393.190	291.276	31.693	75.232
393.588	292.955	32.202	74.011
393.786	291.806	32.816	75.499
394.025	290.485	33.477	78.005
393.925	290.680	33.179	77.952
393.089	290.196	32.877	78.761
391.184	290.814	33.438	77.962
388.746	291.550	34.097	77.190
386.746	291.724	34.172	77.198
384.565	291.787	35.961	77.383
384.034	291.550	34.850	77.347
383.108	291.670	35.290	77.174
382.284	291.198	35.721	79.767
381.300	292.081	35.714	77.989
380.850	292.279	36.250	77.753
380.452	293.379	37.604	77.814
380.415	296.168	36.042	76.647
380.123	297.476	38.166	76.797
379.620	298.231	37.956	76.101
379.449	297.066	40.121	76.545
379.434	294.548	38.173	80.073
379.833	294.251	40.750	81.197
379.912	295.935	36.907	80.186
377.911	302.612	36.217	72.205
372.228	303.876	41.001	73.826
370.751	310.447	39.772	68.494
371.583	310.580	37.781	67.941
372.386	310.801	36.158	66.558
372.587	311.400	35.693	67.413
372.771	313.171	35.682	67.030
373.126	317.367	34.471	65.487
372.978	319.683	33.913	62.575
373.088	319.295	33.659	62.643
373.837	319.366	33.879	63.750
374.213	319.268	33.906	63.545
374.074	319.358	33.925	64.565
373.366	319.786	33.206	64.421
370.913	320.209	35.243	63.762
369.077	323.168	35.621	62.729
365.633	330.557	34.205	55.226
363.702	330.604	35.158	57.178
362.498	334.289	35.848	61.671
362.123	332.212	34.488	61.963
361.059	331.598	35.062	66.071
361.709	335.259	33.865	63.136
361.216	338.712	30.896	61.134
361.714	339.420	27.932	59.905
360.639	340.860	29.169	58.800
359.943	340.598	30.428	56.889
359.764	340.394	28.487	56.860
358.626	341.010	27.781	56.738
355.720	341.805	27.191	54.316
348.754	340.821	32.357	51.796
339.177	330.117	35.213	60.464
314.323	320.324	46.093	70.760
304.375	322.385	41.568	75.546
291.702	327.371	37.228	68.724
293.264	329.467	36.966	70.625
296.328	329.384	35.342	70.817
295.409	325.957	32.759	71.902
292.997	319.047	36.545	76.379
295.195	327.244	33.066	68.909
293.635	323.832	33.453	77.466
292.498	320.809	33.942	73.143
318.047	302.646	36.327	76.966
294.216	294.679	31.183	78.834
296.699	291.401	35.392	73.939
302.236	262.484	38.699	81.813
321.012	253.494	34.229	84.576
301.252	252.955	34.348	84.430
309.425	235.394	36.650	83.005
296.258	229.001	32.094	98.304
304.213	292.670	32.722	108.762
302.613	288.624	35.757	103.672
300.164	269.686	37.446	108.666
302.474	264.885	36.742	110.732
297.502	247.322	38.843	117.092
293.667	226.635	37.461	132.012
287.822	222.311	38.841	120.892
283.927	218.508	40.685	113.392
282.354	214.785	42.985	108.703
282.757	199.002	38.460	113.559
282.232	189.663	35.393	114.448
281.838	178.618	34.670	116.537
281.824	181.323	37.195	108.008
282.104	180.171	39.984	108.846
283.687	181.184	41.933	108.126
283.255	178.784	47.497	110.683
295.877	175.876	42.893	114.047
307.178	176.869	45.546	112.841
308.882	182.268	51.686	105.680
314.202	183.894	48.053	104.121
321.304	185.041	45.389	104.063
331.271	177.498	41.735	110.389
336.405	175.144	41.694	120.734
340.978	179.350	42.872	119.751
347.721	179.125	39.268	109.997
349.253	181.443	39.728	110.266
356.325	179.105	45.530	109.231
363.141	178.330	46.139	118.675
367.403	180.620	48.120	121.889
371.280	183.519	50.484	118.721
379.112	186.144	42.809	119.147
379.026	182.484	40.228	124.527
366.915	184.594	42.810	125.898
356.764	185.889	50.474	126.030
338.374	187.047	45.815	121.715
326.867	190.374	38.072	122.591
313.132	189.901	37.931	120.802
299.461	191.161	43.169	127.386
278.298	193.280	43.497	121.657
270.010	196.555	42.757	121.431
255.979	196.571	39.724	129.211
242.969	197.178	38.436	126.180
228.226	198.728	39.825	127.462
213.025	200.453	38.864	126.648
198.751	204.673	38.005	123.101
181.960	205.343	37.784	127.762
166.017	204.783	37.767	128.374
150.102	207.003	37.544	126.580
133.723	208.163	33.980	129.042
115.802	212.150	32.997	128.778
112.075	218.389	37.411	128.740
110.284	218.970	36.615	130.437
108.796	217.655	36.782	131.091
108.702	220.122	36.304	129.048
108.547	221.405	35.285	131.794
108.737	223.023	36.545	136.844
108.298	223.868	37.460	134.385
108.054	223.124	38.114	136.460
106.706	226.175	40.339	133.652
106.211	227.684	41.760	137.874
104.436	230.300	42.071	133.467
103.412	230.701	40.482	137.526
101.751	231.616	40.955	135.049
100.516	232.759	41.432	133.364
99.839	233.135	41.470	138.452
97.675	235.829	41.249	133.236
96.955	238.960	43.786	131.471
96.788	239.337	44.550	130.398
96.291	240.306	48.129	129.446
98.079	241.641	47.410	134.141
99.043	242.867	46.383	134.629
97.282	244.381	47.693	136.251
95.126	242.750	46.772	137.488
94.730	242.921	47.580	137.461
95.044	242.011	46.200	139.825
95.353	244.660	46.486	137.773
95.667	246.097	45.893	138.443
94.620	249.514	48.858	136.382
96.231	252.797	48.988	142.347
95.601	251.629	49.673	143.380
95.568	252.253	50.809	140.933
96.834	254.772	49.856	137.658
97.298	258.325	46.533	138.742
96.987	258.894	47.852	140.750
91.126	258.806	45.178	138.418
90.739	255.471	47.787	140.936
91.296	255.176	45.047	141.026
90.343	255.792	42.382	141.552
89.544	257.732	42.169	139.290
88.332	260.876	43.715	139.044
87.414	260.877	43.497	143.179
88.400	257.359	51.492	149.620
89.638	256.134	52.349	149.517
89.947	257.552	54.376	150.293
90.168	259.744	51.873	149.873
90.085	261.399	52.289	148.827
88.627	262.115	48.260	149.325
88.343	262.063	49.953	151.059
87.946	261.793	50.403	151.468
86.638	262.132	50.019	156.237
86.658	263.524	50.654	154.568
86.590	266.863	52.514	153.052
90.158	268.468	53.431	150.580
94.226	268.998	52.943	156.927
99.179	269.350	52.282	154.817
104.864	269.855	54.096	156.714
108.055	271.398	55.268	153.505
112.283	273.043	52.110	153.591
113.146	275.676	53.916	159.186
113.505	277.174	56.498	160.514
116.744	277.818	57.574	159.542
121.877	277.846	57.406	155.550
126.936	277.937	54.944	157.876
130.238	278.758	54.047	159.829
132.233	282.489	55.378	154.592
133.776	284.360	56.159	153.541
135.543	282.701	53.072	152.441
135.592	282.214	52.747	153.562
135.381	282.523	52.737	155.696
130.873	282.841	53.754	165.477
127.374	285.079	52.408	162.054
122.835	286.918	51.409	161.981
120.506	287.508	54.078	160.297
111.662	286.924	50.157	168.855
107.935	286.997	51.478	162.770
105.204	271.902	52.875	173.782
102.425	267.606	55.042	161.852
102.674	252.933	55.658	174.976
102.230	238.377	55.282	178.813
101.623	232.010	54.955	174.096
97.288	225.665	56.893	174.865
91.417	217.060	63.735	179.019
87.071	207.077	63.309	183.327
81.482	202.207	62.676	188.022
80.531	193.480	59.386	182.503
79.336	181.834	55.967	180.508
80.123	171.187	57.866	186.051
78.249	164.694	56.068	178.689
78.802	151.366	56.106	182.637
80.611	136.419	58.532	187.353
80.998	121.998	56.033	189.876
78.558	113.302	61.694	184.878
70.813	105.333	71.708	184.473
71.043	106.674	72.192	188.093
72.104	106.529	68.106	189.049
72.304	106.050	67.291	189.841
72.482	106.050	67.176	190.291
73.276	105.622	66.194	191.954
72.325	106.444	71.344	191.503
75.474	108.109	70.563	186.567
74.491	107.522	74.174	188.256
76.549	107.224	70.835	188.666
78.086	108.619	69.912	187.022
84.999	107.037	65.235	190.994
82.212	106.077	68.813	192.418
81.792	106.043	69.176	191.232
82.981	106.330	69.015	190.366
76.330	105.497	75.930	189.722
73.066	107.935	78.442	185.757
71.901	106.311	76.559	189.970
69.788	107.049	76.248	188.076
68.137	110.090	76.697	185.370
64.391	110.192	73.609	185.057
60.020	111.830	66.877	182.387
56.477	110.866	67.873	183.942
54.912	115.671	66.647	177.888
43.367	117.661	70.922	178.883
35.302	115.878	83.148	186.377
26.340	119.763	89.135	190.859
26.317	120.278	84.113	191.117
30.775	119.754	76.728	192.227
43.406	123.290	75.764	188.301
55.422	119.267	76.902	190.373
67.756	121.044	77.424	191.678
79.879	125.855	81.940	193.764
95.648	128.150	78.764	191.776
115.770	126.631	81.599	192.380
133.932	128.444	78.896	190.859
153.029	131.932	77.547	188.607
164.831	132.755	81.320	191.969
191.106	131.103	86.091	200.308
210.087	132.334	82.373	197.371
235.877	129.627	71.209	199.577
245.418	129.783	68.393	198.545
250.419	131.909	69.444	201.984
254.759	135.218	71.607	201.445
259.922	137.426	71.809	203.971
267.317	137.091	69.002	205.791
274.152	139.030	70.280	203.644
276.764	138.726	71.168	203.556
281.440	140.696	78.577	202.427
282.909	146.229	94.048	199.879
285.259	149.032	94.030	201.604
297.753	149.232	84.251	205.989
304.605	146.618	84.011	209.828
318.325	146.405	78.564	208.838
329.203	150.957	78.373	212.798
333.340	153.487	82.293	214.724
333.350	158.842	87.376	213.197
343.609	160.400	79.813	212.982
350.530	160.845	75.535	213.406
357.745	161.001	72.035	214.209
362.327	165.408	75.086	212.178
368.255	168.503	75.310	215.014
372.763	173.158	74.760	220.464
377.036	173.382	77.156	223.498
381.778	171.349	78.551	227.018
386.335	172.220	78.528	225.732
387.146	175.872	80.999	229.047
388.808	182.243	78.828	231.176
385.609	186.840	81.876	235.206
383.625	190.794	79.563	233.214
385.057	191.625	78.819	233.142
384.489	198.114	79.800	226.993
388.225	200.374	80.246	235.597
396.704	206.145	78.085	240.194
400.738	208.327	81.758	240.544
406.602	209.627	82.728	239.492
416.024	210.482	82.309	241.188
421.362	215.221	81.854	245.514
424.517	217.544	82.941	249.685
429.985	220.863	77.858	249.972
432.298	220.774	76.480	248.295
437.224	225.280	75.591	245.994
440.696	227.594	74.707	243.981
446.903	232.177	77.193	240.563
451.589	235.967	82.011	237.025
457.179	236.994	82.635	235.894
463.352	238.975	84.311	231.934
471.223	241.242	79.061	229.297
473.345	242.435	86.599	231.607
475.336	244.391	89.914	225.335
477.365	246.449	86.408	222.108
477.822	249.223	87.447	222.146
479.192	250.714	81.439	219.581
478.370	249.362	86.310	222.654
482.370	250.655	80.817	218.462
486.336	249.839	79.285	226.755
489.216	254.073	81.357	220.963
496.925	253.942	77.919	219.874
501.804	256.099	78.193	216.765
509.119	258.601	79.187	216.480
521.990	260.376	74.794	218.700
509.003	259.031	86.236	219.128
508.231	264.360	77.464	211.908
494.487	265.314	78.472	213.222
485.118	273.652	73.357	204.631
475.990	274.122	74.165	197.780
462.755	276.542	78.751	194.222
452.851	274.815	76.088	197.462
440.186	276.003	78.826	196.251
428.237	278.042	81.881	192.026
416.643	285.483	85.597	179.489
399.347	285.849	84.929	177.161
383.443	286.765	88.582	176.741
365.128	289.609	88.967	175.941
346.199	294.442	86.430	170.013
321.413	298.995	83.721	172.369
301.330	303.954	87.412	169.664
290.436	304.486	86.652	170.061
283.567	306.675	87.592	168.855
280.303	308.031	87.152	167.926
272.142	310.850	90.143	165.851
264.079	320.006	89.485	156.810
255.677	324.933	90.114	152.486
247.364	326.297	91.856	148.675
241.369	330.911	92.660	145.142
234.317	337.013	92.963	140.219
227.945	339.609	89.462	137.486
215.258	344.104	90.197	134.031
201.204	337.923	91.530	140.894
189.949	326.835	91.080	151.497
185.433	323.966	89.311	153.067
181.071	316.065	87.228	160.811
175.866	312.252	87.217	163.378
172.552	307.393	88.075	168.851
170.271	297.562	88.246	180.493
167.325	288.115	92.180	190.482
165.192	282.129	93.281	195.900
162.927	276.200	95.174	201.386
159.673	271.774	98.610	205.156
156.301	267.418	99.426	209.505
150.453	261.383	102.260	215.180
147.787	256.605	100.857	221.433
144.470	251.508	102.278	228.129
142.355	245.828	105.698	232.414
143.964	241.419	105.519	235.579
145.808	235.587	104.684	240.522
151.885	227.380	102.289	249.759
153.167	221.343	109.391	255.343
157.954	215.837	113.410	258.663
158.841	208.865	118.153	264.387
157.845	204.077	120.594	269.444
158.301	197.379	118.004	277.601
157.638	191.903	116.723	283.881
157.662	185.346	113.078	290.490
157.108	180.486	111.389	293.753
157.534	173.256	113.493	303.319
157.647	162.873	114.661	310.982
148.851	154.658	126.387	319.376
131.293	154.160	141.935	320.530
119.550	150.721	147.331	324.556
112.176	147.964	143.467	326.468
97.830	140.637	145.948	335.590
87.088	137.383	124.501	334.670
77.609	133.460	122.039	342.855
80.698	140.465	118.699	337.582
78.725	147.878	118.442	329.792
77.454	158.677	120.912	316.546
79.291	166.413	121.243	307.951
80.246	169.524	127.429	306.949
83.705	175.739	135.666	299.720
85.650	185.594	138.387	292.396
88.697	198.999	135.863	282.001
89.431	207.888	129.565	272.705
88.919	213.237	128.485	267.210
94.288	221.510	123.371	259.490
100.090	231.477	121.768	249.523
109.511	248.492	124.724	232.508
118.417	262.220	129.331	218.515
136.837	277.337	132.309	199.603
161.287	290.846	133.380	189.236
167.822	291.154	148.194	189.846
175.910	280.381	152.688	198.443
180.037	274.035	159.764	203.855
183.987	273.066	161.723	204.996
183.021	274.139	160.545	205.620
181.941	271.650	152.328	207.956
182.764	267.265	139.950	211.377
184.067	266.385	131.120	209.988
187.241	265.526	126.635	210.994
193.348	264.452	131.090	212.512
201.461	266.687	135.565	209.803
213.231	265.005	133.403	213.385
222.841	261.606	138.018	216.675
230.068	257.400	143.932	221.243
234.332	254.802	148.352	224.315
241.086	257.349	144.114	220.768
244.024	265.556	140.526	211.595
246.713	280.074	138.550	199.106
247.191	288.934	136.234	190.482
249.407	292.648	135.229	186.259
249.544	291.608	139.883	185.685
254.497	287.154	131.538	189.541
254.225	281.572	132.764	195.622
254.415	274.927	139.678	202.367
253.864	268.389	152.653	209.154
255.717	266.543	155.739	210.998
261.128	266.652	153.283	209.493
