169.000	209.000	35.000	95.000
167.090	212.202	38.281	90.545
166.775	211.072	36.960	93.113
165.932	210.225	35.429	92.725
165.480	210.811	34.842	91.757
163.306	207.545	35.889	95.741
164.108	210.642	35.798	93.260
163.668	212.565	35.775	91.620
163.970	211.974	36.211	92.153
164.022	210.821	35.757	92.969
164.236	208.951	35.312	94.810
165.989	211.792	35.336	91.305
166.917	210.167	34.288	92.477
166.468	210.214	36.217	92.848
167.090	210.030	35.949	93.123
166.240	209.879	35.603	92.756
165.795	210.953	35.804	92.032
165.328	209.854	36.520	91.093
163.661	211.966	38.050	90.885
163.345	212.143	36.914	90.869
161.415	212.996	37.481	90.508
160.171	211.752	36.498	91.377
156.582	211.682	36.963	92.555
155.559	211.769	38.856	93.291
153.413	210.306	38.553	94.191
152.161	211.401	36.920	93.499
150.955	211.351	32.897	92.609
150.289	209.890	31.797	96.694
148.892	210.300	31.779	95.509
147.359	206.754	32.222	95.675
149.768	205.192	32.313	100.091
146.107	200.928	31.453	101.593
140.837	202.089	36.555	105.647
121.019	217.797	39.746	91.407
113.152	217.935	40.265	90.941
110.321	218.682	41.389	91.326
118.340	215.275	43.625	93.738
115.004	218.014	42.101	94.482
113.945	218.072	38.444	89.580
116.677	217.044	43.848	89.943
112.154	217.501	39.651	92.915
101.603	219.303	39.498	85.852
97.902	217.496	35.751	83.795
94.306	214.290	33.173	90.163
91.203	212.466	32.182	96.597
88.616	203.103	36.937	107.210
91.301	194.139	42.452	115.763
110.570	197.405	48.254	107.603
123.722	195.393	42.751	107.410
139.904	194.129	42.603	112.003
151.602	199.287	39.046	104.661
164.379	199.277	40.601	103.859
178.761	199.859	43.386	102.039
193.880	198.231	40.655	105.124
206.584	187.482	39.085	113.849
229.004	188.198	41.204	113.563
241.970	186.215	36.446	111.999
252.573	188.378	38.729	108.311
268.822	197.167	40.979	103.532
281.196	192.241	40.366	108.716
297.560	187.312	41.440	110.173
312.764	186.506	42.864	114.260
328.084	186.486	45.158	112.594
346.987	184.687	43.023	114.720
363.488	186.621	45.751	115.070
382.766	188.851	46.894	110.350
401.141	186.092	41.345	112.209
408.266	188.328	37.488	105.098
411.965	195.562	36.719	93.744
414.550	185.580	36.484	103.817
419.809	187.097	34.038	103.488
425.223	188.677	33.826	103.618
429.399	192.846	33.270	100.012
435.131	190.604	34.702	105.094
438.759	193.121	37.168	98.931
440.850	196.508	38.657	96.467
453.531	200.710	31.953	90.301
459.186	206.178	44.753	82.718
465.875	206.796	44.048	82.809
472.520	205.944	42.790	85.222
472.772	203.112	48.647	88.557
467.395	206.326	45.946	85.323
465.770	205.416	46.433	87.412
470.764	203.120	47.311	88.994
470.123	205.550	45.289	85.569
471.067	204.579	45.018	86.122
472.462	203.832	45.983	87.937
466.587	204.774	45.322	87.568
459.466	197.353	46.096	93.947
452.935	195.392	39.354	93.261
448.700	198.079	32.465	96.817
439.510	198.290	40.547	93.723
435.433	199.704	37.805	91.387
430.479	198.198	35.688	96.415
421.892	197.777	33.933	94.474
418.768	198.627	33.948	95.637
412.180	195.010	39.164	93.385
406.554	198.193	44.612	93.989
399.060	199.067	43.224	90.316
392.092	198.960	42.191	90.022
389.399	200.125	35.549	81.189
384.796	199.828	31.555	78.678
378.318	200.439	34.022	74.683
375.327	199.658	35.364	77.903
372.983	198.875	35.855	76.966
366.426	201.380	39.534	70.979
359.548	200.369	37.405	71.369
356.289	198.620	33.737	71.265
350.565	199.230	30.477	69.866
344.623	199.630	29.706	71.808
331.574	199.277	33.041	72.009
324.114	201.355	34.126	69.232
315.013	199.639	37.014	74.176
310.968	199.981	33.550	77.317
303.446	200.081	31.252	79.287
293.303	200.038	32.968	84.089
282.810	201.310	38.817	87.643
273.559	200.075	40.541	93.563
261.437	200.099	42.690	99.583
252.929	201.247	43.733	96.262
255.068	203.476	38.212	94.094
252.438	201.830	34.756	95.131
249.259	201.241	33.489	97.539
243.133	201.282	37.296	96.866
240.136	203.270	37.763	93.963
230.794	205.311	42.116	91.552
229.467	200.823	42.879	97.464
229.288	203.828	41.357	93.999
230.410	202.189	39.610	92.154
230.376	202.263	37.791	92.940
231.435	202.237	34.663	93.544
226.603	202.305	36.143	93.910
222.828	201.208	37.499	93.660
216.926	201.052	40.396	94.411
217.657	201.381	38.286	92.057
220.898	201.532	36.241	91.853
221.408	201.640	35.507	89.916
221.873	200.559	34.445	92.565
222.547	200.989	34.319	92.151
222.303	200.495	34.888	92.072
220.415	200.034	34.134	90.904
218.655	200.113	35.485	90.737
218.229	198.988	34.009	93.012
217.123	198.252	35.110	94.584
212.265	201.243	37.978	89.936
213.869	199.249	35.522	91.560
210.884	199.485	37.568	90.744
207.814	200.067	39.965	91.139
209.151	200.952	39.305	89.571
212.993	200.577	35.327	89.163
212.121	200.289	33.841	86.158
212.005	200.441	32.420	86.548
211.735	198.514	31.997	89.603
210.541	199.389	32.372	90.020
209.539	201.787	32.134	89.010
205.133	201.980	35.139	89.094
201.009	204.651	37.523	85.552
191.969	202.129	37.358	89.152
194.112	203.118	36.678	89.211
192.863	200.892	33.307	91.544
189.678	198.787	32.082	88.379
186.941	202.797	30.843	83.914
178.766	204.278	33.682	80.297
173.592	203.378	33.680	81.725
171.655	199.986	34.726	84.682
170.644	209.488	34.512	77.408
166.479	209.723	36.059	75.748
165.129	203.211	35.217	83.601
163.174	197.244	31.944	88.126
157.420	198.174	35.930	88.319
151.877	197.074	39.569	88.605
147.174	198.410	39.604	88.214
142.808	197.804	38.291	87.909
144.432	200.703	35.339	85.681
143.046	200.315	33.822	85.631
141.359	198.927	31.639	84.256
137.978	197.943	31.889	81.787
136.959	198.766	32.834	81.487
134.781	197.844	32.325	79.927
134.350	198.413	30.827	74.872
130.019	198.261	33.256	79.442
123.614	197.393	35.038	82.660
111.828	193.894	40.123	87.483
107.135	198.977	42.075	85.049
95.543	200.138	44.967	86.520
93.206	198.144	39.257	86.693
93.896	207.269	46.148	80.679
93.333	197.485	41.366	85.502
93.389	199.837	42.849	84.683
93.786	196.016	44.921	85.750
94.494	203.802	42.442	82.433
93.781	203.579	42.493	81.214
95.050	197.230	39.484	85.299
91.657	209.982	36.556	81.422
89.878	211.228	34.597	83.086
88.583	214.643	33.509	78.273
85.150	204.796	36.723	86.191
77.792	199.392	39.969	92.474
73.973	197.063	40.748	93.552
72.110	199.627	38.457	90.295
69.159	198.822	38.067	88.113
70.127	199.301	35.464	88.358
66.467	200.236	34.831	86.332
65.242	199.439	34.946	88.375
59.148	199.802	37.013	88.881
58.995	200.293	35.804	86.514
57.487	199.558	35.226	89.124
55.294	199.748	34.032	88.131
50.034	201.989	34.999	83.437
47.565	202.413	37.892	85.862
48.128	203.379	35.865	84.600
45.622	204.543	36.780	84.692
44.270	200.462	33.667	89.785
43.636	200.663	32.624	87.866
41.162	201.821	34.281	86.698
38.769	203.609	34.699	84.721
34.824	204.387	37.389	84.227
32.280	205.850	37.861	82.442
30.455	204.614	37.557	84.655
26.807	203.401	37.906	83.811
24.098	202.702	37.065	84.322
21.727	201.753	37.350	85.606
20.060	202.092	36.136	86.215
18.454	202.377	35.970	86.281
17.307	202.820	35.939	86.009
16.703	203.416	33.557	84.250
15.636	200.628	34.399	86.289
30.167	200.141	38.766	88.487
45.002	200.037	39.603	86.858
61.160	200.356	42.128	88.603
73.992	199.345	40.201	88.008
96.713	199.463	39.571	89.343
113.606	201.778	44.510	86.472
128.445	200.065	43.842	90.294
146.600	199.120	43.970	89.469
160.413	199.538	42.388	90.186
177.763	197.400	43.853	90.054
195.876	198.002	43.416	87.687
212.580	198.335	43.532	91.356
228.151	197.948	44.688	90.941
247.017	197.575	43.649	90.427
264.829	197.162	45.523	89.040
284.457	198.072	42.268	89.839
296.156	197.930	42.133	89.263
316.784	198.546	44.112	85.917
334.469	196.983	44.869	89.952
352.098	198.164	45.303	84.486
373.273	197.350	39.179	87.018
381.759	200.764	34.709	87.088
384.168	201.035	32.326	84.705
383.702	199.987	34.463	86.189
385.733	200.378	32.907	85.336
386.912	200.042	32.949	86.797
387.321	200.264	35.174	85.638
388.911	200.524	36.695	85.722
389.552	200.428	38.998	87.699
392.352	200.215	38.318	87.159
394.068	200.195	40.835	87.191
403.437	200.044	36.516	87.540
406.062	200.111	37.204	88.975
407.587	200.250	37.784	87.574
409.201	200.060	37.941	88.616
410.295	200.002	38.244	87.730
412.508	199.921	37.849	87.499
414.735	199.414	37.678	87.016
416.860	197.618	36.701	89.453
419.184	198.790	36.421	88.203
421.329	197.794	38.216	89.649
424.198	198.353	40.079	90.547
426.114	198.869	40.080	88.738
429.462	198.180	39.571	89.560
435.841	198.791	36.953	86.984
442.513	198.916	33.829	89.517
447.480	197.209	33.299	91.554
451.280	197.313	33.144	93.137
452.352	196.896	35.881	94.220
451.957	198.082	41.229	92.248
455.699	196.364	41.666	92.758
460.628	194.764	39.973	93.660
466.041	191.887	39.354	97.587
466.828	193.882	40.666	96.563
467.036	192.466	42.114	98.013
468.652	193.562	46.134	95.922
472.942	193.436	44.829	97.452
473.852	193.068	44.948	97.238
481.790	193.169	42.180	98.034
485.527	195.466	38.936	93.278
489.511	195.163	38.886	91.182
493.355	195.955	39.823	85.715
501.876	195.925	36.040	87.178
506.647	197.254	36.631	83.282
511.898	197.762	36.779	81.913
515.003	197.024	35.504	84.557
518.345	195.910	36.981	82.496
520.836	195.695	39.117	87.562
523.911	195.458	39.132	84.236
528.121	193.577	45.634	87.070
530.229	202.368	47.806	80.759
533.016	205.187	51.351	80.972
538.192	204.857	49.600	80.951
550.264	208.057	46.189	76.295
557.701	207.834	42.922	76.076
563.635	204.455	45.056	79.607
566.124	204.814	46.005	84.187
570.603	207.453	43.748	80.270
573.683	207.084	41.112	81.721
575.898	206.136	41.068	83.591
578.723	203.114	41.085	87.763
579.414	203.334	43.819	84.966
582.515	202.034	46.138	90.282
588.897	202.423	42.103	89.525
595.485	198.165	35.368	93.270
596.184	192.790	34.767	98.559
599.984	189.062	30.521	101.383
611.025	191.416	18.854	101.262
612.570	191.697	18.430	103.284
604.786	189.603	26.214	102.394
595.522	193.848	35.122	98.845
583.383	194.169	42.337	96.974
568.756	194.506	43.364	92.410
549.718	193.454	46.066	93.825
534.407	194.956	45.834	93.111
515.076	196.991	40.004	91.262
500.064	197.558	42.037	92.884
481.864	196.675	41.689	92.114
465.134	198.043	41.055	89.522
442.757	199.164	41.518	91.075
424.383	197.602	42.967	92.431
406.736	199.502	44.290	91.695
389.067	200.298	44.771	89.768
376.147	199.322	39.609	92.941
362.667	199.496	40.150	93.232
360.871	202.976	34.141	93.377
361.706	203.071	34.115	94.127
363.816	202.574	31.636	94.121
365.041	202.709	29.593	93.144
366.347	203.065	27.738	94.485
365.809	203.318	27.618	92.898
365.646	203.441	27.295	93.222
364.412	203.441	27.883	92.839
362.777	204.174	30.071	91.570
360.323	204.523	32.607	92.047
358.221	204.517	34.160	92.776
351.165	205.541	38.350	92.081
347.303	206.032	41.096	91.657
344.386	204.503	41.135	91.746
342.573	205.341	35.379	91.960
339.337	204.606	30.779	93.198
336.277	204.487	32.125	94.972
328.110	205.906	36.642	93.649
324.862	204.790	36.646	94.318
321.286	206.233	38.407	92.518
318.076	206.310	40.602	91.866
312.896	208.412	41.908	89.037
310.777	209.740	34.239	89.499
307.825	207.794	32.640	91.359
306.458	207.000	31.447	92.669
303.888	209.759	34.072	90.273
301.619	211.122	35.153	88.009
298.112	210.036	33.694	85.962
290.678	206.300	32.844	84.962
287.467	206.314	31.338	86.640
285.748	205.743	32.221	86.789
282.848	209.621	34.169	83.116
278.883	208.987	34.662	86.261
285.271	206.077	40.017	86.295
299.205	204.655	36.474	88.645
316.194	203.991	36.120	85.942
328.951	202.920	37.202	88.360
342.827	201.433	39.249	87.937
359.181	200.465	39.556	87.198
373.120	199.172	41.202	89.076
387.458	200.204	40.667	90.642
396.715	201.054	39.773	87.427
408.632	202.234	37.000	91.746
422.427	204.493	39.350	90.561
434.096	206.536	41.084	91.330
447.489	208.663	37.723	86.439
456.660	207.381	42.865	93.708
467.309	207.593	45.937	94.815
481.508	209.696	44.237	92.258
490.343	207.768	40.590	93.684
487.023	208.533	43.341	90.217
486.895	209.595	39.426	89.446
484.020	209.639	38.419	92.303
479.798	213.680	39.788	87.285
478.372	216.033	37.067	85.672
475.955	218.230	38.569	82.634
473.082	214.408	38.132	84.915
473.533	214.692	38.218	85.131
473.309	216.548	38.365	81.583
471.240	215.649	39.829	84.046
471.088	218.376	39.606	82.237
474.198	209.319	38.312	85.934
474.799	207.748	39.103	85.354
474.462	204.925	39.384	86.191
474.972	202.187	38.745	88.581
475.494	202.321	38.102	87.903
475.628	202.221	37.901	88.499
476.565	200.002	38.369	91.058
479.416	200.505	38.180	89.436
479.159	199.779	40.993	90.674
483.229	197.889	40.693	91.198
484.149	197.095	41.929	93.886
491.057	194.827	40.830	96.556
495.586	197.478	40.100	92.689
501.222	198.926	36.543	89.982
503.162	197.565	38.132	88.417
507.061	197.184	37.387	89.616
509.716	196.444	38.103	89.439
517.493	196.927	38.079	86.992
520.453	197.044	37.838	84.520
522.763	199.240	37.705	82.823
527.446	197.820	35.359	82.361
528.945	196.773	34.748	84.058
528.978	197.441	33.906	84.847
527.562	198.158	35.333	86.196
526.513	197.389	34.712	83.563
524.598	197.263	33.344	85.262
520.676	195.572	32.962	88.614
516.528	196.439	33.792	84.238
511.555	196.161	34.759	88.566
507.012	197.550	36.569	85.332
498.561	191.540	37.374	94.516
475.872	201.378	41.209	87.473
486.949	206.706	46.722	82.260
483.255	198.737	47.335	89.925
475.183	195.812	47.534	92.171
476.746	194.418	41.833	92.874
479.136	191.947	48.442	92.545
472.895	201.675	38.355	82.931
468.962	195.349	32.864	87.337
459.717	195.368	34.872	89.000
458.403	197.951	31.558	83.496
454.700	197.543	29.901	82.716
449.024	197.650	31.044	84.044
445.871	198.092	29.689	84.312
441.722	197.652	31.291	87.378
436.138	197.002	35.845	87.727
433.839	199.259	34.636	84.062
429.185	200.213	33.547	83.693
424.858	198.494	32.332	85.519
420.715	198.430	31.204	85.964
412.737	198.489	34.552	87.604
406.211	199.494	39.797	85.215
404.318	197.283	40.135	87.909
400.607	196.403	38.576	88.103
396.195	196.939	35.361	88.364
391.891	197.599	34.026	89.797
388.358	197.676	36.283	89.201
384.372	198.614	38.843	88.643
379.221	197.925	39.020	89.080
374.515	197.190	36.916	85.481
371.263	195.960	36.596	90.642
367.660	198.452	35.154	85.275
364.005	198.701	34.511	82.000
361.116	199.848	34.930	83.243
356.683	198.211	34.697	83.862
351.910	198.152	35.441	83.371
350.121	197.823	35.464	82.473
346.754	198.058	37.388	84.506
345.732	198.018	35.870	84.800
338.684	197.762	39.901	91.699
335.735	199.262	39.315	91.664
333.380	199.579	38.675	91.988
331.420	194.159	36.546	98.833
325.634	196.707	39.486	94.673
319.339	195.684	42.073	94.408
312.175	195.226	44.981	94.639
310.698	188.565	46.026	103.242
300.784	196.495	50.943	99.992
293.612	190.952	49.584	97.009
285.757	200.256	47.472	91.742
263.147	160.528	60.873	119.400
252.418	175.743	69.542	105.437
280.289	186.521	54.152	98.378
275.328	191.492	52.450	98.618
281.407	193.923	46.570	96.398
263.353	174.348	60.958	109.691
282.977	192.787	45.451	99.232
283.628	199.062	43.300	96.333
287.190	198.540	40.584	92.901
285.593	202.620	41.216	92.698
283.207	207.739	41.406	93.547
281.719	207.767	44.351	92.700
280.696	197.273	45.808	96.411
279.927	196.124	46.702	97.381
263.434	185.067	53.793	105.416
273.803	189.565	56.390	98.527
260.709	164.927	65.435	117.716
279.907	187.794	63.742	101.335
286.145	189.941	50.326	102.506
288.773	189.383	51.234	104.921
277.509	196.005	50.927	95.776
263.735	189.241	63.297	101.540
279.267	193.232	52.564	104.308
282.637	193.248	51.041	97.061
289.275	196.297	46.190	98.015
280.023	181.977	52.338	107.405
286.160	199.562	49.232	97.664
281.404	189.850	48.790	103.849
282.998	195.298	50.495	101.851
277.526	192.039	49.215	100.747
263.459	169.160	51.556	116.991
275.138	189.168	53.057	106.698
275.917	195.219	47.965	102.244
279.257	193.453	47.129	103.387
272.047	194.491	48.552	98.642
274.039	195.953	47.043	98.806
284.117	199.259	44.953	97.915
280.216	196.612	43.054	97.429
280.144	200.007	44.280	93.676
281.888	195.134	42.296	98.997
283.701	194.957	41.263	98.187
285.515	190.965	43.307	99.828
280.398	191.858	49.259	104.825
260.392	170.791	63.028	118.059
246.049	153.957	59.314	132.634
226.033	140.648	56.561	132.032
221.222	141.994	53.835	121.902
228.952	144.891	53.045	126.966
222.190	143.689	55.603	131.141
304.356	168.193	50.852	113.979
308.133	182.446	48.548	100.326
314.496	181.374	43.000	95.086
318.816	184.358	42.424	93.486
327.415	189.288	38.542	89.575
334.056	194.283	38.079	86.426
338.608	197.661	36.780	88.740
340.293	196.991	37.362	88.322
343.393	198.105	37.758	86.088
347.607	197.411	40.913	85.306
352.642	200.175	38.970	78.400
357.118	199.011	38.950	82.637
362.929	197.110	38.248	85.374
367.644	197.696	37.763	84.323
372.162	197.299	37.605	87.085
377.038	197.519	37.046	82.575
380.895	198.668	36.461	85.887
385.449	198.231	35.025	87.866
389.070	197.680	35.813	84.938
392.526	196.992	38.532	87.678
398.083	196.495	38.568	87.419
398.657	197.689	46.101	87.650
401.782	198.898	46.207	86.769
405.860	198.289	45.453	88.042
413.630	196.906	40.444	88.173
424.609	196.219	37.723	87.586
427.028	196.249	39.509	89.133
430.199	196.097	40.857	89.605
431.338	198.030	42.251	86.493
436.113	197.706	39.917	84.828
442.877	196.540	36.806	87.091
447.859	197.544	36.256	87.075
451.485	197.594	37.962	87.362
456.792	195.898	38.260	87.000
461.647	194.342	40.128	87.970
465.848	193.741	42.479	87.883
481.868	210.181	47.507	84.239
480.099	198.874	44.776	89.493
484.681	197.576	46.002	95.703
483.460	191.224	47.424	97.175
481.236	193.976	45.764	95.971
481.264	198.317	45.417	93.189
484.204	204.849	48.534	92.559
496.071	222.145	41.929	74.725
499.429	190.933	40.118	100.217
500.998	193.154	45.196	95.365
506.863	195.220	42.804	89.325
516.845	196.654	35.355	87.997
522.072	196.863	38.046	87.306
525.518	196.934	38.234	86.693
527.452	197.133	38.258	86.658
530.593	197.951	36.751	83.889
534.445	197.938	37.182	84.330
537.313	196.601	35.775	81.936
540.180	196.026	38.354	83.967
542.065	194.751	36.437	86.223
544.147	193.717	34.908	86.374
546.123	192.248	34.804	86.910
548.956	197.826	34.700	81.139
551.432	199.270	34.456	79.105
553.146	194.906	36.580	82.562
553.598	196.296	39.560	81.241
554.752	195.675	40.523	82.033
556.519	194.490	41.086	82.538
557.494	195.161	39.623	82.313
558.903	196.908	38.329	84.174
562.091	197.704	36.724	83.880
566.881	197.863	33.132	84.200
570.184	197.141	30.644	83.884
571.637	196.663	30.053	86.919
572.074	196.546	31.728	87.818
576.149	196.736	29.200	86.206
578.116	197.174	31.353	87.445
581.150	198.297	34.161	87.496
582.521	200.873	38.931	83.092
584.422	198.670	37.561	86.383
585.531	198.141	37.596	88.379
586.229	199.115	36.513	86.065
586.280	201.935	36.979	84.308
585.683	202.046	36.563	83.996
586.559	202.432	36.543	84.437
588.030	203.873	35.754	83.516
589.666	199.507	33.903	88.936
591.005	201.341	34.414	87.284
593.386	198.423	34.279	91.175
594.663	194.823	34.747	94.709
597.141	195.646	33.410	94.365
601.363	196.496	29.637	94.652
606.403	197.981	23.996	93.332
610.918	199.477	20.082	92.973
611.860	199.330	19.140	93.603
614.177	201.115	16.823	92.663
606.595	206.431	23.888	87.913
599.766	200.070	27.349	98.372
607.606	203.556	22.218	91.676
606.608	197.837	23.490	94.775
588.222	204.412	40.037	86.156
575.830	205.264	44.039	87.571
568.377	193.619	43.696	101.751
563.744	187.688	39.472	106.126
547.066	194.251	41.463	98.433
538.636	200.298	37.734	92.138
523.273	204.230	39.864	87.348
511.238	200.523	42.598	88.790
498.119	198.602	40.841	92.321
485.005	201.468	40.209	87.206
482.040	199.677	34.501	88.686
469.848	199.313	33.001	89.369
457.085	198.757	33.189	83.254
445.889	200.930	35.477	76.833
437.115	203.477	34.663	74.791
426.290	206.220	34.744	69.602
417.494	205.688	36.574	72.020
402.614	197.377	41.983	84.445
390.648	192.906	42.927	91.643
373.541	199.646	45.159	91.268
351.361	209.265	41.970	88.376
333.232	200.430	39.962	91.754
331.588	192.263	33.503	95.195
325.711	193.974	35.234	82.747
319.332	200.378	40.059	80.633
313.753	210.512	44.609	81.392
312.439	212.117	44.404	79.912
311.981	206.823	39.735	81.302
309.400	208.435	34.416	77.744
300.935	210.592	36.402	76.875
293.019	210.434	34.736	78.771
288.194	206.353	32.717	85.276
280.966	203.491	36.186	84.621
273.559	209.216	37.915	79.406
269.871	213.938	35.301	78.297
265.960	206.461	31.226	86.989
259.927	199.279	31.611	93.503
255.348	196.256	32.308	97.459
247.929	198.349	36.628	97.124
238.301	205.456	41.739	93.297
232.081	215.403	43.407	84.847
224.367	213.342	40.703	85.805
206.358	208.998	46.925	90.675
203.228	209.956	47.596	88.815
202.063	212.203	47.556	88.262
196.902	211.340	47.600	89.357
188.995	210.540	41.917	85.735
189.139	209.776	37.400	86.025
181.281	207.446	38.798	89.716
173.066	211.522	45.277	86.532
165.198	214.348	46.559	83.473
159.595	214.995	32.541	79.820
151.977	211.430	28.151	83.157
141.383	211.321	35.940	85.660
129.897	214.841	42.874	78.741
126.822	211.114	42.119	83.588
126.247	208.708	37.702	84.860
115.653	211.951	42.707	80.609
113.085	210.137	44.508	81.424
111.618	214.453	47.785	80.971
121.894	215.245	42.438	77.678
128.701	216.407	39.227	77.628
131.205	217.918	38.428	77.920
146.184	212.756	37.879	80.481
154.601	216.084	45.271	79.358
158.279	214.064	48.502	83.523
167.577	214.733	44.691	85.347
177.157	209.201	41.749	89.882
190.064	200.853	38.652	96.106
198.960	199.400	38.274	95.961
209.526	203.978	41.081	96.103
214.698	212.851	54.345	85.068
227.092	209.947	57.818	88.986
240.480	201.543	50.498	96.860
254.973	206.425	41.368	93.675
259.721	211.351	45.273	88.844
274.383	206.528	46.343	86.490
276.978	202.851	46.658	91.677
288.257	204.158	43.278	89.210
297.606	206.717	40.423	89.493
313.280	209.056	38.167	84.573
322.775	206.410	43.203	83.719
324.965	202.770	52.817	87.837
326.762	205.712	58.763	91.455
328.332	211.729	57.911	87.546
329.385	212.134	53.979	90.434
325.684	207.364	55.627	94.164
321.269	200.689	53.493	87.398
316.971	201.964	53.825	86.743
309.726	209.973	52.942	89.087
300.426	217.730	46.022	86.999
287.504	214.759	48.424	89.306
277.702	212.893	46.235	95.129
265.657	217.882	49.486	81.288
249.491	222.525	55.469	80.091
239.983	220.827	51.458	81.159
235.886	209.952	47.525	91.845
218.595	201.089	57.411	95.763
206.991	197.846	55.808	96.132
195.841	202.565	63.359	94.619
196.176	212.158	47.235	88.189
190.695	215.364	41.192	85.134
178.257	216.002	48.289	86.779
172.617	221.353	45.072	80.998
169.226	213.439	36.918	86.841
158.573	215.124	36.745	82.273
156.129	218.155	37.191	80.957
147.791	216.355	34.303	78.773
143.564	215.701	34.989	78.598
135.553	200.667	39.718	86.147
133.875	194.157	38.924	89.841
132.912	192.932	37.718	89.993
131.977	206.517	34.771	84.367
132.386	218.137	38.537	72.972
131.944	216.210	41.468	75.455
131.524	211.697	36.753	81.301
128.497	216.079	35.542	75.070
128.284	214.147	33.959	75.065
128.145	213.737	35.309	78.289
131.554	214.605	33.995	76.435
124.151	214.029	40.092	75.750
131.821	214.344	36.039	77.373
133.043	212.284	36.844	78.452
132.300	211.481	38.110	81.788
138.611	209.146	35.552	83.865
138.609	212.237	35.393	78.317
139.163	209.895	37.530	79.331
139.486	207.981	37.964	80.931
142.040	211.071	37.121	78.489
142.037	213.364	34.670	78.567
142.525	213.443	35.220	77.847
143.026	210.063	32.991	80.342
142.111	208.550	32.795	81.037
141.745	210.004	32.642	79.652
141.764	212.494	32.679	78.844
145.044	210.233	32.036	79.478
147.393	208.975	32.636	81.640
148.907	208.039	31.872	83.449
149.945	210.043	32.791	81.281
149.677	212.183	32.202	78.918
151.868	210.236	31.212	82.197
154.575	208.576	32.927	83.207
158.337	207.885	30.864	85.171
160.554	215.099	41.409	85.973
165.665	211.574	40.051	85.084
172.727	212.606	34.939	81.530
180.979	209.515	34.350	84.761
195.825	209.707	40.805	85.640
200.847	212.495	41.787	88.458
204.034	211.833	46.611	91.757
215.717	208.209	40.334	92.842
224.129	208.065	35.871	95.056
228.753	209.721	41.454	92.337
229.753	209.569	49.935	94.285
243.470	207.025	38.340	95.085
251.131	207.689	35.320	92.343
260.458	209.199	32.408	90.781
263.698	210.915	30.609	88.954
264.985	212.293	33.145	87.602
272.056	211.653	32.756	83.804
278.344	208.999	38.005	83.950
280.482	208.455	44.759	85.519
284.922	208.167	45.144	89.427
286.702	207.377	38.605	86.419
290.101	207.808	35.228	83.477
278.243	209.057	50.814	81.466
283.422	208.694	51.455	84.847
295.647	208.592	42.428	84.698
308.902	209.575	34.947	80.681
316.191	209.453	37.119	79.157
317.181	209.393	38.912	74.087
316.874	209.579	43.490	76.538
317.303	207.492	35.067	77.246
315.664	207.688	32.658	73.663
312.916	205.637	31.970	74.421
308.793	205.564	31.948	75.975
302.504	208.692	33.673	73.836
294.679	211.148	36.995	70.921
289.335	209.988	36.173	72.344
284.985	202.838	33.785	76.752
279.085	198.363	33.752	79.503
272.282	198.630	34.017	89.810
265.158	207.791	32.218	88.848
258.129	213.735	32.478	84.201
254.198	211.870	34.664	84.695
250.332	208.638	33.754	90.287
243.548	211.153	39.284	89.492
240.525	212.573	40.227	89.407
237.266	210.160	39.394	91.312
233.605	210.128	39.913	91.761
230.691	210.856	38.283	94.534
226.678	211.891	37.775	92.562
225.615	213.571	36.693	88.775
223.270	214.421	36.183	89.729
222.188	214.061	34.159	89.164
221.255	214.772	36.694	89.517
222.004	215.434	35.973	88.708
222.994	216.716	35.252	85.529
223.750	217.374	36.829	83.422
224.513	216.381	37.686	85.121
226.528	216.848	37.932	85.994
225.599	217.622	38.969	86.657
224.687	220.543	39.542	87.560
223.682	225.941	38.886	83.656
223.136	230.209	38.605	80.284
222.801	228.111	35.561	79.450
223.323	229.167	34.900	79.425
223.224	229.099	37.966	79.130
227.392	227.815	39.010	79.140
230.400	228.071	39.657	80.114
233.753	225.991	41.498	83.551
235.236	220.968	43.605	90.504
235.769	222.411	42.995	88.378
242.730	217.462	38.081	89.607
242.687	212.508	41.017	94.719
254.877	210.055	34.250	89.666
257.605	206.483	37.239	93.522
259.594	209.689	40.602	90.116
267.657	208.153	35.930	89.948
280.403	207.034	31.879	83.659
287.723	205.492	31.425	86.653
290.008	206.889	34.522	82.849
296.877	207.451	31.999	81.058
306.206	206.918	31.534	80.886
314.709	205.576	29.056	81.408
319.282	205.570	34.212	77.460
325.167	205.440	34.495	77.554
332.183	205.273	31.241	77.963
336.889	204.725	32.485	77.217
341.142	204.823	34.047	76.723
347.130	205.194	32.102	74.256
353.507	205.548	31.419	78.200
356.996	205.556	32.726	77.480
359.592	203.232	33.946	78.222
360.513	202.222	35.057	79.736
361.985	203.683	35.737	81.693
363.054	204.645	37.251	79.202
363.441	205.416	37.922	83.771
362.921	203.510	39.771	86.789
363.130	203.356	36.863	82.058
362.496	203.300	36.145	83.247
362.559	203.387	36.894	84.757
364.183	203.402	36.122	84.741
365.448	203.261	36.591	83.146
368.421	205.670	35.694	82.181
369.941	203.864	35.852	81.632
371.303	204.315	37.353	80.824
374.470	206.245	37.344	81.274
361.805	207.071	40.473	90.882
345.070	206.116	39.957	89.164
329.982	207.034	40.208	88.175
317.068	208.846	37.164	92.871
299.918	209.789	38.658	96.425
286.194	210.902	39.302	97.521
275.538	209.909	36.172	96.932
260.569	209.730	36.690	93.886
246.776	212.538	36.001	91.668
236.621	211.891	34.953	97.923
220.637	212.230	37.781	97.276
205.399	212.789	40.033	99.130
183.597	212.258	39.099	101.613
166.739	212.381	41.787	101.020
150.295	215.345	42.327	97.994
148.810	214.730	37.694	98.382
149.900	214.996	37.453	98.587
150.992	214.316	36.719	99.585
151.335	213.873	36.846	100.924
152.378	213.854	37.012	100.147
151.433	214.295	37.316	99.026
151.667	214.250	38.351	99.378
151.449	214.534	37.832	98.121
151.534	214.272	37.493	98.807
151.941	214.238	37.533	97.307
151.722	214.731	37.377	97.204
151.766	214.508	38.334	97.991
152.013	215.451	36.957	96.218
152.095	214.888	37.369	96.191
152.620	214.815	37.158	95.130
152.430	215.078	37.745	94.845
152.575	215.100	37.135	94.881
152.711	214.758	37.102	95.728
152.191	215.506	37.206	94.739
152.933	215.307	37.951	94.898
152.813	215.443	36.860	93.922
152.814	215.800	36.788	93.681
153.172	215.348	36.633	94.901
152.623	215.326	37.423	93.850
153.309	214.668	36.128	94.964
153.188	215.121	36.414	94.554
153.234	215.446	36.164	93.866
153.050	213.915	36.469	95.311
153.094	215.084	36.703	93.714
153.234	214.434	36.671	94.280
152.955	215.500	36.499	93.364
153.050	214.604	37.733	95.749
151.511	215.432	38.083	94.776
150.409	213.713	36.303	94.886
150.649	213.068	34.402	97.938
150.128	213.484	32.533	97.538
149.355	212.931	33.357	99.902
149.512	211.669	31.843	98.763
149.323	212.221	30.487	99.351
148.232	211.284	31.015	100.635
146.895	211.477	32.023	100.329
145.079	210.881	34.227	102.140
143.270	210.886	34.910	101.449
141.759	211.609	34.263	99.800
141.585	212.257	35.129	99.715
141.834	211.816	34.954	100.845
142.895	212.832	33.387	99.577
144.470	212.302	34.581	100.465
146.071	211.724	33.733	101.626
146.986	211.994	34.481	102.236
145.061	212.610	34.608	101.281
141.445	212.438	34.398	98.956
139.000	211.254	35.313	98.570
137.336	210.057	34.598	98.513
134.803	210.713	36.232	96.793
135.071	213.505	36.925	93.716
135.266	212.827	37.203	94.781
136.437	211.472	37.925	97.298
139.500	209.891	36.070	100.142
142.116	210.726	34.349	98.590
144.288	211.875	34.137	97.587
147.841	213.073	32.774	93.843
150.740	213.431	35.269	93.213
152.893	213.974	39.663	91.983
154.390	231.150	43.065	78.037
162.410	222.722	40.460	85.689
169.030	218.504	39.787	86.301
173.969	213.541	43.634	90.470
171.433	214.294	41.476	88.116
182.971	212.215	44.259	92.468
199.251	214.037	40.483	88.041
210.640	212.357	33.147	89.816
212.448	211.943	40.027	92.338
214.095	213.564	39.442	89.258
222.031	210.974	35.800	88.003
228.387	210.399	34.430	89.961
232.393	209.954	36.609	87.337
235.727	210.797	39.054	88.176
239.561	212.276	37.740	86.207
246.406	213.896	34.818	84.005
251.062	209.948	37.740	89.399
257.306	205.919	36.091	90.785
258.983	211.735	35.623	86.551
264.483	203.919	34.170	94.251
269.502	206.076	33.869	90.011
271.527	199.082	39.528	96.201
273.248	201.791	38.716	93.700
275.199	199.494	39.655	97.676
277.667	200.616	37.980	95.641
277.384	200.628	37.984	92.246
282.739	206.386	39.369	93.162
281.251	212.936	39.292	84.106
293.549	213.119	41.201	86.049
303.219	210.320	47.023	89.473
