297.000	100.000	14.000	26.000
296.253	98.774	14.349	26.960
296.157	99.824	14.353	25.664
295.979	99.821	14.394	27.075
295.137	99.991	15.389	27.035
294.681	100.161	14.507	26.836
294.519	100.770	14.331	25.811
293.603	100.769	14.386	25.454
292.827	100.576	15.205	24.305
293.108	99.680	14.745	27.615
292.508	100.492	14.489	26.589
292.469	99.908	13.833	27.195
292.149	100.037	14.452	28.282
291.576	99.936	14.529	27.599
291.214	99.873	14.652	27.441
291.145	99.685	14.042	28.367
291.121	98.926	13.761	26.944
290.678	99.217	13.981	27.893
290.945	99.412	13.755	28.585
290.356	99.153	13.590	28.965
289.869	98.495	14.602	29.480
289.507	99.299	14.204	28.354
288.978	99.570	14.350	28.321
288.715	99.780	14.089	28.090
287.571	99.144	15.066	28.326
287.668	98.684	14.462	29.221
287.651	99.642	13.973	28.395
287.334	99.673	13.976	28.740
286.476	100.543	14.689	28.234
285.262	100.379	15.318	27.904
285.516	100.441	14.222	28.662
284.724	100.813	14.552	27.713
283.606	100.741	15.483	28.839
282.997	100.912	16.046	28.989
283.249	100.740	15.290	27.121
283.377	101.712	14.452	28.320
281.294	101.375	15.878	28.366
281.110	101.427	16.319	27.628
280.975	101.889	15.289	27.194
280.546	101.958	15.413	27.226
280.001	101.507	15.795	28.376
279.796	101.811	15.577	28.516
279.704	101.955	15.651	26.657
278.986	102.123	15.362	28.430
278.639	101.750	15.670	28.086
277.715	101.293	15.930	29.000
277.751	101.623	14.888	28.841
277.292	102.112	14.462	28.260
276.568	101.641	14.700	28.270
275.368	101.977	16.015	28.804
274.796	102.179	15.413	27.411
274.705	102.324	14.460	28.544
273.996	102.175	14.972	28.485
273.084	101.987	15.061	29.752
273.135	102.361	14.028	28.833
272.258	102.654	13.899	27.707
271.023	102.041	14.794	29.320
270.553	102.334	14.926	29.734
270.502	102.470	14.774	27.942
270.392	102.770	14.218	28.546
269.329	101.950	15.283	30.124
268.823	102.631	15.064	29.159
268.639	102.709	14.759	29.237
268.418	103.347	14.026	28.422
267.082	103.005	15.235	28.477
267.087	102.238	15.100	29.924
266.828	102.836	14.954	28.619
266.633	103.019	14.587	29.944
265.898	102.663	15.580	30.106
265.369	102.753	15.119	29.816
265.070	103.503	15.095	28.319
264.969	103.441	14.094	29.754
264.329	103.847	14.278	28.223
262.419	103.059	16.777	29.799
262.867	104.087	15.350	28.179
262.437	103.980	15.191	29.308
261.379	102.768	16.299	29.569
261.138	102.892	15.964	28.280
261.051	104.229	15.519	29.108
260.639	104.836	15.269	27.576
259.404	103.852	15.578	28.173
258.550	103.470	15.782	28.629
258.769	103.715	14.989	30.267
258.604	104.503	14.812	28.676
257.755	104.320	15.066	27.992
256.905	103.233	16.292	28.482
257.758	104.344	15.011	27.216
255.965	104.739	15.580	25.609
255.132	103.808	16.041	28.790
255.032	104.077	15.682	27.154
253.880	103.408	16.743	28.740
253.989	104.279	15.712	31.184
253.527	104.796	15.794	30.994
251.937	102.988	17.764	31.369
252.274	101.431	15.975	34.236
251.653	103.232	16.078	32.928
250.930	104.214	15.693	31.831
250.680	105.258	16.204	31.481
250.749	106.599	14.868	30.296
251.044	106.970	13.584	29.653
249.668	107.309	15.466	30.049
248.900	106.148	15.635	32.021
249.597	107.403	14.380	29.737
248.361	107.754	15.020	30.137
248.160	107.178	14.427	31.065
247.586	107.979	15.002	31.036
247.672	107.652	14.599	31.151
246.607	107.236	14.848	32.282
245.479	107.673	16.172	31.970
244.707	106.894	15.945	32.810
243.907	107.796	15.276	32.775
242.456	106.945	15.902	32.687
242.766	107.089	15.187	33.041
242.514	106.725	14.672	33.730
242.005	107.469	14.493	32.732
240.802	107.975	15.296	32.384
240.123	107.581	15.762	33.119
239.004	107.185	15.401	33.454
238.127	108.288	15.552	32.768
236.795	107.910	16.203	33.086
236.545	108.398	16.688	32.724
236.613	108.758	15.746	32.569
235.923	109.941	16.077	31.464
235.388	110.007	16.285	31.653
234.369	109.173	16.973	32.238
233.808	109.169	16.069	32.949
232.929	110.141	16.034	31.841
232.125	109.941	15.645	32.463
231.655	109.545	15.740	32.986
231.110	110.533	15.162	32.144
230.633	111.464	14.789	31.136
230.280	111.424	14.630	31.724
229.566	111.143	14.821	31.943
228.331	111.203	15.501	32.387
227.864	111.958	14.753	31.286
227.067	112.444	14.778	30.916
225.661	111.505	15.802	32.274
225.114	111.559	15.261	32.460
225.040	112.267	14.504	31.628
224.547	112.388	15.038	31.852
223.655	111.572	15.782	32.294
224.270	111.648	14.548	32.485
223.750	112.378	14.034	32.201
222.788	112.150	14.517	32.209
221.723	112.058	14.976	32.138
221.222	112.162	14.746	32.329
221.047	112.520	14.683	31.720
220.301	113.218	14.932	31.424
219.770	111.866	15.188	32.367
219.790	112.651	14.272	31.126
218.874	112.800	14.290	31.265
218.096	112.907	14.615	31.467
217.491	113.291	14.896	30.294
216.487	113.597	14.923	31.313
215.943	114.332	15.140	30.609
214.845	114.767	15.255	30.413
214.680	113.996	15.206	31.914
214.812	113.863	14.524	31.063
213.709	113.894	15.178	30.401
212.727	115.132	14.646	30.534
211.658	114.362	14.951	28.710
211.170	114.736	14.960	31.577
210.828	115.457	14.651	30.847
210.729	115.639	14.436	31.531
210.280	115.143	15.149	29.502
210.466	115.119	14.978	27.931
209.775	114.959	14.842	30.377
209.002	115.361	14.694	31.036
208.225	115.684	15.153	28.747
207.612	114.921	15.700	30.339
206.972	115.035	15.574	31.780
206.471	115.516	15.266	29.810
205.548	115.587	15.257	29.576
205.346	115.292	15.616	30.887
205.298	115.638	15.763	28.169
204.064	115.720	15.081	31.106
204.067	115.798	14.981	30.520
203.308	116.119	16.196	26.543
202.816	116.093	14.743	28.889
201.949	116.334	15.535	32.000
201.778	116.777	14.721	30.890
200.546	116.387	16.470	29.548
199.647	116.353	15.852	30.488
198.603	117.031	15.793	31.468
197.588	116.960	16.061	30.148
197.021	116.606	15.862	27.313
196.659	117.131	15.645	31.520
196.633	117.521	15.595	31.895
195.938	117.910	16.138	31.217
195.458	116.871	15.471	31.353
194.235	117.221	15.665	31.817
193.005	117.777	15.594	32.578
192.279	117.416	15.113	32.519
191.655	117.629	15.619	30.592
190.786	117.599	15.189	32.230
190.588	118.105	14.869	33.514
189.497	118.269	15.103	33.639
188.361	118.629	15.367	32.537
186.563	117.751	16.088	33.397
185.704	118.727	16.357	33.881
184.990	119.087	15.778	33.344
183.474	117.847	16.461	32.533
182.829	119.042	16.457	33.357
182.842	119.334	15.033	32.567
181.690	119.444	15.787	34.127
180.569	119.074	16.855	33.517
179.365	119.273	16.950	34.140
178.542	119.246	16.538	34.936
177.409	120.121	16.578	33.896
176.450	118.812	17.580	31.740
175.319	119.172	17.359	34.584
175.398	119.328	16.275	34.379
174.809	119.178	16.311	35.556
173.303	119.216	17.389	34.637
171.917	120.276	17.637	33.870
171.442	120.349	16.962	34.389
171.001	120.399	16.189	35.176
170.065	120.216	16.017	34.166
168.374	120.394	16.996	33.735
168.375	120.393	16.244	34.534
167.791	120.874	15.972	34.748
166.583	120.914	16.536	34.758
165.478	120.737	17.122	35.534
164.434	122.825	16.834	34.684
163.165	123.281	16.952	33.039
162.228	122.394	17.017	33.488
161.661	122.190	17.110	33.287
161.485	123.115	17.341	34.683
161.165	123.147	17.562	34.004
160.825	122.924	17.453	34.366
160.103	122.745	17.335	34.013
159.142	122.816	17.927	35.107
158.425	123.836	16.897	35.354
157.944	122.854	17.493	33.678
157.088	123.355	17.497	32.617
156.596	123.549	17.277	35.648
156.764	123.699	16.383	34.370
156.029	123.244	17.369	32.881
155.275	123.240	17.501	35.803
154.345	124.109	17.516	35.929
154.108	125.244	16.959	33.784
153.089	124.867	17.126	30.850
152.117	124.669	17.369	32.544
151.946	124.769	17.500	36.952
152.011	124.655	17.008	36.994
151.354	124.532	16.809	34.905
151.019	125.395	16.076	34.213
149.616	126.393	17.290	33.957
149.489	124.969	16.878	36.689
148.607	125.506	16.536	31.728
148.269	124.556	16.467	31.806
148.074	124.885	15.999	33.123
147.735	124.996	15.296	34.004
146.534	125.747	16.180	33.898
144.087	125.086	17.662	33.203
143.302	126.192	17.205	34.664
141.531	126.997	17.711	35.541
140.959	126.428	17.337	32.260
139.768	126.924	18.270	34.028
139.807	127.943	17.486	32.945
138.979	127.605	16.844	36.040
138.061	128.073	16.406	34.669
136.162	127.446	18.040	32.712
134.706	127.978	17.450	35.092
133.152	128.803	17.998	35.254
131.091	128.514	19.981	34.921
130.348	128.340	20.107	33.438
130.064	129.402	19.953	33.321
129.304	129.176	18.852	30.886
128.256	129.011	18.903	34.250
126.386	128.468	19.420	37.590
126.668	129.761	18.254	37.458
125.192	130.223	18.390	36.837
124.201	130.070	17.698	36.117
122.436	130.101	18.874	37.104
121.232	130.801	19.343	36.370
119.540	131.173	17.750	38.061
116.945	130.861	19.199	38.049
115.181	130.777	18.460	37.987
113.433	131.561	18.975	37.327
111.335	131.842	19.362	37.496
109.261	132.436	18.176	36.438
107.432	131.342	18.679	37.771
105.507	132.482	19.146	37.568
103.532	132.910	19.261	38.703
101.473	133.691	18.847	38.345
99.498	133.077	18.219	38.429
98.040	133.686	17.778	38.083
94.557	134.303	19.512	37.121
91.472	133.426	18.983	39.763
88.116	133.261	18.903	40.323
86.763	133.352	18.356	38.864
85.184	134.075	18.581	39.350
84.080	134.528	17.744	38.858
82.700	134.653	16.456	39.025
75.019	134.597	19.977	37.931
72.575	134.700	20.237	37.648
70.237	134.561	19.862	38.221
65.589	134.234	17.287	37.574
62.005	134.064	19.442	37.953
58.582	134.883	19.199	37.655
55.975	135.910	18.991	38.481
52.599	135.568	18.303	38.053
50.405	135.615	17.511	38.155
46.644	136.418	19.554	36.208
43.607	136.334	20.484	37.690
40.896	136.008	19.921	39.082
37.137	135.538	19.063	38.768
33.711	135.938	20.028	41.883
30.629	136.042	20.974	41.739
27.142	135.543	20.549	41.837
24.014	134.785	18.898	39.840
20.690	134.948	20.097	40.821
16.522	135.940	22.976	39.939
14.365	135.331	22.866	42.393
11.422	134.556	19.105	42.560
9.043	135.925	18.388	40.550
3.240	135.599	18.464	39.649
2.079	134.762	18.279	41.832
