373.000	60.000	126.000	339.000
382.709	39.403	120.175	361.349
392.679	15.420	115.666	381.179
395.410	6.185	114.320	363.862
396.941	4.218	112.154	362.817
395.780	1.297	109.641	360.999
392.627	0.000	107.414	362.915
388.958	0.000	106.309	356.994
380.905	0.000	104.629	348.441
373.164	0.000	107.113	325.511
368.093	0.000	107.783	322.901
365.471	0.000	100.718	331.350
364.808	0.000	102.256	337.228
361.224	1.066	93.882	338.148
359.309	4.837	94.084	335.246
353.953	7.258	92.998	335.897
345.115	14.323	99.457	337.671
341.548	21.543	92.849	339.613
336.246	27.561	91.169	333.052
333.845	34.129	95.542	327.585
330.558	39.966	93.435	327.558
329.303	43.703	90.967	328.393
327.024	51.410	90.679	333.503
325.774	66.127	89.643	329.871
326.751	71.904	87.905	321.093
323.375	75.589	92.010	318.418
321.458	88.824	94.631	311.255
320.909	95.330	91.502	315.891
318.018	105.481	93.151	313.290
316.008	115.991	92.465	314.718
311.438	120.915	91.452	315.664
304.906	130.056	93.448	312.218
294.541	149.412	102.539	296.649
289.252	170.507	106.827	279.683
283.132	183.555	115.872	274.636
282.260	183.975	115.377	276.406
285.514	186.540	110.418	273.119
285.494	188.402	109.974	272.079
286.830	189.358	108.364	271.835
284.568	189.810	109.469	271.238
284.152	187.490	109.213	274.693
284.292	186.743	109.567	274.110
287.976	189.601	104.183	273.794
286.045	188.659	106.170	274.694
286.417	188.430	105.730	273.680
288.320	188.836	104.366	272.967
288.885	188.781	103.860	272.125
289.278	189.026	103.801	270.673
293.576	187.731	99.151	273.300
294.885	184.851	98.688	277.642
297.760	179.699	96.960	278.514
300.361	173.188	95.724	277.335
303.201	165.581	93.728	273.070
300.073	163.809	96.973	265.520
307.548	162.009	88.670	270.964
306.135	160.019	89.584	271.597
299.576	159.310	91.782	276.578
296.209	157.839	90.281	270.735
287.935	154.393	89.800	265.030
285.128	151.041	88.233	255.092
281.757	155.342	86.629	257.093
279.889	162.828	79.711	259.477
280.852	177.900	75.615	258.366
278.703	180.042	76.120	263.237
273.717	178.243	72.734	261.248
270.690	176.582	75.212	261.530
268.451	176.155	74.177	244.213
263.216	175.715	73.526	241.965
260.286	172.363	75.506	244.066
260.625	167.704	82.524	247.214
270.374	167.652	80.682	236.995
280.680	165.932	79.772	242.982
288.337	163.165	83.350	230.845
299.083	159.737	80.689	232.442
309.688	158.334	82.987	225.285
318.405	154.770	85.737	227.050
328.671	157.576	86.662	217.160
342.575	156.236	86.581	213.027
360.575	154.018	82.899	214.648
379.597	150.944	84.688	214.688
394.483	146.660	84.720	213.363
408.732	144.130	84.379	212.107
423.689	141.503	81.697	214.227
435.909	142.556	82.562	211.572
452.065	137.166	79.577	216.782
459.823	130.068	79.471	217.669
458.621	127.657	77.186	219.661
452.407	125.085	77.298	222.660
449.222	123.073	77.000	220.198
446.454	124.177	74.640	215.731
442.854	120.272	76.140	218.754
439.422	123.111	76.550	211.921
435.551	119.907	75.114	214.057
433.655	119.850	72.882	210.707
431.620	116.030	70.619	214.288
427.080	111.886	71.069	212.596
426.040	109.948	69.476	212.999
420.505	107.665	71.144	214.689
417.000	109.459	68.270	210.431
408.201	106.466	73.096	214.974
399.751	101.134	70.283	212.566
394.458	98.935	69.609	211.086
389.315	98.014	68.714	209.037
386.180	96.292	67.648	210.044
382.750	93.926	67.788	213.608
381.683	94.323	65.407	201.028
380.490	93.195	63.751	203.314
379.885	90.012	61.904	201.836
380.257	88.122	60.667	202.908
378.259	86.019	61.218	203.726
378.614	84.401	59.267	202.210
377.882	83.188	58.418	202.013
374.816	83.525	56.762	198.023
367.038	81.739	60.969	196.359
365.934	83.732	57.120	193.661
357.620	81.234	57.606	184.491
356.072	81.841	56.159	178.477
351.800	80.578	57.029	178.031
349.129	80.545	58.461	183.100
345.422	80.636	59.549	187.832
343.463	80.442	59.928	176.696
340.370	78.990	62.490	178.958
340.016	79.589	62.310	180.128
339.120	79.898	62.503	178.806
337.922	79.466	62.341	179.495
337.604	78.578	61.851	175.284
337.841	79.287	61.650	172.651
337.938	79.006	61.485	173.742
337.966	79.126	61.830	173.366
337.772	79.048	61.862	173.091
338.207	78.695	61.468	168.923
339.128	78.533	60.085	167.762
339.125	78.567	60.530	166.311
340.114	78.516	59.138	166.295
340.187	77.961	59.011	169.076
339.345	78.492	60.324	161.022
339.260	80.302	60.544	157.368
338.825	81.041	61.160	155.976
337.951	80.826	62.020	155.075
338.304	80.988	61.288	155.678
338.945	81.443	59.829	148.717
340.255	81.354	59.058	147.738
340.503	81.961	58.888	145.307
341.359	81.772	57.945	142.675
343.066	81.622	56.665	142.423
344.079	81.731	56.275	135.566
345.406	80.711	55.210	136.045
346.130	80.615	55.036	134.990
346.841	79.717	54.099	137.330
346.651	79.524	54.287	135.658
346.492	79.476	53.667	132.597
346.204	79.463	53.724	133.980
345.747	79.624	54.029	134.500
345.306	79.862	54.885	133.212
344.850	79.624	55.731	133.538
344.522	79.757	56.070	132.885
344.093	79.189	56.708	134.657
343.760	79.644	57.625	131.143
343.234	79.759	58.557	130.386
343.684	79.623	57.822	131.892
342.682	79.632	58.764	130.433
340.807	79.850	60.134	131.365
339.729	79.732	60.878	129.709
339.455	79.304	61.088	131.201
338.816	79.521	61.827	131.123
338.235	78.889	61.765	130.347
337.780	79.645	62.159	130.915
336.514	79.256	63.214	130.872
336.812	79.984	62.676	129.990
335.016	80.061	64.132	130.702
332.799	79.769	68.582	134.071
331.602	80.841	75.784	133.024
329.705	81.655	83.013	132.601
329.621	82.093	87.444	134.547
330.078	81.881	91.079	137.976
331.965	80.793	86.450	144.720
334.196	80.725	86.355	147.233
335.458	80.299	90.389	147.719
336.510	80.269	85.573	147.001
337.447	79.885	83.615	144.826
339.329	80.780	84.826	146.053
341.366	80.936	83.450	143.575
341.583	81.002	91.965	146.863
344.113	80.616	91.707	147.284
346.221	80.998	90.363	149.177
346.345	81.666	90.968	153.170
347.602	80.269	89.848	157.978
348.203	82.239	89.414	156.061
349.267	82.707	91.758	154.821
349.394	83.488	87.850	155.580
349.183	83.366	87.426	160.221
349.603	84.601	83.231	159.720
349.581	84.678	82.774	159.894
349.746	84.567	79.042	157.666
345.451	84.664	84.212	155.100
345.223	82.533	82.450	154.672
344.724	81.949	79.248	149.128
337.502	80.594	80.798	149.063
331.694	80.742	85.458	149.916
334.952	81.489	79.825	149.499
340.277	79.096	72.172	130.500
346.397	80.693	69.281	136.565
344.263	80.973	71.227	150.821
357.115	82.965	64.255	150.659
357.174	84.330	64.930	150.174
360.874	83.807	62.039	149.047
364.598	84.449	60.013	146.395
366.401	82.302	59.412	147.252
359.438	83.098	67.720	148.670
363.314	83.862	66.890	149.031
353.959	80.285	75.925	158.069
349.868	84.562	77.439	158.184
349.362	81.074	76.905	163.329
346.840	81.802	78.091	161.824
344.618	82.975	78.737	158.738
338.931	80.176	84.373	161.922
340.539	80.616	82.534	159.837
340.105	81.999	81.838	158.905
341.886	79.755	79.871	157.730
340.136	80.127	82.877	154.371
339.173	81.049	81.758	153.453
340.027	82.869	80.927	151.173
339.116	82.996	81.163	150.865
340.903	83.245	80.865	150.829
335.471	81.784	86.278	153.269
332.562	82.614	88.858	151.612
331.971	83.424	89.092	152.238
339.745	82.220	81.759	156.375
349.269	82.646	73.013	155.890
358.684	81.421	62.496	158.239
362.285	82.777	58.900	153.024
361.711	81.914	59.140	152.802
361.766	82.207	58.746	153.284
357.892	82.400	62.498	154.037
354.627	84.628	65.146	152.809
352.215	84.915	67.779	152.825
351.653	84.715	67.787	152.655
351.722	84.181	67.637	154.161
350.996	84.321	67.760	153.691
352.234	84.207	64.651	154.941
354.002	84.128	61.548	155.406
352.087	83.286	63.250	157.038
345.002	84.734	72.440	156.719
337.780	82.697	80.541	157.409
339.998	83.964	80.703	153.581
341.156	84.403	81.609	158.988
344.446	86.782	80.116	153.067
347.585	85.459	76.960	155.372
331.873	85.597	92.237	155.486
340.991	86.653	81.093	153.341
347.471	86.247	72.091	150.343
348.955	84.214	67.785	156.486
355.943	84.800	63.765	146.053
357.991	84.652	64.013	148.570
359.496	83.762	65.328	151.838
359.944	84.802	67.527	146.888
360.327	84.910	71.449	148.040
359.180	85.600	76.568	150.067
360.648	85.825	76.814	151.162
361.098	86.060	76.058	151.659
361.384	84.890	72.357	151.975
361.825	84.661	69.227	148.804
362.807	84.955	66.672	149.871
362.761	85.045	67.462	148.328
362.591	84.642	67.560	149.295
362.774	85.142	66.553	146.461
361.874	84.835	68.367	147.961
362.576	84.984	67.070	146.840
362.216	85.434	67.379	145.163
362.566	85.515	68.425	145.781
361.517	85.569	68.655	144.735
362.634	85.744	67.607	145.710
361.789	85.502	67.813	145.585
362.484	85.676	67.510	145.578
361.468	85.339	68.213	145.965
362.168	85.772	67.489	145.907
362.105	85.163	67.317	144.754
362.700	86.327	67.792	145.012
361.669	85.339	68.175	145.717
361.602	85.027	68.969	146.405
362.805	84.738	68.766	147.445
362.589	83.867	68.304	149.040
363.864	84.363	68.020	149.640
363.585	84.231	67.888	149.819
363.882	84.108	67.498	149.740
364.694	84.799	66.448	148.293
364.812	84.503	66.604	147.948
364.922	84.830	66.984	149.085
365.666	84.642	66.239	148.584
366.245	85.497	65.749	145.669
366.241	85.721	66.353	144.397
366.855	85.353	65.515	143.957
367.040	85.075	65.596	144.351
367.297	85.557	65.316	144.892
367.505	86.390	65.048	141.869
367.415	85.837	64.783	141.768
367.946	85.834	64.457	142.136
367.766	85.982	64.873	142.053
367.113	86.367	65.396	141.455
367.440	86.465	65.739	142.980
365.323	85.844	67.497	143.012
366.432	86.737	67.644	142.106
366.042	85.388	67.411	145.705
367.087	87.141	67.070	144.646
366.537	85.846	67.962	145.921
366.640	85.840	67.524	146.437
367.205	85.904	67.782	145.727
367.295	87.029	67.208	144.180
366.730	85.951	67.459	145.486
366.646	86.280	67.768	146.377
