138.000	161.000	36.000	66.000
139.300	161.937	35.405	65.090
138.307	163.436	35.060	64.299
136.831	163.885	35.915	63.564
136.054	163.584	35.809	64.349
135.864	163.081	34.998	64.888
135.930	163.324	34.456	65.478
134.420	164.015	35.482	64.851
133.804	164.446	36.046	63.431
134.188	163.803	34.915	66.140
133.677	164.174	35.865	66.571
132.616	164.611	36.197	64.571
131.817	165.011	35.458	65.497
131.312	166.077	34.941	63.622
130.148	165.796	35.381	64.835
130.662	165.696	33.825	65.776
129.545	166.222	33.933	65.753
129.193	165.681	34.526	65.790
130.177	165.696	32.832	68.691
129.593	165.663	33.185	67.395
129.909	165.691	32.016	65.082
129.682	165.945	31.547	65.022
128.761	166.192	31.737	66.022
127.356	166.946	32.002	65.918
124.966	166.530	31.656	62.901
123.877	166.347	30.233	62.908
121.550	168.646	29.886	58.404
120.431	169.025	30.058	57.754
119.890	168.339	29.120	60.172
118.951	168.618	31.644	58.916
121.838	166.207	27.626	59.381
121.981	167.830	28.461	55.952
121.802	169.423	28.282	59.645
120.231	169.779	28.369	58.199
117.344	168.959	28.867	61.051
113.697	171.633	30.677	57.285
113.556	169.703	32.703	58.245
110.153	172.677	30.440	56.011
115.431	168.992	27.161	58.111
114.903	169.031	29.624	56.205
112.018	168.890	29.837	52.276
113.149	171.377	30.829	63.063
111.168	195.531	38.741	80.186
105.638	179.360	38.396	84.732
103.325	172.605	39.288	69.359
100.157	180.512	39.269	64.118
103.417	169.899	36.281	61.473
92.711	187.901	39.056	60.027
100.501	174.012	34.353	63.439
87.902	193.797	42.044	53.432
99.846	170.558	34.591	62.185
130.228	167.121	37.137	58.141
136.212	172.544	31.077	56.026
107.368	171.199	30.394	58.676
105.554	168.570	32.296	64.919
105.031	177.272	27.359	64.168
104.592	172.197	32.146	63.424
136.191	168.299	27.078	70.044
135.001	176.669	30.881	58.184
133.564	175.640	27.017	61.429
130.250	172.671	30.018	57.322
115.943	174.182	29.879	53.672
111.732	175.930	27.812	55.038
107.950	174.248	28.159	54.602
104.549	178.250	30.028	58.798
100.910	180.857	28.168	65.752
103.726	177.336	32.068	58.338
105.147	183.029	26.956	63.330
128.321	183.685	29.630	57.208
127.945	183.724	31.142	53.103
127.355	181.661	29.964	50.955
99.740	183.557	27.660	61.404
99.338	185.345	31.128	63.240
95.617	185.001	30.218	64.672
98.335	185.833	27.782	67.158
95.159	186.331	32.898	65.135
96.001	186.615	31.874	64.899
95.805	185.872	29.635	69.975
95.635	187.826	31.849	64.952
98.517	186.895	27.268	69.045
89.551	185.858	31.798	64.066
90.658	187.583	34.138	66.761
90.535	187.647	33.662	65.716
89.498	186.994	32.647	66.006
84.928	186.291	36.158	65.979
85.183	185.872	36.183	65.672
84.359	185.973	36.467	66.734
84.797	186.676	36.119	65.762
87.266	187.058	33.924	67.407
88.026	186.750	33.111	68.024
87.651	186.958	34.005	67.833
86.701	187.474	34.578	68.052
85.935	188.124	35.639	67.787
82.468	188.609	37.957	67.454
82.051	188.468	37.519	68.776
82.235	188.403	37.264	69.630
83.087	188.158	36.070	70.640
86.124	188.788	34.677	68.977
86.728	188.173	33.652	69.909
89.024	189.355	31.641	68.246
88.646	188.865	33.256	68.687
93.197	189.500	28.478	67.815
94.401	189.648	28.216	68.186
93.760	190.701	29.363	67.040
92.425	188.553	31.106	67.597
92.352	190.503	31.987	66.536
92.627	189.674	31.708	67.551
94.467	190.180	30.194	65.864
96.867	191.232	29.222	65.800
100.654	194.158	28.654	64.384
102.833	192.856	28.261	64.927
104.651	196.744	28.595	63.647
105.997	196.946	28.224	64.679
102.509	192.612	30.541	66.501
110.199	202.051	46.808	64.527
122.420	202.324	41.966	65.727
118.799	201.967	45.688	66.705
129.384	204.421	37.955	66.690
119.188	205.699	41.236	72.409
119.238	207.199	44.843	74.165
119.560	207.809	43.955	72.066
121.007	203.621	41.698	73.347
117.954	199.422	34.432	76.813
120.807	203.427	37.432	76.309
122.205	202.064	40.728	81.617
121.614	204.236	37.217	76.016
125.949	211.045	39.560	74.366
124.292	205.534	42.185	72.875
122.071	203.811	36.838	74.837
119.984	204.359	41.509	71.920
120.828	201.710	44.302	72.975
122.961	204.125	44.964	75.031
124.215	203.067	42.433	75.442
124.558	202.864	43.229	76.050
124.736	202.781	43.673	75.207
124.585	201.185	43.150	76.828
126.382	203.207	41.539	77.109
125.227	202.335	34.721	73.212
122.177	204.606	40.269	78.579
124.702	204.556	42.434	77.237
125.564	202.666	39.727	84.564
126.084	206.928	41.650	80.626
124.832	207.872	40.574	80.276
127.411	209.735	42.793	83.017
125.946	208.531	40.514	76.626
125.009	209.817	46.706	74.641
124.782	211.030	42.394	73.465
122.907	211.385	38.438	77.391
124.237	210.028	38.278	77.922
124.382	212.455	36.869	75.488
122.572	211.839	43.038	79.984
125.442	215.841	37.444	78.312
123.500	213.390	37.830	85.256
123.073	213.263	38.836	83.692
121.500	213.635	41.335	82.906
118.787	212.739	41.519	88.122
120.910	214.094	38.518	85.260
119.104	213.116	36.461	85.592
104.674	214.986	39.443	81.679
120.970	215.322	33.528	86.478
97.659	216.637	53.229	83.880
80.152	219.976	47.359	83.560
116.729	217.106	34.661	86.322
117.575	217.958	32.413	86.856
109.337	219.740	37.406	82.721
105.714	220.907	41.731	82.209
105.086	219.709	39.756	82.858
103.930	219.565	36.509	82.243
105.844	218.326	29.933	70.799
107.812	220.959	28.882	63.598
105.005	223.497	30.379	80.360
102.655	219.758	30.956	76.416
89.800	224.844	37.369	81.072
88.255	224.402	34.893	83.826
84.063	230.205	36.742	76.905
83.290	227.519	34.773	85.406
81.826	227.087	33.903	80.683
80.411	225.530	33.938	84.144
77.447	226.321	34.150	83.964
76.422	228.979	34.246	87.506
75.557	232.376	35.363	83.510
73.904	231.122	36.910	81.013
72.593	232.548	35.537	82.395
70.629	234.710	37.096	84.352
66.444	234.786	37.794	85.618
62.605	235.408	36.925	87.158
60.596	235.680	37.553	87.278
76.218	237.126	40.018	89.167
120.396	237.119	38.719	92.721
116.031	237.243	38.715	87.215
114.983	238.174	41.374	91.199
113.735	239.413	41.755	90.464
113.353	243.161	43.218	86.998
111.945	240.815	40.318	91.695
114.079	239.339	38.583	93.483
111.274	240.701	42.507	91.121
114.337	241.589	40.044	93.889
114.771	242.369	41.816	93.512
115.853	242.096	42.088	94.026
118.109	241.062	40.779	93.990
120.675	243.632	38.572	92.531
121.571	241.809	37.258	94.083
120.137	242.982	38.873	95.472
121.984	242.058	37.096	95.276
122.744	241.713	34.544	94.911
124.191	242.550	33.927	90.050
125.020	243.758	36.446	90.035
126.018	242.814	40.423	95.451
126.606	243.130	43.024	96.239
126.820	243.495	45.617	95.845
121.954	242.110	52.437	97.650
126.793	243.362	49.517	98.477
125.631	238.213	44.978	103.998
127.076	243.856	40.114	99.721
126.682	238.707	39.949	105.058
124.628	245.921	42.097	96.201
125.587	247.512	41.119	96.801
124.765	246.887	43.881	99.335
124.141	246.732	44.223	103.062
124.287	245.287	45.111	102.077
122.968	245.796	46.065	102.269
122.790	243.305	47.345	107.411
121.352	246.476	48.885	103.399
117.238	246.514	53.414	105.616
117.299	248.538	52.702	101.223
112.172	248.074	58.399	102.019
113.681	249.630	55.496	105.738
114.744	249.615	53.090	105.097
113.908	251.476	55.142	104.173
113.452	254.076	55.598	100.488
114.104	254.078	55.507	105.499
111.656	255.260	57.310	105.939
111.582	255.609	55.761	108.310
108.204	258.093	56.741	108.941
105.513	258.761	58.725	107.465
107.170	262.125	55.851	105.358
105.687	263.057	54.863	106.410
104.210	265.245	59.166	107.627
104.000	264.979	57.950	109.103
105.762	265.563	56.821	110.152
109.176	268.321	54.291	108.730
106.488	270.302	57.621	108.016
108.905	269.257	53.792	109.718
108.094	270.613	54.038	110.014
108.423	272.037	53.186	110.467
108.652	272.523	52.314	110.513
105.364	272.281	57.214	110.092
107.310	271.736	52.986	111.593
108.720	273.076	52.737	112.184
108.916	272.272	54.264	112.428
108.729	273.375	55.725	110.553
108.459	273.562	54.912	110.418
108.048	271.311	54.496	112.279
106.414	271.489	54.186	113.089
106.628	269.221	51.801	115.447
104.608	270.811	50.458	112.284
104.135	275.672	49.559	106.465
100.541	270.956	50.064	111.372
116.289	268.026	53.914	116.130
153.845	270.979	47.443	112.290
183.347	273.259	53.960	110.718
208.707	275.231	51.631	109.110
210.522	275.073	50.468	115.273
214.227	280.561	49.130	110.345
210.268	278.713	53.741	113.776
213.348	280.423	52.281	114.167
224.036	280.036	55.059	122.176
253.517	284.192	56.059	110.263
260.723	283.309	56.246	114.927
262.153	279.678	55.138	121.964
263.002	281.721	54.569	123.586
259.863	284.413	60.580	121.193
264.982	285.582	57.371	122.996
269.538	288.222	58.351	119.077
273.544	289.689	55.961	116.003
277.735	290.357	51.601	121.958
277.804	290.410	51.360	119.829
277.711	240.251	48.497	122.147
271.683	207.123	44.704	116.632
267.489	199.978	55.064	120.323
264.739	203.694	57.454	118.796
264.507	204.759	60.658	119.618
265.220	205.865	60.185	119.473
267.675	207.509	60.813	120.646
269.034	207.508	61.478	118.871
270.548	207.059	66.078	122.095
274.267	207.241	64.925	125.586
277.823	208.652	62.619	127.862
282.780	211.222	61.385	124.969
285.152	213.246	63.126	120.640
290.701	213.645	61.179	122.221
295.967	214.275	59.924	123.401
300.694	215.484	57.836	124.275
304.959	218.460	59.535	128.414
309.452	218.111	57.877	127.177
314.457	216.689	57.762	128.156
314.732	218.735	61.095	124.578
317.545	219.010	61.856	126.119
320.939	219.403	60.968	130.279
317.421	216.735	66.091	132.168
320.487	216.756	65.668	131.264
322.958	217.246	67.035	131.177
329.795	222.382	66.773	133.698
331.740	225.401	72.036	129.002
339.916	228.489	65.327	127.683
342.812	229.926	64.788	130.863
346.134	233.521	67.400	129.400
349.584	237.898	70.005	133.976
350.563	240.116	70.027	135.516
347.870	238.314	70.666	137.610
355.894	196.953	66.848	129.824
351.357	168.313	71.764	137.620
356.864	144.592	76.876	138.401
361.515	147.211	74.236	138.520
369.235	149.043	71.591	136.866
372.160	149.723	75.059	135.925
377.709	150.251	74.835	136.456
378.572	151.100	74.833	135.561
378.234	148.160	70.717	138.327
381.201	145.963	65.655	137.823
383.144	146.261	64.206	140.147
387.237	149.230	69.041	138.564
390.037	152.102	74.196	138.231
390.133	151.915	79.287	142.060
395.963	151.748	79.076	140.943
374.906	153.084	78.731	141.567
345.238	155.868	78.492	145.360
321.578	161.055	74.324	142.324
281.131	165.644	74.096	142.077
250.794	167.312	76.353	141.684
225.410	168.469	77.490	145.065
197.744	163.511	81.582	149.654
192.698	165.485	79.612	149.798
197.958	167.514	78.888	148.986
206.425	167.375	79.751	148.937
212.364	165.261	81.708	153.613
221.063	167.469	86.025	155.586
227.378	170.283	86.468	159.366
231.913	172.345	82.735	155.326
235.884	171.782	78.689	154.862
240.617	172.297	79.853	154.931
244.692	172.691	82.411	159.306
250.825	175.341	81.817	159.464
259.676	175.827	79.264	160.323
264.559	176.012	81.379	158.906
267.446	175.944	82.329	159.537
269.321	177.280	91.925	162.538
268.614	181.376	99.118	168.122
272.336	184.677	95.333	160.123
278.312	186.458	86.785	143.588
277.309	187.066	86.656	145.193
281.675	189.318	84.715	148.260
285.367	193.237	84.475	155.510
294.106	195.464	79.884	163.964
298.624	195.419	84.645	167.747
301.214	199.193	94.115	166.749
304.703	202.604	99.231	167.159
308.598	204.997	96.830	169.027
313.514	205.780	91.266	170.591
319.701	206.219	85.799	171.846
328.678	210.364	86.205	168.911
335.425	214.376	88.679	170.022
342.459	217.069	92.765	174.408
346.897	219.675	95.807	168.629
356.658	219.855	91.169	174.656
359.218	222.334	93.723	172.039
360.123	227.502	93.443	176.560
361.674	228.031	94.485	178.877
362.179	228.545	93.168	177.831
336.265	229.920	90.767	176.383
338.303	235.803	92.623	175.771
331.434	242.250	95.273	175.362
336.452	243.693	99.977	177.660
349.238	243.979	96.198	176.365
353.507	248.101	95.242	175.756
356.499	252.724	95.401	177.328
360.944	254.877	96.817	177.046
362.064	254.802	99.165	178.704
369.063	256.526	99.908	177.674
374.886	260.434	99.928	180.083
385.365	234.362	96.115	189.079
393.469	190.174	99.724	187.396
399.035	151.563	99.085	191.260
406.302	108.926	97.323	188.591
404.568	76.709	104.499	194.810
415.426	84.349	100.413	188.491
421.867	87.530	103.808	189.309
429.414	87.672	108.137	189.046
435.881	88.534	109.572	193.415
436.946	92.854	114.731	189.826
449.372	91.994	113.760	193.647
460.263	90.494	111.056	190.894
467.421	94.126	110.696	191.578
472.767	99.424	109.940	194.103
478.050	105.971	108.078	202.802
484.583	108.662	108.702	197.601
492.249	108.946	109.583	195.749
500.857	114.292	111.143	198.554
488.615	123.714	112.598	201.368
464.841	119.666	119.408	200.530
444.305	117.964	118.467	203.136
423.015	121.718	115.266	200.361
402.500	124.070	113.111	213.423
377.549	128.110	115.687	213.881
338.859	134.434	121.299	217.255
320.383	137.158	121.018	219.414
338.010	140.817	115.484	214.410
346.928	147.238	119.103	212.133
355.862	150.999	126.667	213.185
365.422	151.971	128.112	217.236
344.691	160.323	120.137	220.461
320.646	164.487	123.061	222.178
299.578	169.264	120.095	237.180
278.619	172.451	120.972	230.491
264.331	175.719	117.949	229.976
254.223	178.750	123.036	228.619
264.129	183.045	124.932	223.754
272.750	190.650	132.618	227.032
287.362	191.687	134.351	226.883
303.391	183.896	131.503	229.849
315.698	175.393	131.036	240.654
327.780	135.566	127.984	249.057
340.315	102.076	125.245	254.214
352.116	66.189	120.262	248.696
353.794	21.494	133.226	241.381
374.103	0.000	131.594	235.034
375.735	1.714	147.140	247.041
393.168	6.804	142.438	247.227
401.784	10.826	143.692	241.731
415.220	11.297	143.495	244.760
430.120	22.532	139.838	251.500
434.122	24.271	146.032	252.394
429.773	21.843	142.506	244.902
418.506	30.078	141.387	244.762
396.731	33.141	143.756	248.110
373.069	35.332	143.756	256.122
350.918	39.783	145.919	251.409
331.260	44.396	141.275	253.723
311.419	49.412	130.495	258.638
290.214	59.032	134.840	270.080
272.944	69.331	136.383	269.764
252.229	75.164	132.349	263.943
237.532	79.320	121.872	261.842
222.011	80.801	132.739	260.790
233.586	89.921	130.844	267.738
248.755	94.844	133.540	273.996
257.568	100.508	141.257	270.531
267.370	102.909	141.810	267.465
282.691	98.804	135.932	272.815
293.086	108.432	140.363	295.888
306.426	114.831	145.349	302.273
316.777	123.244	148.667	291.544
304.825	129.677	152.714	290.177
281.422	138.024	151.536	290.559
284.891	132.592	164.719	294.685
304.337	142.026	165.018	291.161
326.906	125.646	162.452	306.958
343.229	133.124	156.858	305.320
353.643	142.317	158.617	314.915
365.361	147.998	163.893	309.855
389.275	151.863	155.511	310.120
408.047	156.189	161.840	304.409
425.141	169.025	159.274	291.217
445.522	161.148	166.037	298.550
