516.000	306.000	55.000	93.000
516.826	303.827	53.125	95.450
516.047	303.190	53.344	96.024
512.855	302.407	54.605	96.572
511.925	302.589	54.309	96.157
511.181	302.996	54.084	95.630
510.238	302.476	54.705	95.643
509.932	301.769	54.280	96.202
511.345	301.362	52.434	96.994
512.423	300.545	51.313	97.520
512.655	300.254	51.861	97.049
514.151	298.500	50.092	97.789
514.601	297.485	49.296	98.457
514.410	295.998	49.551	99.918
514.189	295.733	49.987	99.981
513.722	295.255	49.508	100.383
513.189	294.690	50.105	100.418
512.353	294.336	50.516	100.310
511.870	293.915	51.491	99.643
511.272	294.136	52.139	98.481
510.337	293.940	53.024	98.216
510.562	294.199	52.672	97.352
510.186	295.394	53.016	95.493
509.954	297.954	52.064	93.449
510.241	299.384	50.671	91.567
510.537	301.465	48.092	89.185
510.668	302.282	47.460	88.749
510.757	304.348	47.254	85.936
511.739	308.141	45.809	81.697
513.237	310.850	43.691	78.553
514.102	313.235	42.782	76.410
515.126	316.460	42.114	73.407
516.542	318.754	41.148	71.139
518.754	322.871	40.838	67.885
519.647	324.952	40.520	66.128
519.440	326.454	40.784	64.588
520.717	327.982	40.412	63.723
521.924	330.160	39.908	61.672
523.551	331.374	38.704	60.913
524.173	332.236	39.164	60.000
525.190	331.626	37.776	61.482
525.216	331.563	37.871	61.634
525.280	331.201	38.067	62.231
525.449	329.673	37.930	64.338
524.804	327.882	38.085	65.757
523.170	326.843	39.267	66.211
522.122	325.731	39.580	66.877
520.185	325.273	41.104	67.150
518.240	324.155	42.665	67.691
516.886	323.559	44.015	68.093
516.518	322.760	44.190	68.894
516.810	322.685	44.096	68.921
517.379	321.535	43.017	70.076
518.355	320.878	60.932	68.722
518.907	319.222	74.032	69.811
519.183	319.756	81.805	68.373
520.838	319.576	81.215	68.173
524.628	320.311	79.650	68.231
534.090	322.485	70.776	68.263
534.459	318.337	72.184	73.344
537.510	312.371	69.498	78.963
538.140	313.920	69.220	76.370
539.963	319.620	70.004	70.052
541.974	320.403	70.910	70.056
546.428	320.057	71.125	70.011
548.479	319.027	72.381	70.846
548.835	318.883	74.376	70.572
549.384	317.806	75.615	71.549
555.984	317.083	71.747	70.763
574.756	316.507	54.730	70.835
576.854	316.383	54.332	72.049
576.338	316.057	56.247	72.734
575.406	316.531	58.241	72.974
573.740	316.780	59.886	73.314
572.272	316.917	61.052	73.214
572.314	316.842	59.602	74.342
571.120	316.070	59.970	73.862
569.830	315.681	59.728	74.492
567.916	314.890	59.144	73.622
565.919	314.917	59.673	74.209
564.609	315.869	59.483	73.046
564.033	316.090	59.540	71.753
563.484	316.599	61.124	70.619
562.879	314.838	61.245	71.745
562.936	312.558	59.346	73.310
563.083	310.580	56.755	74.263
562.374	309.667	55.936	74.676
561.022	307.902	56.221	75.983
558.908	307.528	56.081	76.441
554.723	307.318	59.906	75.578
553.398	307.021	57.816	76.461
549.533	306.222	60.771	76.924
544.861	305.779	60.196	74.757
538.362	305.094	56.482	76.071
532.088	304.393	54.487	75.299
526.192	303.034	54.898	75.763
521.828	301.468	54.842	76.814
515.667	300.063	57.319	76.374
507.231	297.913	62.693	74.794
502.881	297.235	64.937	75.442
499.718	296.570	63.705	75.334
495.394	296.222	64.297	75.647
492.307	296.755	65.290	75.088
488.913	295.982	64.725	75.260
487.312	295.206	62.475	75.968
485.805	294.910	60.406	75.550
483.113	293.282	60.337	74.619
479.104	291.198	60.100	75.490
475.039	290.631	61.239	75.939
470.988	290.014	60.789	76.267
469.629	289.899	60.813	76.843
468.807	292.114	60.717	74.973
467.966	292.232	60.323	74.774
450.944	290.780	75.960	75.901
435.799	289.390	90.041	75.635
431.292	290.982	91.239	74.918
425.040	291.335	94.876	74.680
419.502	291.226	95.255	75.042
416.103	292.139	94.931	73.979
410.762	292.288	89.998	73.334
407.253	293.278	84.644	72.555
401.226	293.823	87.969	72.568
398.238	294.201	81.472	72.036
391.831	294.721	69.275	71.025
384.833	294.060	66.574	73.250
382.693	292.140	62.728	74.945
374.351	291.155	69.952	75.740
364.260	289.100	77.191	77.458
357.743	289.175	77.098	77.296
346.282	290.048	77.760	76.680
338.944	291.022	78.631	76.204
331.348	292.071	80.124	75.674
322.429	292.241	79.237	75.640
311.765	291.833	84.878	75.571
302.163	290.928	93.260	75.698
292.317	290.064	99.560	77.165
283.877	290.592	105.657	76.666
276.570	290.439	107.899	77.167
270.718	289.823	108.868	78.288
262.186	291.266	98.536	77.657
258.135	292.707	89.259	77.174
252.605	293.530	83.724	75.704
248.337	293.327	81.400	75.682
244.820	292.717	79.041	75.885
224.696	290.546	91.547	77.478
213.897	288.903	96.933	78.544
207.338	289.068	98.988	78.673
197.078	287.645	100.847	78.315
189.652	286.099	100.113	77.368
172.565	285.575	88.842	77.898
163.079	286.917	87.002	76.999
155.019	286.256	88.295	76.428
146.075	286.039	85.814	77.162
139.001	285.597	88.127	76.296
124.294	285.008	101.101	77.893
117.141	284.608	106.549	79.209
105.996	286.127	114.574	78.497
101.650	287.170	110.674	76.957
95.484	287.912	107.065	75.995
78.880	289.203	93.591	74.730
76.226	290.908	86.841	72.873
69.257	290.298	88.268	72.143
63.236	288.759	88.812	73.982
56.135	287.254	89.020	76.600
44.775	285.199	93.564	81.450
37.394	284.123	94.222	82.632
29.802	282.712	96.615	83.663
29.535	284.177	92.161	81.943
28.651	284.652	88.546	81.085
30.293	287.346	82.948	82.102
34.143	289.481	81.206	82.204
37.750	291.953	80.577	83.904
43.429	293.474	81.464	86.108
47.764	296.514	90.849	87.747
56.455	302.045	99.236	87.317
66.782	308.043	91.551	83.100
78.213	311.518	87.256	84.806
92.457	316.311	85.054	84.005
108.736	320.221	85.056	84.464
130.607	323.459	82.026	85.328
150.308	323.406	77.425	90.649
161.645	326.678	81.871	90.210
172.102	327.355	80.324	93.487
181.268	330.467	74.269	94.486
191.739	336.877	72.487	94.685
199.356	342.033	71.072	94.241
205.290	346.005	69.062	93.137
209.597	348.802	68.165	92.546
213.756	350.941	66.791	92.130
218.337	352.538	69.606	92.350
223.291	352.937	70.347	93.568
226.496	354.179	72.564	93.493
228.852	355.907	73.952	92.313
230.226	358.164	75.405	90.811
232.589	359.501	75.878	90.602
234.000	359.545	75.107	91.967
234.733	359.414	75.115	92.645
235.124	358.767	75.013	92.056
235.922	357.977	74.157	93.639
238.706	356.271	74.204	94.323
240.854	353.366	75.147	97.020
240.489	354.230	81.665	96.466
241.293	352.527	84.094	97.884
241.451	351.210	87.047	99.058
242.956	348.949	90.868	100.056
245.948	346.244	89.026	102.614
247.364	345.474	89.444	104.130
248.472	342.068	96.601	106.077
249.390	342.464	100.957	104.431
255.245	339.625	105.846	104.264
261.392	338.834	102.538	101.904
268.405	337.589	98.904	101.643
280.329	336.325	89.178	102.520
281.832	335.043	91.077	102.355
287.498	331.703	90.846	105.558
289.869	329.525	90.918	105.455
290.626	327.709	94.896	106.061
291.365	326.237	97.244	104.822
293.435	325.113	97.622	104.442
298.393	324.652	94.987	100.907
304.981	323.963	87.493	100.081
308.676	321.854	85.314	100.954
310.616	319.134	85.468	102.625
310.653	316.562	88.572	104.484
310.517	312.375	92.352	108.535
311.630	308.636	96.436	109.706
311.820	306.838	99.896	110.794
313.744	304.908	98.792	112.182
315.798	304.412	97.998	111.310
321.201	302.609	93.738	109.399
324.132	301.282	90.128	108.995
324.621	301.418	88.876	108.334
326.693	300.866	89.838	107.327
328.875	297.215	88.284	110.244
334.499	292.849	88.449	111.340
336.022	290.816	92.031	111.501
338.067	289.099	88.424	110.754
339.908	287.492	85.110	110.128
340.887	286.331	83.715	107.858
342.649	286.092	81.609	105.703
343.644	285.351	78.764	106.688
344.063	280.811	77.632	108.769
342.025	275.652	78.295	112.785
338.582	271.424	78.716	114.515
331.049	266.327	85.117	114.845
327.304	262.548	88.441	117.629
326.056	260.120	92.771	117.031
325.777	257.195	92.632	119.123
325.797	257.477	91.559	114.449
328.838	257.531	84.029	112.900
336.989	257.015	74.073	113.004
338.833	254.196	74.317	113.571
339.916	251.007	75.846	115.909
342.057	248.148	78.196	116.748
345.034	243.599	89.330	117.839
346.278	241.904	90.226	119.252
348.949	239.651	89.052	120.604
351.711	238.423	87.006	121.527
353.806	236.623	85.620	121.516
355.499	237.396	83.681	116.418
357.565	238.050	79.701	114.407
357.758	239.845	78.318	112.113
358.738	241.347	77.765	110.259
358.680	241.602	79.239	109.242
358.781	239.841	82.306	109.440
360.807	240.085	78.729	108.402
362.032	238.540	76.065	109.120
363.153	236.645	74.791	110.282
365.007	236.136	73.480	109.844
369.657	234.527	70.934	109.988
373.898	235.990	69.727	109.237
378.265	236.229	69.914	109.120
381.343	236.658	70.499	108.254
385.456	238.584	69.967	106.224
388.141	238.966	70.411	106.415
395.366	240.100	66.837	105.986
399.846	240.086	67.266	106.704
406.104	239.206	67.475	108.128
414.352	236.605	66.177	110.953
419.035	235.129	70.589	112.159
430.847	234.411	77.032	113.915
436.696	233.955	81.466	114.226
441.282	233.606	83.659	114.455
445.228	232.532	83.509	114.802
448.675	230.849	82.745	115.682
455.304	229.738	79.200	115.151
458.503	229.145	79.178	114.389
463.485	229.300	77.161	113.585
466.684	228.640	77.529	113.595
473.858	228.346	73.197	114.001
488.011	225.379	63.752	114.548
493.321	222.448	61.270	115.933
496.242	220.229	59.039	115.915
496.421	217.695	59.662	117.036
497.503	216.138	59.112	117.190
500.302	215.711	58.093	115.159
501.159	215.817	55.897	115.222
502.093	216.003	54.198	114.681
502.258	217.961	52.367	112.458
501.506	218.695	51.448	111.335
498.932	219.424	57.454	108.519
504.111	213.968	55.534	113.005
505.368	212.115	59.843	112.674
506.192	211.768	59.229	112.063
507.776	211.180	55.041	111.205
508.250	209.047	54.498	111.099
509.947	208.325	54.327	110.674
511.486	208.149	55.223	113.024
518.135	208.754	52.695	114.725
522.112	210.395	54.279	113.843
525.281	211.832	65.584	115.702
525.413	212.407	70.674	116.360
528.942	213.110	70.961	116.405
533.553	213.953	67.630	116.003
535.372	215.179	64.427	114.295
537.756	216.197	63.030	114.209
538.422	216.585	61.271	113.796
539.578	216.568	60.386	113.492
539.912	215.057	58.194	114.544
542.141	213.262	56.378	115.937
543.908	210.289	55.926	117.882
545.181	209.219	55.783	117.950
546.107	208.053	56.098	117.368
545.870	207.326	59.711	117.706
545.657	206.787	66.635	117.132
544.394	206.585	75.492	115.504
544.126	205.872	78.065	116.017
544.413	205.457	78.295	115.894
544.456	204.976	78.648	116.495
545.294	204.561	78.114	117.049
549.180	201.499	74.828	119.404
551.806	201.724	72.841	118.863
555.163	200.511	69.755	119.902
557.198	199.945	69.156	120.246
559.090	199.256	68.668	120.935
562.757	198.738	67.486	120.861
564.096	198.140	67.974	120.971
566.914	198.398	68.271	120.769
569.261	198.770	69.806	120.511
572.134	199.478	70.991	120.294
576.714	201.165	72.206	119.183
578.144	200.835	74.181	119.481
579.647	202.036	74.644	118.561
581.141	202.556	74.559	118.413
582.416	203.368	74.496	118.345
583.922	204.288	73.206	117.913
583.496	203.835	71.921	119.481
581.661	203.958	71.643	119.988
577.850	204.343	72.186	120.491
572.930	204.442	73.670	122.038
565.175	204.317	74.138	123.229
559.457	204.801	75.267	124.408
556.224	204.815	73.785	124.776
551.113	204.889	73.698	123.850
546.460	204.882	72.556	123.427
537.936	204.663	70.833	122.451
530.642	203.976	72.019	121.991
522.490	202.537	71.365	122.371
513.206	200.294	72.826	122.883
506.431	197.577	71.836	123.521
495.862	193.777	72.265	123.420
488.914	191.481	72.367	124.846
481.038	189.732	74.277	125.521
472.792	188.750	75.348	125.823
465.002	188.379	76.922	126.073
455.258	189.382	76.325	125.865
451.526	189.322	76.299	125.174
449.833	190.087	76.070	125.491
448.136	190.876	76.022	124.861
447.208	191.646	76.163	125.100
449.736	194.769	76.212	123.999
452.871	194.372	76.418	124.280
455.410	191.457	76.842	124.792
455.962	188.740	78.542	125.108
457.281	186.212	77.990	125.404
456.998	183.114	78.153	126.264
456.714	183.821	77.369	127.412
455.893	185.459	75.730	128.444
457.695	187.077	74.254	129.326
459.284	189.170	75.127	129.030
463.331	194.505	74.483	125.710
468.578	197.904	73.739	129.325
472.970	203.794	76.355	128.961
478.872	206.916	77.172	129.572
489.293	202.650	78.350	132.239
496.357	200.772	74.776	131.495
499.923	196.888	72.279	131.687
505.068	192.365	69.916	132.672
503.958	188.192	67.026	133.321
497.485	186.460	67.091	131.909
478.067	184.786	65.661	132.284
478.620	182.065	66.644	133.047
482.136	178.323	68.981	132.968
486.545	177.607	72.409	131.722
495.638	178.331	74.265	130.889
488.804	178.801	77.759	132.159
474.144	181.594	82.777	131.147
463.143	185.349	84.402	130.683
454.414	186.715	86.859	132.272
447.005	184.005	88.160	133.825
428.121	175.410	95.094	133.166
414.352	173.046	94.131	133.115
402.977	172.245	90.310	135.643
391.391	171.405	84.109	137.112
380.715	169.379	79.226	140.091
375.946	165.654	72.880	140.301
375.513	161.023	73.606	143.299
377.013	160.759	72.689	142.173
376.901	162.158	72.789	138.870
378.173	166.321	71.599	136.400
380.077	171.762	69.975	137.249
379.681	175.153	70.325	138.163
379.174	179.049	71.083	137.234
379.426	181.306	67.546	139.164
378.597	184.422	65.420	138.619
377.206	189.084	57.789	137.893
373.968	188.074	56.574	138.615
373.801	186.205	54.604	138.872
375.849	188.921	52.096	137.046
377.432	190.737	51.331	136.528
379.487	194.915	50.560	134.108
376.268	191.764	56.705	135.051
373.343	188.576	60.724	137.401
374.140	187.307	62.994	137.939
375.174	188.258	63.532	135.072
372.252	188.781	64.784	134.233
369.826	186.621	66.369	135.462
364.578	182.590	67.518	138.017
361.276	178.517	67.697	141.126
357.504	177.981	68.076	138.649
356.432	176.862	69.506	138.831
358.915	172.932	69.402	140.729
362.279	172.938	68.717	138.467
363.070	171.980	70.555	137.931
365.283	171.075	70.408	139.772
368.404	171.983	70.516	138.559
372.296	172.687	70.209	139.938
380.007	172.885	68.179	141.817
386.472	171.655	68.155	143.774
390.826	170.067	69.043	145.382
397.925	168.801	68.632	145.066
404.623	171.043	66.986	145.457
410.237	176.947	65.799	145.392
411.952	183.466	67.050	144.237
412.526	188.327	67.059	143.849
414.036	197.761	66.795	145.637
414.699	206.288	66.217	146.822
412.986	213.202	67.293	148.096
408.749	224.469	69.269	146.096
404.289	236.646	70.435	145.655
394.153	254.571	71.685	141.887
380.402	270.203	73.864	147.611
372.793	279.912	70.491	146.899
362.453	286.692	72.857	146.236
353.670	289.727	74.601	145.603
347.906	286.615	78.120	147.346
324.675	277.269	80.596	148.370
313.552	272.904	80.269	147.631
306.232	265.997	77.597	149.005
297.383	259.326	78.137	150.976
289.862	254.482	76.357	151.575
265.563	250.873	76.769	148.928
255.095	249.484	73.388	149.928
243.032	250.003	75.093	149.928
231.995	250.237	78.316	149.481
223.824	251.452	78.783	150.513
209.957	249.958	80.553	152.046
207.272	247.659	82.136	153.654
207.363	246.355	78.528	152.408
207.356	244.088	74.970	154.271
208.009	244.174	74.830	150.836
218.311	239.466	73.982	152.502
225.520	238.390	77.415	152.311
230.065	239.332	84.831	151.380
235.945	239.016	92.151	150.264
245.450	238.115	96.979	149.423
272.656	238.830	96.455	147.412
282.692	237.702	97.928	148.859
297.738	238.582	97.349	147.740
311.694	237.562	95.418	148.310
326.954	238.439	90.943	148.346
351.198	242.178	81.621	148.090
364.339	243.962	78.211	148.892
375.368	247.612	75.495	147.467
384.800	248.575	72.469	147.227
393.292	250.690	70.078	144.996
393.701	251.413	71.484	144.457
391.297	252.578	72.347	144.503
387.323	251.190	76.425	147.302
383.181	253.686	80.604	145.950
361.536	255.413	97.525	145.476
328.303	256.747	111.167	144.724
328.569	261.358	107.953	140.334
321.906	259.947	108.909	142.955
306.801	259.094	115.547	145.107
298.949	257.109	110.240	147.480
285.511	256.734	106.865	147.815
282.824	256.211	100.847	148.657
280.581	255.512	95.260	146.687
278.223	254.198	89.037	146.636
274.380	254.429	85.680	148.223
268.869	253.249	78.775	151.834
267.492	252.241	77.618	152.600
268.473	251.290	77.609	153.259
273.742	247.354	76.325	154.951
279.503	245.290	76.156	155.070
296.491	242.961	75.424	156.392
307.033	244.735	77.441	155.663
319.975	245.720	78.507	156.165
334.387	246.589	79.609	157.053
350.095	251.072	76.923	153.484
373.476	255.403	79.925	151.346
390.704	257.386	79.656	151.690
409.469	258.524	76.430	151.473
426.182	259.680	74.798	151.145
442.738	261.032	70.386	151.250
459.863	262.698	71.079	153.905
472.564	264.903	74.662	154.617
484.879	267.457	80.728	153.892
495.559	269.817	86.883	153.553
504.357	273.470	93.590	153.726
515.850	277.834	105.751	154.155
528.408	283.409	106.323	155.166
541.036	289.901	107.734	154.882
555.192	298.819	105.077	152.983
568.114	308.436	103.737	151.759
581.754	321.944	103.672	155.770
585.461	335.085	105.887	154.545
584.027	345.967	104.562	157.021
580.123	357.007	103.236	156.885
575.278	365.635	100.224	156.960
569.502	375.011	90.123	155.939
565.348	378.559	82.362	157.565
557.672	378.550	76.480	156.417
550.070	374.106	76.265	159.531
546.950	372.343	72.864	159.461
539.267	369.215	74.166	160.405
529.651	366.836	78.344	160.606
517.526	363.207	87.232	161.421
504.849	360.476	94.472	159.074
492.594	355.264	101.600	159.820
472.388	344.697	115.593	160.543
466.455	335.902	115.356	159.885
460.145	322.742	115.481	160.737
452.022	311.236	114.146	160.318
446.307	299.641	108.928	160.320
435.611	275.203	96.261	162.777
424.388	262.137	89.374	160.449
409.236	248.958	88.050	163.195
395.413	237.186	81.078	163.496
378.549	224.961	83.729	167.458
350.547	207.805	84.290	163.909
336.942	202.801	78.141	159.328
315.776	195.052	85.302	162.258
295.415	191.353	92.610	159.112
274.129	185.827	102.694	160.384
226.832	183.222	119.452	155.826
210.225	179.957	118.390	157.245
196.168	180.087	124.347	153.606
179.071	176.120	122.491	154.780
162.243	174.153	115.421	156.664
126.627	168.422	110.860	156.452
104.786	168.692	112.464	155.927
87.036	167.281	107.232	157.441
74.380	164.011	92.022	161.008
54.463	161.434	84.097	163.648
25.195	161.743	80.172	165.501
12.685	162.353	77.111	166.300
2.209	165.143	79.904	164.307
0.000	167.302	72.204	164.633
0.413	171.620	66.585	161.934
2.099	179.453	64.256	157.944
2.169	184.088	63.312	156.555
3.188	190.025	63.106	151.532
1.395	197.005	63.978	148.002
2.154	200.018	65.702	146.464
1.218	200.369	62.789	144.748
2.033	202.207	58.329	146.738
2.075	200.692	55.808	152.697
1.252	198.953	51.429	158.254
0.907	203.235	51.432	153.392
0.681	200.346	56.117	157.146
1.794	199.393	57.492	157.586
2.514	200.679	61.620	156.328
1.554	209.181	67.375	149.647
1.158	213.935	72.559	146.555
1.375	215.271	79.855	148.801
1.697	218.161	87.231	147.148
1.305	217.584	90.112	149.989
1.487	222.076	97.335	146.914
5.324	220.612	96.830	151.843
13.523	226.729	94.427	148.581
26.094	229.747	84.904	148.027
40.414	231.107	75.264	148.408
54.023	237.926	68.364	144.309
69.381	241.291	63.688	144.211
92.379	245.258	68.606	144.234
106.883	258.318	72.482	134.513
116.851	265.848	84.982	130.551
127.517	269.109	98.339	131.240
141.992	273.730	108.791	128.557
176.569	279.362	115.998	124.832
202.669	269.552	118.595	136.374
228.618	265.959	110.113	140.900
246.009	276.592	106.638	132.047
261.686	265.510	103.090	143.004
280.962	259.528	98.769	149.030
292.211	252.848	94.676	155.103
297.727	259.541	93.026	147.952
311.118	251.118	87.591	137.062
327.721	247.828	79.911	141.857
342.760	245.803	73.173	147.009
356.287	245.547	67.716	147.057
364.194	244.648	66.802	138.744
365.567	247.543	71.938	136.581
372.020	247.584	68.791	139.831
373.304	247.455	70.647	136.169
370.456	247.879	74.521	135.767
372.673	252.323	75.053	137.193
371.920	253.638	74.868	132.162
369.636	254.663	84.379	139.388
365.222	257.431	85.269	128.091
370.451	256.199	85.721	125.816
370.597	255.148	85.312	126.610
371.473	255.358	89.703	126.219
372.305	253.531	93.708	131.060
344.850	236.182	97.036	134.440
351.313	226.946	84.641	134.065
331.986	231.665	87.439	127.342
330.099	228.697	90.516	116.845
339.592	242.157	77.841	133.914
326.282	238.363	79.048	137.617
329.936	237.201	76.633	135.357
331.913	241.456	76.750	125.203
334.715	235.530	77.522	115.506
336.613	233.336	78.468	119.632
334.757	233.176	77.596	128.117
328.508	230.720	80.553	138.250
330.071	239.367	83.298	137.616
328.004	227.789	82.600	145.366
325.376	227.653	87.188	142.363
328.032	225.922	88.433	143.111
329.592	227.641	84.828	138.952
326.902	223.374	84.501	136.860
320.755	220.038	83.080	132.544
330.305	222.270	75.419	121.841
327.031	224.031	81.234	132.908
340.001	225.207	86.436	132.674
308.689	231.594	85.644	135.685
293.115	229.106	91.802	134.001
260.046	277.589	103.225	87.068
295.328	221.709	79.385	119.000
295.540	222.861	67.585	126.015
287.026	222.255	70.813	122.029
287.462	220.390	71.115	128.164
287.764	220.750	73.561	130.910
286.225	216.801	79.326	146.490
288.999	215.571	76.942	137.124
