255.000	257.000	31.000	30.000
251.125	261.245	36.902	23.036
250.039	261.316	37.201	23.079
249.331	261.371	37.226	23.116
248.855	261.607	36.718	22.645
247.536	261.652	37.299	22.619
246.645	261.819	37.238	22.605
247.044	261.715	36.698	22.840
245.352	262.223	37.458	21.993
245.281	261.844	37.248	22.050
243.796	262.470	37.870	22.010
243.746	262.620	37.285	22.039
241.978	262.601	38.500	22.242
242.378	262.132	37.771	22.566
240.881	262.443	38.215	22.422
238.375	262.066	40.359	22.465
238.419	262.799	38.905	21.737
237.095	262.132	38.791	22.707
235.963	262.732	38.546	22.029
234.076	262.463	39.279	22.533
232.280	262.799	39.582	22.351
230.596	262.630	40.459	22.834
229.628	263.106	40.481	22.281
227.990	262.995	40.711	22.389
227.295	262.842	40.761	22.730
225.126	262.899	41.898	22.680
225.522	262.988	40.482	22.702
223.998	262.640	41.683	22.174
222.870	262.584	41.723	22.694
219.237	262.826	44.664	22.581
217.394	263.332	44.930	23.468
217.073	262.891	44.337	23.214
215.244	263.037	43.825	23.162
213.976	262.847	43.497	24.149
213.203	263.205	42.730	23.821
211.300	263.242	44.834	23.330
209.717	263.275	44.375	23.282
209.482	263.315	46.703	23.157
208.522	263.224	45.088	23.738
206.002	263.199	46.437	24.048
206.419	262.771	43.259	26.293
204.406	262.701	45.269	25.979
203.379	263.098	44.364	25.400
201.406	262.851	45.221	26.029
199.777	262.981	46.246	25.950
198.018	263.333	46.002	25.671
197.423	263.142	45.630	25.963
194.290	263.482	48.266	25.718
194.104	263.638	47.703	25.258
191.743	263.511	48.831	25.219
189.647	263.552	48.849	25.169
189.127	263.669	47.897	25.022
188.212	263.778	46.575	24.756
186.452	263.343	48.758	24.665
184.041	263.751	48.883	24.172
182.302	263.778	48.989	25.287
181.622	263.638	47.311	25.699
179.610	263.404	48.495	25.865
177.121	263.456	48.781	25.540
174.534	263.997	47.659	24.480
172.376	264.042	49.952	24.647
170.921	264.027	50.483	25.087
170.856	264.216	49.281	24.802
169.186	263.997	49.653	24.700
166.385	264.204	51.664	24.749
165.590	264.004	49.707	27.096
162.725	263.499	50.592	27.626
161.524	263.302	50.215	28.556
158.943	263.467	50.662	28.296
155.490	263.335	51.697	27.624
154.754	263.100	50.914	27.901
151.022	263.045	51.421	28.778
149.493	263.307	51.164	29.315
147.292	263.349	51.556	29.130
143.866	263.043	53.309	29.282
141.094	263.665	54.231	29.348
138.760	264.104	55.645	28.637
136.870	263.877	56.265	28.929
134.094	263.843	57.919	29.286
130.360	264.804	59.876	29.153
128.593	264.830	59.308	28.748
127.143	265.326	59.858	28.556
125.840	264.823	59.862	29.018
125.020	265.238	60.391	28.972
121.592	265.147	62.942	29.595
117.960	265.032	64.034	30.613
112.457	264.791	67.324	30.971
108.542	265.343	68.989	31.100
107.356	265.002	66.504	31.285
99.189	264.709	66.939	31.781
96.653	265.376	67.301	32.593
94.453	264.565	65.864	34.458
92.356	264.793	64.854	34.250
87.930	265.148	66.942	33.871
85.163	265.330	67.219	34.385
83.819	265.344	65.049	34.102
78.401	264.997	68.595	34.627
75.003	265.539	66.833	34.362
71.860	265.667	68.221	34.405
70.310	265.878	71.012	34.419
68.032	265.920	67.049	34.637
62.944	266.285	68.521	33.415
58.245	266.325	69.806	32.980
54.420	266.402	71.780	32.823
48.743	266.420	75.856	33.609
45.162	265.897	77.758	33.873
43.503	265.925	78.992	34.460
40.852	266.375	79.775	34.248
36.999	266.417	77.832	33.929
31.326	266.925	73.777	33.527
24.396	267.320	77.063	34.149
19.971	266.834	77.848	34.711
15.354	267.019	76.265	34.717
9.207	267.703	79.904	34.264
