450.000	203.000	91.000	59.000
458.432	196.334	90.686	62.099
466.377	193.620	92.774	58.174
481.244	190.320	102.077	62.455
520.353	189.532	103.611	64.757
533.251	191.023	93.811	71.859
540.418	193.417	85.365	85.979
537.358	210.239	92.642	83.482
559.439	213.923	69.309	80.359
580.704	221.062	49.296	71.223
579.853	222.593	50.147	67.699
581.387	233.678	48.349	61.767
590.384	232.881	39.144	54.048
580.827	234.518	49.173	53.224
572.316	229.527	57.529	57.346
567.180	224.214	62.820	59.091
562.714	213.123	67.286	62.042
561.361	202.883	67.681	65.150
570.706	193.963	58.977	63.835
578.318	186.990	51.682	65.098
574.107	201.331	55.893	68.178
574.795	200.962	55.205	78.242
553.985	210.543	73.192	84.423
528.040	220.787	97.033	88.175
453.673	221.548	145.850	84.959
346.414	212.886	169.248	92.610
289.288	203.658	197.679	98.866
157.825	224.853	187.281	92.838
165.977	311.251	152.629	53.195
164.229	309.378	156.265	47.098
204.696	316.327	124.279	45.227
221.980	312.609	111.633	49.123
224.679	297.763	118.203	56.070
232.139	302.943	115.928	50.331
237.208	307.349	88.232	45.798
245.068	308.093	98.688	44.279
257.730	297.241	101.027	54.123
260.525	292.191	101.380	49.968
256.535	293.504	91.410	46.448
255.160	249.844	88.164	75.054
259.384	225.473	99.517	98.866
264.306	194.755	118.650	117.626
257.901	219.297	123.928	104.049
234.289	245.502	141.859	85.626
245.943	247.780	136.095	83.624
278.206	275.024	135.335	60.967
288.684	264.028	134.705	67.965
290.538	269.726	130.855	63.942
313.364	230.908	143.002	96.236
314.639	208.639	169.865	99.469
304.976	243.985	160.983	98.058
354.380	285.650	124.049	64.053
365.918	271.683	117.641	71.084
350.338	214.377	124.079	101.429
354.883	181.577	147.613	128.736
421.047	179.774	144.111	89.857
380.278	254.641	114.228	61.645
390.912	201.291	131.593	88.096
405.743	191.820	145.822	107.271
457.188	191.150	140.565	109.609
440.705	292.606	103.004	62.241
447.342	291.637	96.110	56.213
450.567	288.063	89.617	54.121
447.230	284.775	90.115	53.710
452.640	286.194	88.666	53.804
447.128	274.701	99.548	66.089
559.815	270.478	70.185	77.755
556.893	273.792	72.138	79.833
548.225	278.139	81.775	84.126
494.660	295.657	106.748	66.496
490.709	297.199	92.867	63.583
501.816	291.386	99.524	68.528
509.694	279.339	103.275	74.699
511.723	264.060	112.904	84.136
512.897	258.263	116.436	86.238
515.888	255.798	114.112	91.639
519.149	263.140	110.851	90.990
522.036	267.143	107.857	92.524
520.896	270.332	108.997	93.061
523.524	294.060	97.683	77.957
527.534	310.802	94.918	64.093
530.651	310.078	96.030	67.941
529.172	294.550	98.013	84.345
525.650	293.271	104.075	87.508
517.808	288.152	111.453	88.087
499.722	276.211	128.406	91.402
484.289	269.641	145.711	89.944
473.100	261.382	156.900	89.298
460.791	252.984	169.209	92.647
452.216	246.743	177.784	95.531
450.862	241.717	179.138	97.474
452.040	241.310	177.960	95.623
453.808	240.701	176.192	92.721
432.098	243.052	197.902	87.198
426.599	245.057	203.049	85.957
405.712	249.387	216.947	84.873
398.711	250.747	222.837	85.375
391.141	253.327	226.855	85.377
389.147	254.063	229.662	89.354
387.780	253.652	232.266	92.702
386.872	257.621	233.904	93.929
380.196	258.968	227.838	94.725
361.947	263.164	199.696	89.136
343.789	268.776	206.840	84.801
327.336	266.569	225.265	88.558
305.156	264.096	232.268	92.235
295.605	262.207	220.450	92.229
278.932	262.556	229.889	93.604
267.925	264.320	233.052	94.953
258.680	264.503	243.806	93.653
254.762	263.562	235.829	97.714
256.473	263.361	234.663	98.220
259.105	268.438	239.981	93.841
269.813	264.282	229.971	97.443
267.498	254.809	231.665	96.323
266.545	245.303	233.200	101.262
266.377	237.677	233.981	102.062
267.930	232.504	232.581	99.236
264.005	232.003	231.626	95.302
251.626	232.242	235.537	93.828
242.860	231.674	237.558	95.235
240.128	232.529	236.953	94.085
235.583	236.604	237.111	93.669
231.437	240.088	234.392	90.881
236.578	243.567	232.410	91.251
235.071	246.351	223.438	89.359
231.538	249.733	227.224	86.688
232.742	252.805	229.641	85.269
222.365	253.740	234.441	87.815
224.578	252.112	226.839	89.738
218.665	253.976	221.371	90.644
213.650	252.319	220.431	92.320
205.315	253.468	222.206	92.272
201.276	259.920	220.833	87.500
195.897	262.217	222.914	86.796
184.565	262.265	218.092	90.246
171.997	268.222	207.497	88.708
160.506	274.654	193.075	87.218
148.325	283.196	197.340	87.094
133.623	291.424	209.186	89.716
110.329	303.754	213.909	85.553
91.575	308.514	218.344	83.694
68.265	311.978	215.500	83.634
48.761	314.274	216.954	85.895
35.050	317.108	212.734	85.445
23.968	314.387	207.692	88.369
20.874	308.501	201.897	89.546
17.446	303.973	200.152	89.613
13.644	301.877	198.097	87.516
10.544	300.909	197.119	85.949
3.567	299.575	198.639	85.371
0.000	294.042	196.748	86.126
0.000	289.522	193.764	85.074
0.000	288.424	193.117	82.992
3.872	290.101	194.087	78.727
10.125	293.596	192.972	75.941
15.511	294.314	189.689	76.495
21.709	294.350	184.607	75.584
28.928	294.727	179.434	74.303
36.028	298.541	181.250	69.663
52.338	296.933	171.174	69.195
70.738	295.253	160.835	67.430
86.433	291.832	151.267	65.187
98.993	288.056	142.179	62.907
99.429	284.465	143.258	61.882
102.233	274.259	140.304	63.704
127.432	260.016	126.692	67.397
145.702	247.063	121.695	67.475
148.373	237.775	127.211	63.640
141.862	232.355	139.006	58.026
155.349	234.102	135.992	56.828
147.757	241.806	145.248	62.737
163.108	245.972	129.041	58.223
166.373	263.161	141.466	58.624
157.068	265.131	151.335	62.781
168.081	269.745	155.110	57.545
174.836	270.919	173.372	63.730
177.880	270.086	166.511	64.664
195.098	271.645	168.303	64.973
198.051	273.402	157.441	64.529
203.767	278.435	137.886	62.382
205.301	281.365	116.924	60.985
204.037	279.878	110.778	63.896
198.663	280.013	109.342	63.024
193.402	281.821	106.122	60.871
186.888	279.288	98.492	61.815
179.104	276.640	99.917	61.569
175.795	272.278	106.702	62.843
181.783	269.966	105.370	63.142
192.163	271.771	104.785	64.235
208.787	273.753	116.518	63.984
226.096	272.045	124.259	63.634
234.488	272.427	120.881	61.449
231.853	272.384	124.605	61.087
232.353	272.359	123.176	60.308
230.287	270.278	122.467	61.439
231.440	269.735	121.281	60.699
234.396	269.636	120.263	60.393
235.502	272.767	120.401	59.456
235.651	273.278	122.446	59.256
236.972	271.912	123.462	59.956
243.764	269.334	118.711	58.799
249.045	267.183	113.613	57.900
251.810	265.695	111.816	56.111
254.718	264.570	107.884	56.437
255.318	266.616	103.062	53.820
253.380	269.992	98.308	52.340
238.140	273.733	113.046	50.761
242.843	274.312	104.262	52.692
244.212	275.266	104.371	54.625
241.108	272.764	104.431	59.061
235.116	276.628	106.260	54.432
233.685	279.197	108.412	52.992
233.428	279.887	113.746	52.333
234.347	279.070	117.710	54.526
235.295	279.822	110.315	54.635
235.877	280.140	122.155	54.683
239.361	281.247	123.593	53.926
239.613	281.771	99.400	53.804
240.819	282.020	92.903	53.925
242.297	280.804	90.912	54.937
243.302	281.362	92.913	53.567
242.910	282.641	96.981	51.763
243.655	282.791	94.851	51.527
245.083	281.674	93.392	52.417
244.280	279.366	94.088	53.899
239.009	276.258	97.601	54.029
236.863	275.781	100.480	51.774
236.665	276.009	100.325	51.819
236.477	276.739	98.796	51.135
235.067	278.737	99.328	51.120
232.638	280.685	96.233	50.443
230.191	281.682	95.636	51.121
229.188	284.774	93.601	50.504
225.346	284.503	94.445	52.148
222.706	286.569	93.536	51.733
219.808	288.235	94.666	49.621
217.447	288.930	94.876	49.107
217.836	289.651	94.318	48.042
217.654	287.719	91.701	49.245
217.313	285.929	90.978	50.072
219.099	286.270	90.942	47.891
220.033	284.791	91.834	48.206
220.198	284.063	93.093	48.544
222.553	283.265	92.074	48.701
222.190	283.404	91.764	48.581
223.518	284.069	91.348	48.551
224.051	286.622	91.852	48.493
221.989	287.628	89.168	48.255
223.305	288.832	87.043	46.996
220.920	288.829	86.751	46.825
220.784	287.935	86.522	47.182
217.539	288.361	85.625	45.810
217.721	287.993	84.973	45.524
215.869	288.172	84.125	45.580
214.117	288.705	84.878	45.056
213.447	288.626	82.821	44.976
211.134	288.893	83.620	44.518
206.910	289.278	85.882	43.357
201.795	288.980	87.359	44.083
199.020	288.815	86.010	44.859
195.897	288.612	81.330	44.061
195.057	288.875	79.104	43.342
194.679	289.040	76.930	43.899
195.481	290.126	74.564	43.294
197.597	289.255	72.471	42.221
192.186	288.397	76.965	41.503
190.188	288.790	77.869	40.644
192.463	288.374	78.282	44.249
193.053	289.808	76.224	46.703
192.835	295.189	76.461	44.157
189.562	300.506	77.812	42.047
189.799	300.237	75.411	44.253
188.075	303.097	76.052	42.965
186.224	303.714	75.927	42.053
185.828	303.314	74.761	44.054
183.630	304.447	74.984	43.290
183.562	304.510	73.113	43.104
182.208	305.064	76.345	42.752
186.150	304.189	72.406	43.137
188.214	300.733	73.922	44.596
189.709	300.263	74.643	41.933
186.012	301.623	71.659	40.223
188.006	299.964	82.613	41.244
184.480	289.361	90.350	53.284
166.139	280.961	85.497	52.032
182.628	269.082	77.412	45.249
184.638	271.416	73.766	44.838
186.358	273.923	77.811	44.125
188.960	273.981	80.485	48.236
195.646	274.940	79.900	49.274
207.111	282.113	74.089	40.837
218.029	280.581	68.694	41.026
223.181	278.289	69.308	42.016
228.544	277.415	73.793	43.081
240.200	277.691	73.330	41.398
238.393	278.837	81.027	38.770
256.304	273.372	77.731	39.994
253.634	274.760	83.808	40.264
263.297	274.338	65.789	40.529
267.712	272.254	65.411	39.884
271.465	271.393	64.893	38.048
270.701	272.130	64.712	40.659
274.946	271.673	65.987	40.717
274.958	272.106	71.438	42.211
278.247	272.791	69.770	40.450
284.608	274.187	69.314	39.860
290.695	272.225	68.751	37.607
296.222	272.024	67.625	38.428
297.016	269.594	63.981	36.618
294.610	271.273	60.032	36.889
278.498	272.389	70.880	44.301
260.564	273.754	73.253	43.777
261.659	271.992	79.514	43.612
264.007	269.783	75.412	41.312
271.872	267.680	79.619	43.577
293.322	264.846	77.795	36.815
285.776	267.300	77.764	42.693
296.707	264.845	72.822	43.867
291.221	261.351	75.167	47.056
297.847	260.587	70.885	43.877
295.130	260.927	76.530	43.033
297.334	260.911	74.248	42.623
300.359	257.908	74.023	43.878
302.934	255.889	73.113	45.281
301.883	254.818	71.525	42.928
303.807	255.646	71.792	41.079
304.332	254.954	63.901	41.651
302.319	254.532	64.343	39.207
300.970	252.300	63.456	41.284
300.016	246.904	60.717	45.775
301.567	241.762	69.361	44.223
294.980	241.344	70.707	42.986
292.713	235.910	71.030	45.284
286.233	231.629	79.812	44.582
299.624	226.062	72.103	46.017
293.787	217.848	78.236	47.532
279.556	206.671	91.503	50.037
278.029	192.463	89.925	51.125
270.958	178.089	93.171	53.038
255.361	165.473	85.015	51.738
258.851	152.430	88.604	46.171
279.748	134.973	87.594	48.078
280.731	135.740	78.018	45.654
276.680	135.800	84.192	42.509
271.248	134.660	83.369	41.905
243.145	140.811	74.166	39.826
247.520	142.229	69.336	39.297
251.021	143.989	63.556	39.169
251.645	144.389	62.587	37.941
250.989	144.827	61.100	36.310
250.049	140.432	63.167	37.611
242.967	137.529	65.871	38.461
232.870	137.270	68.706	36.964
233.128	138.053	72.969	37.475
236.114	137.243	76.335	38.614
249.422	139.523	78.984	41.475
254.423	142.852	79.886	41.787
265.758	146.443	78.889	42.587
265.376	150.190	74.946	38.696
280.268	151.560	61.426	37.044
270.888	152.533	63.978	35.311
264.737	151.058	69.169	37.376
260.497	151.200	66.884	34.194
258.714	149.981	68.549	35.675
264.435	149.766	64.699	36.030
268.337	151.292	69.168	35.294
274.760	151.378	68.376	37.274
282.803	150.707	71.869	38.245
279.399	152.614	71.022	34.931
278.237	152.836	66.484	34.243
277.294	152.848	64.359	34.054
280.402	151.991	62.623	33.917
272.240	151.455	63.707	34.180
270.816	151.018	57.188	34.170
273.424	151.214	52.714	32.594
271.107	151.633	54.868	33.164
261.471	151.629	57.965	36.600
260.774	150.311	63.655	35.670
256.712	147.456	68.445	39.735
250.864	146.638	65.982	38.985
254.077	145.018	65.412	36.283
237.695	140.114	74.986	39.481
250.367	140.137	71.256	36.258
257.727	139.955	64.776	35.536
243.178	138.552	67.362	36.586
258.791	139.953	69.228	35.213
243.426	141.063	73.645	37.742
243.830	145.017	71.565	36.460
251.285	146.120	73.992	36.960
255.096	147.013	81.669	35.660
