673.000	217.000	37.000	30.000
673.545	213.214	35.508	34.256
674.910	210.354	35.831	33.954
677.127	208.285	35.768	33.909
678.284	206.402	36.992	33.591
680.292	203.753	38.116	34.307
680.106	202.809	39.088	33.323
679.016	202.021	39.516	34.184
677.140	201.183	39.584	34.155
674.518	200.892	39.086	34.212
667.446	200.735	42.962	34.660
666.907	199.944	41.274	36.123
664.472	198.563	42.061	37.562
662.968	197.839	42.779	37.554
661.119	197.841	43.816	37.702
655.865	196.539	41.745	39.036
655.641	195.354	38.771	39.408
653.944	194.124	38.263	40.139
653.637	194.050	37.556	39.677
652.010	194.355	38.360	37.769
648.260	196.134	40.403	36.331
644.107	200.013	47.210	36.568
640.651	200.560	44.997	40.281
646.565	199.585	46.977	40.698
648.676	199.523	44.893	40.010
648.412	198.941	50.447	40.892
652.839	199.102	52.451	43.673
649.502	199.872	54.824	44.316
655.347	201.942	54.744	45.339
653.270	205.575	50.676	44.332
646.636	211.518	44.694	42.554
667.365	211.672	47.533	41.198
665.429	214.352	50.211	40.363
669.863	214.838	46.222	41.839
641.769	213.378	45.102	42.317
633.530	211.922	46.738	39.696
637.276	212.147	44.953	38.711
665.692	216.819	45.059	39.018
635.757	213.469	43.113	39.489
637.277	214.199	41.623	41.181
640.490	214.342	42.775	41.990
670.510	215.862	48.117	43.169
679.506	215.265	45.461	41.306
642.315	217.809	47.984	45.966
640.744	219.969	49.967	43.814
640.461	221.314	49.423	42.714
684.286	223.094	52.872	41.532
676.081	224.610	59.258	43.572
645.447	222.399	46.445	46.790
647.071	221.976	44.760	44.355
646.943	221.101	44.566	43.716
652.528	221.740	45.542	44.507
644.855	218.479	62.218	48.379
630.593	206.193	51.834	46.680
633.132	202.835	48.871	47.708
635.280	204.437	49.591	44.698
635.914	208.910	52.837	42.728
642.379	209.749	51.829	43.274
629.299	213.926	57.242	40.689
629.996	218.589	57.350	41.321
631.577	217.401	58.406	41.808
623.406	220.027	64.725	39.381
625.557	220.967	65.821	41.004
634.349	217.175	62.643	49.307
640.028	210.961	49.779	47.221
597.219	222.584	56.472	47.266
587.879	222.965	60.827	43.773
586.740	222.100	62.174	43.076
583.628	222.937	62.357	41.694
584.024	223.332	63.617	40.889
581.586	221.989	65.735	42.531
572.193	220.435	63.750	43.192
633.306	209.934	51.898	42.238
565.721	219.971	67.433	45.519
563.156	221.565	68.777	45.993
560.109	222.016	69.242	49.266
557.285	228.509	67.862	49.645
553.780	229.857	68.449	52.276
548.525	235.609	69.034	50.762
543.911	237.640	69.550	51.599
538.862	240.953	69.755	53.739
530.650	248.918	71.408	52.499
526.689	252.754	71.708	52.577
521.918	256.574	72.544	52.433
514.626	259.182	76.356	53.256
505.562	261.339	77.531	52.445
486.800	261.423	79.394	52.507
472.478	260.622	80.968	52.396
458.695	258.657	80.553	53.467
445.302	256.166	80.710	53.549
434.136	254.951	80.622	53.293
420.508	254.891	79.165	53.190
415.685	254.418	80.555	53.768
408.869	254.556	82.178	53.973
401.780	254.795	82.228	54.998
396.244	256.385	81.160	55.791
377.514	260.125	87.172	56.630
375.610	261.089	82.850	55.969
366.846	261.432	85.043	55.845
359.451	261.295	86.896	55.951
356.896	261.093	82.479	56.168
346.083	261.085	80.725	57.077
343.407	260.941	79.232	56.890
340.001	261.139	78.256	56.936
338.026	260.915	76.509	57.325
335.912	260.241	76.903	58.067
337.668	258.979	70.772	58.638
340.819	258.024	67.286	60.311
343.561	257.383	63.492	60.015
345.650	256.867	61.575	60.463
348.095	257.966	58.689	60.029
357.958	257.628	48.772	65.595
360.016	259.751	46.690	66.208
355.179	262.695	50.353	64.110
294.151	265.531	63.681	62.883
291.152	265.807	75.011	65.854
278.201	267.916	87.243	65.628
273.016	271.841	92.058	65.817
267.889	271.879	98.784	62.733
260.039	270.628	108.297	66.582
255.994	271.247	109.670	64.773
248.906	270.999	113.999	66.718
245.388	270.758	113.111	67.378
241.445	271.647	116.871	67.615
238.288	271.674	119.327	68.051
234.091	270.874	123.892	69.209
230.176	271.115	124.178	72.030
227.831	272.988	122.887	70.329
232.296	271.567	115.708	72.522
231.850	271.255	112.040	73.373
231.649	272.673	109.555	73.712
218.865	271.757	118.137	74.948
209.829	271.738	123.593	74.110
179.812	272.256	152.969	75.656
165.426	272.152	159.696	77.211
158.210	269.988	159.695	80.297
143.021	264.806	158.659	84.148
132.869	263.460	162.856	82.590
123.626	261.255	169.810	83.606
113.198	261.196	176.664	82.968
103.344	259.505	179.752	85.938
78.494	258.017	197.058	87.061
69.220	257.748	197.524	87.196
55.687	258.697	205.935	87.578
46.030	259.235	205.767	88.733
31.201	258.249	208.765	89.942
8.664	256.219	215.307	93.361
0.000	256.017	214.698	94.044
0.000	255.651	204.364	96.513
0.000	254.909	191.740	99.055
0.000	255.240	180.551	100.326
0.000	253.841	167.585	104.177
0.000	254.341	154.893	105.788
0.000	253.385	143.459	108.914
0.000	252.964	133.725	110.533
