285.000	111.000	41.000	31.000
281.870	111.341	39.180	33.791
278.366	112.009	41.232	33.751
275.011	112.892	42.654	33.922
271.971	113.797	41.668	34.076
267.503	115.129	44.921	34.115
264.856	116.434	46.875	34.539
260.014	118.464	46.660	34.590
256.030	119.321	45.568	34.347
252.139	120.211	47.921	35.272
246.023	121.967	47.198	34.874
241.745	122.574	47.936	36.504
235.565	124.288	48.902	37.309
228.952	125.702	51.115	38.096
223.617	127.163	51.636	38.465
218.026	128.416	53.966	40.289
211.780	130.172	56.245	40.217
206.735	132.195	57.090	40.273
200.753	132.622	58.621	41.776
195.387	134.342	58.606	42.635
189.307	136.526	59.003	42.884
183.779	137.921	59.579	43.382
177.168	139.176	61.465	44.146
171.499	141.329	60.899	43.836
167.468	141.913	61.903	45.152
160.685	143.728	62.979	45.620
155.407	145.543	63.616	46.333
150.199	147.253	61.461	46.492
143.810	149.689	64.690	46.993
137.140	152.565	64.502	46.708
130.999	154.491	65.492	47.948
125.728	156.184	66.886	49.905
121.071	158.696	66.815	49.953
116.331	161.211	66.791	50.732
112.958	163.273	68.970	50.258
108.037	165.294	68.693	51.209
104.047	167.898	69.705	52.668
99.479	170.466	70.077	53.123
95.625	173.010	70.807	53.976
91.680	175.636	71.607	55.546
88.793	178.954	71.606	55.442
84.461	181.494	74.290	55.998
80.713	185.487	75.924	57.412
78.202	188.139	77.014	59.253
75.383	191.221	79.140	60.716
73.933	193.354	79.750	61.104
71.976	196.312	80.288	63.775
70.009	199.517	82.404	65.740
68.544	202.752	83.876	67.793
68.160	206.589	86.629	69.274
67.059	211.334	89.511	70.343
67.110	215.486	90.836	72.217
67.564	219.750	92.876	73.767
68.149	223.713	95.359	77.085
69.493	228.571	97.752	78.433
71.512	231.786	99.066	82.520
73.301	235.848	102.092	83.685
75.585	240.786	106.083	86.673
78.464	246.614	110.850	89.451
83.321	252.617	115.021	91.641
86.647	258.888	121.847	95.196
92.035	265.432	127.173	98.013
100.039	270.750	133.392	101.376
106.806	278.479	140.562	105.312
115.979	285.277	146.311	108.896
123.755	291.834	152.503	113.762
131.867	297.664	161.183	116.213
143.616	305.466	171.584	122.432
157.812	313.956	181.875	129.871
173.868	326.116	192.236	128.830
