664.000	174.000	32.000	125.000
657.259	181.688	38.222	110.793
651.288	180.815	40.131	112.256
644.730	183.789	41.849	112.238
640.649	185.479	41.471	107.869
634.670	184.236	41.181	110.519
628.629	184.156	39.481	108.128
623.045	184.374	37.596	113.509
616.897	186.634	38.968	111.178
610.826	188.074	40.906	110.315
604.063	189.532	40.916	106.789
597.623	187.899	37.911	107.238
590.754	186.024	38.440	111.512
582.079	188.658	41.626	106.517
571.255	190.152	42.782	113.900
566.310	187.452	42.247	118.912
563.312	186.070	39.766	120.447
557.983	187.297	39.200	118.642
550.942	188.569	39.744	116.259
544.834	189.807	39.513	115.120
538.433	190.082	38.090	115.262
532.788	189.844	40.358	112.210
525.031	189.983	41.613	111.965
516.799	190.520	44.384	112.536
508.703	192.471	40.776	110.925
505.346	190.794	37.839	114.110
500.337	190.321	36.663	116.938
494.314	190.917	35.032	115.128
488.316	190.406	37.849	115.692
478.983	193.068	39.237	112.341
473.164	191.945	38.857	113.831
466.561	192.379	37.586	113.616
459.353	191.107	38.763	112.584
451.467	194.632	37.774	110.189
446.680	198.917	36.619	102.635
433.364	202.332	40.182	94.692
425.162	201.894	36.853	93.107
419.700	201.244	35.567	103.510
415.731	198.164	39.806	105.963
406.786	202.759	36.015	104.087
399.413	189.475	36.162	108.599
391.040	190.455	38.119	107.689
380.138	190.723	37.350	110.627
369.750	193.970	42.153	108.965
361.391	194.368	44.077	113.871
358.380	192.645	40.634	115.556
350.934	190.538	38.664	113.915
342.698	190.026	38.982	118.185
328.673	191.459	42.991	116.860
323.253	192.810	39.259	116.687
318.054	190.331	36.583	119.068
309.338	188.478	38.568	119.522
300.013	190.716	41.752	115.916
293.286	192.018	43.417	113.631
288.212	191.853	43.121	113.779
284.284	190.698	41.599	113.940
279.181	187.278	39.227	116.304
271.522	186.967	38.128	116.148
257.491	188.575	44.571	115.439
255.256	190.060	38.447	113.518
250.715	185.063	36.890	120.213
243.921	186.733	37.144	114.826
236.241	186.742	41.668	111.518
231.201	188.242	42.233	106.700
228.800	186.232	38.804	98.282
223.303	184.457	41.531	104.423
220.923	180.960	44.286	107.779
215.133	186.328	36.938	108.636
208.838	182.770	38.258	112.872
199.773	185.221	39.004	111.531
195.634	183.818	41.455	95.671
190.883	182.295	38.454	97.699
179.390	174.984	42.053	107.221
176.298	181.435	43.189	102.432
174.013	176.935	40.636	101.805
169.311	177.661	36.474	97.361
166.348	176.201	35.345	90.702
160.627	176.958	38.004	90.421
157.678	177.650	35.895	91.227
148.990	177.770	37.648	89.074
143.384	178.124	35.865	85.761
136.646	177.670	37.294	84.189
129.589	176.199	40.032	85.710
124.919	176.203	40.698	87.627
122.499	175.710	37.975	87.034
119.549	174.021	34.587	82.663
115.960	173.475	34.369	83.913
112.819	168.560	33.956	87.738
107.935	172.814	35.593	84.102
102.641	173.237	35.405	80.836
97.656	172.632	36.891	82.092
92.801	171.430	37.962	77.894
87.155	169.835	39.156	82.762
87.770	171.162	35.423	79.660
85.996	169.674	36.288	83.135
81.241	169.867	38.484	83.804
78.083	168.461	38.335	86.827
75.536	167.080	36.775	87.552
71.720	166.882	37.998	88.798
69.851	165.918	34.976	86.088
65.795	166.610	34.021	81.321
