207.000	169.000	223.000	126.000
206.420	168.471	225.251	128.464
207.247	169.395	225.418	125.980
206.161	169.098	224.793	126.726
206.719	168.008	225.633	127.743
206.041	168.068	226.677	127.805
207.110	168.784	224.382	126.446
205.948	168.712	226.997	127.257
175.741	168.476	229.013	127.045
144.195	169.906	230.365	127.055
112.612	170.950	228.911	129.798
79.186	171.638	227.788	128.475
52.383	172.099	227.908	130.152
52.057	174.918	231.643	127.239
54.708	173.971	233.258	128.061
55.819	174.851	234.780	130.488
58.462	176.025	233.973	130.284
61.368	175.907	237.423	129.068
60.884	176.619	241.993	131.347
63.924	177.151	245.248	130.744
69.397	176.608	245.509	134.234
71.994	178.921	250.993	136.969
81.137	180.469	251.874	135.608
89.326	182.946	263.132	135.059
95.373	183.284	267.291	138.261
103.549	184.436	270.691	138.358
110.900	185.294	272.797	137.466
114.838	188.701	282.083	136.793
123.519	190.307	286.135	135.404
131.243	192.442	294.148	136.260
141.957	194.283	300.062	139.254
153.908	196.323	306.007	136.788
158.708	197.995	312.041	137.319
135.873	200.471	317.673	138.829
113.471	203.412	322.773	138.715
93.598	205.073	329.616	142.527
73.309	206.522	334.490	142.145
51.865	208.434	329.544	143.653
48.957	208.938	333.088	146.603
57.590	210.294	328.708	144.938
66.633	210.736	339.605	146.971
79.687	213.869	341.943	147.274
90.674	214.454	346.043	147.121
66.347	220.289	362.777	145.720
51.867	222.617	366.327	142.641
25.890	221.799	369.201	147.731
35.153	222.135	359.834	149.122
46.497	222.586	358.982	146.779
59.655	226.060	363.713	143.386
74.749	226.252	353.309	143.164
89.338	226.866	348.472	145.594
106.897	228.804	352.288	138.149
109.720	231.039	353.208	141.748
103.869	232.996	349.689	140.249
70.940	236.563	369.088	138.205
59.513	235.262	377.160	141.248
37.132	238.887	382.871	142.582
39.843	239.199	387.226	143.734
66.893	242.592	384.354	144.669
89.978	245.162	383.003	148.268
113.318	246.904	378.655	153.318
114.668	246.324	400.020	160.792
135.377	213.334	389.582	165.337
162.654	211.512	398.976	163.764
179.110	212.909	398.647	164.701
199.617	216.634	400.240	169.021
227.431	219.105	400.153	171.731
260.464	222.524	367.034	173.758
260.242	224.676	369.834	177.181
250.154	230.478	377.238	176.274
243.602	233.589	381.089	178.795
235.223	237.513	391.477	182.615
218.285	243.545	409.673	184.081
214.032	246.910	412.139	188.123
210.656	250.716	413.593	196.500
209.221	253.237	417.510	202.578
207.760	259.226	419.275	212.473
203.882	268.437	423.594	208.071
202.228	277.006	422.256	200.324
202.466	281.891	421.402	196.541
201.536	292.135	423.990	188.865
229.741	313.738	396.661	167.262
262.583	314.000	363.026	165.262
289.540	325.280	337.006	152.540
