458.000	360.000	16.000	30.000
457.593	360.287	16.630	31.460
457.797	359.775	16.109	31.811
457.399	359.987	15.320	31.706
456.825	360.134	15.694	31.192
455.958	360.217	15.674	31.156
454.850	358.748	15.981	31.559
453.444	358.311	15.067	31.253
452.182	356.849	14.486	32.800
451.881	356.322	15.018	31.628
450.747	353.796	14.342	33.202
450.387	354.071	14.730	32.853
450.060	353.291	14.389	33.769
449.014	353.354	14.720	32.912
448.040	354.589	17.833	32.790
447.385	354.424	15.124	31.530
446.834	355.721	15.015	32.097
445.689	356.578	17.573	31.369
444.421	355.893	16.695	32.029
443.743	354.740	16.026	32.886
441.517	353.975	14.855	32.867
440.655	354.545	16.616	31.503
440.008	354.062	16.005	32.096
439.210	354.943	15.172	31.929
438.411	356.304	14.891	30.836
436.909	356.250	15.342	30.693
435.992	356.753	15.593	30.401
434.675	357.580	14.926	29.357
434.006	358.560	14.274	30.174
433.264	359.010	14.525	30.758
432.773	359.830	15.503	29.821
432.204	361.231	16.054	28.563
432.176	362.642	16.413	29.927
428.179	366.722	15.013	28.364
427.686	368.081	13.968	28.475
427.296	369.867	13.696	28.436
425.986	369.351	13.556	29.824
424.348	370.619	14.586	30.201
423.776	370.120	15.905	30.538
422.918	368.548	14.317	31.797
421.989	366.774	13.954	34.516
421.218	368.089	15.298	33.542
420.857	368.561	13.361	33.324
419.807	368.369	13.305	32.838
418.896	367.917	13.803	32.416
418.352	367.775	13.722	32.541
417.922	367.729	14.355	32.761
417.144	364.048	14.451	35.171
416.515	364.599	14.896	33.853
415.857	363.485	15.107	33.939
414.534	362.583	15.098	35.010
413.879	362.404	15.316	35.052
412.060	361.772	15.645	34.716
411.108	363.206	15.568	32.904
409.648	363.928	15.422	31.820
408.079	363.960	14.890	31.076
407.709	362.760	14.299	31.579
407.746	362.520	13.677	31.666
407.034	362.691	14.332	30.804
406.405	362.705	15.131	30.107
405.923	362.740	14.950	29.900
404.826	362.601	16.041	31.384
403.189	364.055	15.353	31.655
402.902	365.445	14.561	30.874
402.729	366.203	14.075	31.269
402.452	367.084	13.880	31.326
402.042	367.461	13.306	31.661
401.388	368.249	14.444	30.801
401.412	367.647	15.125	31.076
401.216	368.044	15.052	29.621
399.603	367.379	15.396	30.159
400.263	367.107	15.549	29.735
399.587	366.951	15.755	29.361
398.767	365.907	15.357	30.033
398.097	365.781	15.717	30.525
397.999	367.696	17.451	28.926
400.927	368.021	20.726	29.521
417.220	370.827	19.334	28.685
438.176	369.440	17.521	28.935
453.749	370.543	18.039	28.021
458.503	373.043	17.448	28.258
461.645	369.198	17.333	26.199
457.063	362.769	18.059	29.760
455.327	360.614	16.306	29.683
453.602	358.775	17.591	30.566
449.370	359.779	19.714	30.476
447.468	363.438	19.208	28.014
446.951	366.647	16.905	26.437
445.561	368.120	15.501	27.535
444.670	371.231	15.501	28.594
443.696	372.316	14.055	30.089
441.920	375.982	16.412	28.621
441.598	377.480	15.030	28.569
441.078	376.828	14.877	31.475
439.625	374.711	15.651	31.185
438.770	374.521	15.826	31.497
438.382	373.384	15.320	29.941
437.484	372.297	14.475	28.357
436.722	370.967	14.814	28.921
435.845	370.264	15.076	28.913
435.449	368.595	14.455	30.620
434.424	368.105	14.873	30.827
434.151	369.140	14.151	29.845
433.526	368.810	14.622	30.785
433.092	370.451	15.108	32.124
432.642	368.468	14.157	33.865
432.270	370.265	14.584	34.202
432.418	371.912	14.030	34.299
430.953	370.715	14.586	34.801
430.614	370.616	14.116	34.852
430.430	372.982	14.073	34.637
430.522	373.437	14.099	34.220
430.514	374.473	13.843	34.094
429.412	375.669	14.621	32.884
428.531	376.567	15.238	32.792
428.060	375.120	15.381	34.963
427.955	374.663	15.138	35.160
428.378	373.473	15.486	35.875
428.536	374.258	15.461	35.866
429.070	373.479	15.132	35.339
429.067	373.618	15.247	34.731
430.126	376.478	14.789	33.684
431.477	375.500	16.255	34.453
436.184	381.311	18.811	29.469
448.006	380.680	20.688	26.979
459.572	379.635	20.010	25.366
464.952	382.551	17.962	25.905
466.224	381.833	16.792	26.509
465.980	382.796	16.534	26.371
463.412	383.166	18.793	26.548
459.401	382.148	19.480	26.750
456.293	378.744	17.269	28.608
455.854	376.440	16.294	28.459
454.211	372.566	15.726	29.281
452.603	365.800	16.087	28.944
451.794	361.965	15.537	29.799
450.621	359.371	16.106	31.922
449.630	357.060	16.206	33.305
448.833	355.491	16.236	34.976
447.740	355.411	16.023	34.383
447.264	354.402	15.822	34.821
446.736	353.070	15.865	34.798
446.461	351.604	15.172	35.022
445.668	350.925	15.384	34.140
443.876	351.533	16.121	32.429
443.620	350.609	15.661	31.866
442.081	349.408	16.111	31.887
441.027	349.484	15.438	32.273
439.408	352.040	15.537	31.809
437.877	352.693	15.745	32.246
438.590	351.681	14.914	32.170
438.107	353.226	14.691	31.312
438.204	353.861	14.492	32.076
438.656	354.500	14.492	33.417
438.041	355.282	15.345	33.557
437.809	355.138	15.154	31.906
437.189	355.585	15.061	32.566
436.939	353.605	14.865	32.968
435.470	352.922	15.437	33.652
434.087	354.099	15.254	34.725
431.885	352.434	16.452	35.962
432.354	350.433	17.121	36.246
431.974	352.791	16.642	34.830
431.462	349.252	16.386	35.688
431.699	350.754	15.168	35.187
431.748	350.303	15.429	35.012
432.086	350.474	15.316	34.742
431.326	350.194	16.040	35.934
430.885	349.431	16.420	36.648
430.663	348.517	16.465	37.255
430.172	348.048	16.749	38.263
429.082	348.485	17.010	37.538
428.175	351.025	16.057	36.886
428.430	350.590	15.255	37.859
427.333	353.770	15.320	37.618
425.546	358.197	15.792	35.078
424.671	361.603	15.921	32.890
424.401	362.837	15.642	33.612
424.408	363.541	15.245	35.249
423.216	362.656	15.059	33.997
422.925	361.631	14.260	32.937
421.998	359.794	14.402	31.208
421.443	356.753	13.914	35.860
419.589	356.108	15.354	35.981
418.959	354.641	16.062	37.184
418.105	354.355	16.891	36.912
417.628	355.350	16.974	36.054
416.699	354.792	17.457	37.144
415.688	356.938	16.838	36.568
414.040	360.108	17.544	35.679
413.238	364.309	16.788	34.297
412.327	365.306	16.474	34.636
412.049	366.443	16.031	33.967
411.962	365.711	15.707	33.816
411.688	365.676	15.888	33.951
410.985	364.639	16.561	34.207
410.050	363.887	16.136	34.155
409.111	362.104	16.663	35.901
408.215	363.202	16.633	35.792
407.993	364.476	15.488	36.764
406.663	369.136	15.674	34.659
406.518	373.155	14.890	33.128
405.671	373.259	15.048	33.526
404.406	374.372	15.505	33.776
403.683	375.230	15.994	33.899
401.897	372.490	16.388	35.730
400.771	370.909	16.090	36.896
399.957	369.410	16.726	35.440
399.668	368.855	16.450	34.769
399.439	368.786	15.591	34.171
398.589	371.923	15.682	34.217
397.554	374.740	16.465	34.505
397.662	378.733	16.007	34.116
396.950	383.679	14.872	33.067
395.389	387.333	14.991	32.662
394.892	390.737	15.404	30.858
394.600	392.264	14.865	33.639
394.418	393.223	14.830	34.623
392.921	393.411	16.024	35.296
391.165	393.441	17.487	35.113
389.123	393.351	18.423	35.455
387.462	394.036	19.720	34.833
386.503	394.019	18.377	35.504
385.827	395.072	17.379	36.704
385.076	395.351	16.503	36.942
383.382	394.330	17.680	36.644
382.482	393.355	17.454	38.251
381.225	393.322	18.100	37.990
381.239	392.694	17.189	38.308
380.025	392.517	17.421	37.821
379.136	392.283	17.758	37.647
377.570	393.552	17.896	36.621
377.054	395.348	17.669	35.396
375.822	395.522	17.099	35.542
374.593	396.207	17.227	34.943
373.504	397.354	17.627	35.115
372.974	397.334	17.102	35.532
372.924	396.586	16.894	35.543
372.673	395.411	16.651	36.225
372.392	394.361	16.844	37.448
372.420	394.285	16.263	37.362
372.072	394.187	16.460	36.813
371.629	393.810	15.820	36.907
371.212	394.830	16.150	35.788
370.308	393.854	16.538	35.370
368.956	393.935	17.118	36.176
368.850	393.272	16.802	36.306
368.260	393.098	17.273	35.710
367.704	391.415	17.411	37.974
367.455	389.881	17.775	37.399
369.861	384.784	18.083	39.618
374.045	383.046	18.522	35.504
376.102	381.512	18.736	37.386
376.175	381.457	18.296	36.056
376.294	382.232	17.188	34.719
375.475	385.008	17.311	33.383
374.507	386.565	18.301	33.849
374.500	388.776	17.766	32.889
374.091	390.094	19.215	32.625
374.999	391.051	18.696	34.392
376.408	391.046	17.795	36.067
377.091	391.646	18.890	36.000
380.092	391.479	18.909	35.325
383.259	391.803	19.467	34.074
384.319	393.675	19.566	34.151
384.457	398.078	19.337	32.895
384.938	398.915	19.187	34.829
384.162	399.815	19.528	35.543
383.179	399.614	19.294	37.329
382.426	399.803	20.258	36.574
382.052	397.535	19.415	38.236
381.341	395.885	17.301	37.205
380.638	395.702	17.642	36.405
380.369	396.679	16.192	36.199
378.480	396.826	16.868	36.133
377.447	399.191	17.036	35.971
376.146	400.883	18.203	36.502
374.995	402.972	18.116	35.859
374.154	404.720	17.827	35.831
373.808	405.449	17.172	35.044
372.627	405.212	17.785	35.157
369.689	404.534	19.567	36.604
368.741	402.598	19.264	37.834
368.112	399.112	18.242	38.998
367.100	397.949	18.861	37.596
366.527	395.213	17.984	38.342
365.677	394.779	17.417	36.607
364.034	394.443	17.199	36.506
363.446	392.885	17.332	37.242
363.116	392.144	16.925	37.181
361.902	391.039	18.719	37.177
360.844	390.191	17.875	36.817
360.227	389.449	17.433	37.417
359.273	389.428	17.523	35.992
359.329	388.413	17.145	35.262
361.044	387.450	20.794	36.222
365.394	386.812	21.756	37.000
371.054	385.896	24.416	37.398
382.678	386.149	20.270	36.476
386.826	384.394	18.306	36.526
386.376	383.325	17.539	36.695
383.429	380.075	19.777	37.669
375.984	378.082	18.663	40.270
374.985	375.904	21.216	37.645
374.337	373.894	21.007	37.144
373.293	371.705	20.342	37.265
372.451	370.721	23.319	37.927
371.036	368.944	22.907	39.189
367.975	367.590	21.067	40.001
368.826	367.248	20.550	39.440
370.103	365.793	22.571	39.612
375.487	363.524	18.901	40.079
369.492	362.292	23.072	38.702
364.395	359.963	20.019	39.914
363.481	358.614	22.509	39.148
362.527	356.220	24.633	37.646
365.796	354.658	22.613	37.124
367.538	355.068	21.587	34.943
367.121	354.615	21.047	35.572
365.440	353.352	20.866	35.905
358.374	353.162	23.142	36.103
354.376	353.301	18.061	35.896
354.675	352.702	17.977	35.456
354.393	351.465	17.927	35.669
353.267	349.419	22.104	36.755
354.107	346.702	21.119	36.559
350.489	344.977	18.496	37.524
351.308	343.706	17.571	35.614
350.857	342.719	17.777	34.662
350.742	342.053	18.812	35.341
354.447	341.090	18.903	36.257
357.145	340.287	17.656	35.710
352.181	340.151	20.313	36.495
346.807	340.727	19.320	37.628
346.433	338.874	19.471	37.532
344.306	337.393	17.359	39.411
343.343	338.474	18.045	38.439
343.591	338.315	19.653	38.815
342.636	339.060	22.016	38.304
342.341	339.740	22.251	39.322
340.493	339.412	22.540	38.892
338.599	338.659	22.458	39.150
341.606	338.430	22.414	37.479
342.197	338.165	21.041	37.187
342.800	337.561	19.871	37.073
343.729	338.008	19.087	36.194
336.845	337.369	21.411	38.074
332.712	337.505	24.376	37.905
330.069	336.377	20.063	40.724
331.527	335.474	20.407	39.052
329.808	334.814	18.668	37.448
328.460	334.615	15.453	36.767
327.668	336.242	15.402	34.360
327.456	337.164	15.796	33.690
326.297	338.098	14.687	33.014
325.771	339.001	15.055	33.426
325.166	338.048	14.526	34.474
324.600	337.504	15.577	34.773
327.015	336.176	18.776	36.382
327.787	335.191	18.833	35.945
327.710	333.878	18.174	36.204
322.271	333.496	19.395	37.275
321.973	335.178	20.327	35.504
323.149	336.537	18.638	35.083
319.515	339.212	18.353	34.285
319.146	340.037	18.298	35.633
318.563	340.661	18.749	35.998
320.477	339.662	18.486	37.254
319.058	338.879	19.062	37.779
314.266	337.885	19.332	36.761
314.195	336.525	21.338	35.838
312.967	335.898	20.777	35.555
312.308	336.383	18.940	35.138
312.223	337.324	20.760	34.541
309.432	338.842	17.913	34.652
309.500	338.807	14.441	34.941
308.994	338.920	14.372	35.160
313.563	337.945	16.880	34.536
311.776	337.635	18.848	35.808
307.862	337.485	18.684	35.402
306.527	337.936	19.925	35.936
305.542	338.591	19.357	37.312
304.962	340.623	20.971	36.073
305.573	341.008	21.724	38.286
308.351	342.171	22.394	39.063
310.267	343.521	22.750	38.460
318.061	345.068	18.887	34.056
317.979	343.854	20.001	35.733
320.272	340.463	19.070	37.303
319.723	336.376	19.456	37.911
320.301	333.774	17.770	36.560
320.157	333.531	17.337	34.444
321.193	333.716	16.311	34.433
321.752	333.019	20.815	34.986
322.305	336.824	23.110	29.837
327.221	335.386	23.754	36.424
336.477	344.793	24.101	37.445
340.740	348.535	22.607	39.544
340.423	347.434	19.058	39.694
343.753	356.500	19.198	30.430
343.240	361.602	18.828	25.079
342.820	355.957	19.078	23.625
348.619	352.053	20.181	20.196
347.347	352.193	19.792	19.025
349.396	351.228	17.566	20.652
346.297	350.907	19.029	21.638
340.836	344.044	21.582	29.421
337.501	327.332	17.827	36.436
338.269	329.803	18.100	37.182
340.385	327.037	20.321	46.462
339.735	341.160	20.762	49.777
338.336	338.356	27.526	47.606
339.894	343.334	27.914	47.553
339.168	345.517	25.496	40.189
339.480	350.550	19.040	34.619
336.067	353.341	17.403	27.246
343.646	345.175	16.163	30.182
337.921	344.432	23.271	34.337
335.793	333.313	25.966	45.740
331.177	340.070	25.798	41.784
329.655	350.689	18.148	34.880
330.212	351.080	14.985	32.988
329.533	354.337	16.524	30.176
328.466	350.083	15.623	32.070
327.428	347.278	14.568	33.404
326.550	345.989	14.567	33.320
325.092	346.379	16.258	34.282
324.698	349.012	16.054	35.132
324.277	351.399	16.187	34.699
323.531	354.181	16.511	32.685
322.934	353.361	17.652	33.669
321.170	353.020	16.932	33.506
319.861	350.572	16.653	33.987
319.425	348.250	16.062	34.410
318.768	346.302	16.446	34.276
317.717	345.902	18.275	34.479
317.480	344.787	18.436	35.601
316.411	345.037	18.724	33.642
315.657	344.383	18.379	35.385
315.159	345.388	17.710	34.654
315.189	344.259	17.360	35.867
315.428	344.283	17.579	36.055
312.823	344.566	16.559	35.001
312.741	343.866	16.460	36.040
311.835	344.557	16.946	34.961
310.875	344.626	16.844	34.465
310.775	343.916	16.811	34.417
309.222	344.885	16.472	32.458
309.349	345.926	15.388	32.017
309.040	345.368	14.564	33.494
308.890	345.337	14.352	33.629
307.887	345.596	14.036	33.724
307.321	344.735	17.935	34.656
309.729	343.416	20.296	35.625
305.437	343.800	17.917	33.640
305.479	343.667	16.341	33.858
305.401	343.542	19.577	33.970
303.009	344.302	17.095	33.407
302.781	344.007	16.701	33.182
316.321	342.675	14.705	32.700
314.653	341.811	15.295	33.308
314.272	340.587	15.491	34.321
313.364	339.672	15.831	33.857
312.925	339.327	15.270	32.790
312.084	338.986	15.861	33.342
311.179	339.153	15.751	32.938
296.140	341.887	18.632	32.223
310.271	339.624	16.303	30.090
310.168	338.740	15.262	29.848
309.706	338.861	14.986	29.961
310.706	338.192	14.045	30.599
294.341	339.805	21.771	32.872
292.674	340.453	22.361	33.280
292.709	340.344	21.362	33.680
292.495	341.041	18.982	33.194
292.403	341.148	18.613	32.323
308.038	340.029	16.825	32.675
309.161	340.532	17.387	32.758
307.802	340.407	20.704	33.114
305.837	340.049	22.634	33.468
313.468	338.981	18.000	32.382
305.217	338.636	20.585	31.903
315.896	337.228	14.245	32.356
315.401	337.299	14.586	32.071
314.949	336.699	14.596	31.381
300.353	338.710	18.795	31.262
300.471	339.128	20.508	32.478
299.856	339.619	19.546	32.079
299.245	341.161	19.086	31.175
298.785	341.652	20.010	31.571
300.741	341.267	22.413	32.523
311.979	342.347	17.924	31.229
314.056	341.473	15.977	32.180
314.064	342.806	15.754	30.324
313.567	342.934	15.972	30.087
314.344	342.546	14.776	29.795
298.756	344.522	16.910	31.388
298.149	344.351	17.630	33.202
303.103	342.522	27.405	33.898
315.241	339.968	19.548	34.481
318.623	338.994	18.235	31.338
320.643	338.758	17.052	29.395
320.352	338.384	16.424	27.862
320.371	338.664	15.758	28.016
320.068	339.019	15.817	29.237
320.079	338.960	15.985	29.731
312.515	339.766	19.716	30.423
318.491	337.985	25.139	30.528
323.379	337.232	27.131	31.217
330.132	336.551	27.227	32.124
337.985	336.206	27.590	32.775
348.562	333.277	24.200	32.957
353.605	331.812	19.948	35.469
355.200	330.322	17.073	32.612
354.362	328.265	17.108	31.004
354.641	327.032	17.053	31.354
355.158	326.692	17.004	31.348
356.439	328.736	17.665	30.249
358.969	333.925	18.077	27.371
354.327	338.442	28.124	26.961
372.923	339.848	24.334	30.083
384.400	340.952	22.461	31.599
389.762	344.036	30.397	30.425
401.096	344.951	24.453	30.757
403.903	344.950	20.407	30.882
403.666	343.029	18.996	30.598
400.407	339.058	19.485	29.710
397.883	334.717	19.830	29.176
397.017	331.518	18.849	29.132
397.725	328.858	19.413	30.484
397.546	328.143	18.429	30.301
397.221	328.199	18.570	28.765
395.604	330.243	19.487	27.943
395.189	332.118	19.478	27.778
394.665	334.519	18.506	28.282
393.413	335.192	20.372	30.098
395.023	335.498	18.765	30.523
393.787	336.145	19.239	30.379
395.904	335.007	17.690	31.454
395.314	334.047	18.212	31.187
392.407	330.926	19.935	33.497
393.314	327.624	18.466	31.604
391.271	323.970	21.605	32.949
394.571	322.225	18.667	30.524
394.108	320.269	17.605	30.704
393.818	320.307	16.649	29.688
393.737	320.431	17.213	29.869
392.100	322.812	18.562	29.557
393.074	323.586	17.547	31.426
392.818	324.749	18.432	32.104
393.013	325.446	16.438	32.558
392.798	326.548	16.526	32.138
393.141	324.942	16.299	32.426
390.463	323.657	17.821	33.645
392.501	322.668	16.673	32.884
391.608	321.388	16.462	32.340
390.023	320.955	19.255	32.937
384.022	321.442	23.577	33.853
388.929	321.131	19.766	32.978
389.480	322.835	19.785	32.676
384.559	324.631	22.688	32.533
385.583	325.772	22.609	32.628
382.182	326.107	24.773	33.997
381.338	326.767	26.031	34.610
380.296	327.619	26.671	33.847
380.677	328.171	24.615	34.089
384.316	328.223	24.401	31.039
387.230	328.388	28.186	30.999
389.609	327.684	25.557	31.248
388.961	327.551	26.016	32.059
387.337	327.075	27.563	32.112
388.065	326.536	26.734	32.682
386.907	326.865	28.086	32.256
387.242	326.464	27.356	32.470
390.310	325.375	24.258	33.610
393.454	326.012	21.870	33.971
392.550	325.007	23.405	34.296
395.378	324.666	21.337	34.319
391.631	326.192	26.693	30.659
396.716	327.653	26.470	30.167
400.225	327.746	29.202	30.296
407.204	327.217	28.019	29.892
414.484	324.676	26.710	32.895
417.835	325.929	26.966	30.427
421.609	324.223	26.915	31.440
425.378	323.502	29.026	33.821
430.681	324.422	28.250	30.416
436.294	327.409	30.303	29.024
442.456	327.400	29.198	30.648
446.588	329.215	30.898	27.568
454.436	329.053	27.344	29.217
457.832	327.390	27.041	29.450
463.342	325.822	25.021	30.120
463.805	325.772	24.797	30.867
464.608	324.489	24.752	32.213
462.964	323.777	25.968	32.126
463.649	325.236	26.726	31.418
465.222	326.494	25.983	30.501
469.879	326.338	21.437	30.824
472.394	326.453	19.351	30.716
471.846	327.546	21.007	29.796
473.035	326.275	20.305	31.553
468.121	326.549	26.797	31.077
469.347	324.666	27.044	32.457
470.522	327.058	27.155	30.925
478.429	327.832	19.828	30.336
479.396	328.626	19.117	30.199
476.084	329.327	22.053	29.616
480.224	329.488	18.381	28.665
482.365	330.126	16.480	27.795
482.391	330.835	16.914	27.090
482.732	330.863	16.861	26.991
483.020	331.252	16.656	26.832
484.153	331.452	15.957	26.788
483.310	330.128	16.730	28.575
484.016	330.220	16.556	28.074
483.927	329.470	15.751	28.656
484.182	329.181	15.660	29.238
469.256	326.371	20.051	30.986
478.125	327.085	20.912	30.351
481.019	327.138	18.669	31.331
481.819	328.197	18.706	30.563
482.344	328.720	16.968	29.433
482.373	328.202	16.799	30.117
482.420	327.887	17.807	30.938
482.714	328.341	16.846	30.051
482.299	328.930	17.330	29.676
482.648	329.577	17.322	29.175
482.497	329.583	17.182	29.141
482.977	329.653	16.271	29.594
482.989	329.571	15.621	29.687
468.917	329.489	15.151	30.744
468.989	328.963	15.090	31.773
469.333	328.227	14.574	31.906
469.132	328.318	15.700	31.130
470.355	327.007	20.711	32.041
480.055	326.465	17.904	31.710
478.492	327.415	18.721	31.638
472.229	327.934	21.708	31.954
467.818	327.324	18.368	33.737
467.606	328.042	19.798	33.346
467.890	329.673	20.628	33.023
467.292	330.125	19.947	33.083
470.551	329.629	24.127	32.904
475.043	328.113	20.412	34.818
476.883	328.279	19.257	32.824
479.111	329.141	16.830	31.417
479.084	329.046	16.101	30.048
478.995	328.813	16.052	29.708
479.546	327.574	15.679	30.846
479.296	327.653	15.572	30.408
479.921	327.795	15.180	29.904
479.138	328.206	15.818	29.361
477.622	327.892	17.555	29.925
476.705	327.149	18.446	31.126
475.452	327.663	20.265	31.940
478.025	327.794	18.226	30.749
478.336	327.787	16.743	29.314
476.040	328.481	19.487	28.497
478.110	327.765	16.878	29.651
478.087	328.009	15.997	29.114
478.298	328.369	16.039	29.354
476.962	328.713	17.523	28.766
474.377	328.123	19.611	29.702
469.595	326.179	23.521	32.178
465.976	326.201	22.749	33.033
470.869	325.922	22.367	33.394
471.325	326.067	22.194	32.556
466.917	325.961	23.390	32.835
463.449	325.499	21.846	34.883
463.426	326.096	20.798	33.082
463.220	326.400	19.007	31.886
462.604	326.183	19.750	31.034
462.936	324.667	16.507	31.893
462.560	324.213	16.583	30.990
462.328	324.487	17.678	30.305
462.849	324.708	21.799	30.131
461.959	324.689	19.905	30.663
464.771	324.758	25.505	30.197
474.839	323.919	16.428	31.365
475.275	326.126	16.783	28.862
460.847	324.244	26.948	29.344
464.316	320.734	26.329	31.478
466.279	319.419	24.430	32.072
460.969	320.051	22.760	31.415
461.873	320.915	19.897	31.085
462.023	324.809	24.055	30.007
461.321	325.708	26.147	32.393
459.984	326.369	21.420	33.481
460.263	330.435	27.564	28.714
460.130	328.211	27.539	32.200
462.819	329.315	24.334	31.476
461.883	328.263	25.216	32.892
460.340	328.432	26.352	31.948
458.999	330.892	27.486	30.347
458.869	330.820	26.518	31.355
459.685	332.072	26.008	31.489
459.644	330.699	25.578	32.464
457.999	330.528	27.085	32.331
458.028	330.713	26.286	31.991
459.077	330.186	24.893	32.575
460.868	329.455	22.988	33.267
460.034	328.865	23.808	33.939
464.870	328.548	19.020	33.936
458.706	330.864	24.709	30.834
465.304	331.668	18.310	32.424
465.294	332.476	18.913	31.866
466.150	331.399	17.874	30.827
466.959	331.984	16.893	31.410
467.384	332.264	16.102	30.639
467.890	332.364	16.432	30.211
467.844	333.089	16.904	29.443
468.364	333.500	15.866	29.244
465.414	333.628	18.686	28.770
467.004	331.956	17.471	30.557
468.135	331.796	16.833	30.733
468.277	332.021	16.026	29.842
466.912	332.494	17.941	29.510
466.226	331.355	19.701	30.167
456.530	329.479	21.587	30.224
457.401	328.272	26.412	30.790
459.022	328.128	26.057	31.692
464.348	329.216	21.654	31.607
457.216	330.651	24.104	27.770
457.028	332.897	22.004	27.716
457.232	334.630	27.122	26.201
463.131	333.995	23.031	30.287
459.438	333.569	26.103	29.587
465.464	334.824	19.962	29.789
458.628	334.722	25.469	29.393
457.761	332.736	24.248	31.082
461.298	332.984	24.256	31.798
467.572	332.888	18.455	32.905
458.771	333.854	25.544	29.683
456.655	330.915	24.181	32.350
456.791	330.951	22.812	32.140
460.412	330.242	24.675	33.263
465.517	329.931	19.899	34.500
466.219	329.869	18.846	34.790
466.889	329.939	18.368	34.857
468.082	329.747	17.291	33.960
467.719	329.918	17.383	34.002
463.919	329.579	21.451	33.113
461.599	328.820	24.137	34.072
455.098	330.163	24.456	30.559
454.385	330.856	19.058	29.609
454.962	331.846	16.553	29.183
455.207	333.956	15.412	28.733
455.466	334.253	16.506	27.278
