554.000	305.000	24.000	61.000
551.971	307.843	27.013	54.889
552.734	307.865	26.383	55.107
553.629	308.177	25.585	55.357
554.082	308.732	26.095	54.899
554.480	308.826	26.785	54.857
555.155	309.508	27.035	54.490
555.917	310.206	26.853	53.866
556.549	310.122	27.186	54.407
557.669	310.045	26.822	54.671
558.855	309.647	26.368	55.384
559.710	309.336	26.085	55.535
560.947	309.528	25.652	55.419
561.740	308.992	26.376	56.410
562.099	308.924	27.264	55.896
562.391	308.692	27.695	55.233
562.395	307.905	28.103	57.305
562.613	308.972	28.648	55.763
562.709	310.406	30.058	54.559
563.775	310.103	29.510	54.423
564.554	310.442	29.873	54.444
564.991	310.405	29.916	54.661
566.700	310.726	29.140	54.564
567.768	310.544	29.119	55.066
568.931	310.073	28.226	56.175
570.021	309.819	27.620	56.326
570.678	309.722	27.587	56.381
572.119	309.410	26.697	57.165
572.849	309.916	26.551	56.818
573.764	310.678	27.152	56.227
574.806	311.076	27.658	56.224
575.435	310.877	28.000	56.226
576.468	311.146	27.723	56.668
577.410	311.652	27.610	56.566
578.352	311.015	27.703	57.219
579.246	310.750	27.360	57.979
580.492	310.259	26.804	58.461
582.146	310.017	25.976	58.919
582.559	309.910	27.358	58.759
582.376	309.795	28.646	58.752
582.158	310.470	29.968	57.925
581.890	309.809	31.810	58.957
582.264	309.520	31.668	58.890
582.789	310.453	32.344	57.901
583.213	311.178	33.252	57.903
584.276	310.366	32.648	58.715
585.329	310.718	32.615	58.885
586.450	310.621	32.493	58.694
587.757	310.580	32.325	58.940
588.956	310.777	31.948	58.852
591.196	310.881	29.812	59.030
592.089	310.629	29.384	59.591
593.167	310.059	29.091	60.747
593.980	309.930	29.778	61.859
594.998	310.556	30.432	60.684
596.021	311.500	30.499	59.663
596.935	312.739	30.634	58.871
597.980	313.398	30.080	58.657
599.228	313.890	29.173	58.254
600.829	313.497	27.777	58.427
601.493	313.421	27.906	59.162
602.328	313.490	27.961	58.969
602.918	312.418	28.244	60.178
602.773	312.378	30.195	60.089
602.818	312.470	30.863	59.389
602.418	312.696	31.816	59.440
602.376	312.901	32.598	59.651
602.524	313.463	32.920	59.016
602.573	314.372	33.356	58.534
603.460	314.662	33.824	58.845
604.668	314.424	33.732	59.042
605.743	314.282	32.649	60.143
606.739	314.078	32.297	60.605
607.791	313.644	31.492	60.706
609.250	313.367	30.654	60.957
610.711	312.880	29.438	61.985
611.890	312.992	28.749	61.981
612.464	313.324	28.881	62.440
613.514	314.919	29.138	61.083
614.212	314.992	29.473	60.814
614.710	315.097	30.084	60.991
615.872	315.366	29.619	61.088
616.649	315.845	29.623	60.289
617.589	315.157	29.572	61.800
618.357	315.013	29.645	61.225
619.301	313.968	29.080	62.534
620.105	313.818	29.408	63.010
619.630	314.082	30.765	62.653
619.396	313.391	32.333	62.985
619.369	313.896	32.696	63.041
619.321	313.708	33.330	62.876
619.613	314.152	33.851	63.096
619.759	315.046	33.812	62.126
620.388	314.471	34.404	62.643
621.482	315.131	34.647	63.412
622.881	315.382	33.498	63.230
623.879	315.317	33.104	63.656
625.090	316.236	32.455	63.006
626.251	315.263	31.659	63.892
627.309	315.406	31.188	63.831
628.960	315.325	29.945	63.843
629.646	315.421	29.501	64.420
630.687	316.094	29.276	64.031
630.870	316.059	31.039	64.750
631.373	316.919	31.930	63.650
632.269	316.811	31.991	64.327
633.057	316.545	32.103	64.722
634.040	317.295	31.433	64.127
634.885	316.996	31.025	64.366
636.356	316.794	30.439	64.537
637.831	316.777	29.734	64.780
638.336	316.418	30.326	65.111
638.473	315.988	31.322	65.520
637.879	316.211	33.323	65.121
637.784	316.105	35.134	65.104
637.811	316.429	35.492	65.259
637.966	316.548	36.071	66.117
638.110	317.169	36.703	65.085
638.776	317.114	37.242	65.357
639.713	317.467	37.594	65.106
641.004	317.512	36.663	65.154
642.009	317.384	36.348	65.768
643.661	317.498	35.315	65.756
644.748	317.843	34.358	65.708
646.509	317.448	32.796	66.024
648.113	316.991	31.819	66.346
649.579	317.302	30.557	66.128
650.188	316.972	30.032	66.721
650.461	316.532	30.856	68.490
651.554	317.461	32.193	68.408
651.489	317.876	33.917	67.623
652.967	318.686	33.388	66.930
653.704	318.505	33.025	67.090
654.730	319.090	32.373	66.835
656.048	318.901	32.004	67.256
657.194	319.056	31.030	67.100
658.267	318.207	30.842	68.143
658.999	318.305	31.342	67.811
659.000	317.862	32.477	68.065
658.425	317.836	34.712	68.018
658.147	317.563	35.929	67.662
658.433	318.222	37.036	68.098
658.540	318.439	37.915	67.997
658.732	318.258	38.388	68.114
659.167	318.607	39.232	67.925
660.300	318.869	38.188	67.788
661.299	318.965	37.664	67.812
662.625	319.104	37.605	67.608
664.267	319.040	36.249	68.136
665.662	318.442	34.964	69.310
667.419	318.466	33.702	68.998
668.795	319.102	32.697	68.518
669.829	318.930	32.121	68.339
671.055	319.784	31.192	67.716
671.352	319.271	33.144	69.316
672.526	320.180	34.135	69.623
673.782	319.335	34.287	69.913
674.262	319.393	35.096	70.263
674.992	319.612	34.382	70.216
676.398	320.248	33.181	69.990
677.545	320.388	32.741	70.218
678.444	320.193	32.557	70.485
679.579	320.466	32.099	70.048
680.642	320.852	32.183	69.485
680.565	319.992	34.230	70.646
680.181	319.556	35.946	69.989
680.033	319.426	37.947	70.144
680.281	319.900	37.629	70.229
680.303	319.868	39.193	70.464
680.684	319.922	39.234	70.863
681.280	320.931	39.531	69.780
682.441	320.843	39.198	70.079
683.088	320.581	39.701	70.441
684.398	320.383	38.937	70.628
685.719	320.099	37.903	71.493
686.956	320.124	37.671	71.435
688.010	319.657	36.808	71.936
688.958	319.657	36.318	71.869
690.689	320.060	34.957	71.638
692.067	319.756	34.406	71.942
693.220	319.942	33.900	72.123
694.552	319.798	32.612	72.495
695.072	319.843	33.259	73.447
695.829	320.376	33.757	73.264
696.088	320.281	35.220	73.863
697.574	320.782	35.937	73.264
698.404	321.115	36.832	72.951
699.495	321.172	37.081	72.781
700.336	321.273	36.923	72.984
701.215	321.172	36.686	73.698
701.655	321.187	36.922	73.904
702.396	321.173	36.454	74.348
703.455	321.208	35.866	74.520
703.936	321.634	35.803	73.861
705.423	321.695	35.302	74.253
707.020	321.490	34.660	74.536
707.251	321.473	36.065	74.499
707.776	321.325	37.071	74.527
707.622	321.042	38.929	74.107
708.133	320.888	39.637	74.672
708.137	321.203	40.506	74.337
708.254	321.302	41.200	74.568
709.036	322.185	40.897	73.778
709.226	322.552	41.514	73.440
709.758	322.427	42.140	74.266
710.959	322.400	41.726	74.434
712.161	322.778	41.123	74.267
712.945	322.958	41.054	74.110
714.081	322.796	39.974	74.511
715.803	322.770	38.663	75.029
717.379	322.687	37.302	75.170
719.100	322.758	36.226	75.241
720.418	322.184	35.618	75.932
721.623	321.814	34.715	76.442
723.296	322.710	33.851	76.354
723.918	323.484	34.807	75.877
724.515	323.213	36.446	76.963
724.820	322.790	38.438	77.464
726.090	324.059	39.874	76.176
726.945	324.163	39.376	75.823
727.698	323.525	39.333	76.878
728.771	323.693	39.031	76.828
729.747	324.137	38.327	76.889
730.782	324.201	37.794	77.121
732.244	323.508	37.563	77.326
734.150	322.966	36.425	78.083
734.939	322.993	37.144	77.912
735.285	322.643	39.323	78.333
734.692	321.948	40.872	78.404
730.181	320.491	46.007	80.767
724.140	321.269	46.332	79.325
715.476	321.904	45.597	79.284
705.581	323.008	46.226	77.730
697.924	323.472	45.833	77.372
691.100	323.197	46.015	77.769
686.447	323.488	44.630	77.812
686.575	323.834	43.173	77.885
686.978	323.882	42.257	78.077
688.311	323.329	40.846	78.889
689.465	322.797	40.058	79.351
691.570	322.244	38.081	80.199
693.044	322.881	37.061	79.597
693.808	321.912	37.290	80.734
695.530	322.030	36.226	81.120
696.593	323.026	36.579	80.076
698.377	323.559	36.165	80.579
699.227	324.014	37.670	80.490
700.108	323.948	38.662	80.715
700.976	323.265	39.187	81.475
702.094	323.601	38.666	81.904
702.936	324.350	39.514	80.539
703.861	324.140	38.851	80.980
704.876	324.446	38.502	81.063
705.926	324.890	38.063	80.673
707.546	325.241	37.663	80.203
708.178	324.672	38.051	80.507
708.077	325.241	39.834	79.720
707.825	325.072	42.131	79.482
707.007	324.545	44.161	80.480
710.606	324.699	42.685	80.283
709.853	325.071	43.582	79.830
713.010	325.700	42.087	79.488
713.077	325.239	42.534	80.234
714.797	325.044	41.760	80.498
715.375	325.488	41.523	80.089
716.342	325.486	41.018	81.232
717.117	325.323	40.798	80.777
717.878	325.896	40.061	80.405
718.936	325.768	38.028	80.081
720.080	325.838	36.935	80.119
721.467	325.433	35.967	80.737
722.594	325.106	35.499	81.655
723.904	326.260	34.233	80.318
724.820	325.413	34.068	82.011
726.092	325.363	34.202	81.572
725.377	325.391	36.968	81.993
723.696	324.938	40.242	83.210
722.378	325.266	42.228	82.552
723.965	325.723	41.738	82.083
725.306	326.107	40.911	82.148
728.828	326.130	37.637	83.921
732.769	325.467	34.807	82.556
735.062	325.823	33.164	79.426
734.321	325.691	35.791	80.457
735.759	325.732	36.933	84.154
734.548	326.609	41.363	82.915
735.844	326.206	42.910	85.473
736.743	326.614	45.865	87.474
738.399	326.504	46.929	89.957
739.388	325.193	49.415	96.034
740.541	326.654	50.888	96.709
741.962	327.707	52.316	95.395
743.573	328.527	52.801	95.183
746.437	329.889	51.365	93.988
752.186	331.476	46.480	92.669
758.036	334.156	41.844	90.391
759.860	332.891	39.771	91.309
762.080	332.247	38.463	91.763
762.386	331.574	40.779	92.511
768.595	334.825	37.898	89.175
771.624	331.477	39.611	92.914
772.635	332.918	42.913	94.253
773.577	334.446	48.478	92.030
776.892	336.031	51.096	91.956
776.665	333.195	51.860	93.302
780.547	334.170	50.454	91.990
780.608	335.491	51.758	91.020
786.096	336.961	47.670	89.951
786.906	334.053	47.087	92.715
785.917	334.083	48.162	93.088
793.316	334.376	42.472	93.113
793.968	333.549	42.262	93.387
792.692	333.486	42.652	91.343
789.285	332.793	45.895	91.204
788.348	332.623	46.956	93.129
788.281	332.957	48.273	92.189
789.150	332.847	50.807	95.292
789.902	332.451	52.803	95.753
791.275	332.128	52.410	95.691
791.901	332.483	52.757	95.826
794.017	332.095	50.621	97.033
797.677	332.355	47.214	96.717
800.039	333.119	44.411	96.102
804.421	333.383	39.496	94.861
808.144	333.047	36.823	95.456
808.711	332.280	38.851	92.882
810.141	332.370	38.461	90.534
802.801	332.647	43.785	91.409
795.021	332.448	45.141	97.175
794.703	334.586	44.226	95.752
788.013	333.763	49.412	95.185
790.805	333.683	49.207	96.928
794.187	337.068	48.359	93.281
795.808	335.306	47.276	95.402
799.642	334.927	44.070	96.317
801.711	334.658	41.389	95.660
799.470	334.451	41.321	95.043
800.031	333.963	38.383	94.431
796.936	334.699	38.200	93.901
789.689	334.274	40.487	92.797
785.498	333.507	42.882	93.829
776.221	334.643	51.145	90.180
773.598	334.776	54.613	94.160
783.923	336.332	49.902	92.967
779.326	337.242	59.446	93.290
788.647	338.892	53.094	94.184
787.232	337.908	53.892	96.172
786.136	336.634	52.363	96.533
787.397	336.031	47.184	95.201
790.150	334.430	38.911	95.559
786.188	334.474	37.432	94.814
786.027	334.208	36.983	93.866
788.678	334.284	38.956	95.612
791.358	334.146	40.625	96.095
792.102	333.485	43.197	98.602
791.384	332.883	48.545	99.528
791.471	333.715	52.312	97.893
790.376	334.605	56.248	97.873
786.224	336.468	61.546	94.514
783.032	337.797	62.110	93.524
788.453	337.645	54.944	96.545
792.819	338.415	51.775	98.296
800.766	341.309	44.754	99.060
799.992	343.836	44.455	96.196
805.281	343.052	39.763	95.848
807.188	341.886	42.207	98.465
809.918	342.324	44.829	97.128
812.567	340.798	44.964	98.632
814.052	341.017	50.541	99.938
815.284	344.265	55.634	95.167
816.352	342.543	56.519	93.331
812.546	340.672	61.328	97.447
811.089	344.418	62.563	93.964
809.024	339.818	61.417	97.199
811.636	338.812	56.648	97.842
812.896	339.066	55.230	98.884
814.912	337.022	53.647	100.060
824.176	337.111	44.341	99.240
829.931	338.654	41.720	97.706
834.409	338.530	42.384	98.154
838.555	338.213	44.862	97.748
839.291	339.922	48.785	96.099
840.269	338.952	54.159	96.263
840.558	336.975	61.653	98.982
841.784	337.307	64.459	99.184
843.021	338.053	65.908	98.820
844.306	338.618	68.538	97.838
848.304	335.802	64.837	98.858
853.196	337.496	59.890	96.661
856.836	338.886	57.005	95.642
861.143	342.259	53.986	92.897
866.215	343.914	52.879	92.863
873.451	342.961	51.928	94.893
877.004	341.121	52.938	95.499
881.272	342.359	51.309	94.044
885.999	340.317	59.599	96.207
887.036	342.752	63.456	93.329
888.252	342.075	65.824	94.679
888.620	342.052	65.650	95.742
888.747	345.906	65.807	95.569
890.150	352.280	61.759	95.704
890.928	351.341	62.046	102.061
894.849	354.396	57.133	101.519
901.033	354.335	53.017	104.930
904.291	355.648	51.287	100.244
912.221	352.716	45.555	106.296
908.202	354.010	50.537	97.925
896.224	348.215	52.650	101.025
876.812	347.320	57.918	98.175
849.250	345.347	63.629	98.289
825.390	345.066	66.075	96.511
811.466	342.904	66.713	94.956
798.846	335.577	71.092	96.910
788.823	336.703	67.982	98.632
778.485	340.114	66.881	95.845
771.536	339.550	60.793	94.255
758.245	340.090	62.801	92.525
752.010	337.184	59.255	93.153
754.173	339.387	46.826	92.112
738.602	339.411	55.712	92.352
738.604	338.493	49.320	93.975
726.033	339.424	59.494	93.552
732.266	339.772	52.464	93.004
723.834	341.105	57.831	91.234
723.469	342.379	55.483	89.974
704.461	341.443	68.830	90.500
713.465	342.077	55.083	91.384
700.827	341.037	61.542	91.271
702.700	339.979	57.963	91.460
701.097	339.554	54.552	89.783
701.587	340.684	54.711	89.363
693.068	338.712	57.338	87.635
716.376	339.684	45.591	90.931
721.490	339.960	42.150	90.617
715.074	340.592	48.880	88.455
720.889	341.189	48.030	86.179
716.074	342.488	54.126	87.790
703.613	341.136	61.024	88.832
705.891	342.142	57.620	87.774
696.154	340.047	54.688	88.763
690.712	340.356	51.040	87.798
684.033	339.708	48.370	86.663
689.000	336.693	41.389	86.930
689.166	338.981	40.350	88.555
687.419	340.224	42.599	85.216
690.902	340.730	44.896	83.794
691.263	342.601	45.485	82.492
693.124	341.205	49.300	84.671
697.402	339.786	50.790	86.459
707.355	338.973	45.405	86.392
709.936	340.335	45.792	85.226
701.250	340.263	53.115	84.483
667.109	346.982	56.759	92.697
708.704	338.503	51.180	88.238
682.264	344.581	50.436	94.015
691.225	342.162	55.553	95.198
708.876	336.993	49.286	88.840
712.706	335.721	52.855	88.200
692.850	337.574	53.852	94.219
719.477	336.099	56.447	90.492
733.774	337.246	45.080	88.216
734.891	337.167	44.928	88.328
727.854	338.782	55.298	85.540
713.038	348.863	59.803	90.601
709.512	364.422	58.352	78.013
690.020	371.547	58.056	73.055
676.992	374.326	59.153	69.346
686.312	355.677	70.065	86.780
708.505	339.783	57.217	100.044
720.681	336.513	51.749	91.770
701.361	339.846	50.804	94.783
685.703	339.153	53.461	100.917
688.107	346.934	48.167	95.758
684.140	351.545	50.181	90.297
680.249	340.100	49.727	99.847
665.135	348.841	59.080	92.140
659.929	347.039	56.264	91.524
649.047	348.222	58.582	91.670
633.765	354.192	59.734	90.659
629.291	352.801	52.017	96.444
620.259	355.735	55.141	95.625
615.612	349.309	55.115	97.707
628.061	342.643	48.350	99.856
628.395	344.416	46.490	98.731
622.586	347.094	48.051	96.872
619.325	347.960	50.317	95.653
624.073	348.548	45.719	95.633
624.047	349.423	45.894	93.327
621.670	351.959	45.738	92.568
616.121	349.401	48.714	96.044
610.666	348.661	48.505	96.722
605.623	343.467	49.672	99.269
601.627	339.262	53.208	99.469
604.430	335.839	52.573	98.453
600.637	332.966	54.346	96.674
592.306	330.669	59.330	96.771
600.551	328.203	59.059	97.771
607.857	327.256	50.377	99.401
600.661	329.158	52.963	97.958
603.738	331.281	45.102	96.040
602.540	332.046	46.566	95.608
598.864	328.869	50.686	96.336
600.015	327.105	52.616	97.717
599.820	326.803	51.108	97.402
602.159	327.949	46.869	96.635
598.544	330.108	48.768	94.046
586.453	333.350	59.757	93.245
596.457	332.481	53.563	95.090
579.606	331.482	57.559	96.164
608.563	332.415	42.676	95.370
597.121	333.959	50.201	95.561
594.731	334.191	41.075	98.327
566.798	340.009	52.426	97.403
558.322	340.111	47.896	95.945
552.972	339.014	49.492	95.128
555.040	337.661	48.807	91.383
554.945	335.350	52.477	91.775
567.844	335.499	41.236	93.102
561.489	339.059	48.013	93.498
545.339	346.285	58.637	92.675
558.811	347.345	42.650	91.581
552.646	346.909	46.445	91.950
560.877	346.292	37.169	91.384
560.868	345.333	38.761	91.569
557.361	346.540	41.207	91.813
564.315	349.233	41.145	89.239
561.816	348.145	44.082	89.227
568.134	351.472	42.947	86.873
569.660	347.262	47.789	91.471
570.073	350.035	48.023	88.211
567.426	349.299	46.993	88.286
543.740	349.028	66.012	88.346
522.327	347.858	50.290	91.691
530.130	346.183	47.317	93.193
525.035	347.688	39.911	91.115
515.834	348.106	49.225	89.267
496.574	349.032	56.169	88.213
481.490	349.328	54.819	89.128
470.225	347.461	50.319	92.428
473.249	350.430	47.940	88.063
464.212	363.810	48.319	79.236
470.198	355.410	47.971	84.327
462.471	356.694	50.200	82.233
467.211	349.161	51.775	90.533
455.386	350.369	51.824	89.418
438.425	358.988	48.930	83.368
430.259	352.461	49.183	83.071
416.842	352.018	53.082	86.327
409.195	350.331	48.992	89.899
409.182	350.077	46.629	89.646
415.001	350.180	49.180	88.856
420.213	346.024	49.377	94.088
424.567	344.289	47.288	93.060
415.849	347.279	51.674	92.373
409.329	350.956	51.786	90.798
417.382	346.408	52.877	88.572
409.475	349.624	52.597	91.083
418.021	346.789	53.579	87.409
417.139	346.133	44.864	91.192
405.793	353.518	49.482	84.898
414.281	345.036	47.764	92.229
410.233	344.898	51.262	92.494
398.952	351.606	52.998	90.608
398.935	354.585	48.973	86.221
401.979	345.242	55.242	89.253
401.612	352.203	46.706	87.591
411.331	353.944	47.373	87.042
418.010	351.998	46.357	88.334
419.193	351.627	52.533	89.664
412.341	353.679	51.332	83.822
405.624	356.358	56.963	83.347
390.159	364.931	53.361	81.524
351.524	369.885	57.070	81.371
350.421	366.242	58.828	84.422
349.984	358.230	59.106	92.251
352.193	361.267	57.733	90.107
358.780	360.203	53.602	90.030
359.381	362.139	55.635	88.012
372.480	356.560	47.810	90.701
353.876	356.440	52.141	88.513
348.649	362.695	57.061	84.964
338.713	377.862	54.526	75.534
345.601	373.253	53.756	74.101
351.442	362.119	51.754	84.363
354.970	368.008	62.284	81.476
355.153	372.558	51.518	75.374
372.425	364.773	52.730	81.224
391.034	379.860	51.199	68.538
386.591	372.536	55.579	74.097
390.954	381.184	53.285	68.807
388.732	366.069	51.492	81.395
398.271	374.265	51.413	72.755
379.605	376.613	55.823	69.709
407.709	372.867	46.257	70.768
393.489	371.866	62.702	71.649
416.108	364.861	52.238	76.435
424.081	363.392	48.815	79.092
430.008	365.626	51.115	78.388
427.401	358.222	56.843	86.235
423.009	358.143	61.425	85.707
434.491	360.553	54.900	81.219
427.710	360.032	59.665	82.778
423.860	357.369	59.564	86.603
419.186	358.554	56.912	85.079
403.734	358.273	63.258	84.535
385.475	362.416	61.853	85.085
395.750	363.200	53.589	82.851
393.371	365.685	55.062	79.168
396.229	363.537	55.284	77.451
377.917	367.182	59.768	76.125
390.093	363.634	54.611	77.447
403.391	360.506	49.788	81.098
412.541	362.037	46.959	79.805
420.478	363.101	45.425	78.117
331.954	372.495	56.937	81.866
340.121	368.401	54.056	86.069
335.564	373.870	63.424	81.558
339.695	374.413	61.973	81.298
344.365	375.911	60.414	78.918
351.803	374.372	55.586	80.445
356.970	371.415	52.338	83.841
366.412	374.229	47.557	79.988
376.447	373.674	43.106	81.005
360.941	377.688	56.753	77.317
377.574	381.226	51.742	73.397
386.726	373.806	47.231	74.010
391.895	375.609	43.945	76.758
391.323	373.987	49.135	78.134
393.762	376.621	52.314	76.858
395.697	370.599	52.302	79.105
394.294	373.780	56.879	79.483
399.809	368.676	61.803	81.138
409.641	368.008	52.602	81.619
419.757	367.559	48.384	80.059
395.762	372.665	51.855	73.800
404.139	375.379	56.984	72.680
402.027	372.989	55.393	72.012
426.127	372.473	49.490	75.265
415.135	373.253	57.446	75.880
430.093	373.121	54.588	74.064
355.237	374.955	47.782	82.887
361.034	372.599	48.330	81.193
365.866	376.451	49.824	76.886
366.597	375.539	59.299	79.623
370.741	374.260	58.519	81.892
377.660	374.269	56.379	80.786
381.650	373.125	56.653	81.797
396.388	373.573	45.413	81.649
394.679	371.883	50.608	82.751
399.076	372.638	48.625	81.187
404.526	370.799	48.333	79.826
412.456	370.362	46.700	84.448
416.193	373.941	49.353	79.439
423.127	376.123	47.852	77.637
429.498	373.104	47.601	80.066
432.866	375.314	48.411	79.132
434.484	372.875	49.692	79.682
439.081	369.881	49.065	82.993
444.143	369.477	47.959	79.515
446.365	369.476	47.180	79.246
397.475	373.342	51.067	78.662
395.921	370.788	51.946	84.820
394.499	372.774	57.265	80.698
398.555	370.304	57.672	85.928
403.459	371.241	50.559	86.716
409.157	364.028	49.996	87.379
411.369	366.881	48.157	85.685
413.041	369.563	51.372	82.330
424.933	368.180	53.897	82.488
433.212	366.822	52.613	83.031
426.179	367.236	57.212	87.984
439.050	364.974	53.388	85.620
444.348	366.288	55.457	86.804
446.933	371.894	59.031	81.233
450.823	368.395	57.448	84.294
454.404	368.659	55.700	84.265
461.562	362.258	52.219	88.356
469.298	364.280	47.173	82.844
471.389	363.770	44.657	84.463
471.143	366.468	46.684	83.862
470.237	364.779	54.159	81.899
471.389	363.749	48.080	83.903
438.992	372.799	48.987	83.878
441.465	371.366	49.459	86.221
446.673	367.204	56.096	86.652
496.184	364.895	53.492	84.902
503.889	366.942	54.778	83.828
500.013	364.001	62.039	84.486
488.188	363.828	73.889	86.617
503.592	365.578	58.677	83.689
524.306	368.974	53.554	77.783
511.090	362.346	53.926	82.317
499.535	366.714	49.950	82.738
506.095	372.617	51.118	74.027
497.752	371.890	53.972	76.364
504.271	374.006	55.416	73.613
514.980	371.293	49.251	76.140
520.188	367.799	58.280	76.828
528.031	369.817	58.450	76.556
535.082	367.672	60.002	78.455
510.427	373.311	55.329	78.107
477.984	372.054	52.793	85.776
458.448	370.708	61.265	91.634
462.399	371.856	62.484	87.907
466.903	371.482	63.804	88.995
470.651	373.218	65.382	88.758
480.589	373.826	61.874	87.229
467.244	371.774	69.227	86.199
484.186	369.813	65.206	86.099
496.631	368.835	52.599	90.373
491.892	369.162	57.032	87.112
503.541	368.599	56.450	89.698
500.121	378.368	58.467	82.203
506.497	375.444	54.762	82.999
511.493	364.178	58.441	94.466
511.700	387.319	64.764	73.185
516.325	369.791	62.369	88.831
523.087	371.037	64.664	87.227
525.395	387.753	66.726	69.813
535.899	366.918	62.091	89.592
541.248	378.586	61.215	80.161
539.300	374.175	57.215	80.926
554.876	364.051	59.152	87.543
556.261	366.447	56.677	85.021
563.838	364.969	55.714	85.898
574.176	368.136	53.874	87.275
587.108	365.812	53.272	90.320
591.184	366.471	56.019	86.698
596.343	364.367	56.504	88.661
601.054	364.268	56.262	88.649
599.405	365.369	59.046	86.658
601.356	364.464	59.000	88.382
602.817	362.732	59.968	89.553
611.737	360.634	55.895	89.755
617.202	362.545	53.287	86.735
610.906	361.221	56.422	90.383
616.213	370.490	53.838	81.561
619.410	368.811	54.584	81.304
619.884	365.067	59.743	85.983
621.543	366.973	58.587	86.640
627.279	366.897	59.915	84.087
633.249	363.455	60.164	87.468
642.442	365.163	53.938	87.728
636.890	376.386	59.860	77.526
645.451	363.855	55.350	86.428
651.786	364.479	60.074	87.403
653.044	367.114	59.397	79.936
657.645	368.533	57.874	80.268
668.036	361.263	53.955	84.189
676.026	365.648	49.857	84.701
684.189	359.179	51.175	88.460
675.067	355.660	59.388	89.010
678.922	360.414	62.387	86.751
674.834	359.424	65.244	87.685
685.686	361.607	61.149	85.156
694.287	359.690	57.394	85.937
700.896	356.801	58.371	86.826
682.484	360.897	61.359	79.607
694.879	354.440	59.000	88.391
702.300	356.805	53.636	85.949
706.277	357.382	51.665	82.154
700.614	357.444	53.398	80.634
717.234	353.175	52.258	82.722
722.135	353.650	49.025	90.656
716.769	355.022	52.210	91.341
719.718	357.025	52.124	90.115
721.374	360.259	53.859	86.330
723.900	362.190	55.639	82.735
727.757	361.454	54.980	81.936
733.919	358.622	54.417	83.635
743.907	355.847	51.988	85.211
750.108	355.631	56.071	85.249
756.351	358.610	57.977	80.127
765.064	354.151	54.904	80.159
833.665	338.728	41.904	82.491
841.395	336.991	37.323	79.365
845.490	335.125	32.365	80.647
848.455	336.340	28.609	79.199
844.884	338.578	33.002	74.972
846.972	338.234	30.075	76.071
841.893	339.439	34.436	74.546
840.601	338.884	33.384	74.334
839.348	338.509	35.227	77.821
838.779	337.268	36.228	82.336
836.858	336.796	37.884	86.969
836.487	339.884	38.786	86.821
829.263	341.785	46.623	84.842
836.070	340.465	42.544	86.229
837.016	342.205	42.072	86.497
840.679	343.145	39.970	87.124
841.213	343.837	40.890	86.123
841.129	345.022	42.268	84.702
842.146	344.432	42.365	84.594
842.407	345.607	43.457	83.564
830.813	344.006	51.306	86.415
828.603	344.994	45.303	86.774
830.208	344.949	52.498	84.890
832.360	346.246	57.215	84.892
841.915	345.165	50.526	85.634
853.336	346.841	45.488	84.086
845.877	348.586	48.559	86.967
866.467	350.741	53.542	81.984
887.042	351.299	56.316	84.903
904.295	360.096	53.959	87.968
913.388	358.064	45.898	86.956
916.564	356.259	43.436	85.165
918.655	358.918	41.201	83.521
916.481	348.506	43.281	89.508
917.965	352.651	42.035	86.223
917.112	349.323	41.850	89.140
920.144	352.821	39.856	85.047
905.737	350.162	48.217	78.634
891.593	356.389	49.476	74.124
904.161	348.027	49.960	82.082
909.437	349.816	47.916	80.311
920.184	344.044	39.816	84.789
924.201	348.164	35.799	83.289
922.125	354.778	37.590	78.604
926.238	351.785	33.762	76.836
920.009	353.187	39.991	78.975
922.694	352.030	37.306	76.149
922.757	347.500	37.243	79.644
920.050	344.727	39.913	82.674
922.320	383.406	35.753	94.373
920.399	415.093	36.502	94.432
918.434	420.720	38.791	80.306
925.903	385.941	33.034	106.128
919.878	419.352	40.122	91.771
924.246	435.545	32.361	112.296
922.782	405.439	37.218	103.368
918.242	343.944	40.951	86.762
920.332	338.023	38.329	84.918
919.513	338.332	39.326	82.040
916.921	337.631	42.758	83.222
917.319	331.179	42.527	87.078
917.793	328.047	41.203	88.549
914.229	327.259	41.803	84.623
916.740	331.216	42.073	81.517
914.400	319.905	40.995	90.534
916.910	329.562	42.206	81.921
898.130	316.785	39.751	82.890
905.540	317.096	42.504	87.148
912.688	318.844	45.796	87.147
909.537	321.282	42.225	83.893
908.553	317.844	47.629	85.807
919.832	325.877	39.480	82.037
929.195	323.663	30.805	84.390
929.922	324.711	30.078	88.818
924.010	317.527	35.428	86.579
924.190	322.528	35.266	81.623
928.172	322.500	31.828	82.433
930.070	326.284	29.930	86.235
928.193	325.392	31.807	92.105
926.772	318.950	33.228	90.766
928.083	315.991	31.917	91.654
931.006	315.936	28.994	89.960
927.908	321.581	32.092	84.694
933.151	321.483	26.849	91.196
928.884	329.704	30.130	86.225
931.581	319.007	28.419	95.647
927.674	332.916	32.121	87.709
929.966	321.870	30.034	95.723
927.026	317.306	32.974	94.144
927.656	324.798	32.285	91.770
928.415	306.247	31.585	102.626
814.555	324.714	45.210	81.283
817.507	329.209	42.258	78.037
818.288	331.891	43.524	75.726
819.933	333.369	44.157	74.291
821.920	336.821	43.289	70.941
822.457	329.596	42.797	77.657
822.177	332.926	44.026	74.665
822.679	331.869	43.151	75.585
822.214	328.683	42.090	79.488
821.551	333.354	41.587	76.669
819.505	331.195	39.601	80.877
818.794	331.323	37.826	80.792
820.664	329.491	37.198	81.546
820.428	327.219	38.213	82.040
818.113	324.732	36.754	81.290
813.884	325.548	40.281	80.489
809.049	325.959	40.874	79.849
807.220	325.211	39.189	80.710
805.471	323.527	39.635	82.138
806.432	325.166	37.525	80.134
806.928	323.423	37.144	81.938
807.131	323.553	35.739	81.946
806.659	323.816	35.839	81.998
806.870	323.177	34.796	82.076
806.445	323.322	35.559	82.118
806.278	322.854	35.646	82.322
805.720	322.889	37.157	81.998
805.627	323.940	38.534	80.579
805.891	324.132	39.461	80.126
805.957	323.883	39.313	80.411
806.658	323.880	38.611	81.434
806.570	323.989	39.327	80.861
806.616	324.378	40.430	80.287
806.933	324.018	40.673	80.646
807.012	323.766	40.915	80.856
808.034	323.378	40.541	81.098
809.636	322.845	39.158	81.857
809.782	321.728	38.737	83.244
810.227	321.533	38.565	83.469
810.511	321.704	39.681	83.414
809.940	321.782	38.698	83.228
810.547	322.904	39.302	82.446
810.435	323.378	39.700	81.552
810.676	323.070	40.800	81.675
811.604	323.652	40.601	81.022
811.233	323.490	40.880	81.974
811.988	322.461	40.813	83.060
813.291	323.079	40.849	82.253
813.004	323.186	42.032	82.042
814.532	322.627	40.775	82.397
815.136	321.963	40.900	83.725
816.758	322.131	39.587	83.332
818.108	321.470	38.333	84.180
819.559	322.063	37.701	83.071
820.003	321.948	38.248	83.228
819.875	321.976	38.622	82.628
820.014	321.833	39.425	82.581
821.294	322.351	37.721	81.999
821.033	322.406	38.368	82.311
821.033	321.720	38.750	82.735
821.461	321.488	39.759	82.963
821.643	321.536	39.329	82.538
822.912	322.099	38.649	81.793
823.001	321.479	38.396	83.102
823.204	322.260	38.859	81.889
823.821	322.545	38.392	81.731
824.438	322.233	38.326	81.957
823.844	321.800	39.566	82.579
823.627	322.877	41.138	80.073
823.131	323.069	42.930	80.000
824.529	323.344	43.031	79.971
824.598	322.962	43.730	80.203
824.927	322.719	43.271	80.507
825.395	322.747	44.032	80.328
826.799	322.552	44.834	80.033
827.619	322.227	45.810	80.679
828.153	321.715	46.036	81.131
829.156	321.646	45.150	81.290
830.244	322.022	44.426	80.940
831.992	322.259	43.673	80.610
832.617	322.960	43.578	79.814
834.167	322.764	43.158	79.837
834.776	322.409	43.337	79.859
836.121	321.883	43.168	80.343
836.733	320.882	43.618	80.892
837.403	319.358	43.757	82.493
840.474	319.039	42.001	82.614
842.878	319.834	40.567	81.702
843.969	319.487	41.183	81.958
845.679	320.189	40.123	80.602
847.099	320.268	39.773	80.285
849.627	320.652	37.773	79.492
850.641	320.398	37.377	80.444
851.315	320.260	36.917	80.433
852.049	320.618	36.814	79.266
853.213	321.217	35.644	78.573
854.031	321.126	35.261	78.686
855.993	321.790	35.048	78.146
859.314	321.809	35.629	79.022
862.539	322.234	38.414	77.113
868.173	320.918	37.764	78.584
871.628	319.650	38.419	80.885
873.524	319.775	40.584	81.120
875.691	319.206	39.948	81.611
877.484	319.373	40.748	81.249
880.109	318.152	40.965	82.975
882.024	318.995	40.704	81.043
883.594	319.376	40.480	81.303
884.810	320.124	40.957	80.883
887.336	321.887	41.677	81.842
888.278	324.127	42.431	81.836
888.868	324.135	43.009	83.243
888.483	325.215	44.006	82.254
890.376	325.039	44.142	82.344
890.175	325.209	44.138	82.097
904.862	324.840	41.460	82.198
918.543	326.712	40.067	82.817
