89.000	322.000	39.000	107.000
88.105	322.442	41.587	106.396
88.016	323.244	40.729	106.706
87.125	323.912	41.448	106.948
87.642	324.825	40.989	106.744
87.307	325.495	41.627	105.260
87.033	325.327	43.009	105.201
86.998	324.837	43.447	106.393
87.643	325.936	41.575	105.235
87.278	326.046	41.083	105.677
86.599	326.633	40.912	106.399
85.126	327.836	40.194	105.132
83.461	328.089	39.723	107.229
80.039	327.889	41.906	107.678
76.034	327.571	43.878	109.244
73.782	327.042	43.270	111.199
71.018	327.045	44.779	111.371
69.340	327.771	45.117	108.597
68.635	327.933	49.461	109.350
68.237	327.506	51.037	108.698
68.194	328.023	50.128	107.332
67.655	328.810	49.757	108.239
67.466	329.359	50.518	109.639
69.671	328.806	47.462	110.133
71.575	329.409	45.660	108.508
71.101	330.460	46.046	107.475
71.136	330.110	45.574	108.681
72.898	329.664	43.107	109.624
73.359	330.869	43.133	109.055
73.296	330.249	43.963	109.688
73.773	329.877	43.361	110.957
73.884	330.059	41.795	110.450
74.185	330.286	41.135	110.744
73.721	330.587	41.734	111.448
73.126	330.853	43.676	111.415
73.320	331.280	42.816	110.921
72.358	330.662	42.569	111.905
70.985	331.012	45.222	111.244
70.390	332.062	47.217	109.188
69.522	333.136	45.553	109.319
70.690	332.769	43.962	109.346
70.925	333.009	41.074	109.410
70.947	333.061	40.968	109.046
69.759	333.281	41.838	108.989
69.050	333.568	42.455	108.922
69.536	333.198	43.034	108.896
69.599	333.074	43.526	108.613
70.363	333.479	43.305	108.456
71.267	332.883	42.731	109.381
71.179	332.344	43.043	109.730
71.328	333.679	43.343	108.446
72.033	333.661	43.151	108.026
72.513	334.008	42.671	107.742
72.996	333.915	42.572	106.780
73.180	333.317	41.985	107.869
73.338	333.937	41.651	107.789
74.489	334.217	39.779	107.280
74.883	333.976	38.613	107.238
74.980	333.507	38.657	108.343
74.605	333.794	40.810	108.101
75.317	334.723	38.784	106.190
75.349	332.910	39.354	108.474
75.245	333.107	38.651	108.527
74.985	332.721	38.475	108.833
74.883	333.254	37.887	109.117
74.107	332.945	37.770	108.901
74.228	333.943	37.078	108.037
73.487	333.059	37.284	108.907
73.767	333.617	36.991	108.087
74.001	333.502	36.068	108.318
73.689	333.347	36.075	108.734
73.296	333.717	35.573	108.946
73.619	334.159	33.852	108.602
73.818	333.426	36.481	106.986
73.570	333.807	38.175	107.602
73.482	334.052	39.822	107.263
74.417	333.279	44.955	107.357
73.982	332.474	36.079	106.472
74.282	334.037	41.603	106.419
75.711	332.779	39.614	104.155
75.561	333.857	40.483	105.694
75.770	333.073	39.437	108.957
75.873	331.708	38.284	110.296
75.459	330.794	39.536	110.783
74.837	329.677	40.334	111.526
72.704	330.625	41.990	112.991
69.272	331.768	44.480	110.036
68.444	331.164	44.474	109.647
71.277	330.734	41.476	109.911
69.725	330.784	41.584	110.209
71.226	331.121	39.349	109.475
68.627	331.092	42.046	111.071
65.744	331.427	44.339	109.493
70.542	331.267	39.741	110.139
70.281	329.104	39.101	113.620
68.239	329.758	40.633	114.478
70.832	330.522	37.962	114.917
70.027	331.493	39.757	113.748
67.502	329.806	41.636	114.297
64.776	330.826	43.663	113.521
61.565	329.777	45.733	114.516
58.372	330.482	46.793	114.121
53.259	330.253	55.620	114.940
52.878	331.597	54.577	112.973
56.952	333.267	58.789	111.119
63.974	334.672	55.401	109.922
62.873	331.058	55.910	112.912
70.206	329.960	51.426	115.355
72.596	327.169	53.977	117.178
74.156	327.701	51.550	116.688
73.778	326.410	50.125	117.746
74.122	327.072	46.668	116.664
75.018	327.403	43.998	116.641
83.034	328.378	39.711	114.408
86.691	327.219	39.240	113.375
88.172	326.499	39.418	115.358
87.121	327.055	42.531	112.989
88.380	328.415	42.311	110.489
87.848	329.090	42.432	109.514
88.554	328.689	44.818	109.462
88.973	328.556	43.066	109.182
90.536	328.502	40.111	109.943
91.053	328.919	38.690	111.824
92.366	329.823	37.515	113.374
92.838	329.798	35.795	112.905
92.070	329.761	35.536	113.039
91.919	329.761	33.885	114.101
90.911	330.776	34.270	113.590
87.882	332.083	36.477	113.647
85.377	332.170	37.877	111.330
83.187	332.085	36.998	112.145
78.943	332.259	39.918	111.118
75.766	332.114	41.311	112.121
73.613	331.674	43.454	113.335
73.456	332.367	44.928	110.766
72.065	332.805	44.157	109.042
71.896	332.510	42.605	108.837
72.237	332.147	41.215	110.923
73.923	333.709	38.551	111.207
77.788	332.773	36.623	115.068
80.173	333.386	36.783	117.244
83.129	333.530	35.612	116.788
83.650	334.445	36.064	111.424
84.200	334.468	37.049	110.040
84.711	334.751	38.203	110.973
83.963	333.861	39.967	111.826
83.323	333.771	39.754	111.898
78.579	334.495	43.597	113.198
75.493	334.650	45.707	111.646
74.945	334.726	43.892	111.441
73.004	334.151	43.264	112.564
71.837	334.925	43.194	113.347
70.198	335.053	43.574	112.802
68.656	335.589	42.447	112.011
68.322	335.235	40.329	111.911
66.872	335.175	38.587	113.766
66.302	335.556	36.370	114.302
66.151	336.078	34.267	113.668
66.458	337.205	33.168	113.969
66.494	338.442	32.831	113.463
66.001	338.900	32.511	113.009
65.545	339.027	33.600	113.553
65.841	340.132	32.649	112.257
64.468	340.365	33.718	112.339
64.201	340.968	33.404	111.843
62.491	340.184	33.903	112.593
60.865	340.110	34.104	112.271
58.474	340.697	35.528	112.035
55.604	340.201	36.216	112.729
52.968	340.072	38.054	112.655
50.607	340.631	39.937	112.511
49.019	340.775	41.256	113.078
47.164	341.979	42.306	112.129
46.927	341.695	42.621	112.097
46.542	341.343	42.563	112.488
48.693	341.711	40.128	111.734
49.985	340.917	40.720	113.614
51.971	341.141	39.394	113.706
55.286	340.160	37.358	114.293
56.321	340.625	37.415	113.384
54.697	340.524	38.310	114.431
54.433	340.058	38.091	114.986
53.000	340.674	39.171	114.380
53.059	340.624	39.349	114.311
53.169	340.725	38.197	115.278
51.674	340.653	39.906	115.480
49.958	341.522	41.582	114.600
49.447	340.040	42.168	115.176
48.010	340.507	43.222	117.085
45.837	340.673	44.557	116.729
44.394	340.198	46.611	116.985
43.183	340.807	45.956	117.159
43.251	340.647	44.246	118.193
43.337	341.170	43.337	118.423
43.374	340.855	42.044	119.702
41.507	340.856	42.265	120.079
44.683	341.559	38.522	119.518
46.855	341.771	37.047	118.839
46.413	342.530	36.169	118.999
46.304	342.547	36.340	119.729
47.601	343.928	33.652	118.106
44.318	344.853	35.763	117.973
35.154	346.114	42.764	119.031
31.893	344.249	44.174	119.352
31.480	344.790	46.538	119.315
29.832	345.720	47.328	119.354
36.839	346.898	43.993	118.202
44.976	346.432	37.859	119.345
49.148	348.567	35.053	117.972
49.220	349.540	39.835	115.681
50.733	348.872	41.894	115.008
55.993	348.920	48.005	114.013
62.395	349.968	43.974	111.572
67.681	348.475	42.927	111.013
72.058	345.552	50.880	114.940
75.816	344.882	54.267	113.567
78.689	344.202	55.290	114.459
81.280	344.524	45.112	113.706
83.745	345.054	42.512	113.593
79.610	344.960	46.845	114.832
78.658	344.674	47.947	113.827
81.751	345.455	45.206	114.158
79.462	347.517	46.669	114.927
74.306	348.977	49.776	115.518
69.262	347.976	56.407	117.099
62.917	347.484	63.321	116.564
56.865	347.512	64.830	116.435
54.549	347.734	57.871	117.582
52.215	349.655	49.100	116.897
49.837	351.335	49.261	116.468
47.351	351.375	46.874	117.229
38.932	351.417	47.212	117.502
61.004	351.377	42.200	117.114
95.889	349.587	47.335	117.860
107.277	351.157	45.041	119.047
101.229	349.618	48.280	120.802
95.893	351.545	52.505	118.485
92.428	354.653	49.962	117.000
83.026	351.305	49.593	120.359
79.758	348.587	60.037	112.631
73.701	346.179	62.042	117.863
64.540	351.005	47.711	120.436
61.308	352.938	42.012	118.991
58.700	354.022	38.401	121.676
55.750	354.976	39.928	119.765
49.695	356.752	42.004	119.828
46.924	355.105	41.896	120.444
44.588	324.870	39.838	132.499
39.230	284.187	39.713	127.264
34.626	263.221	42.005	124.853
28.816	266.931	46.489	122.469
23.442	266.805	48.117	122.063
19.220	267.172	49.333	120.898
12.594	267.908	50.864	121.326
8.612	271.169	47.692	120.048
6.286	271.810	46.081	121.981
4.191	273.191	43.470	119.320
1.833	272.333	37.220	122.394
0.691	272.409	34.985	121.563
0.883	274.253	33.575	120.480
0.432	274.946	32.335	119.137
0.422	281.383	29.401	112.031
1.592	278.322	32.617	116.535
19.243	271.869	48.298	122.622
51.463	272.804	46.796	121.244
80.571	273.226	46.217	122.031
109.055	274.156	46.081	122.142
147.258	276.010	43.980	117.138
138.255	274.000	54.633	120.730
136.416	274.612	53.380	118.923
137.506	273.181	49.596	122.427
136.989	271.979	48.443	122.898
138.020	272.736	46.759	124.232
134.186	272.442	48.459	125.835
132.503	272.408	49.332	126.257
132.869	272.119	49.838	128.134
129.773	272.651	50.974	128.459
125.901	273.606	50.489	128.688
120.464	274.948	51.796	128.559
115.536	275.482	54.161	127.769
110.809	275.992	55.794	128.183
107.106	276.272	56.962	129.931
106.792	277.819	52.228	129.426
107.040	278.686	47.122	129.912
108.063	279.785	43.562	130.921
105.758	280.005	44.535	129.343
104.060	280.612	43.269	128.887
101.495	281.487	43.288	127.751
92.539	282.137	50.173	129.964
89.343	283.337	50.090	129.264
87.942	284.656	48.273	129.389
83.983	284.889	49.059	130.073
75.935	285.684	51.550	131.243
73.581	284.825	49.085	131.754
66.166	285.422	49.703	131.562
59.098	287.746	52.176	129.329
55.261	288.702	55.582	128.233
52.626	291.245	53.007	127.350
52.385	291.705	47.745	127.211
49.707	292.191	44.569	126.660
45.890	291.568	44.441	128.138
37.248	293.554	49.918	126.870
28.437	295.862	58.546	123.139
25.157	296.890	55.569	121.848
21.575	296.629	55.867	124.110
17.687	294.231	51.893	125.740
12.148	295.723	49.060	121.156
11.386	296.990	49.183	121.717
43.558	296.562	50.219	118.980
71.278	297.426	53.506	118.484
94.013	298.241	50.227	117.076
118.891	295.832	50.742	119.349
111.096	296.603	55.583	116.432
113.906	296.580	50.675	116.832
113.207	298.694	45.709	115.530
108.451	300.717	45.668	113.596
103.003	302.428	45.219	111.499
96.652	301.899	45.972	112.904
91.757	302.481	44.572	113.277
88.290	303.102	42.633	114.573
83.532	305.585	43.856	110.491
100.114	308.036	41.876	105.669
116.344	307.911	45.576	107.155
146.325	308.977	43.624	105.903
177.092	306.900	41.866	106.561
193.750	310.343	44.156	108.320
188.824	310.651	49.140	111.590
184.302	311.641	46.790	115.482
183.072	312.899	43.923	114.488
179.478	314.858	43.537	111.206
175.262	314.333	42.637	113.196
170.834	314.499	43.457	115.745
165.328	314.976	44.559	114.362
160.136	317.452	45.390	114.202
154.175	320.523	45.715	113.355
149.998	323.398	45.530	114.361
146.048	323.416	45.753	115.721
141.788	323.532	45.729	117.181
137.743	324.104	45.610	118.857
132.981	325.783	45.983	130.293
124.831	326.642	47.206	135.147
118.777	328.546	46.728	136.070
111.370	329.281	46.018	141.361
105.210	329.758	44.880	144.090
100.446	329.508	43.634	142.893
94.470	332.912	41.867	145.479
86.326	337.380	43.629	142.547
78.352	339.136	45.403	141.864
68.647	340.405	49.433	140.595
61.243	340.024	49.819	139.509
57.294	327.372	49.930	153.308
50.941	287.370	49.649	160.882
39.868	275.036	52.640	159.499
35.122	277.857	50.334	157.315
32.046	278.782	48.776	156.592
29.369	279.438	43.973	155.686
26.396	282.125	41.175	154.850
26.425	284.803	35.352	148.440
21.408	285.526	37.323	151.880
41.453	306.414	49.342	129.809
29.467	306.720	56.978	124.584
57.958	301.620	50.480	134.696
85.394	299.075	50.092	144.451
88.210	292.371	56.873	157.198
88.901	292.634	52.416	152.852
84.763	291.615	51.061	157.969
79.759	292.319	50.449	158.304
73.257	292.806	51.226	162.064
74.096	299.145	44.686	150.786
67.148	300.149	45.701	152.046
58.676	299.552	48.126	155.051
63.648	304.307	44.736	145.594
93.501	309.246	55.410	146.182
115.993	303.585	55.249	158.127
145.380	304.346	55.261	160.724
157.753	305.145	52.086	166.050
151.114	307.221	52.910	163.176
143.129	307.099	54.884	162.674
133.761	307.944	57.014	165.151
133.694	308.773	49.809	169.070
129.914	313.804	49.952	165.282
122.747	316.527	50.968	162.340
113.777	316.883	53.784	162.295
111.325	317.274	55.945	161.162
106.766	317.707	55.223	161.665
100.901	319.541	59.356	160.309
93.394	325.784	60.795	152.159
86.564	325.797	59.462	152.099
79.070	325.302	56.807	155.698
72.834	326.344	56.947	154.656
68.629	328.978	54.463	149.977
61.959	331.523	54.075	149.405
55.215	335.413	54.794	145.587
46.496	335.624	54.639	145.376
36.929	335.174	53.855	145.826
32.210	317.677	53.266	161.458
18.076	267.872	62.510	192.603
13.575	271.566	60.734	178.473
4.693	271.639	57.014	179.305
0.701	272.136	45.963	180.901
0.000	275.269	41.271	175.737
0.000	278.364	37.870	176.972
14.511	280.497	51.091	163.446
31.405	281.479	58.512	158.533
59.560	284.361	58.397	162.808
88.081	279.082	53.862	169.401
86.159	279.336	50.987	173.586
73.957	281.542	56.258	171.089
55.291	283.880	69.435	176.917
44.862	284.506	58.626	179.955
39.522	281.706	54.124	184.017
29.101	281.981	53.044	182.798
47.326	283.367	58.426	182.796
73.240	284.864	56.934	184.428
91.535	286.284	65.519	181.180
115.020	288.144	66.092	179.855
143.699	287.182	58.374	179.353
162.494	283.076	57.268	183.070
158.683	283.370	49.975	182.552
134.777	285.321	65.122	180.933
123.743	286.808	67.195	179.832
117.689	288.385	61.629	177.340
112.781	285.683	53.537	185.915
101.082	284.661	54.946	186.658
95.558	285.970	51.235	185.417
86.245	288.885	51.702	184.475
69.910	293.373	60.170	184.236
60.002	296.701	58.690	182.792
52.329	295.879	54.358	182.256
45.976	295.185	50.480	181.224
34.924	295.717	53.278	177.385
39.301	294.524	68.674	183.653
69.641	300.153	64.370	170.146
93.623	294.309	63.205	180.705
117.015	292.295	60.474	185.578
138.368	289.936	56.390	184.934
128.888	292.302	51.325	187.202
113.218	294.938	55.713	183.712
96.931	299.380	61.912	180.548
90.137	299.533	56.323	181.063
81.724	300.799	52.310	178.739
73.280	301.962	51.575	179.038
62.340	301.004	51.827	172.399
47.208	301.876	52.070	173.521
28.579	302.286	57.463	177.932
18.923	305.163	59.352	173.994
10.225	300.571	53.695	180.429
26.848	300.711	53.915	177.040
48.072	300.314	53.919	178.546
67.209	303.457	58.366	175.159
80.712	305.554	62.675	171.512
107.073	307.706	58.898	170.203
130.264	306.983	56.580	168.683
152.746	305.788	57.554	173.504
172.988	304.754	59.331	176.229
192.286	307.198	63.941	172.934
215.462	309.478	61.528	168.076
239.586	307.009	57.005	173.991
261.745	302.074	57.330	177.995
282.905	303.936	57.807	177.064
303.488	309.114	58.806	166.279
322.942	313.704	59.864	162.407
337.011	315.419	54.704	161.072
346.195	306.397	51.151	173.333
337.722	307.809	51.020	169.227
324.315	308.587	50.087	165.705
308.559	311.174	52.657	158.528
294.220	311.739	53.217	163.544
282.433	306.565	49.745	169.912
272.387	303.956	48.364	167.179
264.214	303.969	51.412	160.778
251.917	302.517	49.562	158.780
237.442	304.413	52.710	162.081
222.750	309.479	55.266	163.056
209.089	312.224	55.231	160.611
201.349	313.339	52.549	160.409
189.004	310.266	52.876	165.947
175.076	310.463	54.981	165.110
158.973	308.892	64.421	169.181
145.005	313.796	64.680	160.549
133.183	312.274	59.257	163.000
120.029	309.536	57.996	166.647
121.184	310.600	59.890	163.809
143.199	311.035	55.927	160.913
159.573	315.683	62.394	160.583
179.543	314.516	59.006	159.456
198.890	317.614	66.359	157.793
213.882	313.918	65.173	162.412
228.635	313.113	67.200	163.392
249.288	316.574	69.272	157.119
268.580	314.431	68.010	160.591
287.552	313.895	66.738	162.482
310.195	311.467	66.126	164.402
333.870	310.968	58.170	162.831
355.173	311.186	59.900	160.791
373.869	315.419	61.661	158.772
393.758	316.189	61.487	156.248
414.270	313.382	62.977	160.765
427.272	309.692	70.753	164.898
440.808	308.649	83.777	162.920
462.619	306.470	79.901	168.561
486.017	307.261	74.704	167.376
496.915	303.450	69.880	171.764
489.246	300.170	65.958	173.230
476.512	297.064	68.765	174.764
471.577	299.422	66.134	174.905
464.217	300.494	68.003	176.038
454.251	302.577	70.535	177.064
438.845	305.683	82.467	173.109
450.104	303.906	89.374	168.256
468.508	299.001	85.537	172.355
491.702	299.481	86.007	169.394
520.475	299.512	78.491	173.552
538.822	300.355	81.934	170.633
561.621	298.174	65.677	173.081
575.634	298.801	54.199	167.902
575.705	293.551	53.889	175.106
564.253	295.484	54.710	172.743
546.750	298.773	56.574	172.896
535.508	299.802	70.090	172.149
516.434	299.878	63.947	170.207
507.004	297.959	77.998	168.268
488.380	296.515	78.632	170.959
475.432	297.036	76.519	173.609
466.942	302.613	73.536	161.665
456.352	298.898	75.958	165.553
466.378	292.551	63.777	179.054
456.352	291.951	64.065	173.604
449.651	291.736	60.323	185.250
404.980	295.729	85.156	174.240
393.802	298.592	72.131	172.750
376.572	306.698	61.111	160.947
362.394	297.602	74.297	168.404
346.946	301.292	68.585	168.161
333.307	298.849	68.619	170.467
325.620	308.000	62.510	155.212
313.421	306.768	59.708	162.914
298.398	311.335	62.858	154.759
287.122	312.890	66.447	153.844
304.240	289.086	66.609	178.756
303.191	288.979	63.260	187.354
292.990	288.199	69.131	186.079
