50.000	217.000	298.000	295.000
50.831	217.289	305.244	291.159
59.820	218.750	299.671	294.864
67.058	216.680	294.971	296.412
73.758	211.644	285.606	308.229
75.851	211.944	287.661	306.958
79.985	210.096	285.378	309.590
80.577	210.096	283.881	309.119
80.651	209.719	283.467	313.207
79.876	211.126	285.659	307.932
80.599	214.383	284.146	301.905
79.959	215.104	283.931	303.381
81.549	216.600	283.528	296.869
82.778	217.121	284.819	299.623
84.737	216.213	285.416	298.515
89.517	215.910	281.363	293.724
95.855	213.698	275.073	302.563
103.657	209.445	269.786	301.153
111.562	207.451	259.606	308.251
123.393	205.159	239.071	304.506
141.271	206.284	217.182	305.120
160.785	208.504	203.655	296.092
156.476	199.897	194.178	306.249
472.091	167.288	201.580	331.503
143.270	203.131	195.517	305.436
126.758	209.936	222.962	300.568
107.606	212.380	237.861	294.922
86.347	212.419	284.713	294.067
79.349	212.883	306.829	293.349
75.548	214.122	323.504	297.897
71.531	218.839	316.615	296.526
73.478	215.967	341.922	297.767
74.901	221.381	309.726	288.419
74.296	214.844	348.295	292.659
71.113	214.045	312.172	292.938
73.233	218.195	313.546	285.747
71.852	216.667	311.887	287.068
70.313	217.409	311.835	280.375
68.519	215.727	315.704	282.863
62.839	218.094	317.172	280.810
61.949	222.394	315.325	278.142
56.791	220.228	313.517	278.268
56.501	217.513	304.963	281.774
54.245	214.564	303.737	283.794
41.764	209.474	302.438	290.250
31.118	205.974	290.465	293.750
24.117	195.945	272.271	312.607
17.318	204.132	268.926	297.176
28.538	209.699	246.353	289.826
25.369	200.514	253.846	296.091
18.416	203.699	287.840	287.269
13.005	208.798	321.378	282.003
30.035	213.572	320.172	271.457
24.576	211.840	320.563	276.572
20.577	212.656	329.765	274.077
32.784	211.432	332.043	270.475
46.279	209.183	318.071	281.116
58.816	213.363	308.158	288.592
66.564	209.098	299.332	293.120
82.929	210.508	287.863	295.051
97.851	208.089	279.235	303.961
103.509	206.013	291.595	304.174
112.042	202.543	297.210	305.660
123.642	196.488	284.657	309.698
140.862	190.233	286.213	311.693
164.053	184.942	292.579	313.693
233.357	170.640	299.292	313.948
224.184	167.393	253.225	308.904
232.634	166.942	235.553	317.345
252.454	168.509	215.076	321.046
230.773	179.823	210.988	327.876
225.084	193.454	164.184	303.448
209.863	186.350	215.054	281.230
191.841	195.413	290.417	282.762
173.018	193.022	287.247	281.169
170.911	191.143	319.659	274.531
152.541	189.671	344.036	274.789
132.394	187.292	329.731	282.609
113.750	195.409	323.597	280.254
113.957	189.742	310.724	287.829
115.641	192.466	316.540	281.463
127.476	192.613	305.749	283.939
147.505	193.161	285.223	284.108
178.766	189.616	260.249	287.951
213.217	182.845	252.365	292.680
236.180	191.950	239.920	283.367
255.861	186.076	240.254	284.757
259.447	193.225	216.463	264.351
253.886	191.437	204.877	250.968
245.315	184.906	238.330	245.909
237.391	202.492	199.973	218.263
232.254	189.322	221.869	220.831
230.525	183.247	245.131	218.209
240.051	173.818	258.991	216.129
251.925	174.457	258.064	207.467
253.234	178.092	266.031	199.282
262.304	176.929	272.384	245.709
269.081	171.176	252.071	239.610
267.316	183.975	212.012	235.914
271.679	187.219	236.068	225.995
274.449	186.122	215.305	234.459
280.669	189.224	221.086	241.930
281.455	194.776	222.909	236.416
284.122	200.172	215.202	241.733
283.326	205.726	197.866	233.872
280.837	211.909	202.155	237.826
274.643	217.302	217.194	232.954
267.029	220.279	224.188	232.945
241.584	223.765	270.946	232.059
339.139	221.294	289.519	232.768
258.674	218.853	396.134	227.946
156.011	214.925	286.575	218.065
147.662	209.141	269.576	217.047
141.639	201.253	250.806	239.927
137.003	205.672	223.587	242.406
109.867	207.320	221.501	247.651
93.633	201.553	208.801	257.816
78.528	198.347	234.841	248.343
64.993	208.883	254.593	227.155
69.810	211.234	284.535	212.933
70.013	207.926	324.184	201.160
83.683	218.907	345.785	203.400
82.477	205.241	377.918	213.297
603.090	171.103	258.226	187.945
619.246	211.902	314.298	151.185
599.755	213.924	242.608	147.487
602.378	219.515	221.055	130.060
579.810	197.236	216.505	160.224
563.019	194.232	225.202	174.987
541.643	184.754	249.631	194.452
528.072	193.545	242.490	205.077
538.822	166.326	200.404	239.675
531.990	176.535	186.800	223.670
523.834	178.350	209.863	218.915
497.895	179.265	262.555	229.852
487.754	176.837	272.766	209.756
469.666	176.301	254.228	192.131
451.917	187.258	265.666	177.968
426.855	189.327	246.823	175.022
393.378	190.520	222.430	189.139
365.748	195.370	270.098	220.175
348.492	201.115	231.606	212.589
322.191	211.220	255.006	218.738
294.967	216.242	259.149	226.072
255.263	221.348	239.264	220.357
245.924	213.915	201.881	207.723
225.505	217.605	175.670	223.430
208.686	219.823	157.375	229.873
198.804	213.463	154.509	237.898
184.213	216.804	154.767	234.259
168.406	215.955	163.353	232.963
159.399	210.201	166.739	246.184
144.149	228.142	179.043	231.276
125.611	228.354	206.727	219.471
103.641	231.219	248.205	210.072
104.549	233.875	253.220	204.604
129.932	237.210	268.178	189.351
146.294	223.673	268.072	205.647
168.852	223.217	256.498	212.473
197.213	208.011	266.139	221.749
221.502	208.658	247.318	229.773
251.605	204.458	251.703	232.251
216.666	203.875	274.900	214.633
188.062	213.302	305.118	170.804
162.428	212.596	282.521	147.400
141.984	215.913	291.570	159.739
122.042	212.990	309.114	178.856
118.762	204.921	298.174	197.627
160.117	206.500	258.961	209.850
173.356	212.673	243.160	218.487
155.553	219.854	246.498	217.795
177.538	236.137	211.393	199.515
200.956	237.600	193.938	192.568
219.384	236.499	177.056	175.755
221.610	220.406	242.093	169.035
275.097	186.991	226.738	191.227
257.750	192.890	217.747	202.213
205.840	244.991	215.121	158.127
203.443	232.876	203.014	179.245
148.877	250.436	211.867	167.531
113.876	241.311	193.259	182.255
65.559	236.433	197.129	183.516
25.455	229.712	192.543	194.884
0.000	219.325	177.527	204.603
1.188	204.585	140.243	202.004
0.000	197.169	109.135	191.383
0.000	194.838	86.824	161.705
0.000	191.500	85.323	153.831
0.424	181.051	94.778	163.973
0.000	175.704	117.900	168.102
1.079	186.509	149.297	155.835
1.492	192.870	181.632	154.222
0.000	199.577	222.407	155.369
0.000	210.825	256.872	159.634
27.032	222.966	286.574	160.320
79.584	233.771	266.546	170.056
142.807	242.419	257.870	175.061
205.707	241.289	224.701	185.325
270.183	251.288	220.578	176.473
358.381	215.760	245.032	185.582
341.947	199.355	217.550	130.799
330.970	192.125	222.211	188.909
266.765	187.193	249.821	99.775
254.903	191.864	215.339	92.382
233.184	190.174	227.998	100.725
241.358	189.437	231.844	116.297
248.334	184.077	235.328	130.366
266.941	182.883	230.667	137.912
289.196	191.364	237.791	134.543
334.318	201.279	238.048	124.842
362.980	204.860	199.450	120.645
380.933	198.495	212.346	126.072
387.538	205.277	225.506	134.836
375.031	216.172	230.673	149.278
329.259	233.810	218.786	138.272
340.651	238.838	165.658	151.957
301.007	241.751	155.008	144.531
272.067	242.415	155.913	138.998
246.842	240.349	153.989	144.438
219.539	239.147	156.042	149.670
193.625	237.866	170.639	161.852
182.393	242.142	171.623	161.199
170.788	246.280	166.703	169.208
171.787	253.085	141.795	166.833
181.847	246.994	119.442	163.977
196.203	230.545	118.160	174.513
184.690	236.020	141.321	163.886
180.764	215.273	166.134	170.717
184.320	204.763	179.211	168.543
210.782	203.572	169.422	151.141
226.594	212.242	164.417	128.294
252.870	210.308	157.841	122.915
281.876	207.872	149.173	124.902
313.428	209.463	126.349	127.799
322.697	206.516	135.632	129.622
322.896	207.910	136.554	134.711
325.089	209.784	142.903	132.746
329.498	205.506	151.864	149.577
331.895	206.144	154.864	150.629
337.520	211.258	152.343	160.294
344.823	215.469	152.782	155.615
351.377	215.023	147.033	157.499
353.227	215.045	143.212	156.915
345.531	216.581	151.226	152.073
340.056	215.041	155.801	152.083
341.406	213.239	159.865	148.616
346.357	209.938	164.513	151.157
354.957	206.762	165.096	149.626
359.767	205.729	167.523	149.647
360.148	206.588	171.300	153.051
359.725	207.447	181.962	154.642
366.239	208.401	180.930	154.990
373.336	216.074	179.061	145.725
381.761	214.777	180.444	144.944
379.937	209.460	187.653	152.234
372.521	211.441	200.821	154.996
372.504	217.083	199.255	149.023
371.964	214.935	197.214	148.961
372.358	213.228	176.190	150.768
371.707	207.983	174.989	152.804
371.857	210.655	177.683	147.921
376.538	210.258	143.513	148.809
355.077	211.138	146.188	145.642
339.652	207.158	157.980	144.262
321.012	200.061	142.729	150.196
310.317	197.492	125.923	144.515
539.271	212.108	105.000	121.913
554.397	217.764	138.858	118.456
564.492	214.139	155.521	123.320
576.222	210.796	157.998	128.467
593.677	214.008	147.431	114.528
597.759	216.263	146.087	121.260
596.948	214.989	146.606	118.549
599.020	215.758	136.511	112.667
605.773	221.541	127.306	106.488
597.577	224.168	136.332	105.355
588.742	234.925	137.165	97.011
573.535	236.270	142.946	98.046
566.819	243.019	137.134	103.873
545.940	238.941	140.898	116.035
542.119	248.188	126.224	111.024
528.243	244.681	117.972	116.229
514.538	240.115	115.720	107.293
481.757	228.143	133.884	108.401
465.701	215.561	128.186	138.433
459.835	208.402	121.695	132.925
461.371	197.268	104.247	139.138
371.989	165.880	117.777	116.511
377.654	166.710	123.292	106.259
364.694	171.010	126.129	99.236
335.990	173.763	131.395	90.026
332.312	176.938	153.739	95.458
409.544	189.656	117.177	129.755
414.660	187.676	117.055	129.202
420.291	186.658	117.225	134.565
427.849	188.378	120.112	133.661
438.615	187.641	125.592	126.310
449.631	181.175	120.809	131.927
461.173	180.175	113.447	131.358
476.081	170.135	102.595	140.249
490.440	183.512	89.784	129.404
507.655	175.665	73.799	140.747
524.771	166.283	83.661	151.363
530.036	174.582	95.680	139.101
521.410	179.260	117.294	116.058
518.257	183.673	128.068	105.155
521.819	188.352	127.134	102.463
523.264	193.868	126.138	91.283
533.245	200.291	123.716	84.690
539.965	211.274	121.958	77.827
540.646	215.633	119.559	73.836
538.412	219.198	114.026	78.217
522.441	221.049	127.254	85.104
507.221	223.401	129.063	92.633
509.246	231.402	121.094	90.937
492.984	222.838	120.032	102.727
487.076	225.552	103.172	102.261
475.124	226.073	94.957	101.367
466.348	224.309	105.444	102.189
454.830	222.426	122.807	98.318
448.427	219.072	139.928	88.121
449.837	223.295	142.165	66.978
409.074	212.457	170.773	69.139
405.310	194.336	122.204	78.331
453.153	196.646	143.372	78.145
482.940	219.224	150.003	57.224
501.925	216.516	133.957	62.994
514.132	211.398	125.608	74.585
535.128	206.947	101.184	85.771
547.513	181.474	85.340	115.477
536.955	174.952	110.992	124.902
516.138	174.147	139.110	97.167
544.381	180.775	137.008	83.987
508.023	223.021	133.607	89.646
534.029	204.236	140.031	63.509
501.170	212.562	160.100	57.807
497.984	224.534	159.035	52.534
494.312	225.884	152.417	58.701
477.618	228.982	152.034	62.013
462.074	232.804	151.540	65.588
453.945	232.184	133.862	71.622
449.492	226.467	114.358	85.394
447.146	224.759	103.347	91.803
311.890	237.690	102.435	90.213
310.468	227.774	109.547	101.848
305.837	226.659	116.018	98.744
306.000	223.823	117.797	98.279
308.920	221.189	126.490	103.938
313.721	219.387	138.483	104.283
325.997	220.131	149.127	100.086
333.193	216.710	165.936	106.134
337.968	216.439	179.325	107.581
339.112	219.314	204.709	104.049
380.327	223.096	184.217	99.759
328.771	226.410	141.656	88.753
320.236	226.667	110.472	90.000
310.457	227.766	105.613	87.614
310.333	226.727	97.093	91.609
306.858	229.757	78.128	90.154
300.546	240.545	83.128	81.431
292.782	239.554	104.840	84.369
290.922	243.059	113.862	73.754
310.219	228.898	142.159	71.008
375.804	231.077	99.436	53.659
377.917	225.513	94.438	63.137
408.032	229.935	107.415	67.668
573.730	256.102	63.220	70.505
574.674	257.182	71.853	70.486
570.867	255.935	61.614	79.112
561.379	259.337	72.052	84.255
509.928	253.587	120.155	113.797
476.606	242.030	108.262	143.764
468.653	250.553	95.075	135.263
472.408	252.308	102.376	133.688
472.069	253.008	111.793	118.986
473.640	255.581	109.396	137.021
494.348	231.954	99.995	103.334
519.361	234.631	97.963	95.756
512.770	233.781	102.275	91.522
506.100	237.795	90.613	87.382
505.769	236.512	103.202	94.034
486.238	226.292	102.101	87.524
488.472	239.823	104.241	87.544
488.726	249.953	110.454	90.146
528.198	257.654	102.760	91.896
561.951	273.711	88.918	93.777
566.888	270.822	92.617	98.636
576.107	266.684	97.289	105.295
591.414	260.039	84.577	112.416
592.065	245.336	85.406	125.033
600.252	225.782	72.748	95.527
599.275	217.588	74.027	117.400
586.367	207.213	79.818	106.669
576.185	203.881	77.134	102.000
573.805	202.647	73.954	95.485
567.204	203.358	81.571	91.371
566.890	210.977	85.931	87.898
569.879	214.774	87.486	90.882
566.833	225.371	96.382	87.330
563.905	236.520	102.408	78.883
560.976	238.192	103.764	79.719
558.159	245.729	107.214	74.174
553.062	250.043	106.594	69.922
539.513	250.176	109.652	71.928
525.004	256.775	111.401	64.316
509.689	250.068	111.648	72.599
489.352	246.261	109.404	76.376
477.522	239.916	102.154	85.363
436.773	249.582	124.684	79.834
404.918	253.862	114.157	102.802
244.951	231.320	76.004	87.062
228.470	233.166	87.181	80.961
232.979	235.127	87.249	77.943
237.390	236.956	96.849	82.166
238.472	237.054	109.608	92.531
245.395	242.730	101.546	92.438
267.729	248.846	99.725	95.947
312.514	252.696	100.996	99.112
335.222	257.613	99.362	80.431
371.755	257.746	87.080	92.181
388.816	255.726	83.419	97.468
400.852	259.031	90.032	88.091
417.898	257.435	94.534	90.818
423.359	253.184	107.159	88.838
432.320	250.683	110.694	84.660
436.436	248.333	113.579	79.145
438.665	248.652	106.767	75.314
440.483	250.304	100.565	73.239
440.118	249.726	95.460	74.300
441.163	250.676	88.160	70.411
440.055	247.003	86.941	74.555
441.390	246.105	84.336	76.703
446.358	248.170	78.055	77.075
448.791	247.596	75.740	76.860
450.691	247.670	73.578	76.065
443.847	247.097	79.144	75.860
438.318	245.546	83.069	76.624
423.176	243.650	103.043	81.510
417.987	233.339	95.910	78.239
412.655	238.020	99.567	75.587
402.149	229.061	99.725	85.730
382.304	203.160	89.111	95.272
383.006	206.311	90.218	90.668
382.897	213.754	90.712	100.633
383.008	205.752	87.573	98.485
382.658	214.373	88.276	87.757
383.014	215.722	83.449	86.670
382.362	221.003	83.190	81.757
381.986	216.087	82.913	85.978
382.683	217.330	87.390	85.633
384.505	223.523	90.222	78.627
391.064	228.545	87.334	71.886
387.336	235.885	91.947	63.829
388.465	235.628	92.446	58.801
394.323	235.713	92.634	56.937
403.284	225.868	81.412	64.395
406.058	227.082	83.306	65.711
408.411	221.997	80.001	66.294
414.134	227.198	75.778	63.666
419.640	221.535	72.041	67.379
421.844	226.394	72.189	66.203
423.039	228.758	69.876	62.020
424.320	226.753	70.691	63.863
425.272	229.832	72.022	65.325
415.768	227.124	83.561	70.639
421.751	231.898	86.283	69.256
419.318	231.926	91.487	74.155
426.220	239.936	86.871	68.099
433.030	233.964	83.576	76.483
431.333	233.031	88.170	77.001
430.359	237.588	88.758	74.058
426.854	232.825	88.120	77.461
422.523	236.950	90.486	76.540
420.344	244.535	93.577	73.432
406.855	243.917	92.002	75.727
393.660	253.423	103.579	64.171
387.268	250.610	93.951	69.002
369.151	242.328	96.864	64.234
377.047	246.738	89.382	64.855
362.237	239.107	93.002	72.136
370.690	234.855	79.437	72.375
367.971	231.526	76.451	68.517
366.251	227.650	73.596	66.035
366.912	221.425	71.583	67.088
367.895	218.465	65.576	67.955
366.564	212.029	67.828	71.031
365.665	213.779	73.896	78.509
250.044	243.066	60.337	66.096
212.390	246.145	96.165	68.700
206.508	249.373	109.974	71.315
206.465	257.632	113.113	71.150
206.234	260.987	112.246	74.485
204.804	261.821	115.818	80.649
210.126	263.315	116.733	86.671
215.508	262.739	114.478	93.073
221.060	266.433	111.377	92.186
224.308	267.183	110.514	91.649
225.581	266.677	110.391	91.092
229.775	266.618	109.419	90.412
236.820	265.703	103.898	90.881
242.287	263.110	101.316	89.839
251.201	261.096	93.708	83.839
260.656	255.005	80.713	84.769
270.697	243.854	72.897	94.130
273.988	236.162	72.950	96.523
275.789	232.408	74.936	89.830
281.366	224.664	74.028	87.750
283.883	214.033	76.988	89.817
283.373	202.712	82.626	90.037
285.109	197.389	78.249	85.354
283.552	196.429	87.695	81.639
396.243	247.480	89.111	78.599
389.226	249.060	92.738	76.936
383.750	245.796	92.964	84.248
382.568	247.117	94.213	79.134
383.906	240.528	90.054	82.731
386.728	240.998	81.800	84.113
386.308	238.541	80.089	79.745
390.259	238.716	75.814	75.486
391.397	234.648	74.733	77.654
382.338	231.880	83.990	79.662
379.268	221.424	86.312	88.966
383.504	218.521	87.676	93.186
385.991	216.065	94.585	94.741
394.690	214.503	102.184	90.009
404.134	213.877	106.975	98.181
408.065	215.064	114.432	99.217
418.864	215.333	113.131	92.721
430.690	218.377	107.287	84.025
424.740	222.942	115.004	89.063
437.836	216.540	106.748	94.052
440.445	219.327	103.956	86.539
439.800	215.844	101.802	89.143
440.328	214.331	97.140	92.332
442.430	213.714	94.935	93.330
444.724	212.256	96.237	94.783
449.028	208.150	96.281	98.881
455.215	201.359	98.914	107.665
459.854	199.939	102.342	105.965
462.556	198.139	94.586	104.511
463.192	196.735	92.975	104.819
465.298	195.747	95.614	103.320
463.013	196.284	96.669	100.536
455.973	189.115	104.389	105.825
442.405	183.236	121.353	108.626
435.341	176.681	136.115	111.873
430.659	168.138	140.662	112.800
430.467	164.267	144.006	114.010
441.605	156.153	134.863	106.984
443.257	149.814	132.958	106.660
442.023	143.333	133.302	107.694
451.908	138.660	124.398	101.593
453.826	133.869	119.653	83.427
467.364	132.727	103.322	86.847
467.361	132.486	98.163	78.647
462.614	128.914	97.212	84.000
439.801	127.918	107.649	91.576
364.382	182.813	86.634	91.154
373.178	185.066	77.083	83.610
376.684	192.511	80.581	74.692
377.919	197.710	73.745	71.084
384.075	190.601	98.706	82.824
371.267	188.310	105.697	93.563
373.022	196.686	80.931	89.606
374.212	203.351	74.602	75.408
372.942	202.206	69.827	72.378
375.469	200.590	68.883	71.197
375.170	195.803	67.067	72.084
376.494	195.609	67.610	65.382
375.061	182.749	64.220	70.856
365.817	175.568	73.420	68.108
340.258	153.480	93.058	82.801
317.867	136.237	102.625	102.984
305.690	112.057	98.269	102.665
308.807	106.211	106.243	101.160
313.668	112.172	136.557	93.280
311.855	110.740	138.232	88.935
312.432	108.369	142.662	86.410
301.373	112.499	137.142	83.222
290.701	119.794	141.314	73.901
289.403	121.792	120.025	72.610
304.533	123.498	143.587	69.610
308.577	121.096	143.333	72.733
319.302	119.757	132.372	76.048
331.481	120.586	129.977	75.528
336.498	124.427	132.838	74.051
346.596	128.903	141.955	77.398
360.920	123.706	83.488	98.935
370.884	130.899	75.261	83.840
375.318	132.701	74.632	80.621
378.830	137.095	87.107	85.347
379.465	139.106	90.586	79.832
392.622	137.864	140.085	80.411
428.236	136.794	144.773	79.896
401.037	147.618	154.776	79.909
428.925	136.462	145.176	85.825
431.793	138.050	143.823	90.730
452.449	137.028	125.271	84.613
439.808	135.068	138.641	96.775
436.419	133.448	147.782	101.443
438.359	132.541	142.764	104.886
439.826	130.839	141.620	107.213
441.148	131.212	140.648	104.350
441.553	130.530	140.577	103.639
440.966	129.510	143.607	104.121
441.262	127.467	142.467	108.804
443.022	122.673	139.525	117.457
427.704	117.207	154.507	102.655
455.449	115.984	134.305	99.416
488.730	113.190	96.606	86.455
461.721	115.525	118.888	84.254
479.086	116.713	102.984	81.265
484.279	117.580	94.853	78.690
470.485	119.148	107.312	78.490
455.943	123.334	117.606	81.951
464.852	115.575	105.101	92.524
451.644	114.450	110.976	91.117
442.546	117.068	119.998	87.082
440.739	114.218	113.416	89.159
425.837	116.563	117.985	86.986
408.290	125.642	105.549	91.884
391.875	129.334	101.108	83.078
392.977	131.560	104.066	77.274
388.101	133.438	84.495	76.960
386.517	133.605	78.951	77.487
384.365	132.248	82.408	79.566
381.619	129.327	80.674	79.319
380.757	129.394	96.930	75.968
379.530	129.057	87.089	76.629
376.732	128.920	92.439	75.054
375.930	129.675	93.418	77.206
373.314	130.240	96.925	84.569
365.604	132.912	90.700	89.082
372.946	132.061	113.418	77.471
373.042	133.866	119.874	106.279
355.367	135.319	118.125	99.534
371.326	139.217	111.165	101.418
357.475	140.072	126.698	102.961
365.549	142.991	120.853	118.611
367.601	146.632	134.153	112.898
366.678	146.555	132.797	121.017
366.772	146.479	131.702	110.387
367.900	140.329	128.780	116.374
365.948	137.339	125.486	111.199
374.352	133.828	114.687	120.515
369.100	123.167	122.242	96.994
363.132	122.592	129.662	71.271
380.351	121.199	117.054	70.779
375.517	116.504	122.298	70.372
373.228	113.042	124.366	75.283
365.420	109.315	123.576	80.103
366.384	104.520	136.118	87.698
370.492	100.855	138.092	86.448
355.781	99.504	130.407	87.080
370.237	100.999	128.348	89.190
375.531	103.315	125.769	90.204
377.962	104.911	116.240	85.717
383.184	104.044	117.853	87.012
388.725	106.016	112.253	81.408
393.084	105.919	116.070	76.603
394.262	107.401	111.516	75.213
396.773	107.984	115.834	74.634
400.437	110.324	115.650	74.838
401.841	109.661	108.094	77.280
406.425	108.319	117.616	73.718
408.322	106.565	113.330	75.413
403.055	108.283	109.972	80.215
408.596	109.415	118.914	87.003
431.297	83.119	136.080	94.359
449.035	84.281	131.511	99.963
450.640	75.800	125.421	114.993
473.032	69.489	109.304	108.594
487.705	76.004	86.303	104.578
478.802	65.493	95.741	89.614
489.222	75.006	88.308	79.142
475.069	77.911	94.782	87.653
475.421	80.315	93.692	80.336
470.277	78.568	87.213	83.934
462.666	78.545	96.352	85.758
456.106	81.814	99.872	94.231
374.487	128.614	102.926	81.370
380.843	131.032	84.036	89.767
389.565	130.265	80.351	91.832
400.619	135.076	75.019	87.170
397.213	132.937	83.004	88.008
409.030	128.737	85.028	90.192
412.837	124.647	91.724	83.307
419.210	126.282	86.420	76.338
420.911	122.010	88.058	73.889
420.990	118.805	97.876	71.157
415.124	121.788	97.838	69.494
411.623	122.937	97.981	67.294
408.804	127.206	98.100	67.262
400.325	127.907	85.205	76.283
401.114	129.849	83.733	73.070
398.312	129.045	82.291	71.937
388.268	124.637	75.357	80.886
387.278	122.604	78.053	80.750
378.923	113.098	81.312	85.716
383.893	120.211	86.839	72.924
385.065	119.714	84.452	83.935
376.686	123.418	87.794	84.815
362.173	112.562	81.818	96.184
362.285	107.163	84.649	88.740
355.456	106.350	114.601	78.211
353.173	113.924	112.007	75.477
323.243	125.117	108.063	72.359
299.038	109.079	96.715	76.755
312.766	117.107	89.042	75.149
304.386	116.723	92.153	70.560
302.761	115.126	93.707	71.327
305.344	118.697	91.256	67.604
301.994	119.095	92.812	73.937
303.269	115.456	93.881	77.088
302.450	118.736	103.457	77.085
297.031	120.421	128.667	82.281
323.281	131.096	125.162	73.978
395.585	106.393	121.651	95.362
412.401	103.157	102.823	105.301
395.480	102.486	118.288	96.914
419.857	97.669	95.808	92.414
435.790	97.552	78.559	81.123
428.737	93.651	77.487	73.241
420.042	91.829	82.666	70.527
402.096	84.374	84.800	76.962
398.937	78.769	91.092	86.406
391.664	77.001	100.451	99.081
392.469	76.265	105.837	97.893
389.554	78.904	108.140	98.939
390.751	81.792	111.405	103.191
394.818	91.266	109.584	92.237
390.364	83.678	97.348	91.199
393.629	88.615	112.589	89.814
392.849	91.958	104.122	94.673
392.757	100.243	100.094	94.462
395.846	102.439	108.577	98.109
395.492	103.936	95.614	85.692
396.112	114.195	101.580	78.762
391.599	122.797	106.566	77.763
401.831	119.380	108.649	82.128
401.151	122.422	111.931	75.103
404.917	125.055	111.228	65.938
408.724	128.957	107.268	65.767
411.594	130.127	101.367	61.194
409.586	127.592	99.224	63.583
411.639	129.946	95.943	62.944
407.319	121.489	100.405	69.700
407.523	120.702	100.657	70.327
405.497	118.236	101.169	71.896
398.336	116.779	101.584	71.878
405.774	115.910	108.560	72.089
403.193	112.242	116.171	77.439
411.450	111.861	127.993	78.164
413.125	112.914	125.108	79.427
413.967	110.988	125.685	78.065
416.149	117.691	121.736	67.678
427.933	120.125	107.432	68.749
437.789	126.304	101.759	60.035
446.255	126.195	95.877	61.335
447.973	121.955	100.355	67.875
437.784	119.171	117.752	71.959
422.957	123.294	138.136	69.769
418.632	123.478	134.575	72.723
419.352	125.370	144.266	70.710
417.738	127.364	132.093	67.873
426.680	123.859	135.573	75.000
424.603	124.414	125.215	76.650
423.502	127.741	130.017	81.417
424.182	133.102	118.805	80.259
423.714	130.903	122.220	75.764
431.586	127.801	119.704	74.278
438.131	128.431	104.356	72.346
439.371	125.776	94.678	74.398
430.735	131.474	91.751	71.039
438.948	125.508	97.650	77.672
410.605	130.645	104.945	71.527
408.394	129.158	107.361	79.332
410.330	126.526	122.954	83.949
395.230	132.317	117.588	77.338
403.786	130.108	128.202	87.334
397.599	133.809	132.124	84.212
398.167	132.962	129.598	89.370
399.651	139.166	111.388	103.640
399.440	140.094	124.547	105.468
403.060	137.926	131.680	113.635
397.647	135.633	123.133	104.596
396.688	134.785	109.805	101.776
395.153	141.637	120.726	105.636
400.893	143.466	116.819	117.990
394.002	140.848	115.449	121.314
395.653	143.405	119.340	122.097
398.169	158.734	108.891	124.288
395.327	146.036	119.459	128.547
392.030	135.923	119.955	118.212
395.430	136.226	112.635	126.309
395.256	139.980	116.049	127.445
396.222	138.587	113.117	130.988
397.212	138.433	109.791	133.616
392.689	130.579	120.764	112.684
392.312	125.807	123.867	91.929
401.604	124.913	129.164	93.339
387.772	120.583	144.682	79.576
417.345	120.669	134.790	79.847
456.414	108.158	106.273	97.908
478.948	112.747	86.214	90.006
485.754	117.610	85.541	90.076
490.941	123.532	86.120	88.578
499.144	114.679	90.244	101.379
485.393	116.796	98.800	83.178
494.554	116.199	95.388	101.435
462.915	117.186	116.600	91.367
462.328	122.547	117.871	82.679
481.321	125.402	109.803	99.096
478.843	117.000	100.048	106.684
469.906	121.099	104.648	94.570
481.284	126.241	96.552	105.152
466.247	124.100	99.670	100.430
457.140	126.232	106.938	113.337
424.043	126.263	136.253	99.476
393.525	138.907	157.589	93.904
408.224	144.874	152.464	97.375
421.508	133.306	141.347	97.769
412.596	140.158	153.965	80.228
425.728	138.789	143.970	78.325
437.084	139.550	131.322	68.006
441.724	126.106	124.562	72.275
427.290	119.365	123.509	76.415
435.961	129.600	130.172	67.335
448.016	133.786	121.383	71.772
435.594	132.366	132.146	75.601
454.897	133.104	116.313	89.295
426.984	131.018	148.540	90.564
372.685	148.052	89.046	91.577
479.554	127.286	96.640	73.253
484.495	125.345	93.433	61.489
498.303	125.863	85.488	60.055
501.046	127.508	91.336	60.969
504.655	124.459	97.594	65.499
524.672	122.751	104.475	68.227
536.953	128.785	93.623	67.171
541.568	132.094	78.863	56.817
543.328	131.520	75.176	54.826
540.023	132.563	75.313	52.854
536.360	132.758	72.284	54.926
533.819	132.623	68.151	55.400
531.092	133.092	67.586	56.646
527.104	133.687	66.001	57.868
514.857	134.657	65.561	62.941
508.704	137.397	63.226	67.952
497.341	135.319	61.101	70.459
482.169	131.892	66.745	78.666
466.046	125.293	74.163	88.170
444.429	120.134	92.881	91.553
425.969	117.270	108.658	106.378
398.352	118.415	127.359	127.538
364.260	115.840	132.265	118.104
371.518	117.847	115.002	144.490
389.577	118.280	134.664	125.663
375.236	117.987	133.057	132.594
383.688	123.942	128.854	137.423
397.559	111.899	126.737	114.846
405.127	117.300	119.276	131.253
377.131	114.133	136.263	105.007
387.708	111.077	126.336	115.876
369.589	125.078	126.954	106.664
381.238	121.866	115.842	96.567
377.720	124.163	92.010	99.680
377.893	125.674	82.050	99.734
372.800	132.468	84.841	91.726
382.510	135.154	96.500	93.769
378.307	133.560	87.240	99.128
381.059	147.609	89.292	84.563
381.140	146.235	86.469	84.539
379.180	147.424	90.435	81.349
376.975	148.649	82.578	80.770
377.761	145.778	78.803	81.009
382.692	138.139	94.757	90.114
448.880	112.001	79.254	82.731
464.103	109.293	71.595	77.032
465.194	108.887	75.856	72.433
466.932	111.564	79.997	67.854
466.309	112.355	84.147	66.860
463.529	118.017	93.245	61.548
460.796	122.329	97.628	59.557
483.690	127.580	84.142	66.721
492.796	128.362	75.277	66.806
508.519	128.856	68.558	70.130
505.352	124.655	72.240	70.464
506.398	122.962	72.851	71.689
507.644	122.432	73.316	72.515
509.807	120.096	72.134	73.206
516.036	120.033	65.117	70.393
494.084	122.556	53.694	74.442
494.269	120.197	58.951	70.120
498.228	121.846	55.779	70.760
500.559	123.048	52.792	68.800
483.041	125.037	63.572	64.160
470.893	127.383	72.215	61.726
471.999	128.614	66.676	67.752
469.307	135.018	67.107	68.650
466.715	138.873	70.356	71.660
459.659	143.301	73.812	71.919
448.451	148.588	81.660	66.945
440.532	145.359	85.217	69.785
438.641	148.191	86.556	69.560
407.361	138.048	87.973	78.158
380.781	130.307	82.765	75.402
385.864	127.056	105.863	81.042
390.561	123.151	103.899	88.191
391.605	124.358	108.036	84.856
390.314	122.423	112.467	80.363
389.227	122.330	108.682	76.864
389.549	121.905	117.873	76.917
390.128	125.619	116.483	73.803
388.041	128.978	100.294	82.136
391.020	119.652	98.990	85.068
390.127	122.432	97.526	77.434
396.017	122.592	93.880	72.641
398.847	122.636	96.398	71.391
393.389	122.426	96.784	75.211
399.263	129.531	99.437	67.657
396.612	123.429	102.686	74.701
409.428	131.611	93.172	66.785
400.714	130.461	95.487	78.442
408.681	130.119	96.056	91.551
395.761	136.102	114.121	110.915
396.538	135.754	113.824	122.726
396.758	133.936	109.764	129.641
398.397	135.092	109.200	122.286
399.091	135.075	108.894	132.814
394.958	145.136	109.362	129.710
401.160	146.636	109.199	123.553
399.657	132.572	108.962	124.872
395.066	137.942	115.696	119.109
393.893	133.119	121.177	123.983
388.925	132.216	122.440	123.397
380.735	127.187	134.710	106.768
360.442	123.931	121.002	133.720
339.738	118.513	110.543	120.449
346.004	111.122	163.078	113.473
311.652	112.645	146.989	104.090
312.283	107.971	121.579	114.762
324.947	109.566	102.700	112.355
321.683	109.368	97.879	104.745
323.140	111.450	96.338	99.552
334.588	112.155	93.896	103.177
329.588	116.907	97.658	91.247
350.954	117.325	94.711	91.163
373.830	131.841	95.326	103.206
375.971	134.414	99.977	106.730
396.583	131.433	103.138	107.946
387.237	133.649	115.172	102.565
416.536	125.810	150.053	105.716
402.688	138.619	164.351	102.396
419.692	134.178	161.052	113.401
437.521	136.408	158.024	113.666
457.010	157.307	146.011	94.032
475.924	168.423	125.413	85.569
504.614	182.137	92.326	76.949
518.712	188.223	74.433	72.449
516.788	196.919	71.562	67.406
518.195	200.262	67.618	65.560
520.532	201.698	65.033	65.185
516.957	196.915	64.408	72.257
515.620	197.686	64.051	72.056
515.402	192.862	62.363	76.516
519.444	186.792	55.277	80.114
524.580	182.881	55.239	78.819
517.710	177.098	68.031	82.714
524.908	157.200	73.404	95.801
521.697	153.531	79.818	94.051
523.552	146.820	82.664	90.871
533.528	142.571	79.088	82.275
524.452	144.004	84.352	66.733
515.464	151.395	92.814	57.715
488.123	149.751	113.439	73.781
496.806	146.164	113.379	88.647
433.316	149.979	119.535	109.229
316.039	122.084	103.643	111.229
340.736	117.594	95.958	113.649
328.458	114.171	99.042	109.872
322.844	110.708	96.738	116.508
332.839	109.097	109.457	122.499
345.496	108.616	123.341	115.854
339.433	111.705	161.013	124.168
307.487	120.525	126.577	111.779
324.763	116.848	198.058	99.229
310.780	121.581	231.677	57.936
299.050	124.611	206.850	70.605
276.830	125.270	164.035	60.868
298.845	126.614	179.102	62.894
283.458	128.618	241.981	75.978
283.570	127.911	208.366	60.027
275.690	123.995	144.208	74.441
280.940	128.975	153.967	68.957
266.123	124.613	122.792	78.987
240.907	125.480	139.109	74.780
229.671	125.752	111.941	74.957
223.293	125.468	103.100	77.631
225.927	125.262	102.291	74.742
228.239	127.403	112.714	71.312
244.939	125.303	126.729	71.503
259.644	128.139	125.516	66.528
294.091	129.185	128.449	67.292
298.991	121.072	97.662	86.236
316.536	117.639	89.518	90.266
317.670	112.604	85.396	107.383
324.276	105.894	97.175	112.674
330.375	101.848	102.634	120.917
316.469	96.282	121.648	116.603
356.157	98.908	142.558	125.366
360.325	103.057	137.165	142.805
317.692	104.199	157.327	125.337
348.280	110.742	218.336	94.843
386.031	119.112	194.412	101.340
453.500	108.452	166.825	81.142
445.859	106.653	158.007	96.870
383.330	124.622	190.835	122.029
441.407	115.530	210.206	101.912
524.014	94.190	134.864	112.488
518.528	93.586	136.226	103.126
506.298	82.731	137.867	121.126
571.338	77.533	104.449	117.474
587.646	59.833	85.392	91.240
578.218	62.029	95.366	87.732
559.856	67.747	107.300	83.813
542.736	74.841	117.055	90.048
520.425	100.355	116.537	67.069
533.135	107.926	103.892	75.197
519.882	110.373	102.376	73.059
519.533	109.769	90.491	64.974
512.628	109.801	81.576	65.339
508.261	102.595	75.278	71.473
497.688	92.654	81.931	79.943
487.402	86.189	93.017	96.720
498.876	78.370	86.910	106.616
513.729	82.713	83.482	119.330
476.751	84.018	112.104	124.122
354.575	82.597	123.436	79.171
358.673	81.183	123.046	69.530
337.196	84.928	117.798	79.767
348.220	87.586	109.175	97.616
328.362	89.346	139.482	102.446
334.017	90.056	225.017	117.162
488.554	85.099	190.359	97.020
515.052	77.225	124.745	85.645
542.839	73.610	102.296	91.645
547.865	67.391	103.877	91.973
537.358	63.587	102.102	90.806
541.219	61.287	101.171	94.137
520.694	65.331	116.322	87.434
519.668	68.591	117.340	71.044
504.913	68.611	130.231	73.105
467.581	81.745	130.117	63.843
437.512	97.120	109.467	100.094
284.897	99.515	118.775	63.341
301.888	101.176	108.370	71.727
320.506	101.129	110.653	67.009
354.995	97.757	137.957	82.238
383.050	126.757	139.886	101.917
362.289	99.921	140.111	144.447
369.350	107.957	138.777	165.541
355.861	90.831	144.876	143.192
355.490	78.109	153.794	103.928
333.821	61.996	167.744	106.527
334.676	77.594	123.429	123.307
347.959	71.768	141.313	109.526
311.752	77.245	172.174	126.940
440.307	139.669	127.052	99.085
470.740	154.163	94.660	85.823
485.751	157.727	81.184	77.663
488.847	158.499	76.876	77.299
486.238	159.205	78.757	78.156
481.398	160.215	88.055	78.753
480.578	168.818	97.391	89.765
460.153	169.144	107.786	104.683
390.149	135.987	95.936	94.103
459.326	157.567	119.442	92.832
427.477	144.640	126.848	108.324
416.791	154.716	142.107	112.851
456.690	155.499	107.849	125.297
444.316	144.513	112.021	136.762
453.258	136.923	104.997	127.346
409.571	137.799	138.524	122.862
421.777	134.713	130.884	134.614
423.942	135.034	128.731	143.784
421.778	133.238	127.003	135.541
427.992	124.679	121.598	140.855
406.065	115.245	141.112	135.888
423.358	129.304	126.868	127.270
435.355	118.020	116.973	135.140
444.829	124.484	108.969	129.336
443.417	128.399	96.109	124.103
437.846	130.641	92.351	118.460
437.506	126.271	92.231	126.720
449.760	120.731	96.588	125.338
444.053	127.420	104.827	121.215
447.793	131.318	106.086	114.800
451.943	133.016	104.153	113.318
445.378	142.977	113.566	107.051
464.999	134.492	117.292	115.192
493.894	139.335	120.772	81.773
464.428	141.868	112.882	87.575
455.550	134.660	124.148	93.631
449.249	133.628	142.874	129.385
486.296	147.627	140.824	99.903
496.464	151.229	122.469	91.208
489.487	153.666	108.713	82.237
495.713	153.214	106.868	67.347
463.781	156.444	113.838	104.730
418.642	144.356	137.818	130.961
465.938	157.451	142.856	112.569
462.169	156.382	150.863	104.302
469.812	154.334	126.910	72.181
482.277	157.404	112.469	64.827
468.170	160.205	118.190	57.967
442.947	161.056	132.249	57.762
425.164	158.641	143.694	59.254
398.369	152.100	122.017	67.876
387.971	144.060	106.075	96.768
372.958	143.376	117.307	84.714
366.974	140.165	107.574	93.100
369.630	135.488	112.377	113.216
360.091	127.269	117.981	112.776
364.823	139.376	107.627	95.196
366.213	140.290	99.924	95.922
364.442	147.861	112.162	84.039
366.904	142.730	108.992	82.246
367.878	128.131	99.497	103.596
383.126	160.884	88.722	96.155
352.288	145.947	119.929	108.538
535.008	190.833	104.284	81.448
532.213	196.227	94.682	77.336
528.850	199.253	92.494	77.949
526.334	202.555	90.666	77.496
524.382	205.994	87.610	77.162
524.631	208.040	81.953	78.197
525.185	209.510	78.845	78.692
522.377	210.353	76.254	80.343
520.462	216.397	80.266	76.343
516.990	217.786	75.763	77.780
515.851	218.522	73.405	78.539
514.245	220.734	72.396	77.988
511.415	220.417	69.734	79.145
514.921	225.733	62.296	77.139
514.588	227.912	56.039	74.763
512.995	228.364	53.759	74.509
513.733	229.953	48.434	73.840
514.948	230.775	47.447	72.160
513.381	233.171	50.146	69.176
509.813	232.317	55.019	70.246
509.374	230.044	54.435	72.271
511.246	230.535	52.742	71.757
508.989	230.241	55.756	71.731
511.391	230.110	55.123	71.540
511.886	230.726	56.359	70.646
511.986	230.750	55.931	72.905
511.459	230.781	56.210	72.005
508.438	231.065	64.422	73.320
506.078	228.059	69.221	75.971
506.554	225.979	67.293	78.810
506.587	226.058	65.634	78.416
505.963	228.442	65.887	76.336
505.724	227.671	65.530	77.200
507.361	229.696	64.575	76.211
505.250	232.900	66.439	73.686
503.581	232.615	68.612	73.914
501.110	231.346	71.541	75.347
502.623	230.671	68.835	76.531
498.516	230.367	72.281	76.421
499.097	231.784	68.134	76.162
387.684	218.784	65.892	71.511
370.506	215.474	83.373	77.589
364.139	211.715	88.446	86.040
365.814	209.011	85.795	96.610
369.547	208.835	83.283	101.702
363.781	209.156	89.448	108.655
351.554	207.465	101.658	107.568
350.455	210.681	101.373	103.443
331.840	208.223	113.984	106.379
326.359	212.661	114.976	104.927
321.476	213.718	115.607	103.018
314.871	216.242	117.142	102.659
308.403	223.107	121.877	98.889
299.825	232.135	129.010	94.599
421.333	123.285	91.498	102.064
410.346	115.766	81.721	98.582
401.200	116.153	92.259	88.764
386.651	120.828	101.526	79.646
384.425	127.873	108.696	74.769
382.218	128.262	107.623	86.138
389.474	138.071	108.989	82.883
275.751	239.439	109.497	86.663
272.958	236.259	104.114	92.508
272.493	236.170	99.939	93.509
271.091	240.581	106.000	88.796
266.283	236.307	103.994	91.940
273.703	237.465	92.547	90.940
274.243	237.991	88.462	90.437
274.640	238.051	85.141	90.736
274.014	234.741	88.835	95.849
271.604	229.283	99.976	103.844
271.583	226.609	111.915	106.947
272.971	228.705	105.540	104.033
296.307	210.837	117.020	117.277
302.839	206.240	106.490	130.726
324.599	203.632	100.904	132.774
317.347	213.297	97.363	123.752
319.877	217.900	78.972	115.926
301.691	220.986	83.978	107.876
310.886	222.951	73.069	107.564
315.050	220.991	72.144	106.521
324.522	221.990	70.496	109.603
327.897	227.700	67.492	109.638
331.071	228.059	72.113	107.080
329.759	226.258	76.688	105.783
335.015	224.753	73.833	104.461
343.776	220.694	72.594	105.570
343.460	221.231	71.068	105.154
348.585	218.132	67.708	111.503
352.518	217.886	61.167	111.814
350.982	223.065	58.523	109.787
354.698	215.265	54.699	115.312
351.429	221.916	58.596	110.694
440.495	215.025	105.072	87.923
427.647	205.539	113.832	90.088
414.159	195.949	114.317	91.924
394.652	190.947	126.265	81.124
383.941	175.851	129.886	94.805
388.363	171.258	112.585	82.219
386.152	165.983	108.026	82.370
379.049	157.859	104.124	88.125
395.075	160.497	91.829	85.642
392.547	156.712	95.808	90.462
380.165	152.409	98.823	98.611
372.357	159.531	104.879	92.628
370.941	160.994	103.794	92.786
374.964	162.453	105.488	89.553
377.311	179.160	106.358	73.863
390.779	188.098	103.477	68.855
389.333	191.336	107.354	65.249
389.526	193.639	109.327	62.582
393.337	194.762	101.997	64.307
391.295	194.993	100.144	66.784
396.766	193.610	90.142	73.606
386.672	210.556	97.748	72.980
387.687	214.956	99.348	74.306
376.210	219.671	105.259	75.110
368.782	218.784	110.832	79.472
364.655	218.158	109.650	80.748
363.279	218.363	102.514	80.499
362.935	216.463	99.284	81.641
363.094	212.630	92.535	85.722
368.285	213.471	89.735	85.283
371.017	209.865	95.908	97.747
366.479	198.100	87.126	92.615
358.056	188.224	83.327	84.736
359.143	184.724	81.231	85.450
366.081	179.682	66.886	81.414
367.071	177.141	65.143	83.888
366.000	176.947	66.117	94.105
361.033	175.509	74.610	106.066
365.135	174.748	75.057	105.834
359.200	174.402	80.673	96.398
360.438	175.095	81.140	95.718
356.710	176.955	86.683	85.965
348.226	180.266	93.044	73.875
341.268	184.397	98.645	80.708
344.183	188.624	98.029	69.121
344.784	198.165	98.233	60.005
353.880	203.249	94.387	62.746
361.355	205.659	92.479	64.861
360.109	206.974	95.108	68.916
358.241	208.214	98.691	71.308
355.050	206.249	104.176	71.876
370.996	204.594	94.871	80.587
374.676	199.899	90.077	85.266
369.756	190.405	98.473	94.844
374.209	175.023	97.284	107.251
368.909	152.815	107.902	123.669
372.929	144.328	109.522	130.700
371.616	130.417	104.425	138.043
369.307	131.885	102.768	132.607
368.340	130.136	105.206	131.441
378.173	134.503	103.669	128.342
380.994	146.308	110.035	115.410
384.642	153.932	109.040	109.150
385.489	160.907	112.880	104.404
385.519	160.858	115.261	108.408
386.021	161.556	117.134	111.621
383.515	165.686	122.866	107.876
384.172	169.659	117.860	106.409
385.591	171.258	114.836	108.332
386.254	181.379	113.161	104.303
382.042	188.268	110.574	99.074
381.282	192.957	99.630	96.302
387.124	203.295	102.368	86.870
390.646	209.837	88.267	86.512
370.498	189.027	95.538	101.050
347.462	190.081	120.021	105.933
304.809	173.447	125.397	120.529
295.316	160.300	131.849	113.065
286.627	157.852	132.225	127.865
272.671	151.883	136.352	143.943
275.567	134.337	127.033	158.704
274.353	143.014	128.901	160.962
275.250	137.584	129.667	170.583
276.624	135.427	128.578	184.674
286.122	132.406	118.941	174.509
291.756	134.599	108.501	176.031
301.355	127.567	96.551	186.069
305.931	135.083	99.900	176.310
312.798	157.052	97.942	147.889
316.105	143.936	97.007	153.779
313.991	144.460	99.093	151.806
317.060	136.802	105.194	160.139
306.362	142.715	112.769	162.347
303.490	133.298	113.719	159.830
301.855	137.188	116.123	156.627
298.226	138.583	118.785	162.025
418.354	202.743	104.167	118.928
409.722	193.481	93.246	125.696
394.084	185.828	104.466	128.471
398.419	173.842	100.269	135.304
394.297	169.539	100.563	136.061
374.851	169.907	116.573	130.500
377.615	169.740	108.768	129.660
379.292	173.663	99.062	122.825
382.816	176.960	100.598	113.076
381.413	176.512	95.052	106.410
382.949	174.422	90.219	105.501
380.108	174.787	94.959	95.485
379.664	172.696	89.620	92.590
370.062	169.856	95.333	89.895
361.910	167.717	101.531	86.907
354.953	164.645	106.765	88.396
344.248	163.597	115.628	88.999
335.184	163.348	124.140	89.426
336.425	162.307	118.653	94.150
334.051	164.925	116.575	93.546
334.452	172.342	104.432	88.278
335.921	175.731	98.792	90.749
334.968	179.133	94.071	91.848
335.218	181.263	94.002	92.567
334.482	182.116	90.525	92.398
332.392	185.181	90.541	89.188
330.497	188.086	93.072	84.575
328.837	188.581	92.285	84.993
325.865	189.157	90.991	83.809
321.890	190.164	88.785	81.505
317.730	189.950	87.829	80.893
310.113	189.938	90.070	76.872
300.676	188.329	94.448	75.698
293.581	188.195	102.906	71.700
289.605	186.560	100.781	74.034
286.577	181.370	101.313	76.084
286.980	182.505	99.526	68.612
285.308	183.718	105.332	60.980
285.752	184.489	102.130	58.972
286.710	181.681	107.080	66.852
274.079	184.819	116.596	56.987
277.424	190.250	140.876	67.238
220.030	205.386	100.423	69.427
201.964	212.794	88.869	66.583
191.525	217.606	85.060	59.328
186.028	221.669	84.443	53.723
183.570	226.682	82.577	48.551
186.526	230.544	81.351	44.944
194.027	233.696	81.017	46.942
205.701	240.003	80.226	48.763
220.847	250.987	79.424	47.614
241.072	260.029	80.114	47.608
256.681	265.165	72.811	50.732
273.162	265.479	70.183	56.888
282.333	266.516	68.100	65.665
290.568	266.293	68.067	68.749
293.254	265.988	69.852	66.052
302.947	266.318	60.069	60.796
317.786	272.462	52.401	60.035
306.789	273.412	63.818	59.178
308.386	276.997	64.416	56.899
308.181	263.207	85.748	68.354
312.160	251.701	82.311	79.216
317.158	232.588	76.265	93.187
313.418	207.774	75.851	111.908
304.006	197.717	87.629	114.976
303.269	193.372	89.068	110.870
301.329	186.711	95.929	118.523
308.115	180.863	100.056	120.671
320.646	179.034	104.859	105.350
371.986	177.487	84.883	92.307
381.686	175.057	88.534	86.421
401.982	174.404	89.370	89.128
435.627	175.715	74.991	92.468
440.021	179.178	82.712	81.208
473.983	187.280	70.786	87.030
496.422	186.776	68.299	88.227
523.888	190.777	59.819	85.026
539.633	191.484	62.515	83.574
558.680	192.616	57.652	83.032
568.976	191.286	59.790	81.196
567.160	186.165	68.039	70.840
565.321	183.632	73.793	51.852
566.030	181.098	70.220	56.720
565.707	175.208	73.537	58.243
561.555	166.380	75.344	72.694
542.940	162.319	86.271	81.932
525.854	161.381	98.062	86.946
516.189	165.241	100.286	86.731
502.639	187.847	99.686	67.438
479.292	211.202	103.714	51.762
461.712	229.107	103.130	46.231
444.108	232.239	97.783	58.096
415.181	234.382	81.078	65.235
395.529	227.893	75.882	75.550
364.906	216.589	77.132	85.330
264.875	210.747	112.056	59.609
329.685	193.254	83.974	92.871
214.087	218.611	102.243	58.193
192.187	231.827	87.081	48.759
168.294	238.432	86.453	46.382
149.278	242.179	90.417	47.280
138.597	245.840	88.464	50.142
129.116	247.105	89.837	51.519
123.328	245.854	86.952	56.073
122.356	245.708	85.094	59.400
122.082	247.293	81.910	58.653
123.807	246.963	79.649	58.460
130.529	247.092	83.289	60.204
134.995	249.048	91.747	59.929
149.578	250.383	96.373	61.471
168.211	247.780	95.268	63.563
187.234	244.059	92.206	67.075
208.003	241.983	92.506	65.626
234.815	236.252	98.751	66.582
265.129	230.224	97.510	65.245
292.463	225.044	95.808	62.873
320.358	216.717	88.711	59.304
416.685	259.172	73.426	71.015
412.092	256.939	76.518	70.767
420.194	254.551	72.569	70.618
434.992	256.316	64.562	67.180
442.241	251.983	63.420	70.052
458.401	251.857	60.033	69.253
471.942	248.836	58.944	66.947
491.031	241.694	59.593	66.694
504.847	237.337	67.330	65.361
507.677	229.164	80.953	65.457
505.579	221.935	90.173	66.592
504.460	211.862	96.378	70.435
502.826	203.862	96.260	72.446
490.871	198.330	101.964	75.444
475.575	193.270	102.944	79.574
463.765	197.317	102.588	78.546
454.665	198.961	104.825	80.498
452.535	210.589	101.295	71.920
450.688	219.737	81.024	74.179
443.118	217.683	81.292	84.381
432.542	211.342	74.132	89.372
431.233	208.945	73.894	91.120
434.646	191.966	89.683	91.355
439.473	188.684	101.211	77.407
449.323	185.142	102.826	67.833
460.929	184.787	110.503	55.734
470.405	181.602	113.269	51.908
496.380	184.075	103.959	47.971
530.719	187.261	103.834	51.767
554.987	196.276	105.863	55.312
567.506	210.800	92.615	69.215
569.415	220.861	90.627	82.791
566.826	229.278	90.850	91.580
547.848	238.550	95.229	86.059
527.583	249.439	78.545	79.516
507.393	251.172	79.856	77.409
486.507	254.666	80.502	74.086
466.892	253.692	77.759	75.431
357.921	223.400	71.355	67.556
370.803	222.305	80.786	71.666
400.118	220.226	77.526	73.053
433.011	216.612	78.882	76.109
477.592	213.242	87.516	78.353
511.897	210.899	90.194	74.030
531.672	206.389	106.652	80.154
541.087	212.899	114.273	77.981
550.403	217.496	124.039	78.829
555.741	222.063	127.716	77.154
558.850	227.244	125.590	75.459
559.217	229.725	114.823	77.249
561.937	232.907	84.112	75.670
568.698	235.445	72.284	75.050
574.859	239.260	60.697	71.919
580.646	237.700	53.152	73.210
584.778	237.456	53.641	72.609
585.193	238.547	57.789	71.397
580.864	238.434	61.671	74.173
563.898	238.095	72.597	75.725
543.400	235.885	83.363	79.122
522.908	230.452	83.710	79.066
494.676	219.836	77.995	79.612
474.714	212.651	63.191	83.254
453.899	220.666	80.093	83.470
425.381	213.175	80.890	95.436
372.306	201.292	86.737	100.274
351.595	185.333	104.591	124.030
373.550	181.916	94.486	107.080
372.255	178.438	105.614	89.507
389.239	174.328	98.927	91.825
321.932	255.417	84.789	74.120
320.996	246.237	98.504	78.103
414.797	175.928	93.930	81.282
435.669	180.680	102.640	86.449
369.980	227.489	104.779	77.270
479.511	219.421	93.356	63.361
506.914	221.071	90.170	56.717
550.894	225.444	71.215	57.194
573.278	229.529	62.849	57.217
585.129	242.101	60.980	54.459
592.410	243.505	63.270	56.538
594.982	246.715	68.974	55.255
606.458	246.238	70.828	56.269
619.124	252.046	69.209	53.072
627.292	251.251	71.962	56.282
631.346	246.343	71.674	63.975
623.377	246.164	77.156	64.409
610.162	241.583	75.053	65.624
602.291	233.386	65.046	74.694
593.500	237.357	58.703	68.669
578.129	239.156	61.023	62.243
564.547	230.764	79.418	69.787
553.721	229.599	89.749	67.128
498.324	226.227	105.439	68.500
455.798	214.879	79.802	77.439
451.990	214.575	67.157	72.068
431.994	207.656	98.252	64.153
585.024	228.081	58.928	50.103
604.059	226.354	88.997	50.484
631.496	222.711	90.537	55.186
644.579	223.681	89.868	54.247
649.732	225.494	88.714	55.763
648.575	231.319	85.609	55.718
634.986	235.527	86.363	59.048
611.717	236.659	85.050	60.720
592.031	236.033	76.648	64.326
566.173	235.444	70.597	67.452
543.154	235.977	76.102	66.563
510.330	232.405	68.704	68.610
490.331	233.629	73.512	67.083
471.604	228.079	84.783	63.534
465.697	222.099	81.022	67.526
462.723	216.254	92.023	61.513
481.437	217.095	91.165	53.602
506.238	224.013	81.805	59.721
538.685	232.530	75.178	60.356
560.767	239.594	74.957	59.436
578.572	240.615	76.806	61.452
587.413	236.665	79.132	65.002
593.343	239.317	75.715	62.147
593.497	238.690	74.751	62.606
588.151	241.080	74.679	61.627
581.310	241.526	71.439	62.647
571.033	243.816	72.576	62.200
563.543	242.525	68.799	66.296
559.480	243.479	67.468	64.346
558.610	242.956	66.500	62.235
562.088	240.271	66.525	60.736
571.549	240.275	63.023	57.961
579.569	241.772	62.255	53.990
584.363	241.515	67.259	52.005
589.583	243.298	67.080	50.065
590.416	242.809	71.201	51.783
590.080	241.614	74.340	55.289
587.561	242.378	77.249	56.210
575.772	242.950	78.283	57.777
564.555	244.221	72.735	60.362
549.470	247.850	71.073	59.566
535.677	250.637	70.586	58.492
522.455	252.628	68.208	57.726
511.293	252.631	66.689	59.287
500.345	252.038	67.207	59.631
489.203	250.515	68.034	59.907
478.236	248.690	69.942	59.453
465.690	245.004	72.215	60.045
454.507	241.901	76.875	59.237
443.270	237.904	77.484	63.597
442.803	236.830	79.229	65.758
467.138	245.263	94.573	61.934
434.110	243.749	73.624	60.387
436.080	247.954	73.577	53.671
426.123	248.009	83.903	52.803
421.007	246.896	89.532	55.878
412.262	245.272	90.029	59.396
413.379	239.449	81.724	66.438
402.299	235.951	79.153	70.568
405.005	231.468	70.133	75.616
397.767	228.210	67.321	74.982
392.671	225.273	69.083	75.118
382.325	222.374	74.150	76.951
379.485	219.260	76.063	79.497
377.773	215.724	77.309	85.001
373.036	213.363	81.945	87.309
481.206	210.666	87.524	87.830
486.477	207.393	98.549	85.979
496.202	206.441	101.565	81.027
506.676	209.151	105.671	77.760
516.000	210.528	106.257	79.789
533.816	216.337	96.072	77.788
542.079	226.076	90.596	74.681
555.638	235.394	81.516	70.290
567.919	238.815	89.114	71.438
584.453	247.127	87.681	66.683
591.104	254.464	86.534	61.975
591.365	265.133	90.339	56.879
590.134	262.304	87.815	66.163
589.089	263.922	83.525	73.257
587.570	260.885	75.192	76.173
590.629	256.438	58.688	84.854
586.753	255.640	57.701	79.059
580.870	258.990	60.784	72.268
579.860	258.281	68.381	68.122
577.308	259.112	75.496	64.069
582.550	255.315	71.288	67.798
587.321	255.343	71.396	73.008
593.076	253.321	67.782	77.599
617.344	248.576	59.231	87.657
624.269	249.684	61.733	91.827
622.922	249.874	74.293	88.421
622.562	248.481	85.918	87.108
622.150	253.012	96.570	81.312
621.454	249.894	104.273	80.850
620.276	250.712	106.598	77.108
619.974	251.628	106.503	76.229
619.048	249.883	107.333	77.221
618.606	251.632	102.912	78.084
618.208	250.967	101.309	80.823
616.631	251.286	98.911	83.887
617.315	254.397	93.029	80.146
617.590	254.482	88.923	80.444
615.915	254.815	83.738	81.551
614.775	254.531	79.052	81.787
613.717	252.362	73.637	82.151
615.431	249.381	65.619	85.121
620.779	249.316	58.589	83.012
619.253	245.933	64.490	82.496
620.351	239.814	68.150	83.951
621.978	233.398	70.828	86.104
634.948	234.900	67.865	80.076
634.826	233.534	82.513	78.592
634.542	230.316	97.900	74.986
626.165	226.181	105.037	73.037
612.658	224.017	116.574	65.749
602.292	219.941	125.684	64.927
584.034	216.976	126.437	65.271
561.789	216.825	119.950	67.155
546.076	217.963	101.965	72.523
531.471	223.596	84.483	79.678
504.058	228.457	84.435	85.051
479.940	227.379	80.447	93.016
463.593	229.011	98.483	91.032
466.400	225.393	106.686	77.642
469.551	220.019	111.790	80.014
479.697	213.158	114.480	75.456
492.804	207.587	116.029	75.679
506.621	211.226	115.537	69.841
519.830	214.550	120.918	64.796
541.412	222.375	123.133	62.421
555.118	229.782	116.211	67.453
573.460	235.055	106.988	72.802
596.360	239.578	106.160	81.598
621.824	245.212	102.345	80.674
638.029	240.375	89.137	89.591
640.731	245.012	84.995	86.350
631.209	244.217	91.505	86.910
619.957	250.856	87.946	79.311
607.367	248.760	80.810	78.126
594.283	247.806	80.304	75.325
590.560	247.577	75.918	76.409
589.990	249.156	58.526	80.269
586.229	245.042	55.659	91.856
573.825	243.479	75.003	85.206
565.199	247.286	87.128	81.625
565.228	247.515	98.596	76.641
572.906	245.021	107.437	75.990
585.221	242.664	111.294	79.491
607.817	243.161	103.195	78.641
603.573	243.069	116.194	79.080
597.302	244.251	119.611	75.289
590.448	238.298	123.544	77.541
577.609	229.000	128.615	81.060
566.124	223.098	126.341	78.856
556.119	222.114	123.783	75.795
549.741	222.292	116.220	80.779
544.452	225.316	111.043	84.862
539.721	220.526	106.938	99.886
526.141	215.194	104.416	106.536
519.278	208.062	100.047	114.491
513.537	194.662	97.386	127.077
512.866	186.592	105.377	126.615
514.466	181.787	122.762	122.713
523.168	186.029	138.228	112.005
527.272	200.356	142.288	94.359
533.282	202.856	148.181	87.321
559.327	197.133	142.553	91.766
582.267	206.385	129.338	86.626
591.435	209.711	129.183	89.145
610.324	215.158	114.148	93.679
619.486	220.952	106.488	97.668
626.176	225.028	99.432	101.348
630.901	227.632	91.953	108.253
628.446	233.870	86.312	112.229
628.160	239.546	80.769	113.446
625.142	244.450	73.454	111.258
628.409	240.042	60.550	116.661
625.629	236.940	68.079	109.356
628.094	231.507	77.012	99.055
640.586	221.291	77.809	82.401
654.923	223.083	81.307	68.547
657.217	214.260	102.687	71.382
665.507	202.683	103.207	84.354
644.633	198.776	124.867	90.956
626.251	197.986	151.398	95.561
606.502	202.329	161.209	92.723
585.832	207.971	157.668	91.808
555.971	214.635	150.302	87.980
525.555	220.894	152.955	88.242
499.289	220.956	150.074	97.012
476.325	226.971	134.694	99.672
452.688	229.300	121.672	105.951
431.392	227.176	109.514	117.448
405.311	229.776	102.688	125.107
381.660	228.604	103.750	132.188
375.264	219.852	93.481	137.620
355.451	207.513	110.437	143.063
323.474	199.282	137.276	139.680
339.600	190.572	140.076	132.483
353.990	185.461	135.100	130.063
363.450	179.515	144.356	123.834
373.373	177.522	161.979	124.091
392.176	179.693	161.233	127.486
395.115	185.361	177.061	128.597
413.122	191.023	176.323	127.771
440.501	204.193	170.324	124.351
462.482	203.474	171.360	129.711
527.928	199.412	132.851	135.726
557.298	204.134	126.147	134.877
585.095	208.621	138.143	131.183
621.623	202.459	137.227	139.590
647.376	191.449	138.531	142.641
667.425	175.687	140.935	127.339
690.593	159.959	143.934	115.350
703.135	152.335	148.742	94.061
704.131	134.255	157.957	103.421
708.664	128.347	160.738	105.667
697.494	129.069	167.507	106.801
676.981	132.372	184.873	111.086
654.270	147.736	200.466	105.252
635.829	146.910	199.901	126.859
611.392	159.509	203.084	130.459
573.176	181.715	199.210	136.066
552.852	183.036	177.972	144.044
371.660	210.007	137.076	182.948
369.695	204.816	156.487	177.203
303.700	201.701	210.900	172.566
292.897	199.635	223.627	172.525
288.051	203.755	220.947	169.337
281.476	202.016	209.111	171.950
281.248	202.405	189.358	179.784
279.748	205.531	187.844	182.555
269.229	204.176	182.938	185.641
258.730	202.244	172.589	191.996
254.248	205.206	166.119	190.666
241.515	200.190	170.515	201.660
235.888	200.326	159.857	201.537
229.141	200.036	147.215	206.640
220.505	196.484	145.590	212.971
210.333	197.240	155.594	205.833
201.269	199.489	159.992	198.287
187.701	191.450	163.324	205.098
175.305	188.804	169.648	205.818
166.120	186.291	174.166	207.907
152.424	187.959	184.360	202.449
149.607	183.367	185.720	216.165
152.562	186.482	178.297	217.489
158.932	192.173	165.587	217.725
170.544	198.263	150.102	219.916
189.869	201.174	127.263	223.371
203.205	209.315	114.656	216.051
203.028	213.003	121.367	212.115
202.310	209.868	122.899	212.575
206.689	202.853	118.353	215.322
207.511	191.590	110.602	224.354
199.333	177.865	110.127	227.811
175.979	164.940	128.660	230.336
162.941	164.500	132.404	231.059
144.152	162.236	149.991	219.096
123.014	156.336	163.719	225.913
110.069	141.723	166.069	239.441
97.838	161.117	165.522	210.344
84.025	166.265	168.633	196.290
72.801	174.099	177.395	180.493
69.036	175.039	180.335	184.681
66.692	178.083	183.539	195.339
64.302	178.268	191.583	213.179
63.048	176.392	201.084	231.167
63.892	175.119	209.914	245.256
67.492	185.418	217.596	253.498
72.570	190.939	223.483	253.892
79.245	195.249	234.663	253.440
82.500	193.142	240.039	249.990
87.052	189.722	251.925	244.807
98.015	182.638	260.557	235.715
113.452	168.528	262.265	232.784
134.821	151.884	249.246	232.941
156.827	127.770	217.171	236.999
177.783	98.251	207.275	249.756
190.332	83.186	196.415	252.542
198.600	78.293	189.928	245.069
202.788	80.926	187.613	237.246
210.485	81.623	189.145	246.253
210.351	96.850	198.043	236.936
214.058	110.572	210.739	236.819
214.738	132.489	228.780	236.222
221.313	155.953	239.441	232.737
219.932	169.742	257.477	227.673
221.782	186.287	260.510	213.591
212.937	188.788	267.501	210.039
204.427	186.380	266.988	205.545
193.641	182.106	268.786	205.271
165.281	174.853	283.345	208.759
157.495	171.258	274.640	206.164
132.173	167.566	269.868	199.572
110.069	166.088	261.543	200.088
101.623	162.340	246.125	207.164
91.465	163.764	245.094	209.143
88.250	155.355	230.386	231.991
92.923	165.152	198.045	236.778
94.906	170.336	179.645	253.247
91.415	179.192	174.141	267.359
96.000	192.810	156.873	276.311
97.453	203.436	158.904	268.637
96.139	214.659	173.775	264.730
92.395	214.319	203.564	269.646
96.345	214.535	220.818	250.227
107.944	215.610	223.007	234.442
117.742	205.836	224.969	238.062
133.479	186.108	203.554	249.870
152.015	166.674	180.490	260.952
178.798	152.603	157.699	264.805
197.602	135.683	137.659	266.294
185.971	118.075	120.781	273.040
177.346	112.790	138.437	265.808
152.214	95.054	169.761	272.487
146.586	92.474	179.906	267.348
136.309	92.277	195.662	269.318
145.466	120.586	204.662	252.254
130.212	155.047	227.138	224.136
110.483	168.515	266.871	208.837
66.413	194.023	306.279	174.631
61.271	216.393	310.235	131.416
57.207	218.370	315.298	118.546
48.678	217.443	326.157	124.159
43.288	210.057	327.300	146.823
29.187	191.232	322.505	187.542
24.514	181.085	304.219	213.902
12.745	173.253	301.711	234.985
15.778	175.312	278.879	249.884
17.249	180.773	259.926	265.400
13.248	202.025	249.738	262.422
13.936	185.932	233.128	282.739
12.767	198.617	273.481	265.794
9.125	204.120	280.943	259.671
12.554	193.822	295.076	249.897
43.557	181.423	276.567	246.503
75.357	162.938	250.797	253.027
110.262	146.482	213.862	263.685
137.500	142.129	181.861	269.516
157.474	135.395	161.136	284.254
172.253	129.704	152.393	289.802
181.350	131.517	143.599	288.992
181.139	128.279	135.130	303.454
182.936	120.763	133.473	323.425
187.044	118.284	138.205	328.149
200.035	108.952	144.480	332.705
212.727	82.702	150.764	346.040
225.869	50.238	156.792	356.132
234.042	45.511	173.296	322.282
242.277	53.329	198.430	306.420
246.136	52.952	229.946	296.193
247.804	50.266	267.275	313.684
250.152	53.298	318.923	313.319
262.637	53.072	353.129	310.102
266.468	51.936	375.460	305.758
266.020	69.254	390.088	279.809
257.404	89.370	393.360	261.693
258.537	95.735	380.761	262.477
258.876	106.076	367.957	255.091
254.933	109.833	367.399	261.259
255.121	111.803	361.646	271.146
258.218	109.853	355.502	281.951
253.378	107.798	346.136	292.490
255.094	111.916	343.412	292.297
249.152	114.456	338.051	298.451
246.426	110.494	341.222	309.138
249.519	104.200	329.441	333.226
251.898	92.784	334.657	351.308
255.823	98.899	341.706	346.335
