56.000	316.000	23.000	54.000
56.733	315.604	25.462	52.650
56.906	315.588	25.765	53.106
56.501	315.126	25.303	53.800
54.717	315.249	24.144	53.473
52.651	315.441	23.393	53.474
50.864	315.806	23.682	53.076
49.992	316.215	24.252	53.151
49.922	316.257	24.149	53.486
50.285	316.171	22.815	53.450
50.804	315.092	22.925	54.863
51.503	314.422	22.683	55.339
52.152	314.349	22.429	55.679
53.225	312.813	21.782	55.893
53.312	311.440	21.278	56.260
51.878	311.675	21.700	56.548
50.529	311.369	21.489	57.146
49.441	312.153	21.335	56.519
49.250	311.994	21.042	56.889
51.010	311.420	19.596	58.598
51.653	313.030	20.935	57.260
53.561	313.137	21.927	57.215
56.993	313.671	22.286	55.904
60.756	313.176	22.376	55.004
62.571	312.632	21.889	55.292
63.101	313.088	22.826	54.911
64.355	313.406	22.731	54.743
65.565	314.282	23.045	53.649
68.304	314.417	23.723	53.594
69.625	314.275	23.578	53.730
69.720	314.406	24.113	54.643
70.343	314.134	24.242	54.840
71.085	314.404	24.195	54.441
72.654	314.943	24.113	53.925
72.877	315.294	24.967	54.238
73.864	315.280	25.009	54.633
75.240	314.471	24.760	55.181
76.646	313.923	25.069	55.512
78.350	312.937	25.233	56.094
78.740	312.830	26.081	55.833
79.689	311.188	26.178	56.915
81.646	309.496	25.588	56.940
82.901	309.582	25.054	56.648
84.435	310.208	24.135	55.340
85.169	310.580	23.385	55.625
86.952	311.259	23.904	55.388
88.978	310.923	24.575	55.501
93.004	311.307	22.383	54.653
99.893	312.661	21.632	52.982
103.048	313.250	20.880	53.167
105.678	314.312	21.469	51.293
108.468	314.659	21.481	51.572
110.478	314.751	21.664	50.938
111.443	314.145	22.974	50.413
112.491	313.821	22.639	51.041
112.663	314.103	23.291	51.217
114.091	314.250	22.560	50.834
114.050	314.497	22.760	50.611
115.622	314.381	21.722	51.822
116.057	315.404	21.615	51.039
115.914	315.960	21.804	51.781
115.993	316.640	21.683	51.141
116.758	317.554	21.094	51.500
118.806	318.631	20.070	52.129
119.255	318.892	21.015	51.570
120.546	318.962	20.949	52.352
122.051	318.582	21.229	52.384
123.920	318.183	21.180	52.013
127.504	316.685	20.802	51.822
128.916	315.686	21.047	52.652
130.380	313.765	21.368	53.892
131.998	311.972	21.410	54.189
133.193	310.079	22.068	54.788
134.783	308.466	22.448	54.646
135.195	309.197	22.511	53.759
133.075	309.775	22.803	53.883
132.584	310.902	22.605	53.127
133.006	311.435	22.546	53.363
135.401	313.943	21.968	52.731
136.134	313.545	22.633	53.365
139.256	314.668	22.927	52.773
144.637	314.907	22.500	52.590
149.626	314.557	22.986	52.753
155.213	313.267	22.350	53.353
161.384	310.122	21.860	54.180
162.380	309.911	22.772	53.989
164.284	309.852	22.352	54.030
165.501	310.452	21.828	53.575
166.281	310.832	21.554	54.169
167.259	312.573	21.407	53.114
169.600	312.968	21.054	53.963
171.854	313.798	21.347	53.693
174.529	314.582	21.340	53.664
176.785	314.629	22.201	53.619
182.025	312.718	21.806	54.303
183.154	311.853	22.758	54.918
184.136	310.954	22.912	54.691
185.021	310.208	22.492	54.705
184.666	310.225	22.435	54.238
180.302	313.741	21.951	52.326
179.577	315.518	21.752	53.317
179.995	317.117	21.480	54.694
180.458	319.285	21.701	54.019
183.358	320.578	20.426	53.408
189.342	320.695	22.498	52.750
194.369	320.989	21.877	51.018
198.861	320.349	22.371	51.116
204.628	319.600	21.954	52.253
209.450	319.017	21.847	53.829
214.350	318.911	22.702	54.549
216.699	320.306	21.519	53.531
218.591	321.250	21.047	53.186
220.100	320.997	20.809	54.961
220.424	321.662	21.467	55.618
218.621	326.090	23.156	55.396
218.911	323.699	22.604	57.453
221.213	325.216	23.157	56.853
224.659	323.796	23.679	59.397
228.184	323.885	24.270	58.975
233.635	323.619	24.078	58.025
233.165	324.873	25.652	56.251
234.080	324.221	25.999	57.683
235.033	324.583	26.008	58.210
235.862	325.132	25.286	58.651
235.241	325.133	26.248	58.092
234.408	326.171	28.544	57.314
234.790	325.850	29.058	58.514
236.241	327.375	28.507	56.957
238.066	325.935	28.881	58.174
241.283	328.108	31.499	53.612
242.575	325.992	30.210	56.140
243.935	327.588	31.377	54.239
245.059	327.006	31.748	54.602
245.559	327.346	32.482	54.147
247.322	328.490	30.725	53.180
250.522	329.861	29.759	54.352
254.809	332.336	31.307	53.055
261.680	334.678	30.017	53.051
266.700	335.502	29.079	53.418
272.539	335.093	28.427	54.444
275.269	334.759	28.916	53.939
278.235	332.904	29.365	54.997
280.092	332.480	29.576	54.692
280.522	332.387	29.600	54.090
281.648	331.298	27.922	55.157
281.253	331.288	27.949	55.455
281.420	331.638	27.941	55.257
282.257	330.667	27.190	56.613
282.202	330.722	27.662	56.355
283.382	329.084	28.397	57.603
285.300	328.182	29.161	58.859
287.993	326.899	30.571	58.908
293.888	325.425	28.735	59.459
294.613	324.047	30.491	59.229
297.371	323.765	29.250	60.178
298.687	327.646	28.586	56.923
300.480	326.629	27.367	58.600
302.176	328.101	26.783	57.210
302.931	326.124	26.350	59.902
305.376	330.368	28.224	56.314
307.733	332.028	26.711	56.673
310.253	334.094	25.979	55.398
312.237	331.168	26.205	57.320
313.842	330.469	27.693	58.284
323.844	329.958	27.004	57.288
329.938	331.088	28.369	54.693
337.239	329.884	28.724	54.792
346.975	328.381	27.253	54.817
355.976	327.588	26.561	55.088
367.351	326.483	27.215	55.486
373.203	324.308	27.035	59.150
374.249	325.069	28.741	58.349
379.728	324.403	26.633	58.038
382.997	325.805	25.720	57.487
385.662	325.269	24.103	58.591
386.457	325.915	23.552	57.646
385.925	324.768	23.586	58.414
385.934	325.995	23.226	57.286
386.039	325.870	22.757	57.427
383.710	324.486	23.109	57.963
381.334	322.624	23.968	60.032
377.711	321.542	25.067	60.206
373.500	320.997	26.027	60.995
369.655	322.226	25.745	59.199
360.938	327.512	25.924	55.673
357.219	330.315	25.662	54.288
354.898	331.332	24.491	54.113
352.827	331.616	24.461	53.910
349.596	328.918	24.819	55.774
347.977	329.488	24.407	55.399
348.440	327.208	22.957	57.538
349.576	327.034	21.654	57.369
349.952	327.141	21.618	56.916
349.886	327.581	21.742	56.461
350.247	328.221	21.726	55.885
350.136	326.957	22.061	56.619
350.318	327.000	22.108	56.404
349.631	326.606	22.745	56.269
347.702	326.081	23.802	56.899
345.023	327.382	24.743	54.986
344.165	325.614	24.099	56.076
345.646	324.334	22.129	54.793
346.785	322.222	21.379	54.969
348.593	319.527	20.335	55.949
350.446	315.497	21.762	54.222
350.555	313.100	21.437	54.025
347.808	311.947	23.044	52.124
321.694	312.721	28.442	51.230
317.188	312.291	33.686	49.263
335.908	306.712	26.129	54.758
336.240	307.705	24.891	54.130
335.931	308.075	24.523	54.728
335.469	307.745	23.822	56.015
334.412	306.995	23.957	55.177
332.237	303.898	22.676	56.641
331.827	303.913	23.143	56.975
331.408	301.750	22.439	56.987
330.877	299.607	22.498	58.138
330.868	299.890	22.818	57.670
327.229	308.333	23.989	54.711
326.213	312.549	24.328	56.686
326.810	315.328	23.715	55.443
329.926	317.807	22.461	53.122
332.535	314.097	21.638	53.011
332.061	307.042	21.761	54.601
330.586	305.933	22.625	55.147
329.822	304.360	22.630	55.189
330.313	298.780	22.807	55.030
330.765	291.466	22.975	51.295
321.240	274.325	23.324	54.979
317.511	275.947	23.561	53.154
318.972	274.660	23.327	54.603
323.818	276.470	22.839	52.855
326.927	274.968	22.447	54.803
328.129	269.802	23.653	54.934
327.457	269.596	24.027	55.404
326.991	272.596	24.803	54.940
332.298	273.926	32.364	50.898
344.980	270.469	37.375	53.104
391.345	269.655	34.083	54.568
407.330	274.071	29.920	51.101
419.704	277.466	29.344	47.274
433.803	277.042	27.488	48.147
447.852	275.257	27.066	47.206
459.909	268.047	27.458	51.343
488.805	252.796	28.647	50.527
506.775	249.992	27.682	49.106
521.159	250.361	28.339	46.527
535.551	256.091	29.692	44.811
580.246	261.299	33.075	45.501
609.512	258.107	32.530	45.783
638.014	250.657	29.958	47.728
656.608	249.552	27.058	47.534
655.632	250.948	27.377	47.237
621.699	263.059	29.056	47.090
611.496	269.335	29.183	49.276
609.163	272.813	28.263	48.061
610.503	274.360	25.684	47.925
615.364	276.272	24.811	46.925
622.897	279.398	27.021	43.741
654.407	276.517	27.093	47.107
668.468	272.250	25.820	47.239
668.880	269.112	24.897	48.854
655.986	267.045	28.134	46.224
646.311	265.988	26.276	47.062
620.018	276.715	27.452	47.994
615.869	287.678	29.151	49.464
608.955	292.598	29.268	50.323
622.622	291.744	26.750	49.342
624.331	293.481	27.233	47.784
625.721	290.997	24.599	48.677
624.944	291.611	23.759	46.309
626.399	290.049	22.912	47.844
632.418	286.283	24.726	48.650
643.759	284.752	24.083	48.402
659.539	283.127	25.677	48.806
663.264	282.282	25.772	48.800
665.532	280.388	25.624	49.899
666.633	281.759	26.260	50.335
666.399	280.733	26.895	50.224
666.530	280.406	28.303	49.707
666.433	280.106	27.843	49.193
666.291	279.819	26.163	49.539
664.423	279.146	25.542	49.484
662.472	279.028	24.709	49.440
651.415	280.304	25.508	48.376
644.419	280.595	26.637	49.201
636.224	281.353	27.035	49.668
625.361	284.728	27.796	49.093
616.907	285.608	27.219	48.772
601.478	286.261	26.600	47.860
594.503	285.351	27.584	48.502
596.313	282.232	23.930	50.635
594.140	279.430	22.915	49.865
589.831	272.727	24.948	51.466
588.647	263.957	30.178	51.724
588.634	253.825	27.465	54.742
581.555	252.147	30.134	49.830
570.493	248.199	32.863	48.789
560.417	246.274	32.237	45.857
542.400	238.212	32.151	48.414
531.989	237.241	32.758	45.426
522.648	231.016	28.775	46.549
509.427	230.465	28.308	46.294
497.161	228.791	29.095	47.320
478.201	234.967	31.993	44.094
468.941	233.809	30.159	46.393
459.512	234.009	31.656	44.727
450.289	230.548	30.376	47.344
441.126	235.178	30.893	43.141
426.582	234.256	29.467	44.208
417.802	237.037	28.443	47.347
411.005	237.865	30.013	47.147
405.771	240.659	30.682	45.559
404.120	239.502	28.729	47.871
405.631	239.351	28.644	50.110
408.430	240.000	28.130	49.942
409.911	238.489	27.281	51.578
410.995	238.969	28.214	52.497
411.616	238.202	27.434	54.481
412.196	241.762	27.838	52.559
413.352	244.696	27.093	51.191
414.509	244.594	25.924	53.507
415.253	246.595	24.661	52.579
412.975	246.959	26.065	53.040
401.521	251.729	27.871	51.786
397.662	251.032	24.757	55.148
396.264	250.626	22.922	56.349
394.689	250.573	21.876	56.470
395.568	250.059	20.655	56.855
404.177	250.899	24.079	54.826
410.323	248.721	24.449	56.602
414.958	247.165	24.735	55.816
418.026	246.644	24.707	56.064
419.285	246.409	24.461	55.239
425.312	248.605	23.815	54.640
428.213	249.175	23.567	54.902
430.762	250.456	23.977	55.018
433.595	251.786	23.301	54.220
434.914	253.098	23.500	54.830
436.380	254.017	22.498	54.440
437.129	254.221	21.952	54.014
436.936	254.835	21.974	54.624
436.242	256.167	22.563	54.666
435.836	256.462	22.143	54.114
434.215	256.590	21.965	53.685
433.702	255.748	22.210	53.937
434.789	255.237	22.540	53.191
436.435	254.971	23.431	53.171
438.077	255.229	23.972	53.095
440.232	255.972	23.649	52.465
441.470	256.168	23.190	52.995
442.566	257.025	23.679	53.421
445.257	257.111	24.525	51.633
448.694	255.466	25.750	52.307
455.440	253.773	26.689	52.252
459.396	253.983	25.609	52.349
462.230	253.940	25.324	51.818
463.682	254.548	25.262	51.610
464.268	255.845	25.499	51.476
461.336	256.945	25.364	53.377
460.992	257.894	26.092	52.709
461.140	257.424	27.067	53.031
463.287	257.036	26.629	53.005
465.736	256.847	26.317	53.201
469.713	253.028	26.316	54.555
471.004	251.935	26.647	54.689
472.921	251.493	26.252	54.971
474.394	251.976	25.954	54.423
474.434	252.419	25.648	53.441
474.318	252.225	25.656	53.388
474.239	252.786	25.815	53.688
475.254	253.011	26.395	53.960
475.930	254.152	26.263	54.354
475.758	254.843	26.234	54.295
476.352	253.153	25.640	54.707
477.743	250.939	26.216	54.607
480.003	251.011	25.732	53.364
481.939	250.442	26.002	53.238
483.848	250.571	26.154	52.913
488.003	252.099	26.006	52.075
489.669	252.835	26.626	52.167
491.511	251.721	26.110	52.547
492.487	251.093	25.984	52.366
493.592	250.616	25.765	52.469
495.744	250.982	25.636	53.753
496.157	251.426	26.393	53.951
496.762	251.475	26.538	54.562
496.978	251.233	27.910	55.120
497.071	251.364	28.539	54.486
496.397	251.319	28.405	56.379
496.013	251.248	28.935	56.404
496.117	250.855	28.254	56.932
496.661	249.630	29.809	57.243
497.288	248.739	30.239	56.755
498.174	248.092	28.494	56.239
497.857	247.988	28.340	55.820
497.051	247.586	28.211	55.921
496.322	247.862	28.504	55.257
495.631	247.563	28.126	55.228
495.320	247.352	26.723	54.057
495.535	246.469	26.666	54.530
496.069	244.949	26.077	56.481
496.199	244.653	25.604	56.634
496.054	244.235	25.380	56.148
496.416	242.850	24.139	55.571
496.440	242.973	24.474	54.797
496.493	242.726	24.542	55.220
496.036	242.846	24.709	55.591
496.248	241.613	24.852	56.347
498.282	239.931	25.458	57.191
500.433	239.460	25.099	57.080
502.719	239.076	25.181	57.000
504.423	239.097	25.640	56.832
506.103	237.665	25.308	57.361
506.852	235.713	25.620	56.526
506.591	236.902	25.204	55.459
506.168	237.007	25.388	55.259
504.983	237.289	26.427	54.773
504.030	238.206	26.699	53.713
503.743	239.238	25.665	52.020
499.038	236.623	25.943	54.231
497.194	236.586	28.056	54.400
495.268	236.719	29.213	54.769
493.455	236.165	27.789	55.393
490.249	236.431	26.739	54.875
489.147	236.753	28.853	54.732
487.940	236.012	28.353	54.402
490.588	236.676	28.122	52.997
491.587	238.090	27.587	50.795
494.540	237.056	25.616	52.295
499.717	233.328	25.721	54.386
501.907	232.875	25.105	55.493
506.336	234.897	24.290	53.900
509.213	236.839	22.681	53.055
511.079	236.467	22.780	53.756
509.563	237.787	24.680	52.292
508.052	237.197	25.112	54.529
506.977	237.280	26.396	55.051
506.307	236.826	27.012	54.606
504.135	238.313	27.284	53.846
505.504	232.905	26.341	56.114
505.929	233.666	26.458	53.782
504.188	233.382	25.670	54.025
504.140	232.226	26.295	55.394
503.140	232.972	27.087	54.670
501.783	231.937	27.137	55.142
503.022	232.125	27.279	54.670
503.867	232.200	25.851	55.417
504.711	232.604	24.147	55.578
504.931	233.460	23.669	55.557
504.789	234.311	24.368	57.228
504.325	235.014	24.123	57.241
502.561	235.208	26.850	57.397
502.987	236.012	27.379	57.335
503.204	235.038	26.522	58.109
507.730	232.871	26.394	58.571
507.984	232.810	27.474	57.813
508.149	232.017	27.018	58.407
508.149	232.340	27.495	57.316
506.454	232.164	27.748	57.647
504.403	232.639	28.452	58.051
503.329	233.439	28.514	57.320
502.083	233.069	29.121	58.025
500.892	232.612	28.823	57.400
499.307	231.135	27.937	58.215
496.766	230.673	28.586	57.678
495.454	230.301	29.211	58.058
493.668	229.514	29.396	57.894
491.989	228.369	28.917	57.697
490.564	228.190	28.353	56.706
486.286	227.459	27.354	55.951
486.317	228.131	28.130	55.286
485.467	228.208	28.113	56.684
484.873	228.327	27.229	57.137
485.410	229.396	27.004	56.584
484.103	228.006	28.634	57.873
483.257	227.785	29.115	60.029
482.446	227.390	29.690	60.740
481.924	226.997	29.332	60.308
481.897	227.418	30.531	61.110
481.460	227.363	30.508	60.666
481.755	226.992	30.093	60.865
482.777	226.603	29.243	60.907
483.741	226.721	28.839	61.058
485.464	226.918	27.640	61.763
489.286	227.110	28.060	60.810
490.855	226.735	27.855	60.615
491.192	226.975	28.695	59.863
491.590	227.427	29.189	58.991
491.393	228.492	30.566	58.611
491.312	227.834	30.031	59.487
490.830	228.954	29.129	58.490
490.781	229.264	27.993	58.831
491.447	229.568	26.809	59.618
491.661	229.610	25.762	59.902
491.919	229.328	25.673	59.858
491.837	228.216	25.216	60.990
491.826	227.975	25.185	61.268
491.393	227.275	24.849	62.010
491.017	226.821	25.981	61.888
491.120	225.801	26.289	61.459
491.023	225.537	26.585	61.700
490.714	224.783	26.877	62.150
490.011	225.076	27.751	61.091
489.545	224.421	27.884	62.143
488.700	224.742	28.021	62.180
487.784	224.815	28.303	62.498
486.265	224.353	29.670	62.599
484.455	224.496	30.667	62.165
482.906	224.260	32.130	63.115
477.038	223.875	32.781	63.011
475.049	222.638	32.108	64.004
473.656	222.698	31.379	63.313
472.058	223.182	30.717	61.955
471.334	222.363	28.916	63.117
469.070	221.815	27.557	63.424
467.430	222.085	28.018	63.053
465.789	221.556	28.356	64.825
463.708	221.420	29.046	64.826
461.771	220.500	29.362	65.477
456.565	218.081	30.439	65.048
454.034	216.305	30.833	66.014
451.435	214.331	30.867	66.790
448.126	213.963	30.977	66.247
444.015	212.519	31.640	67.000
434.427	211.318	33.230	65.171
428.383	209.674	31.732	64.946
421.627	207.949	31.521	64.292
415.300	206.797	32.665	63.838
411.585	206.215	31.321	63.913
405.262	206.724	30.893	62.293
400.299	206.369	31.155	62.630
394.388	206.116	30.332	62.723
387.451	206.046	30.563	62.969
381.679	205.851	29.397	62.381
376.888	206.020	27.915	64.290
376.159	206.413	27.882	64.374
375.701	205.589	27.176	66.013
375.106	205.233	26.845	66.202
374.443	204.398	26.773	67.204
373.393	206.160	27.215	65.896
372.864	207.915	27.503	67.299
371.851	210.293	27.610	65.259
370.941	211.158	27.482	67.611
369.469	213.335	28.986	67.656
367.056	215.281	29.199	66.460
365.320	216.638	29.015	67.158
361.926	216.979	30.054	66.697
358.487	216.322	30.791	67.477
356.499	214.528	29.264	68.508
357.457	211.971	29.662	67.625
361.118	210.990	32.676	66.587
364.559	211.256	33.930	65.492
366.570	211.254	31.747	66.387
367.342	211.300	31.299	66.313
370.794	210.741	31.037	66.591
373.782	212.187	30.476	65.989
375.710	214.388	30.473	64.488
377.374	216.900	29.082	64.733
379.277	218.934	27.437	65.800
381.868	218.651	27.188	66.739
388.309	219.964	25.649	66.946
392.064	220.466	26.518	66.909
395.796	220.674	27.076	66.807
396.928	221.318	27.366	66.553
394.368	222.638	27.462	66.373
392.485	224.697	27.027	66.069
391.086	224.640	26.487	66.006
390.056	225.449	26.569	64.791
390.133	226.085	27.370	64.566
398.448	224.819	30.797	66.126
402.677	224.849	30.706	67.009
408.769	223.633	30.199	67.608
416.765	218.834	31.786	67.725
427.466	217.291	33.352	67.553
443.502	214.376	31.560	68.049
448.213	212.647	33.112	67.410
455.967	212.247	31.738	68.221
465.057	219.432	31.437	63.092
469.987	228.247	31.220	61.453
470.663	231.232	30.324	64.937
466.700	227.911	29.378	67.214
462.047	230.238	28.491	64.669
460.484	233.149	30.089	67.506
461.292	240.218	32.214	65.107
470.518	244.803	30.738	67.637
473.781	243.324	31.426	67.522
479.289	246.739	32.774	64.345
485.323	247.142	34.059	63.591
491.258	246.459	33.489	64.035
497.916	245.880	32.446	66.157
499.097	245.787	34.754	68.245
498.666	249.426	36.403	67.321
497.039	254.501	40.082	65.973
495.958	257.999	39.286	69.670
486.666	265.274	39.082	70.667
484.982	270.240	40.039	68.526
484.314	271.471	41.774	69.837
485.216	272.276	40.943	68.942
486.289	269.842	40.872	72.943
489.592	266.009	41.403	72.026
489.463	264.146	41.685	72.923
489.926	263.886	41.212	71.233
489.900	263.526	41.565	70.714
490.341	262.526	40.956	71.585
489.459	261.653	40.641	71.422
488.800	263.066	37.218	70.827
488.220	262.987	38.277	71.242
489.196	260.974	37.745	72.517
491.258	257.520	37.759	73.229
493.806	256.838	37.116	71.670
497.020	253.859	37.923	71.907
496.447	253.267	38.134	70.818
495.740	251.285	38.874	71.860
493.283	250.481	38.317	71.411
487.854	247.729	38.019	72.631
475.792	244.847	39.736	73.038
473.768	247.195	38.648	70.187
471.071	243.367	38.518	73.794
470.011	244.966	38.291	71.619
468.851	245.242	37.152	71.947
468.328	246.407	37.100	71.845
468.794	247.312	36.704	71.666
470.100	248.230	36.589	71.401
471.542	249.129	35.602	71.353
473.221	249.004	36.270	71.462
475.022	246.931	34.580	70.472
475.004	245.694	33.632	70.177
474.973	243.593	33.267	70.823
474.332	243.030	33.685	70.220
475.731	240.578	31.970	70.624
476.673	237.032	31.745	71.695
475.199	235.258	33.188	71.837
473.185	235.281	33.289	71.018
470.997	235.311	34.076	70.586
468.344	236.472	34.543	70.360
464.805	238.101	32.838	69.949
462.892	239.403	32.524	69.483
461.486	240.254	32.229	68.367
460.634	240.899	33.041	67.853
460.567	240.953	33.533	67.681
464.894	239.883	36.769	67.917
465.042	238.642	34.170	67.387
463.995	236.420	35.214	68.737
461.646	236.538	35.466	68.550
459.261	236.937	36.231	67.960
457.781	238.976	35.676	66.747
457.679	238.558	36.210	67.854
458.616	239.335	34.962	67.353
459.052	238.276	34.581	69.643
460.203	239.239	33.751	68.458
464.461	239.558	33.705	68.650
464.852	240.566	36.656	68.028
465.829	241.153	35.966	68.602
466.223	241.472	36.681	69.303
466.594	241.451	35.949	69.553
466.534	242.436	34.682	69.192
467.375	243.767	33.586	70.303
467.799	245.767	34.030	70.269
468.472	246.152	34.111	70.481
469.525	245.191	33.388	70.795
471.633	238.649	32.322	73.416
470.282	235.389	32.820	75.651
468.406	234.991	34.546	72.984
467.531	236.170	35.126	70.996
468.132	237.351	36.262	71.629
471.050	238.251	36.390	71.454
471.716	236.861	38.651	73.339
476.447	238.592	34.647	71.095
479.759	236.145	34.548	72.565
481.588	236.501	34.432	71.160
476.148	236.292	34.958	71.436
469.632	235.952	34.114	72.079
464.175	237.581	34.554	70.795
460.654	239.795	33.740	69.462
457.525	240.544	33.001	69.134
455.502	240.429	32.308	70.303
455.848	240.179	33.514	70.763
460.605	238.589	32.111	72.211
461.762	237.723	33.969	72.222
463.511	238.832	33.767	70.559
464.258	239.733	31.816	70.432
464.958	240.907	31.085	71.151
467.011	241.469	31.551	72.501
470.263	243.141	32.407	70.943
474.009	242.998	32.559	71.537
479.575	241.491	30.955	72.954
479.327	239.017	32.231	75.718
479.664	238.295	32.499	75.895
479.399	237.896	33.838	75.966
479.095	237.920	33.805	74.832
477.130	234.649	35.643	76.291
475.656	234.326	33.816	74.362
473.266	232.566	36.845	75.538
471.146	232.498	36.625	76.237
469.389	232.619	35.937	76.327
463.560	232.315	33.621	75.475
457.753	229.288	34.686	74.789
452.678	226.882	34.746	75.207
451.866	226.069	34.244	76.221
451.134	226.449	33.896	76.798
448.715	230.657	34.159	72.566
445.740	230.557	36.617	73.621
443.148	234.155	38.779	70.981
442.804	237.124	38.205	73.087
441.657	240.177	38.546	72.886
443.803	242.003	38.116	70.842
445.093	241.811	41.894	71.456
446.218	240.368	42.922	73.031
446.724	239.958	42.092	75.528
442.615	239.510	39.344	73.654
427.105	243.400	39.314	72.935
416.651	243.845	39.702	73.258
412.057	244.810	39.263	74.347
411.089	244.789	40.847	76.567
412.291	245.345	40.935	75.755
412.990	245.918	39.254	75.144
413.137	244.729	38.900	74.937
413.868	242.535	38.546	75.571
415.022	239.946	38.055	76.286
416.592	235.062	37.743	78.627
417.730	225.388	37.507	79.203
417.898	218.685	37.693	78.675
415.911	213.781	38.676	77.990
415.975	212.459	38.474	77.244
416.095	212.335	38.143	76.893
414.830	216.230	38.083	74.317
413.171	216.970	38.327	74.324
413.431	217.720	36.465	74.216
412.616	218.584	37.036	75.542
414.426	219.323	37.013	76.087
427.881	225.888	39.471	74.229
436.918	230.158	36.429	75.574
444.182	234.753	34.187	72.536
446.369	234.432	33.277	73.515
446.607	231.616	33.264	77.075
449.526	223.787	35.063	75.517
458.469	219.637	33.728	74.347
471.788	216.364	33.047	79.061
485.953	221.315	32.532	74.628
498.424	224.343	33.496	75.192
508.544	230.576	33.367	71.517
509.714	226.844	32.206	75.472
506.678	226.320	33.313	75.566
501.984	224.644	33.969	76.573
498.514	224.002	34.108	76.366
498.884	221.208	35.918	75.545
507.533	220.263	36.569	73.466
519.777	218.306	36.817	75.838
532.212	217.008	39.331	74.931
547.551	217.331	39.308	74.139
573.709	220.249	37.445	73.121
578.789	221.065	38.265	72.864
578.836	220.981	39.006	73.719
576.876	219.592	39.028	75.898
573.446	220.415	37.258	74.942
569.022	221.090	37.337	74.242
564.464	223.234	36.781	74.973
567.253	224.014	33.492	74.006
568.193	224.743	32.919	74.024
567.085	224.439	33.278	74.129
562.773	220.662	32.656	75.450
558.224	220.579	32.965	75.360
552.526	221.291	33.305	74.084
546.097	221.710	34.886	74.141
542.459	222.205	34.770	73.943
539.780	223.348	33.644	73.663
538.757	224.012	33.699	72.386
539.238	223.723	32.650	72.871
539.700	223.592	34.173	71.877
545.061	221.649	33.067	72.823
552.228	214.596	34.246	71.756
552.769	209.847	34.157	73.509
551.918	208.867	34.906	73.298
549.988	207.202	35.048	74.429
549.196	207.128	35.194	74.210
549.743	206.219	35.178	74.813
549.515	213.240	34.411	71.225
546.750	215.770	35.684	70.026
545.637	215.609	35.842	71.885
545.544	211.384	34.209	72.807
543.144	206.535	34.568	73.475
535.120	203.357	34.942	71.672
525.961	200.206	36.664	72.535
516.177	198.035	38.671	72.085
507.447	197.066	38.874	70.462
502.636	196.512	37.659	69.287
500.937	193.593	38.470	69.478
503.259	195.108	38.594	67.834
511.855	199.719	41.831	64.385
527.505	204.390	40.505	64.864
543.823	209.453	38.757	63.973
558.718	214.800	38.367	65.598
574.166	221.000	38.438	66.063
591.366	224.319	38.768	65.236
608.218	220.492	40.143	68.165
626.080	210.024	40.534	71.264
634.575	196.135	35.883	71.831
620.460	185.720	39.504	71.217
594.593	179.350	42.984	68.885
576.030	176.322	37.101	64.903
564.033	172.848	38.924	64.504
558.654	169.748	39.913	64.246
554.397	167.250	39.630	67.801
546.364	164.216	40.500	70.970
538.943	160.198	40.436	72.755
536.564	155.038	38.190	75.746
537.497	150.077	37.232	72.790
538.749	149.071	38.245	70.136
540.097	146.932	37.278	72.272
534.221	148.446	37.790	71.151
521.125	152.039	40.669	67.990
504.698	154.768	39.414	67.227
494.611	156.838	40.023	67.260
485.442	159.192	39.344	68.250
475.572	161.632	39.640	67.568
466.032	160.960	39.880	68.440
456.772	159.075	39.154	68.821
452.520	157.914	39.691	69.833
451.005	157.291	38.648	72.305
448.767	157.006	39.385	72.124
446.018	155.063	38.458	71.605
437.105	151.555	40.001	72.289
433.009	150.170	39.749	71.905
432.625	151.342	38.649	70.077
430.459	154.169	39.205	69.912
428.886	160.503	38.259	67.490
423.473	166.788	38.744	66.768
418.938	170.036	39.028	66.023
414.780	173.915	39.759	64.870
412.412	175.955	38.872	67.133
411.632	177.036	37.683	67.111
411.681	179.102	37.366	67.158
413.927	180.667	38.714	66.503
419.477	182.858	38.590	67.131
426.196	182.012	39.056	67.701
433.216	179.154	38.390	68.887
441.534	173.959	39.450	70.563
448.249	172.122	39.130	70.652
454.465	169.970	37.872	73.661
460.019	169.930	37.467	72.877
464.853	169.122	36.779	73.191
468.874	171.089	37.407	70.797
470.542	170.743	37.760	70.856
473.534	171.050	36.909	70.912
474.971	169.355	36.686	72.216
476.756	168.714	36.012	71.711
477.680	168.460	35.520	71.012
476.613	167.731	35.645	71.834
473.112	170.371	36.057	68.463
466.852	170.947	37.822	67.966
461.622	171.336	37.403	67.569
455.332	174.295	37.312	66.062
452.181	173.740	37.289	67.399
449.545	174.785	37.995	67.030
447.720	175.109	37.876	67.199
446.547	175.200	37.650	68.334
448.183	174.666	37.164	69.027
458.263	171.367	39.721	70.598
471.170	170.687	38.608	70.906
483.390	169.198	38.613	71.293
495.310	168.912	39.337	71.504
515.720	171.210	38.406	68.198
528.152	170.905	39.443	68.451
538.247	171.904	39.063	68.252
547.088	172.921	37.450	68.511
553.626	175.228	37.083	67.677
562.552	177.275	36.763	67.279
569.018	177.653	34.379	67.723
573.713	177.928	33.430	66.823
578.546	175.163	32.877	68.940
582.508	173.373	33.104	69.129
586.667	171.095	32.895	69.499
587.958	172.385	32.855	67.503
586.573	170.013	32.403	69.861
585.247	167.739	32.340	71.577
578.920	168.872	31.938	70.326
564.077	171.959	32.991	68.233
553.279	172.069	34.244	68.575
542.488	172.996	34.763	68.661
531.176	171.639	35.214	69.690
521.323	172.787	35.701	68.163
507.833	172.960	35.571	68.319
502.164	172.061	35.301	69.058
498.383	173.198	36.831	68.491
496.319	172.946	37.316	68.395
495.471	173.702	36.983	66.979
495.556	172.773	37.956	66.465
497.293	170.090	38.701	68.272
503.814	169.455	37.121	68.031
510.185	167.887	38.293	68.693
518.692	166.737	38.614	69.036
536.882	165.675	37.902	66.797
543.098	161.708	38.998	71.099
549.637	158.577	38.442	73.373
554.904	157.245	36.560	73.579
556.258	156.944	36.845	74.029
558.013	156.376	36.106	73.870
552.027	158.798	36.110	72.177
540.631	159.638	38.889	71.296
526.054	160.069	39.836	69.849
512.651	158.972	40.136	71.279
495.805	158.674	38.035	71.422
486.101	158.758	38.673	70.998
477.532	159.446	39.113	71.151
473.806	159.946	38.680	71.278
474.245	161.632	37.041	71.285
484.108	165.468	39.145	71.625
496.947	169.281	40.567	69.619
511.054	168.776	41.134	70.735
527.979	169.414	40.267	69.008
546.998	167.911	36.733	69.939
563.090	165.515	38.065	69.463
573.892	162.607	35.857	70.521
577.344	159.986	35.678	71.450
576.353	155.959	36.450	71.021
569.089	153.110	37.620	69.901
546.859	151.892	36.755	70.263
531.204	152.360	36.269	71.309
512.685	153.489	35.510	70.343
490.444	155.861	35.324	69.099
470.975	155.538	34.967	69.697
426.415	156.320	39.621	69.696
412.267	156.700	38.870	71.434
408.897	157.020	36.406	71.563
411.575	156.668	36.554	73.004
419.354	157.291	36.242	74.034
445.882	159.489	38.500	72.235
462.937	160.059	38.170	72.748
482.076	159.145	36.858	73.799
499.016	158.864	36.770	73.692
514.402	158.148	36.167	73.199
531.960	157.840	33.044	72.316
531.417	158.213	36.101	71.638
531.531	157.632	36.747	72.131
525.832	159.026	36.244	72.329
516.810	160.689	37.365	71.941
494.750	161.075	36.836	71.889
478.525	161.882	40.858	71.552
465.911	160.754	40.908	74.036
457.984	160.617	39.172	73.407
453.404	161.328	38.282	72.839
460.571	158.893	40.088	73.935
473.997	157.912	40.676	73.427
488.369	157.980	40.445	73.842
501.066	158.753	38.938	73.417
508.946	159.600	39.043	72.636
515.166	160.673	39.711	71.286
520.544	159.298	38.946	74.091
519.632	161.113	38.742	72.658
514.353	159.680	36.228	75.785
499.242	160.829	40.907	73.787
483.577	160.514	42.854	74.199
455.644	161.634	42.060	72.919
439.819	161.998	39.631	74.013
430.362	162.170	37.867	74.722
427.708	164.854	35.951	74.311
429.932	164.689	37.066	75.847
451.734	165.116	38.319	75.479
466.607	162.871	39.002	76.454
480.266	161.481	39.872	75.960
494.883	160.270	38.535	75.240
505.356	159.012	39.341	76.528
519.131	163.445	38.394	75.581
521.989	166.132	38.541	73.936
522.161	166.717	37.468	73.808
514.234	165.289	38.754	76.142
504.452	163.939	39.310	76.437
486.983	166.129	39.208	74.788
477.285	167.802	39.446	74.148
470.706	169.940	38.301	74.344
467.317	170.792	37.764	72.488
466.794	170.912	38.339	73.195
481.557	171.919	37.643	72.539
497.550	169.737	39.391	73.708
515.287	169.806	40.030	71.810
535.983	169.617	36.798	72.071
551.054	167.420	38.966	73.741
569.727	165.513	39.010	75.248
575.657	163.223	38.797	75.298
577.477	161.636	37.437	75.041
571.368	159.517	37.659	74.624
558.439	156.872	39.844	73.938
539.597	158.409	38.951	73.519
526.224	159.155	40.540	73.185
515.294	159.246	40.973	72.772
505.123	159.571	41.425	72.480
499.088	160.651	40.732	74.273
498.294	166.950	38.862	73.507
500.730	170.684	43.050	75.966
507.689	174.537	46.745	72.875
520.392	176.288	46.889	72.124
532.105	177.028	49.424	72.409
550.903	175.937	44.605	74.665
564.197	179.049	44.106	72.273
573.488	179.004	43.964	74.006
581.056	180.469	42.566	73.811
585.861	184.835	39.151	70.815
586.922	184.535	38.243	70.054
586.671	183.571	36.600	70.666
583.185	181.962	37.679	71.806
581.431	180.791	36.967	71.962
580.421	179.285	38.909	72.711
585.216	177.779	36.257	72.914
589.369	177.000	37.508	73.156
597.883	178.044	37.020	72.287
606.999	178.215	37.862	71.874
617.267	179.304	38.553	71.123
630.353	184.967	43.289	67.344
635.309	186.541	42.185	68.434
637.722	187.095	42.131	69.309
639.026	186.605	39.675	71.264
633.933	192.030	39.148	66.318
621.733	193.706	42.007	68.124
610.362	192.860	41.169	68.828
595.777	191.134	37.150	69.519
581.847	192.503	38.634	68.339
572.649	192.031	38.223	69.638
561.096	191.917	40.043	69.955
558.524	193.170	38.270	69.548
556.005	193.204	37.116	72.666
555.743	194.914	36.701	72.912
560.089	198.997	38.775	69.513
575.679	200.740	41.856	68.992
588.185	200.886	41.684	68.720
602.961	200.165	40.340	68.970
617.015	201.007	39.933	67.210
629.206	198.804	39.169	70.275
638.368	198.462	37.673	70.390
638.736	197.175	37.820	72.693
635.540	196.454	37.545	72.290
624.697	197.946	38.008	69.447
612.277	198.406	39.133	67.481
598.685	199.494	36.171	66.376
587.246	198.744	36.635	68.625
579.561	197.985	37.068	70.192
573.123	199.569	35.948	69.530
569.793	197.210	35.775	73.080
568.916	196.311	35.989	75.147
569.573	196.453	36.952	75.587
573.669	198.055	36.838	71.955
578.749	197.881	37.889	72.080
585.714	196.121	36.840	73.597
597.184	196.109	35.280	71.868
602.376	195.632	33.723	71.735
604.223	195.196	31.551	70.851
605.339	192.329	30.900	72.400
605.478	190.378	31.411	73.266
602.555	190.644	32.590	72.010
599.380	192.132	32.322	70.744
593.547	191.416	33.633	70.743
586.854	188.898	34.182	71.248
580.208	187.312	34.118	70.583
575.355	187.990	34.247	69.993
575.334	186.642	33.265	70.382
576.844	184.961	33.686	71.607
579.670	184.444	33.111	72.078
582.489	183.364	33.778	71.490
590.303	180.722	34.443	71.076
595.879	180.518	34.588	72.037
600.705	181.975	34.621	72.658
603.473	184.938	33.813	72.649
603.214	187.187	33.513	71.691
594.689	189.424	34.395	69.196
585.654	188.917	33.984	70.136
576.486	190.100	33.178	71.375
567.715	191.554	32.511	71.330
559.885	192.348	31.883	72.774
547.361	194.273	32.363	74.523
544.940	193.857	31.377	74.817
545.160	193.866	31.330	75.019
550.830	193.677	30.978	73.090
558.399	191.981	31.179	73.246
573.176	189.573	31.319	73.013
580.215	187.825	31.795	72.455
588.197	186.060	31.061	72.060
594.323	184.380	30.445	71.102
599.013	183.190	29.749	71.745
601.567	183.058	29.456	71.154
603.505	179.541	29.229	73.118
602.958	176.772	30.055	74.232
598.101	174.564	30.973	72.128
591.601	172.853	32.687	71.718
577.679	170.352	34.287	72.049
570.912	170.152	32.313	71.583
563.442	170.821	32.830	70.297
555.429	171.350	33.272	70.242
547.757	172.156	35.078	70.868
537.565	173.451	34.831	71.428
531.824	173.917	33.122	71.980
524.063	174.604	32.661	72.348
516.418	175.263	33.167	73.198
508.134	176.015	33.940	73.549
494.149	178.731	32.463	72.821
487.233	182.607	31.670	74.158
481.651	185.556	31.658	73.595
476.790	187.252	31.979	72.955
470.802	186.734	33.014	72.460
462.464	186.740	35.025	71.815
461.353	187.299	34.274	72.505
459.282	186.599	34.924	72.664
457.369	186.618	35.438	72.147
455.780	188.665	36.252	72.650
454.217	191.789	39.409	71.134
455.416	192.456	37.869	72.345
455.823	192.349	37.169	73.095
456.522	192.282	37.779	73.494
457.184	192.822	37.779	73.443
456.223	194.970	37.204	71.809
454.711	196.359	35.694	72.375
452.648	197.662	34.174	71.782
449.098	198.827	34.104	70.802
447.230	199.067	33.957	71.843
445.070	199.585	33.147	71.575
443.662	199.885	33.489	73.191
443.123	200.337	33.845	74.563
442.680	200.899	34.219	74.473
441.837	201.003	34.974	74.905
440.887	199.079	35.917	76.283
440.337	199.460	34.040	75.713
437.672	197.686	36.848	77.366
435.783	197.729	37.625	76.454
433.838	197.896	37.786	75.725
429.969	197.315	37.694	76.393
423.615	197.766	39.043	75.651
419.528	197.406	38.341	75.340
414.075	197.353	37.556	75.222
409.834	197.545	37.161	74.087
405.793	197.473	37.678	73.873
401.868	196.965	34.784	73.979
400.138	197.607	34.171	73.920
399.004	198.100	34.131	73.892
398.888	198.593	33.805	75.358
399.756	199.155	33.589	75.803
400.794	199.783	34.389	76.143
403.087	199.839	31.478	76.090
405.641	199.685	32.191	77.078
408.063	199.261	31.865	78.515
408.992	200.387	32.068	76.823
406.794	199.291	31.032	78.491
404.513	199.126	29.712	78.086
401.544	200.634	30.171	77.165
399.296	202.466	32.403	78.313
397.694	204.859	32.263	77.474
396.276	207.685	32.635	75.522
395.681	207.281	33.314	75.505
394.762	205.345	33.721	76.257
394.555	205.377	33.515	74.996
396.772	205.571	33.803	73.533
393.478	205.150	34.058	74.633
393.927	204.725	35.424	74.685
392.198	204.663	36.709	75.452
394.975	202.182	37.983	76.939
397.074	199.818	41.218	78.593
413.643	201.227	35.563	74.653
415.850	195.664	37.317	78.953
421.625	199.640	36.680	72.815
424.355	199.301	36.520	72.213
424.593	198.896	39.760	73.634
424.593	200.951	40.865	75.026
423.835	201.167	41.475	76.044
422.984	202.943	43.437	75.347
423.051	207.087	43.070	71.297
424.909	204.766	41.123	73.704
433.786	204.591	37.596	75.102
437.696	203.540	36.868	77.507
439.795	208.047	35.739	74.371
441.397	209.120	37.350	74.947
443.953	209.315	34.226	75.925
448.679	211.021	42.020	73.780
449.436	208.502	40.685	77.439
452.333	209.079	38.667	76.279
454.244	212.564	37.010	73.577
459.916	218.475	42.986	71.493
468.208	221.170	40.970	75.685
468.864	221.754	39.264	76.714
469.727	225.071	41.622	73.630
468.883	222.671	35.247	76.051
466.356	219.796	35.421	78.564
462.974	220.896	35.429	76.376
465.302	218.477	34.763	78.343
469.226	216.436	36.411	80.361
473.125	215.968	38.870	78.968
473.503	215.754	38.857	78.838
471.385	213.321	43.015	78.119
468.657	213.004	42.759	77.339
466.522	213.152	41.882	75.987
464.498	211.925	42.337	76.391
461.712	213.477	43.289	74.730
457.814	214.034	38.837	76.006
456.487	211.769	37.381	78.172
455.968	212.253	36.405	77.393
456.418	209.441	35.600	79.416
458.775	209.444	34.755	78.590
465.914	207.350	38.129	78.982
471.972	207.096	38.499	76.589
479.109	204.309	38.360	77.613
487.307	203.437	37.619	78.012
493.961	204.038	37.534	76.973
503.318	204.584	34.379	77.155
507.687	205.654	36.307	77.733
513.307	208.496	34.972	76.559
515.001	206.649	35.342	80.527
515.559	207.502	35.688	81.468
518.414	210.929	35.384	80.641
521.833	211.866	35.563	79.855
525.114	210.927	37.365	80.999
529.277	211.112	41.037	79.556
533.964	211.855	40.271	77.847
536.041	211.595	40.024	77.710
536.878	211.662	40.836	76.540
536.916	211.059	40.632	75.885
537.019	210.973	39.164	76.505
535.350	209.301	35.802	78.436
531.169	207.413	36.924	78.722
529.560	206.508	35.156	79.501
527.028	206.534	35.205	78.803
524.214	205.880	37.137	79.647
518.908	206.015	41.034	79.862
515.140	204.876	41.325	79.976
508.357	204.452	38.632	81.316
505.459	203.479	36.084	81.669
504.611	202.016	36.577	82.751
504.809	200.828	38.162	82.653
511.949	194.560	35.591	83.569
515.234	192.018	36.315	83.869
517.377	191.057	37.985	82.422
518.184	189.497	37.710	83.131
517.171	189.817	40.459	82.156
510.918	192.362	40.794	79.484
508.476	191.548	38.883	79.895
503.062	190.582	39.093	80.050
497.512	187.501	38.720	79.515
490.013	184.537	37.824	81.117
482.091	181.302	35.577	80.698
481.181	180.050	36.020	79.764
481.050	178.653	34.854	81.155
480.771	177.059	34.580	80.498
479.424	175.903	33.302	81.865
471.395	176.907	34.764	79.722
468.406	176.461	34.329	79.549
466.722	176.824	35.624	80.508
467.020	175.952	36.389	81.628
469.346	174.826	36.410	82.836
474.816	174.938	35.543	84.136
475.664	176.103	37.082	83.575
476.360	176.697	37.140	82.670
476.737	176.610	36.459	82.205
477.106	176.515	36.612	82.583
481.363	179.902	37.675	81.332
483.561	183.045	40.194	80.598
485.844	183.968	40.885	80.756
487.666	183.851	41.299	80.280
490.925	181.729	38.848	79.551
493.341	176.483	37.426	81.436
492.999	175.966	38.362	80.884
492.913	174.522	40.044	80.273
492.053	174.298	38.786	79.079
491.905	174.080	41.517	79.129
491.883	177.591	40.459	77.920
491.061	179.380	38.664	78.462
490.791	179.698	39.196	79.319
490.852	180.185	40.983	79.619
491.170	180.451	37.759	80.170
492.021	185.076	35.695	77.328
491.478	184.268	34.621	79.263
491.242	186.635	34.663	81.031
491.264	188.751	37.317	80.798
493.980	190.504	37.734	80.607
497.699	189.062	38.194	81.937
502.057	184.658	38.832	84.699
505.626	182.231	39.216	85.443
510.284	183.374	39.878	81.955
516.935	185.309	39.879	79.677
528.668	190.574	38.756	72.774
534.642	186.350	35.025	76.025
537.544	185.503	36.252	76.589
540.260	181.265	34.929	79.594
542.157	179.454	36.109	77.866
547.606	178.091	35.868	78.725
550.081	179.766	37.695	77.372
551.913	179.751	39.110	78.468
553.053	180.612	40.444	78.440
552.886	182.542	41.260	75.557
554.932	181.758	37.741	78.375
555.138	183.188	37.064	78.487
553.025	181.927	34.667	79.107
549.101	182.064	38.694	78.709
546.679	180.861	37.347	79.045
546.535	185.540	39.220	76.185
545.927	181.919	38.303	79.514
546.720	182.737	36.040	79.851
546.754	182.973	35.920	80.332
547.438	184.376	36.490	78.818
548.075	188.603	34.938	75.212
548.552	189.437	35.273	77.527
549.160	190.888	36.242	75.695
551.779	190.085	35.130	76.207
551.308	192.125	40.825	74.876
550.457	191.253	43.820	75.716
556.850	192.014	36.572	76.316
559.517	191.807	34.672	76.918
562.305	193.231	34.619	77.528
565.593	197.282	34.208	73.392
568.945	198.202	34.165	72.657
571.363	198.893	34.183	71.536
575.675	197.389	36.527	73.466
583.165	199.681	34.581	70.848
590.440	202.943	32.487	64.918
594.798	202.025	29.337	66.252
599.417	198.577	30.026	72.757
599.526	203.010	33.698	67.507
597.950	203.912	36.716	66.851
587.164	199.867	40.171	71.788
592.904	196.763	37.045	70.896
603.836	196.069	35.841	69.056
608.218	196.034	33.554	72.181
610.905	192.795	33.646	68.134
613.832	195.048	38.824	63.236
613.669	199.944	38.093	61.683
615.978	202.114	38.973	66.849
614.535	210.910	40.339	73.072
617.417	214.038	44.054	69.050
626.858	208.301	44.552	64.482
631.470	213.750	42.599	55.642
625.179	215.484	41.284	61.120
630.189	213.334	35.230	60.289
622.699	216.076	41.222	61.459
625.384	214.148	39.125	61.771
626.499	217.767	35.344	57.506
631.376	221.255	34.293	54.701
634.182	222.470	32.797	53.774
637.832	219.813	32.077	56.700
642.349	216.822	29.796	59.565
645.413	214.757	30.219	62.134
649.164	213.051	34.509	62.938
654.391	212.213	39.484	64.287
660.447	211.298	41.440	66.027
668.143	210.889	44.330	66.582
672.962	205.574	48.802	71.330
679.498	203.248	52.954	72.268
684.145	203.540	49.406	72.854
683.144	200.658	52.372	77.067
685.312	201.548	49.936	75.855
683.739	199.325	47.495	77.508
676.638	197.809	47.550	78.130
678.042	201.044	47.294	74.829
676.208	197.326	40.264	77.339
676.537	198.138	34.948	74.721
670.027	198.695	42.728	75.963
660.055	200.402	38.895	71.820
655.616	197.908	39.272	74.816
650.978	199.802	39.562	73.052
646.320	199.628	38.380	73.265
644.840	204.383	37.518	68.155
636.321	200.850	39.663	72.717
633.007	199.511	39.928	73.938
628.889	199.495	37.058	73.443
619.817	195.558	42.452	77.709
617.889	193.960	43.427	80.115
615.229	195.562	41.367	78.499
615.380	195.705	40.044	76.530
614.270	194.396	38.635	75.081
611.676	194.389	36.877	75.647
610.024	194.406	34.043	76.569
608.638	193.362	34.945	77.990
607.155	192.196	36.662	79.800
604.847	193.741	38.755	78.275
598.614	198.176	41.971	73.030
600.527	196.488	39.995	74.261
598.833	197.803	43.298	72.061
600.372	199.842	41.878	71.075
599.715	197.002	45.071	75.944
600.928	193.418	41.579	81.104
596.986	198.565	41.882	75.864
594.302	203.547	38.431	73.166
591.415	205.381	36.446	74.288
586.469	206.687	38.186	74.549
582.487	206.089	38.240	76.213
578.876	209.093	40.766	73.430
582.521	208.432	40.235	72.358
588.191	210.190	39.356	70.606
596.682	213.362	37.286	68.256
603.684	207.311	36.657	71.933
611.420	212.029	35.977	65.104
618.554	201.165	35.261	74.318
622.499	201.695	35.004	73.040
622.479	203.162	37.578	70.504
621.143	205.584	39.354	68.914
623.987	205.734	37.011	69.209
623.910	204.836	38.279	71.664
623.289	203.129	39.676	74.901
624.617	205.344	38.331	72.658
626.794	206.115	41.665	71.894
626.542	202.644	42.489	76.593
615.479	206.186	48.716	72.042
613.114	200.304	42.686	78.380
609.791	205.062	41.201	74.002
609.850	201.121	40.435	79.144
609.621	208.794	42.220	71.946
611.692	203.983	38.082	76.534
615.589	205.483	36.499	75.040
619.873	206.742	35.495	72.353
625.221	210.679	35.419	70.538
633.774	212.128	32.374	71.245
643.174	210.741	35.286	72.589
647.250	209.372	36.657	72.760
652.027	209.239	40.396	74.647
656.498	210.457	41.221	72.725
662.960	210.191	41.866	71.512
669.934	200.780	42.710	80.727
671.837	197.183	42.947	83.004
674.454	196.321	39.033	81.626
676.718	196.739	35.657	78.963
677.815	194.530	33.979	79.242
676.751	193.562	36.855	76.855
671.224	191.120	38.086	78.280
659.590	186.666	42.151	80.224
661.185	184.634	41.031	80.495
658.564	187.093	41.358	77.336
657.227	185.470	43.277	76.372
655.863	186.302	43.765	74.553
654.002	187.221	44.037	72.674
649.440	186.382	46.601	73.956
644.436	186.838	48.216	71.699
642.606	185.289	40.804	75.138
639.428	186.385	40.715	72.805
639.759	186.696	43.106	74.267
639.604	183.344	43.309	76.740
639.096	182.060	46.664	78.019
644.071	177.249	46.760	80.255
652.166	178.801	42.927	80.573
657.542	179.113	40.270	79.565
660.205	178.291	38.742	80.857
664.500	180.888	36.988	79.879
672.509	186.786	35.011	74.126
675.166	189.333	32.437	72.098
677.388	186.781	33.411	73.134
678.272	186.631	33.704	71.488
680.341	185.134	34.003	72.881
683.138	183.366	35.297	75.000
684.431	181.582	36.803	76.977
686.922	179.344	35.675	78.831
690.804	183.045	36.014	73.976
690.201	178.241	38.995	77.511
694.948	180.770	39.668	77.255
696.548	182.347	40.530	75.145
694.530	181.508	46.016	77.228
689.465	168.366	51.340	73.306
690.484	163.946	45.394	75.627
681.993	164.940	48.772	69.435
696.409	170.485	48.877	70.785
684.940	165.129	58.498	74.525
690.989	176.146	51.143	72.325
696.932	184.536	49.738	68.724
698.218	177.768	48.727	53.618
694.093	171.992	54.153	56.935
692.271	180.356	50.799	70.151
701.912	182.827	49.900	76.691
707.648	183.337	52.377	80.889
704.500	184.292	53.895	77.773
711.474	187.391	48.463	71.297
711.840	188.099	46.217	72.986
715.931	187.998	47.153	68.836
720.997	188.749	42.345	72.409
724.434	189.386	44.858	78.235
726.601	189.519	47.053	74.065
729.474	187.112	46.592	73.093
731.803	187.295	44.569	69.730
727.928	183.822	42.622	68.132
718.170	182.603	43.611	64.361
710.245	183.242	42.122	61.627
706.058	181.039	38.950	66.541
705.907	177.643	44.239	62.904
720.371	182.462	45.333	63.743
723.990	186.789	41.611	73.621
728.707	187.662	48.057	72.956
728.402	187.291	45.545	76.257
727.132	188.289	47.443	79.803
727.572	190.284	41.411	84.316
729.094	196.813	48.344	80.321
739.771	210.163	42.857	73.953
741.365	213.861	39.701	72.499
741.316	216.714	41.896	77.025
743.689	222.217	44.298	78.962
743.725	220.450	44.777	80.542
744.680	222.151	40.692	78.977
732.513	220.245	45.085	76.295
724.639	213.004	46.002	74.815
719.807	209.682	43.583	77.200
711.485	207.739	45.106	83.783
702.319	211.656	44.688	82.797
692.979	213.875	41.841	76.135
682.734	209.012	39.774	76.940
674.115	204.795	38.620	77.254
665.901	203.247	38.425	78.815
649.529	206.314	41.197	76.416
635.305	202.596	42.831	76.514
619.798	208.836	47.826	71.236
607.786	211.309	45.449	67.676
605.280	214.573	39.996	69.770
601.973	212.505	38.738	69.844
596.153	204.931	40.380	72.519
590.646	202.407	40.851	73.822
586.334	204.537	41.425	76.089
585.086	206.042	39.409	79.529
585.452	214.763	43.327	73.499
593.968	215.804	42.656	70.272
601.178	216.271	42.123	70.907
602.674	215.082	43.709	74.567
601.346	214.006	44.986	73.501
578.042	209.025	43.453	71.143
561.866	208.049	42.893	70.116
551.590	200.919	41.606	70.649
549.907	195.448	39.484	69.613
547.298	190.326	44.055	68.687
548.372	185.387	42.116	69.792
548.271	185.579	42.860	73.121
548.258	187.894	44.904	71.808
546.844	190.792	49.765	75.443
548.602	191.449	48.118	74.197
544.692	186.778	48.027	75.739
541.214	188.293	47.481	76.670
537.393	186.960	43.756	75.785
531.759	185.705	42.065	72.580
524.190	184.821	43.825	69.591
520.488	191.680	41.550	70.848
518.007	190.377	39.360	70.029
516.601	190.773	38.765	73.139
514.038	188.273	37.857	75.712
510.218	186.499	40.985	76.763
507.392	185.191	45.693	76.099
507.704	180.882	44.422	78.954
507.291	181.296	42.569	79.213
501.413	182.042	43.475	78.909
490.735	183.345	44.974	77.812
482.592	184.761	45.002	77.555
484.601	186.605	42.151	76.798
486.406	188.533	41.651	76.199
487.502	189.370	42.070	75.017
485.823	189.459	38.791	68.978
484.002	190.694	37.415	71.801
480.509	187.476	40.542	74.147
483.217	188.496	41.111	78.033
484.069	188.551	45.306	78.115
482.488	187.683	49.331	76.159
491.435	192.614	46.964	69.675
494.864	191.938	48.429	67.006
501.050	193.071	46.353	66.021
506.398	193.884	43.897	68.499
509.070	194.911	43.188	70.719
520.441	193.596	37.628	72.661
520.690	193.923	41.423	71.593
523.430	194.570	42.952	70.960
526.094	194.603	41.236	71.278
527.887	194.366	41.434	72.091
529.407	196.117	39.166	70.702
530.539	198.090	36.826	67.861
525.009	203.764	38.688	67.734
524.297	208.938	35.800	70.613
519.451	212.212	34.911	65.872
523.743	214.897	38.898	65.293
524.202	210.816	39.789	67.196
524.168	206.083	39.208	70.857
525.093	203.736	38.858	70.743
527.443	201.893	37.576	66.930
534.240	198.924	36.581	71.180
536.598	200.051	36.623	70.465
537.507	199.702	38.117	69.177
538.416	198.768	37.073	69.386
537.430	197.304	36.441	68.794
537.541	191.778	35.133	70.322
537.920	188.037	34.637	67.990
535.533	186.091	37.042	64.200
536.507	184.797	38.825	64.897
536.003	184.286	37.081	65.293
535.844	184.489	41.261	69.091
539.413	183.194	40.192	69.275
541.254	182.849	38.201	68.522
540.669	180.969	36.749	68.559
538.674	178.944	37.261	70.016
532.189	177.300	37.385	71.506
527.349	176.702	36.409	70.050
523.539	176.723	35.542	71.576
520.521	177.199	36.256	73.797
519.601	176.683	36.522	74.144
519.679	176.401	35.709	68.914
520.741	175.090	34.659	71.104
521.529	172.277	35.085	72.787
523.613	170.800	33.544	72.777
524.352	169.493	33.134	72.362
524.345	169.278	33.427	72.352
524.729	168.389	32.692	73.366
524.042	169.046	32.742	72.920
522.638	168.540	31.999	74.198
518.654	167.753	33.187	74.010
514.416	166.578	33.725	73.955
509.728	165.268	35.551	74.667
506.625	164.055	37.312	74.090
504.746	164.016	38.201	73.791
502.308	164.392	39.236	72.094
498.414	165.330	41.617	71.956
494.556	165.140	41.719	71.809
490.810	164.721	40.942	71.855
488.216	164.135	37.925	70.316
486.839	164.900	36.852	69.370
486.148	164.919	36.649	69.945
485.170	165.337	37.702	70.262
491.290	166.487	33.839	70.685
494.926	166.474	33.891	71.359
498.855	164.097	34.153	72.841
502.391	158.681	32.533	73.384
503.046	156.145	32.671	73.836
503.550	154.602	33.149	73.900
505.062	154.114	32.598	73.949
505.903	154.122	33.482	73.826
508.755	154.466	32.667	73.992
509.290	154.665	33.741	74.016
509.825	154.114	34.503	73.401
509.722	152.400	35.713	73.516
510.798	152.770	35.964	74.232
513.037	153.573	35.767	73.533
515.166	153.866	34.697	74.134
516.649	153.851	36.059	73.194
518.978	153.460	36.319	73.368
521.289	153.649	36.940	73.152
524.525	153.164	37.183	72.913
525.017	153.703	39.238	72.697
527.426	153.342	38.536	72.144
528.766	154.093	39.472	71.693
531.216	154.311	38.882	71.732
536.667	154.457	35.914	71.383
542.292	155.145	34.686	70.589
548.893	155.969	33.178	69.435
554.461	157.947	32.553	68.134
558.984	159.297	32.948	68.427
563.877	159.605	33.505	68.181
567.234	160.380	33.013	67.840
567.782	162.150	33.533	67.524
568.958	163.143	32.294	67.973
568.455	164.449	32.973	67.138
567.614	164.232	32.213	68.559
565.457	166.355	33.200	67.207
562.572	166.678	33.368	67.580
560.157	167.325	33.238	67.250
558.594	167.926	33.068	67.925
557.223	169.266	32.829	67.970
556.432	171.512	33.301	66.725
555.870	172.131	33.912	67.351
556.257	172.169	33.521	67.688
556.058	172.178	33.572	67.590
556.176	171.958	33.694	67.373
554.617	171.479	34.425	67.129
551.896	171.546	34.345	66.730
550.234	172.143	32.902	67.210
548.577	174.794	31.954	65.713
546.385	176.666	31.590	64.639
543.432	177.189	32.033	64.771
541.387	177.518	32.796	65.136
540.315	177.365	32.799	65.377
539.534	177.212	33.055	64.939
539.447	177.999	33.117	64.766
542.969	179.360	30.676	64.854
542.900	180.578	31.703	64.378
544.940	181.001	30.778	65.011
546.529	181.132	29.935	64.984
548.470	181.323	29.275	64.657
550.076	180.431	29.688	64.756
551.071	179.281	30.671	65.574
552.300	179.312	32.286	64.961
554.806	179.152	31.492	65.761
554.879	179.457	32.101	65.671
555.580	179.879	32.379	65.660
555.807	179.415	32.291	66.666
556.647	178.815	32.365	68.300
