118.000	196.000	37.000	94.000
110.911	197.360	41.951	88.417
108.080	197.327	42.116	92.656
104.526	197.153	41.830	91.933
101.273	194.981	46.106	94.365
98.442	193.517	45.513	92.954
96.931	192.610	43.458	96.090
95.962	192.922	39.286	96.181
95.541	192.356	35.879	97.333
94.914	192.846	35.914	98.052
94.439	192.932	34.520	99.011
94.090	192.843	33.115	98.833
93.178	192.716	34.321	99.958
92.270	192.593	36.178	100.069
90.864	192.519	37.870	99.412
89.566	193.376	42.179	97.722
89.128	192.686	42.509	98.750
88.520	193.009	42.148	97.913
87.625	193.044	38.641	98.474
87.696	193.521	38.501	96.869
87.645	193.290	36.797	95.402
86.335	191.741	33.479	97.945
84.373	191.633	33.324	96.342
82.862	192.289	34.462	96.931
74.959	191.677	40.836	95.595
71.465	191.505	42.558	96.876
66.559	193.940	45.316	95.381
64.940	194.461	40.661	92.703
60.407	192.248	37.396	82.970
56.612	192.851	40.005	96.280
45.748	193.355	44.902	96.080
43.984	195.087	44.071	96.336
43.090	194.683	41.159	96.245
41.064	194.079	42.925	98.455
40.071	194.200	40.213	97.000
39.587	194.610	37.911	96.582
40.510	193.705	36.078	97.545
41.655	192.726	35.481	99.285
42.135	192.844	35.914	99.265
43.150	192.353	37.244	99.722
43.053	192.331	38.006	99.151
46.713	192.839	34.592	98.974
47.719	192.765	32.833	99.414
48.051	192.326	32.092	99.685
48.066	192.980	31.655	99.446
48.173	193.059	30.810	98.745
48.226	193.128	30.678	98.658
48.356	193.210	31.408	97.872
48.269	193.296	33.133	98.185
46.529	193.059	33.819	98.542
45.496	193.223	34.197	98.614
45.437	193.360	34.276	98.542
46.521	194.329	32.565	97.572
48.664	195.347	31.164	96.339
48.490	195.106	32.123	97.282
47.419	195.084	33.503	96.725
45.914	195.505	35.362	97.756
43.510	195.663	35.964	98.107
39.491	196.890	38.570	98.592
36.047	198.660	42.065	98.640
32.639	198.483	43.333	99.827
31.713	198.768	42.725	99.986
51.147	197.938	41.316	100.586
80.593	198.862	40.766	98.623
107.698	200.233	45.557	101.131
136.658	197.520	47.280	104.975
131.056	198.195	46.517	102.234
127.764	198.748	44.957	102.396
124.322	201.021	44.759	102.621
122.505	202.582	43.031	103.012
118.735	203.364	44.177	102.990
115.168	202.970	45.116	103.293
111.534	204.165	47.414	103.218
106.653	207.309	50.624	102.421
103.714	208.617	49.527	103.033
101.715	208.022	50.437	103.356
99.646	207.470	48.077	105.169
94.673	208.846	50.698	105.689
93.782	211.627	48.099	105.252
92.637	214.162	46.054	105.418
88.558	213.554	47.288	107.024
85.671	213.751	45.853	105.880
81.099	216.160	45.526	107.280
75.800	220.164	47.321	104.088
71.856	222.339	47.099	103.532
68.201	221.523	43.960	105.749
105.372	220.964	42.280	107.357
136.658	221.839	45.920	105.612
168.893	222.509	43.389	101.415
199.450	220.786	42.974	111.680
237.916	222.153	45.573	111.082
272.659	227.726	56.330	105.971
266.865	231.033	54.964	100.711
244.090	221.939	52.587	86.345
233.692	231.532	57.160	92.313
232.097	225.555	55.971	110.159
219.714	224.738	56.399	104.673
215.707	225.065	44.992	109.116
204.585	226.823	54.588	106.452
191.773	231.023	63.747	110.624
184.098	232.871	69.188	113.185
177.248	234.958	64.309	113.192
165.735	234.507	47.641	114.035
153.357	236.343	50.997	115.801
169.655	240.339	62.821	112.065
198.347	240.839	52.796	113.005
222.742	238.721	48.352	112.721
243.357	237.248	55.126	113.345
269.780	241.334	67.450	109.922
297.537	241.160	63.742	108.853
322.395	239.117	50.320	111.245
342.890	239.560	49.105	111.827
360.452	242.932	61.302	110.926
386.090	244.608	61.245	108.963
411.517	240.701	47.078	110.345
386.418	239.530	56.990	115.138
361.223	242.348	73.107	111.297
356.460	240.289	73.399	113.223
350.050	240.796	56.618	111.441
341.076	237.930	43.398	115.123
322.189	241.201	62.067	110.965
322.730	242.469	68.096	111.181
326.447	240.379	54.202	113.100
325.920	241.077	47.186	110.922
317.751	240.361	60.866	113.478
314.475	242.078	74.791	111.406
325.763	239.011	63.929	113.734
324.440	237.712	51.800	115.795
313.838	239.617	63.468	113.959
312.536	242.366	70.553	111.558
321.129	239.682	64.408	114.359
327.683	238.330	51.019	114.593
324.726	237.043	53.259	115.761
183.136	239.837	52.527	113.668
152.059	239.691	70.441	114.393
144.555	236.730	58.298	116.853
134.836	235.468	50.913	117.522
118.847	237.218	61.750	115.797
108.961	239.898	69.330	113.461
109.541	239.729	59.788	114.365
102.985	236.819	49.130	116.511
104.667	238.193	57.310	115.288
127.013	238.924	66.891	112.378
150.831	240.809	72.976	109.708
176.202	237.241	63.590	111.310
208.201	232.489	57.274	113.933
229.254	233.865	63.219	113.567
259.598	234.206	64.266	110.650
280.184	240.232	69.527	105.542
268.879	238.514	75.560	105.883
257.495	241.449	81.006	98.401
277.046	229.484	80.192	107.519
287.285	232.985	90.038	107.296
306.847	216.624	85.448	114.233
328.032	228.260	82.934	116.578
317.482	220.177	79.308	119.760
305.251	227.059	77.060	120.388
318.578	223.020	79.703	121.538
309.405	220.150	75.132	124.303
320.612	225.595	77.027	118.151
311.929	217.563	73.566	121.384
323.071	219.890	77.945	117.796
314.932	231.752	74.362	122.065
327.901	221.036	78.084	118.558
318.874	225.283	73.315	120.319
333.342	223.242	73.774	111.227
322.212	227.755	69.501	121.769
335.129	222.828	76.451	116.508
344.015	222.647	87.236	112.748
351.277	216.002	93.207	117.549
363.505	222.162	97.212	129.470
362.298	212.138	113.143	135.586
352.281	215.057	118.313	126.921
388.154	213.765	99.793	121.854
343.068	181.349	116.131	127.894
320.103	206.088	129.959	130.581
290.363	211.996	135.786	137.731
265.239	188.212	132.717	151.755
238.846	208.370	142.127	140.933
218.783	190.872	131.515	155.315
202.480	220.439	139.350	150.609
222.813	205.631	137.033	147.594
201.534	201.831	143.124	147.769
195.050	229.800	136.454	148.234
180.306	223.256	133.646	140.644
170.975	216.324	127.812	149.351
160.180	236.013	122.960	148.583
149.458	221.773	121.930	142.569
169.296	232.136	122.401	151.234
184.701	227.137	126.639	145.699
173.804	217.870	126.715	145.032
158.687	217.207	125.934	151.146
145.895	221.907	129.236	154.752
138.390	224.412	119.884	140.765
132.564	228.068	112.365	154.719
150.261	229.644	117.949	141.405
142.137	233.983	113.304	140.579
158.441	238.523	108.730	142.653
165.061	228.181	120.827	141.290
183.428	244.479	123.542	146.554
203.980	219.674	124.905	149.436
225.868	233.067	128.452	150.519
249.566	226.584	130.248	143.376
277.423	236.615	122.422	138.851
307.305	210.146	112.391	138.930
326.113	207.465	110.634	137.898
348.910	185.542	107.271	141.592
365.537	220.087	105.349	138.430
395.855	212.304	100.245	128.189
417.944	218.869	88.073	121.363
429.554	223.347	75.663	119.825
435.122	231.768	78.504	124.687
438.055	232.257	80.319	128.022
424.564	227.152	85.552	130.342
438.897	182.370	82.725	144.514
424.089	235.803	83.951	121.954
433.895	240.749	82.797	126.229
427.101	258.134	79.880	126.259
394.133	261.566	63.382	115.049
380.841	266.553	57.704	109.414
372.915	251.542	50.044	114.734
365.437	252.126	43.131	111.034
344.169	251.688	53.598	117.583
321.603	255.038	68.550	113.732
315.749	263.810	68.948	108.728
312.544	261.874	56.464	110.566
302.743	255.415	49.139	119.345
294.609	258.575	50.480	114.859
286.952	257.720	54.529	117.286
272.027	255.052	59.129	119.894
256.901	253.434	52.935	117.765
242.984	253.998	50.614	106.933
231.786	256.502	50.282	105.233
220.504	255.621	48.761	104.894
205.426	251.524	49.474	101.499
195.393	252.646	49.614	100.537
185.637	255.654	48.836	100.256
174.752	255.872	49.738	100.702
161.190	254.876	48.293	100.047
150.370	253.859	50.992	97.221
138.276	257.418	49.626	92.581
124.885	257.651	50.923	94.864
117.199	257.012	48.748	94.835
108.283	255.774	47.556	91.148
98.993	254.747	46.550	92.532
91.709	255.877	46.824	91.756
77.856	256.877	45.650	98.313
62.228	255.520	48.462	100.148
46.942	257.326	49.183	98.924
30.973	260.509	49.669	99.869
19.404	258.128	49.706	99.293
8.994	256.018	49.843	101.971
2.815	256.389	47.198	99.320
0.000	259.390	41.146	99.617
