326.000	327.000	38.000	94.000
326.461	332.279	38.851	87.292
327.359	333.203	38.799	86.216
328.244	332.897	39.191	85.626
328.976	334.160	40.757	84.440
329.686	333.016	41.177	85.121
330.392	334.604	41.692	83.179
331.063	336.302	41.771	81.208
332.646	335.504	40.940	82.959
334.086	336.547	40.574	82.197
334.604	337.185	41.045	80.467
334.687	336.989	41.789	80.633
336.375	337.378	40.926	79.862
337.592	336.849	40.717	80.632
338.325	337.705	41.334	80.105
340.059	336.738	39.660	81.335
341.380	337.396	38.735	81.109
342.595	336.278	38.592	82.431
343.067	336.458	39.482	82.298
343.738	336.147	39.736	82.267
343.865	336.406	40.707	81.638
344.259	337.648	40.897	81.402
346.474	335.349	38.977	83.521
347.470	336.824	38.770	81.508
349.249	336.599	38.186	81.215
351.396	335.637	37.302	81.362
351.338	335.834	37.562	81.239
350.716	336.114	37.595	81.501
347.270	335.169	38.660	81.496
343.319	335.962	38.977	81.124
341.270	335.697	39.106	81.704
339.240	336.111	40.425	80.649
338.366	337.031	41.284	78.294
339.376	336.911	40.293	78.347
338.815	337.051	41.000	78.136
339.548	337.633	40.631	77.774
339.852	336.278	40.444	78.917
339.616	336.441	41.467	79.114
341.018	335.684	39.705	79.312
341.562	335.350	39.174	79.833
342.789	334.719	37.899	79.909
343.307	333.804	37.254	81.041
344.729	333.973	36.331	79.915
344.262	334.708	36.451	78.936
345.075	334.094	35.592	79.048
345.563	335.818	35.922	76.778
345.458	335.777	35.863	75.644
345.446	336.016	35.999	73.723
345.684	335.277	35.419	74.696
347.063	334.840	34.893	77.750
347.784	333.691	34.976	78.099
348.738	334.417	35.107	78.359
348.604	334.335	35.856	75.399
347.445	334.582	36.551	71.076
348.217	335.888	37.536	73.169
348.075	336.776	35.797	71.001
348.299	337.620	35.488	71.421
348.542	337.348	35.715	70.657
348.371	337.068	35.726	70.195
348.546	336.504	35.463	70.191
348.074	336.335	36.398	67.834
347.037	336.759	37.001	68.274
346.820	336.787	36.809	69.719
348.143	336.658	36.509	69.604
348.657	337.081	36.621	69.807
348.440	336.689	37.040	70.711
349.155	336.089	35.291	71.842
348.585	335.735	36.287	72.759
348.063	335.837	36.885	73.160
348.392	335.480	35.994	72.934
348.215	335.256	36.559	72.873
348.490	335.610	36.474	73.262
348.463	335.027	36.520	73.373
348.245	335.164	37.172	73.412
348.531	335.311	36.702	73.245
348.570	334.959	37.243	73.920
348.595	335.070	37.255	73.611
348.316	335.345	37.579	73.061
348.163	335.208	37.776	73.148
347.941	335.311	38.088	72.946
348.097	334.633	37.887	72.271
348.463	335.020	37.395	71.868
348.042	334.770	37.618	72.773
348.975	335.009	36.202	71.040
348.926	334.501	36.245	73.503
348.441	334.198	35.903	75.869
348.161	334.564	36.263	68.044
348.118	334.632	35.394	70.602
347.828	333.607	35.870	66.848
347.563	334.612	35.998	68.248
347.041	334.759	35.177	66.545
347.153	334.536	34.482	64.156
345.765	334.415	34.357	65.717
345.368	333.658	34.308	67.282
345.263	333.226	34.934	64.650
343.698	333.554	36.493	69.127
342.015	332.996	38.959	68.599
342.511	333.713	37.202	65.785
342.499	332.924	36.367	66.868
342.476	333.955	37.890	67.893
343.363	332.898	36.326	68.196
343.331	333.447	36.154	67.873
342.364	333.472	36.097	66.832
342.020	333.899	35.767	65.700
342.004	333.415	35.939	65.919
343.084	333.024	34.784	65.202
343.473	333.031	34.323	64.432
341.783	333.516	35.538	63.873
342.322	332.978	34.063	63.958
341.909	333.861	35.220	62.305
342.068	333.417	34.594	63.266
342.001	333.149	35.498	62.510
342.733	333.202	33.739	62.452
342.675	333.342	32.338	62.037
343.116	333.439	31.470	60.787
341.230	333.464	32.757	62.618
340.284	333.403	33.395	63.960
340.974	333.453	32.985	62.843
340.840	333.276	32.351	62.488
340.765	333.081	32.179	63.990
340.822	332.342	34.170	64.491
341.068	332.606	34.051	65.813
345.318	332.129	33.025	65.184
346.675	332.516	33.858	63.202
347.020	332.945	33.560	63.687
347.253	332.692	33.676	61.027
347.708	332.985	33.004	60.413
348.446	332.479	32.966	61.729
348.650	332.413	33.257	61.681
350.413	332.266	32.149	63.531
351.037	333.302	31.501	60.856
351.233	333.636	31.607	59.758
352.936	333.453	31.682	58.555
354.260	332.948	32.146	58.670
355.387	332.893	31.455	60.443
354.960	332.335	32.394	60.429
355.273	332.452	31.934	59.339
355.202	332.284	32.506	58.491
355.376	332.101	32.107	57.118
354.688	332.517	33.740	57.257
355.337	331.452	32.371	57.689
355.876	331.224	31.422	57.319
355.958	330.965	31.093	56.258
358.897	329.367	30.012	56.513
361.253	328.748	29.787	55.924
364.591	327.709	29.156	55.772
368.751	328.568	28.494	53.996
371.845	329.442	27.872	53.710
375.892	329.526	28.466	53.831
381.798	331.121	29.709	55.126
388.077	332.097	31.116	55.818
390.589	332.949	30.243	53.178
392.889	332.394	30.496	53.839
393.120	332.828	31.235	54.443
393.099	332.687	31.260	52.521
393.930	332.505	31.084	54.546
393.060	332.594	31.166	53.084
394.059	332.627	30.586	55.618
392.785	331.797	30.620	56.110
391.914	332.671	31.390	55.632
391.914	332.986	31.947	56.390
391.490	332.908	30.883	52.875
391.450	332.335	31.546	55.531
390.861	332.409	31.324	55.583
390.601	332.085	31.635	56.672
389.029	331.898	32.956	57.568
388.306	332.016	33.276	58.701
387.633	331.605	32.661	58.072
386.927	332.331	31.422	57.649
385.790	332.188	31.909	57.603
384.458	332.299	32.539	58.007
384.158	332.080	31.758	57.698
383.797	332.417	31.300	57.180
382.078	332.934	32.558	54.484
381.211	331.470	30.492	56.592
380.417	331.482	31.090	58.005
379.138	331.411	32.156	55.190
378.819	330.880	31.776	55.923
377.177	330.841	32.515	55.778
376.420	330.486	33.366	61.244
377.028	330.124	31.429	60.033
375.739	330.878	32.144	60.093
375.866	331.025	32.091	59.564
375.845	330.676	32.452	57.337
375.011	331.021	32.895	59.616
374.397	331.000	32.923	58.995
374.375	330.661	32.396	58.055
373.458	331.231	33.148	57.367
373.849	330.976	31.825	55.063
373.875	331.038	31.590	55.808
374.316	330.853	30.114	55.565
374.558	330.812	28.944	53.371
374.408	331.286	29.674	52.922
374.216	331.125	29.936	51.015
374.150	330.873	30.100	51.850
374.003	330.399	28.403	51.751
373.488	330.457	28.715	49.616
372.678	330.484	28.770	50.101
372.268	330.424	27.927	50.098
372.332	330.581	28.220	50.754
370.811	330.803	29.031	50.476
369.541	330.725	29.641	49.662
369.176	330.406	30.275	50.394
368.193	330.043	30.560	49.483
367.502	330.348	30.883	48.309
366.751	329.383	30.869	48.145
367.119	329.763	30.451	48.934
366.251	329.835	30.595	48.237
365.494	329.744	30.939	48.272
365.674	329.440	30.319	47.820
366.021	329.490	29.734	47.825
365.702	330.203	29.487	48.520
365.915	329.467	28.394	49.066
365.700	329.648	27.578	48.832
365.676	329.344	28.129	50.155
365.056	329.746	28.594	50.536
365.339	329.851	27.127	50.847
365.809	329.237	26.688	50.225
365.795	329.074	25.435	48.873
365.340	329.127	26.495	49.315
365.365	329.622	24.479	48.498
364.361	329.848	24.394	48.176
363.062	329.690	24.814	47.320
362.352	329.804	24.414	46.533
361.840	329.444	23.907	48.106
361.114	328.425	23.993	48.290
359.814	328.559	24.733	48.482
358.471	328.115	25.958	48.757
355.535	328.192	26.559	49.777
354.542	328.278	26.255	49.976
352.881	327.476	26.478	49.761
349.611	326.676	27.068	49.132
348.809	327.170	26.608	48.477
347.125	326.938	26.529	47.561
344.314	326.218	27.178	48.417
341.210	325.567	27.509	47.694
339.146	325.142	28.635	48.943
338.506	324.592	29.321	49.934
337.333	324.478	27.781	49.825
336.002	322.686	27.207	48.785
334.970	322.645	27.768	49.504
334.761	322.968	27.403	49.280
334.748	323.695	25.660	50.048
334.495	324.897	25.723	49.373
334.003	325.939	24.582	50.357
334.079	326.371	23.126	49.143
333.884	326.603	23.103	49.069
332.829	325.470	22.896	48.025
332.349	325.098	21.513	47.294
330.709	323.445	22.779	48.768
327.844	323.275	24.106	50.693
325.997	323.203	24.932	52.471
325.083	324.688	25.053	55.512
324.425	325.438	23.946	56.729
323.290	326.062	23.395	53.209
321.779	326.428	24.081	50.218
319.973	325.662	26.632	49.726
317.605	325.700	25.320	49.292
316.637	325.586	25.784	49.880
314.992	325.822	26.216	49.540
313.934	326.691	25.971	48.645
311.248	326.198	26.601	47.697
310.590	326.394	25.571	47.360
308.609	326.095	26.118	46.021
308.430	325.424	25.007	46.101
306.543	323.997	24.572	46.583
305.151	324.392	25.010	44.903
304.543	324.099	25.532	45.859
303.650	323.731	25.483	49.302
302.431	325.105	25.801	51.018
301.153	326.649	24.929	51.233
299.971	327.025	25.446	50.021
299.552	325.180	24.652	50.940
297.723	323.929	24.941	50.996
297.600	323.716	24.588	50.113
296.082	322.412	25.459	49.033
294.543	323.259	26.747	50.141
293.393	323.185	25.912	54.984
292.350	323.318	24.987	58.729
291.310	324.797	24.715	56.516
290.776	326.102	24.690	56.898
288.887	326.208	24.680	56.472
287.829	326.208	24.653	56.882
285.737	325.713	26.315	56.435
284.286	325.293	27.392	56.591
282.124	325.015	28.613	57.470
281.202	325.324	28.739	57.629
279.448	325.778	29.724	56.678
278.140	325.524	30.620	57.474
277.037	326.032	29.816	56.903
276.867	325.401	29.085	58.935
274.896	325.457	29.892	59.259
273.368	325.488	29.754	59.733
272.331	325.822	29.836	57.316
271.692	325.144	29.939	59.840
270.658	325.529	29.490	58.429
269.941	324.953	30.201	58.968
269.033	325.629	29.296	55.765
268.990	325.397	27.063	61.579
267.534	324.878	27.072	59.272
264.949	325.237	27.757	57.692
262.710	325.521	29.868	56.685
260.847	325.431	30.491	57.716
259.753	325.357	31.250	57.892
258.749	325.246	31.559	57.773
258.011	323.088	31.025	59.031
256.770	322.025	30.891	58.460
255.955	321.025	30.137	58.398
254.898	321.372	29.332	58.385
253.203	320.841	28.700	59.922
251.411	320.936	28.413	59.564
248.244	320.592	28.789	58.741
244.817	319.320	29.439	59.821
243.012	319.288	31.155	59.850
241.143	319.358	31.575	59.974
240.295	319.593	32.255	59.006
238.838	319.789	33.027	59.151
237.055	320.303	33.417	58.594
234.474	319.914	33.308	59.125
230.732	319.718	32.235	59.874
226.470	319.633	31.654	59.163
221.801	319.618	30.256	58.441
219.015	320.101	31.427	58.149
217.293	319.804	29.766	59.081
216.033	319.649	29.898	59.044
215.128	319.445	29.601	60.350
213.319	319.757	30.261	59.824
211.458	319.777	30.429	59.888
210.341	319.859	31.600	59.639
209.458	320.141	31.087	59.322
208.457	320.279	31.420	59.437
207.276	320.117	31.494	59.749
206.654	320.340	30.555	59.322
205.678	320.663	30.239	58.863
205.006	320.910	29.917	58.508
204.271	320.809	29.749	58.322
202.695	320.940	29.877	58.301
200.936	320.879	29.950	57.856
199.038	320.518	30.570	57.976
197.838	320.672	31.285	57.781
196.457	320.446	31.900	58.088
195.110	320.302	32.676	58.364
193.858	320.381	33.316	58.165
193.057	320.757	33.606	57.707
192.390	320.796	32.583	57.339
191.884	320.402	33.410	57.827
190.759	320.441	32.808	57.859
190.426	320.860	32.534	57.550
189.712	320.382	31.588	57.494
189.349	320.168	30.637	57.569
188.565	319.939	29.957	57.689
188.154	319.999	29.210	57.980
187.564	319.873	28.833	58.234
186.540	319.893	28.651	58.160
185.867	320.191	28.751	57.673
184.389	320.289	28.779	57.899
183.354	320.602	29.099	57.748
182.203	320.505	29.349	57.863
181.616	320.545	29.464	57.715
180.951	320.762	28.947	57.444
180.213	320.758	29.021	57.816
179.118	320.632	28.767	57.618
177.944	320.421	29.129	57.299
176.794	320.446	29.847	57.096
175.750	320.641	29.593	56.529
174.546	320.522	29.657	56.561
173.381	320.032	29.654	56.873
172.264	319.993	30.465	56.620
171.454	319.900	30.161	56.640
170.417	320.027	31.339	56.488
169.899	320.090	30.642	56.377
169.155	320.017	30.836	56.391
168.516	320.076	30.323	56.279
168.264	320.445	29.303	56.150
167.590	320.304	29.136	56.142
167.289	319.953	29.089	56.860
166.917	320.091	28.414	57.187
166.457	320.032	27.809	56.888
165.939	319.819	27.924	57.004
165.198	320.445	28.043	56.498
164.692	320.881	27.451	55.471
164.010	321.076	27.339	55.282
163.715	320.924	26.319	55.306
163.101	320.913	26.333	55.287
162.712	321.026	25.783	54.740
162.013	321.158	25.633	54.778
161.485	320.875	25.863	54.985
161.311	320.069	26.186	55.895
160.467	320.186	26.206	55.503
159.572	320.186	26.377	55.529
158.458	320.129	25.641	54.849
157.765	320.101	26.346	55.267
156.771	319.510	27.571	55.670
155.768	319.178	28.253	55.717
155.509	319.050	27.165	55.767
155.785	318.575	27.789	56.478
155.319	318.614	28.639	56.130
154.961	318.149	28.505	56.219
153.943	318.670	29.498	56.032
153.530	318.439	28.904	56.138
153.039	317.037	28.824	58.088
152.703	317.151	28.694	57.418
152.968	317.658	29.515	57.034
153.184	317.912	29.660	56.737
153.132	317.699	29.573	57.021
153.575	316.873	29.165	57.911
153.062	317.052	30.029	57.651
152.193	317.039	30.681	57.536
151.679	316.553	31.171	58.226
150.917	316.166	31.220	58.587
150.432	316.021	32.055	58.344
150.450	316.416	31.960	57.944
149.961	316.739	32.893	57.927
149.816	316.761	31.751	57.691
149.535	316.978	31.477	57.528
150.337	316.506	31.632	58.056
150.168	316.585	32.656	57.867
152.676	317.052	31.662	57.395
146.808	316.656	36.394	57.798
154.330	318.201	32.661	56.901
154.552	317.299	32.403	57.813
156.126	317.402	32.345	57.772
155.922	317.778	33.129	57.560
155.184	317.285	34.046	58.282
155.334	317.908	34.324	57.550
156.410	317.502	32.762	58.222
156.215	317.233	33.608	58.366
160.735	318.072	34.300	57.926
162.013	316.769	32.283	59.419
163.669	316.675	34.165	59.648
164.695	315.991	35.065	59.887
165.328	316.300	34.216	59.828
165.279	315.959	32.781	59.744
167.171	316.784	32.427	58.610
168.897	315.990	33.002	59.642
168.957	316.338	32.460	59.441
171.621	315.958	33.408	59.764
177.882	317.442	34.674	58.276
181.583	317.862	37.537	58.151
190.151	317.862	35.561	57.985
186.112	318.405	39.396	57.567
186.446	318.585	39.286	57.504
195.990	316.549	35.335	59.308
202.076	317.041	35.102	59.202
201.094	317.457	36.802	58.421
203.179	316.755	35.110	58.956
206.259	317.513	36.339	58.050
210.832	317.850	38.775	57.249
226.781	319.409	33.662	55.464
231.047	319.017	31.354	55.883
233.749	318.597	31.000	56.235
233.564	318.443	30.855	56.897
234.510	319.110	30.072	56.144
232.598	319.745	28.734	55.188
232.802	320.505	32.100	54.157
239.702	319.937	38.199	54.184
248.699	318.281	35.076	56.362
260.386	318.722	33.035	55.124
264.363	318.470	33.278	54.788
269.807	318.379	31.457	55.752
270.429	317.723	29.496	55.565
270.836	318.642	30.034	54.777
271.198	319.626	31.620	53.443
275.373	317.762	30.823	53.470
287.841	318.441	29.661	52.756
290.236	317.097	30.327	54.980
295.870	316.496	32.073	55.975
304.968	316.661	31.941	56.172
309.967	316.777	28.366	55.657
310.300	317.929	31.763	53.870
311.083	318.009	34.389	53.512
314.971	317.249	32.816	54.749
318.714	316.667	35.017	54.812
321.809	317.952	37.879	52.909
322.907	317.888	36.320	52.865
327.588	316.729	39.624	53.801
325.571	317.034	39.956	52.740
336.017	317.141	36.201	52.737
336.824	316.106	34.805	54.247
348.200	317.363	27.765	52.397
347.223	316.586	31.793	52.784
350.582	314.377	32.589	54.026
350.695	314.803	31.784	53.191
344.027	314.513	31.195	52.229
361.507	315.133	29.977	52.505
372.680	315.281	29.985	52.557
374.561	312.966	30.213	55.187
379.628	316.235	29.230	51.906
381.240	316.086	31.452	54.421
382.907	316.290	33.794	56.446
384.420	316.419	33.278	56.763
386.844	315.581	31.874	57.155
384.436	317.073	35.457	57.092
384.444	316.057	33.237	57.818
388.743	316.648	35.953	57.624
394.822	317.594	32.944	57.418
393.257	316.447	30.277	57.248
457.629	327.256	32.527	68.348
456.679	326.451	32.560	70.421
454.116	325.453	33.118	71.484
455.196	325.951	33.742	70.776
453.957	327.280	34.695	69.182
455.153	326.686	33.475	69.705
454.294	326.706	33.789	69.518
453.130	326.729	35.209	69.205
452.323	326.967	36.688	69.010
452.051	326.348	36.738	69.152
452.363	326.377	36.326	69.236
453.088	326.472	34.867	69.304
454.094	326.797	32.566	68.675
453.867	328.908	33.366	66.729
450.642	328.563	35.705	67.012
452.152	326.483	35.427	68.183
453.012	325.849	34.154	68.417
453.214	326.335	32.870	68.363
454.709	325.876	32.806	68.235
453.940	325.906	31.742	67.791
453.311	326.027	33.054	67.697
452.201	324.521	33.570	68.708
451.089	324.398	34.308	69.495
450.588	323.773	34.736	70.054
449.319	324.067	34.523	70.111
449.411	324.197	33.727	70.054
449.166	324.335	33.232	69.556
449.347	324.869	32.117	68.655
448.970	325.440	31.285	67.855
448.428	326.704	31.572	66.246
447.553	326.600	32.659	66.232
446.719	325.603	33.389	66.815
446.284	325.726	32.947	66.792
445.910	325.451	32.819	66.541
445.396	324.354	32.154	67.465
443.734	324.243	33.378	67.743
441.929	323.789	35.000	68.065
441.882	324.931	34.033	67.271
440.687	323.233	35.220	68.694
440.213	323.752	34.717	68.264
439.421	322.929	34.365	68.188
438.286	323.195	34.142	67.787
439.150	322.497	33.261	68.312
439.330	320.698	33.164	68.915
438.548	321.477	31.947	68.285
437.856	321.106	31.437	68.931
434.985	321.968	32.689	68.804
432.387	322.378	33.904	68.460
431.595	323.203	33.522	67.909
430.853	323.284	34.208	67.640
430.016	323.362	34.234	67.605
429.058	323.061	34.700	68.001
428.046	323.472	34.619	67.446
427.928	323.523	32.802	67.254
427.190	321.968	33.177	68.332
425.687	323.187	32.024	66.956
424.524	321.475	32.346	68.309
421.412	323.958	33.515	66.221
420.817	321.920	32.972	67.490
419.385	322.808	32.683	67.070
419.138	322.520	32.757	66.905
417.358	322.474	32.975	66.734
415.703	322.520	34.067	66.626
414.584	322.371	34.525	67.013
413.079	322.247	35.098	67.092
411.595	321.951	34.819	67.271
410.784	322.020	34.539	66.982
411.003	320.883	33.831	68.104
411.124	321.223	33.480	67.838
409.549	321.331	33.569	67.624
408.114	321.965	33.738	67.014
406.325	321.365	33.689	67.230
404.572	321.486	33.931	66.743
402.145	320.906	33.986	67.168
399.328	321.210	35.835	66.933
398.392	321.357	35.530	66.713
397.312	321.611	35.989	66.391
395.760	321.947	35.761	66.055
396.099	321.293	35.110	66.579
395.423	321.865	33.965	65.997
395.027	321.244	33.520	66.319
393.661	322.198	34.145	65.507
393.614	321.726	33.034	65.683
392.217	322.083	32.933	65.066
389.998	322.459	32.954	64.387
387.259	321.768	32.784	65.020
384.870	321.968	36.318	64.849
382.174	321.954	35.841	64.614
381.945	322.385	37.993	64.199
382.022	321.947	36.974	64.600
382.070	322.609	35.303	63.893
381.895	322.726	35.056	63.780
381.156	322.530	33.979	64.046
379.020	322.765	33.573	63.960
378.499	322.653	33.509	64.345
377.801	321.919	32.431	64.664
377.837	322.214	32.008	64.664
376.937	322.303	31.713	64.333
376.504	322.915	30.854	63.750
374.638	322.755	31.616	63.151
372.094	322.863	32.493	63.097
369.669	323.092	33.609	62.680
367.705	322.937	35.482	62.898
366.142	321.500	35.633	64.684
364.811	321.076	36.470	65.303
363.840	321.204	36.230	64.961
363.136	320.618	35.083	65.377
362.573	321.648	34.765	64.577
362.121	321.222	34.065	64.860
361.176	321.419	33.667	64.637
359.849	321.481	33.350	64.304
358.351	321.675	33.699	64.082
355.612	322.469	33.741	62.877
354.787	322.769	35.208	62.757
352.866	322.296	35.354	62.961
350.925	322.218	36.749	62.877
350.173	322.328	37.475	62.258
349.676	322.683	37.927	62.061
349.622	320.651	37.061	64.752
349.911	320.495	34.904	64.823
349.817	321.111	35.718	64.299
350.594	321.187	34.575	64.186
348.891	320.928	35.189	64.309
349.160	320.044	32.892	65.092
348.101	319.883	32.445	64.691
346.775	320.058	32.728	64.369
345.087	320.147	32.477	64.250
343.743	320.382	33.306	64.101
342.496	320.456	32.778	64.121
340.571	320.762	34.624	63.695
339.332	321.089	36.046	63.275
339.378	321.029	37.159	63.026
342.411	320.648	35.734	63.785
347.098	320.965	33.894	63.361
351.435	320.806	33.766	63.681
359.364	320.500	33.508	63.808
362.486	320.258	36.718	63.664
364.507	319.880	36.055	63.519
366.540	320.626	36.178	63.182
371.141	319.866	35.255	63.951
379.541	320.962	33.787	63.951
390.456	322.257	33.060	64.638
399.838	322.566	33.480	64.645
402.608	322.055	33.698	66.345
403.461	322.337	33.792	66.150
406.321	322.853	33.990	66.427
413.917	324.208	32.666	64.711
428.247	323.947	31.551	64.511
436.186	326.028	32.209	62.992
443.122	326.815	31.428	63.594
445.225	324.814	30.859	65.696
445.210	321.686	31.071	67.740
444.738	322.113	30.846	65.491
445.136	320.972	29.986	65.276
445.737	321.107	29.817	64.910
443.819	320.236	30.512	64.910
441.886	320.702	31.820	64.256
440.192	320.055	33.454	64.558
438.360	320.128	34.630	64.627
437.819	319.857	33.986	65.032
437.196	319.550	32.778	63.866
437.267	318.925	32.215	63.733
435.896	318.393	30.976	63.867
434.637	319.266	30.966	63.171
433.848	318.830	31.213	63.853
431.495	319.498	32.737	62.640
428.079	318.898	32.788	62.787
