125.000	169.000	32.000	66.000
128.077	168.446	34.397	66.140
130.932	167.939	35.423	67.347
133.410	169.086	35.449	66.696
133.831	170.116	36.220	67.080
136.780	173.110	35.939	65.275
138.846	173.550	35.268	64.908
141.727	173.529	34.259	68.727
145.254	172.702	33.785	68.872
146.167	172.421	34.248	67.306
143.294	171.944	37.362	66.835
145.469	171.663	36.447	64.687
139.965	172.121	44.491	67.913
153.432	175.160	35.210	64.027
152.011	177.804	39.723	65.972
158.940	178.445	35.709	66.813
166.705	178.973	35.591	67.807
171.370	179.943	39.162	65.631
176.344	177.741	39.941	67.884
178.596	176.651	42.966	67.564
179.200	174.109	44.164	68.939
186.153	173.186	39.976	66.303
192.883	173.477	37.359	66.895
198.383	174.732	35.908	66.859
201.065	174.518	39.572	69.237
203.052	175.614	40.681	68.151
206.733	176.728	48.228	68.998
210.404	176.654	49.029	70.275
212.123	178.886	50.402	70.262
221.242	180.392	49.777	71.511
227.683	179.264	45.549	74.230
235.415	182.079	42.333	73.106
240.942	183.484	40.618	73.157
244.429	184.262	42.653	73.419
247.879	184.561	42.867	74.425
249.349	184.868	45.925	74.724
254.718	182.962	45.043	77.813
257.249	182.991	44.415	77.620
257.417	184.290	44.574	75.231
253.989	186.717	45.908	72.091
252.379	187.468	45.589	72.400
249.061	188.085	48.025	72.430
249.644	189.141	48.401	72.835
256.938	190.197	49.208	75.371
259.803	192.135	52.192	73.224
269.762	194.098	48.916	72.196
343.097	199.021	55.539	73.031
296.266	195.398	40.127	73.527
300.723	197.226	41.122	68.878
304.161	196.741	43.735	68.589
312.410	194.065	41.159	73.696
316.945	194.151	42.641	74.437
322.345	193.643	45.204	77.058
327.441	194.333	46.749	79.532
335.734	196.070	43.595	81.146
341.413	197.572	43.877	81.951
346.719	199.770	44.588	80.761
354.265	201.903	46.982	78.777
357.352	203.008	53.022	80.974
359.679	204.804	58.842	78.506
366.714	206.031	61.412	79.734
374.256	208.108	59.311	79.356
382.924	209.549	56.131	79.673
394.732	211.123	50.248	80.287
400.186	211.393	45.253	79.330
398.241	208.044	48.588	80.423
386.140	205.676	51.766	79.793
370.930	202.724	58.082	80.761
358.417	199.987	61.927	82.694
354.698	199.340	58.652	84.745
352.140	198.846	56.412	86.503
357.140	200.410	50.717	85.665
359.100	202.370	49.940	85.203
357.260	203.082	59.416	83.806
355.447	203.005	64.242	84.164
352.297	201.665	64.328	85.997
349.640	202.301	66.170	85.971
345.930	203.485	66.517	82.990
347.668	203.841	62.262	83.144
349.496	204.703	62.863	84.324
352.578	204.060	58.764	84.022
353.954	204.409	62.915	85.420
362.255	204.422	58.859	85.829
370.923	205.845	60.972	85.080
361.999	205.367	61.989	85.368
360.970	206.051	54.141	83.745
362.297	205.058	59.004	83.905
363.425	207.389	51.232	84.449
361.688	205.881	46.983	82.304
357.220	202.257	55.034	84.557
349.505	198.132	57.893	85.962
351.726	194.985	68.801	89.169
344.895	194.023	64.016	87.765
357.411	192.758	58.696	87.829
357.786	195.035	63.376	86.018
369.311	199.688	56.138	84.255
382.960	205.059	49.973	81.660
389.147	208.094	47.605	82.740
426.929	213.643	46.270	88.379
422.338	218.415	49.838	87.617
383.897	214.154	59.100	90.634
378.986	215.714	67.889	85.745
421.889	221.279	67.790	91.524
394.448	218.670	60.085	87.520
401.073	219.749	55.431	86.122
407.838	223.292	46.914	87.215
410.905	227.601	43.635	84.438
405.434	229.929	49.647	83.736
398.886	230.999	55.913	81.608
398.175	229.703	57.938	82.945
396.930	227.219	61.059	87.907
396.986	227.191	63.414	87.357
404.432	228.546	59.843	85.816
414.299	229.673	53.092	84.081
422.500	230.069	44.635	81.932
425.980	229.290	43.591	80.966
423.969	228.216	49.111	79.217
420.938	225.500	57.674	79.020
420.615	222.370	60.684	79.920
419.095	219.630	63.176	85.538
422.012	218.484	63.842	87.455
430.558	218.676	59.099	86.061
443.708	219.696	51.721	82.247
455.900	223.070	47.117	77.901
459.276	221.283	50.882	79.577
457.557	221.048	57.782	78.053
457.371	219.511	61.082	77.656
458.033	218.691	63.924	81.059
461.025	218.203	64.001	85.374
471.468	221.468	55.101	82.481
481.770	223.566	46.195	82.172
492.429	226.253	42.486	80.484
495.300	228.326	46.562	78.986
492.687	227.964	54.790	75.846
493.757	222.902	59.361	79.780
492.999	220.352	61.161	80.656
494.990	218.259	62.106	84.913
500.322	216.776	59.485	83.754
504.072	216.877	53.255	81.629
512.769	217.169	44.906	79.051
513.340	218.419	42.079	77.721
509.349	219.445	48.260	77.156
511.305	220.343	52.828	76.995
513.096	220.634	58.964	78.265
519.910	222.074	61.843	83.513
528.853	223.558	58.343	85.614
537.896	226.038	51.229	84.025
548.783	229.358	39.862	79.717
553.474	231.496	38.669	76.371
555.174	231.788	42.875	74.615
552.665	230.192	50.197	75.456
553.597	227.202	56.306	74.681
555.132	225.784	60.885	82.998
563.362	225.814	56.214	80.667
569.295	226.046	53.452	80.543
574.562	226.412	48.620	78.636
580.685	228.568	43.580	76.833
586.059	228.387	42.155	78.720
589.404	231.521	45.981	74.567
594.261	231.532	50.227	74.053
599.621	230.384	50.776	77.386
606.947	230.489	51.073	78.276
615.078	229.673	45.553	77.935
622.512	231.186	40.881	75.342
626.681	231.577	36.640	72.864
629.798	231.424	36.405	71.034
631.825	227.951	40.533	72.431
635.285	226.440	45.251	70.070
639.352	225.009	50.650	75.722
647.601	226.412	51.162	74.801
657.664	225.745	45.896	76.706
666.550	227.589	40.360	73.137
676.950	228.255	38.126	71.070
684.357	229.199	38.777	69.172
686.814	229.358	43.439	68.848
692.617	227.821	44.092	69.164
698.374	227.148	43.916	68.362
703.527	226.901	41.650	69.140
705.785	227.696	39.907	69.434
709.352	228.454	35.364	69.137
711.157	229.447	34.063	67.201
712.582	229.585	36.067	66.360
713.347	227.599	38.563	66.815
712.970	227.669	42.424	66.110
712.649	226.736	44.194	67.315
713.385	225.406	44.450	68.783
712.961	224.718	44.496	68.958
715.811	223.931	39.784	69.513
713.027	224.454	38.638	66.050
707.161	224.889	38.866	64.422
698.630	225.324	40.553	64.225
695.009	224.263	43.827	65.353
698.936	223.438	39.593	64.414
704.484	222.359	40.789	68.080
710.166	222.430	39.546	67.050
715.846	224.422	39.118	67.673
718.656	226.605	40.414	68.494
741.431	229.683	41.432	68.363
743.275	231.442	38.318	64.551
713.105	231.704	39.553	63.522
714.123	229.194	42.056	68.863
718.294	231.027	42.301	70.229
723.593	232.228	42.675	70.086
737.182	234.327	35.643	66.033
744.231	235.002	35.296	65.056
747.788	235.142	35.575	64.020
750.782	234.737	36.474	64.764
753.881	233.820	37.278	64.310
758.437	232.956	36.807	62.478
764.501	232.310	37.770	60.847
769.596	232.511	34.720	62.214
774.597	233.698	31.956	62.726
779.043	235.158	31.883	62.459
782.063	234.972	33.109	62.247
784.846	233.681	33.778	64.055
787.809	232.908	34.326	64.195
790.274	231.786	35.314	63.703
793.526	230.581	35.957	62.818
797.496	230.662	36.232	62.543
802.919	230.559	34.867	62.987
808.437	230.812	31.898	63.219
810.946	231.607	32.470	61.959
814.102	232.558	32.074	61.192
817.146	231.191	31.463	61.902
819.517	229.247	32.578	61.036
822.798	229.190	31.967	60.338
823.646	229.295	32.388	59.282
827.304	229.490	30.494	59.273
830.091	229.913	29.892	59.994
833.061	231.727	29.666	58.158
836.125	232.021	27.939	59.033
838.272	232.686	28.768	58.028
839.432	232.568	29.780	57.966
841.244	231.572	31.340	57.629
845.852	231.226	30.190	56.885
847.686	230.723	30.013	58.296
850.736	230.494	29.430	58.068
853.300	231.035	29.243	59.521
855.002	233.464	28.581	58.057
856.561	236.773	28.875	57.283
856.757	237.728	28.168	56.376
854.070	236.528	27.350	55.745
846.554	232.757	27.597	56.530
836.549	231.599	27.191	54.267
828.648	231.486	27.694	55.526
826.184	232.431	26.304	54.335
825.694	233.483	25.773	53.585
825.877	233.853	26.836	55.669
823.629	235.410	27.094	53.635
820.394	236.214	27.795	52.407
815.933	237.831	26.980	51.993
816.439	239.651	26.786	52.310
812.564	241.347	26.417	53.056
810.801	242.964	25.161	53.606
806.440	245.698	24.783	52.925
800.548	247.473	26.138	53.514
793.290	249.508	27.368	51.038
786.291	250.064	26.099	49.922
779.897	249.239	26.303	49.185
778.296	248.241	25.559	50.028
776.810	247.170	25.600	50.876
776.487	246.620	24.900	53.788
776.513	248.980	25.230	51.293
773.986	252.661	25.321	50.172
769.538	255.627	25.969	48.304
765.849	256.074	25.587	48.249
764.013	255.220	25.556	48.411
764.522	254.156	23.103	48.746
762.139	251.925	23.710	49.806
761.174	250.045	25.098	50.846
761.413	250.402	23.969	50.465
762.562	251.081	24.916	49.276
762.314	254.127	24.719	46.939
764.243	253.189	24.635	48.329
764.327	252.195	24.567	49.411
765.397	252.745	22.379	48.475
766.181	251.904	22.756	49.946
766.588	253.657	24.514	47.585
767.207	255.355	22.077	47.544
799.931	256.989	24.568	51.340
768.880	256.448	22.971	48.958
768.562	258.978	22.888	46.078
768.854	258.851	22.814	46.377
769.832	259.742	27.249	45.953
771.826	258.364	30.609	47.288
803.257	258.575	25.684	50.656
804.172	260.034	25.159	48.368
804.515	259.035	23.956	49.486
805.023	258.520	23.442	47.787
774.456	255.267	23.736	47.417
790.711	254.735	26.403	46.416
788.966	253.167	26.048	46.473
798.951	252.648	26.059	48.528
801.898	252.071	25.844	49.867
798.844	251.313	26.054	47.552
799.786	249.966	24.484	48.713
800.094	248.586	24.785	49.595
801.535	250.582	25.983	46.161
805.132	251.640	25.468	45.690
805.493	250.889	24.599	46.822
805.658	251.932	25.272	46.051
805.533	251.401	26.629	48.155
805.480	251.962	26.077	48.557
807.315	252.372	26.723	47.382
809.008	251.609	23.675	46.795
808.277	250.240	23.890	44.111
783.296	249.234	25.081	42.802
776.569	252.243	27.154	43.627
778.141	254.673	25.295	41.707
778.376	253.334	23.265	46.454
779.646	251.812	24.238	44.091
779.122	245.928	23.684	45.931
781.301	246.875	22.182	45.436
776.376	241.831	24.396	44.455
780.105	242.340	21.704	46.613
776.948	243.202	22.357	43.029
782.811	244.818	22.012	42.860
783.247	243.877	21.026	45.166
778.266	244.703	24.471	45.940
771.770	243.521	23.814	46.126
766.458	245.743	23.046	45.726
767.641	245.692	22.903	43.910
768.741	245.647	20.743	41.893
770.558	244.656	21.869	41.762
771.597	241.657	20.210	43.061
771.508	241.872	20.200	41.068
768.484	243.022	22.335	37.226
768.639	243.191	22.998	36.362
769.794	242.844	22.103	42.485
769.169	244.267	25.186	41.238
773.004	245.031	21.812	44.090
768.762	242.807	24.977	42.740
770.662	241.436	22.383	45.911
769.780	239.442	22.732	44.556
771.869	241.975	20.094	45.830
771.894	243.866	24.335	46.227
771.857	242.785	26.420	44.049
772.030	243.838	23.709	42.156
775.201	246.066	27.230	43.111
770.660	240.791	22.950	42.543
770.230	240.604	22.742	42.466
771.544	241.287	23.094	41.522
771.586	240.372	21.663	41.054
771.884	240.079	22.848	42.158
771.707	241.600	20.235	39.300
770.770	240.305	20.440	38.602
769.032	240.474	18.874	38.767
770.614	241.042	19.817	40.912
770.860	240.479	19.517	41.930
786.988	257.464	24.885	50.859
779.421	244.885	28.499	49.896
756.432	237.372	25.410	43.351
753.397	236.405	22.601	41.250
762.139	237.500	20.281	40.664
762.105	237.743	22.746	42.418
753.750	244.348	25.593	52.135
749.089	260.364	27.478	51.932
751.574	257.879	28.740	55.847
752.792	258.160	28.963	52.129
758.944	234.837	27.251	44.978
761.696	237.687	23.356	39.411
760.280	238.022	24.357	40.092
757.874	237.483	25.675	40.921
756.083	237.535	24.705	40.860
755.346	237.049	24.053	40.436
752.432	236.032	23.556	40.714
764.174	244.521	23.535	47.602
764.940	241.019	22.887	40.029
751.909	236.081	22.529	42.512
747.393	235.566	25.275	40.600
747.418	237.306	22.694	38.621
746.438	234.479	22.481	39.738
744.315	233.687	21.845	41.242
783.236	237.561	21.317	41.274
774.196	259.926	25.390	48.904
779.772	244.734	29.594	54.688
779.609	251.105	26.069	50.247
780.232	242.561	24.306	47.872
782.506	248.968	29.050	47.577
782.728	244.968	27.597	46.401
784.610	249.120	28.138	47.956
786.232	252.537	28.203	47.812
788.379	250.211	25.845	47.134
789.724	247.893	23.114	47.744
788.158	254.377	24.321	47.655
788.507	254.489	23.592	48.855
785.531	255.383	25.934	49.120
788.172	249.860	24.935	47.975
787.191	249.677	23.763	44.056
787.370	248.887	23.278	45.673
787.935	249.996	28.034	47.137
788.312	252.894	24.467	47.419
788.817	252.476	27.293	45.734
789.526	254.554	27.072	46.367
791.360	251.239	25.729	47.538
792.484	253.940	24.938	44.551
794.825	254.865	24.128	43.377
795.696	251.483	25.631	45.112
791.262	252.134	26.944	42.738
795.449	254.285	21.225	41.531
795.427	253.276	24.893	42.046
794.112	251.431	25.048	45.807
734.963	265.738	19.112	50.953
728.084	262.927	31.674	48.372
731.651	264.528	29.204	51.225
732.537	264.747	27.932	51.083
734.116	264.807	27.822	51.430
734.984	263.280	32.051	51.404
736.844	263.332	26.612	52.436
738.314	262.804	26.400	51.297
740.150	261.548	25.785	51.165
741.863	261.167	26.504	51.754
743.450	261.553	25.834	51.799
744.457	263.269	25.555	49.562
750.429	260.804	26.969	49.703
747.077	262.674	28.005	49.914
748.630	262.604	25.430	49.606
748.526	261.578	24.880	51.355
749.448	260.282	25.863	52.989
750.764	259.476	24.525	52.804
751.613	259.740	24.617	51.832
752.814	260.355	24.969	51.200
753.793	260.809	25.070	50.272
754.349	261.438	25.572	49.902
754.960	261.241	25.738	49.752
755.724	260.097	26.278	50.373
757.582	259.987	24.987	50.846
759.035	258.576	24.502	51.451
760.172	258.971	24.381	49.499
760.972	258.710	24.352	48.803
761.817	260.278	24.194	48.238
762.184	260.900	24.538	47.274
762.153	261.585	25.070	46.656
762.923	259.181	25.175	47.400
764.957	261.098	24.162	47.758
766.090	259.551	24.855	48.806
767.519	260.125	23.765	47.926
768.638	260.466	23.821	47.443
770.236	260.148	23.452	46.242
770.112	261.545	23.725	44.765
770.282	263.010	24.216	43.060
770.418	263.019	24.295	44.211
