321.000	50.000	54.000	41.000
316.714	51.334	54.984	42.509
310.622	51.587	56.440	42.537
305.709	51.967	56.205	43.289
302.393	53.609	56.501	42.802
297.393	54.222	56.968	43.346
290.399	56.412	57.589	43.838
285.247	56.456	57.857	44.699
280.208	56.909	59.020	45.911
275.787	58.775	58.357	45.843
270.586	60.198	59.201	46.412
265.516	60.570	59.409	47.356
259.152	62.005	60.008	48.116
253.866	62.591	60.607	49.123
249.065	63.563	61.093	49.825
244.426	64.611	61.174	50.347
242.298	65.145	59.991	50.872
236.428	66.786	62.338	50.907
232.918	67.394	61.588	52.291
228.947	68.863	61.162	52.296
223.404	70.136	62.441	53.143
219.179	70.768	63.098	54.517
215.802	71.904	62.801	55.473
211.914	73.168	63.142	55.851
207.716	75.091	64.032	56.046
204.453	76.283	63.870	57.162
198.801	77.962	65.102	58.480
195.287	80.862	64.795	58.631
192.217	82.350	65.561	59.280
190.872	83.085	64.304	59.819
186.397	84.922	66.736	61.083
185.008	85.835	66.217	62.754
182.628	88.227	68.109	62.850
180.900	90.438	68.675	63.947
181.134	92.415	68.267	65.455
179.464	96.095	71.185	64.506
179.333	97.384	71.897	65.713
179.028	98.789	72.636	67.367
179.062	101.006	74.424	68.210
179.214	102.299	75.344	70.154
179.748	104.283	77.260	71.437
180.588	105.840	76.892	71.683
181.293	107.451	78.648	73.273
182.458	109.441	78.395	74.747
183.406	112.195	80.442	75.437
184.742	116.121	82.050	76.556
185.927	117.734	83.118	78.584
187.047	120.362	85.770	81.513
188.694	123.163	86.422	82.311
190.146	125.843	87.484	84.421
191.525	128.988	89.372	85.607
193.395	131.772	90.109	87.052
195.533	135.248	93.620	89.837
197.320	137.734	94.830	90.445
199.599	141.198	97.695	92.513
201.565	144.132	100.858	94.936
204.653	148.147	105.132	98.181
208.182	153.228	109.703	101.714
212.479	157.114	113.707	105.137
218.280	161.406	118.084	108.229
222.604	164.573	121.612	111.085
228.898	168.983	126.365	113.753
234.430	173.285	130.718	117.243
242.668	178.641	135.645	119.981
249.885	182.810	140.750	123.766
258.032	187.364	145.440	128.547
263.427	191.539	151.552	131.304
273.485	196.139	155.928	135.906
284.658	203.443	160.072	140.042
295.404	209.797	166.321	144.617
305.193	215.642	175.354	149.511
318.505	223.196	184.287	155.169
332.820	227.381	190.556	163.257
350.878	237.820	202.920	170.690
373.088	249.357	216.490	180.368
392.365	258.465	224.875	187.603
412.586	266.828	218.414	196.154
433.493	277.625	197.507	196.483
