372.000	121.000	17.000	27.000
368.207	122.818	16.741	27.487
364.339	122.907	17.229	27.599
360.834	123.124	15.962	29.636
356.680	124.234	17.719	29.071
352.536	125.011	17.098	29.394
348.276	126.368	16.689	29.211
344.536	127.271	16.517	29.291
340.172	128.073	17.562	30.234
334.655	130.127	17.949	28.932
328.761	130.572	18.164	30.027
324.065	130.461	18.353	32.123
319.948	131.732	20.354	32.074
316.545	132.030	18.301	32.103
310.346	134.267	20.321	31.895
306.496	135.314	18.848	32.314
301.060	135.640	19.380	33.218
296.652	137.496	19.417	33.464
291.859	138.396	19.225	33.518
285.391	140.359	20.853	32.939
280.485	142.222	20.818	34.200
274.314	142.460	19.776	34.086
268.295	142.493	20.034	36.337
264.624	144.950	20.064	36.940
259.386	148.305	19.302	33.310
254.179	146.961	19.110	36.640
248.696	148.681	20.133	37.857
242.534	149.861	19.683	36.742
235.774	153.840	20.621	35.198
230.256	154.076	20.848	36.274
224.202	153.706	20.515	38.718
218.414	154.523	20.019	39.879
210.688	160.353	21.912	36.724
205.984	156.746	21.930	43.065
199.497	159.375	21.769	43.685
195.038	160.465	23.136	44.146
187.727	162.404	24.396	44.551
182.359	164.694	24.315	44.176
177.218	166.959	23.410	45.197
170.569	170.554	25.049	42.632
165.667	171.044	24.879	46.970
160.247	173.357	24.680	47.647
156.112	174.189	23.261	48.895
150.113	178.507	24.300	47.066
145.992	179.040	23.448	50.311
141.433	180.563	24.718	50.006
137.442	183.432	24.895	49.544
132.146	186.174	26.136	50.777
127.927	188.068	24.431	51.942
123.647	188.554	24.979	55.138
118.753	194.548	27.396	51.429
114.892	195.403	26.673	53.868
110.537	197.784	28.067	56.845
106.892	200.645	28.340	57.868
103.109	203.119	29.837	59.902
100.906	205.998	29.948	62.000
98.121	208.159	31.489	61.752
96.543	212.398	31.169	62.469
93.814	214.710	32.195	64.702
91.717	220.331	32.917	64.883
91.523	224.497	33.041	65.834
90.387	228.904	34.149	66.408
91.543	233.449	33.512	68.368
91.262	237.309	34.472	70.301
92.312	241.988	35.199	72.998
93.795	248.281	35.717	71.835
97.154	251.367	35.120	75.367
99.856	256.789	36.999	77.030
102.205	260.232	37.850	73.782
107.458	263.276	37.627	78.918
111.288	269.111	40.192	79.097
117.513	272.640	40.696	83.914
123.369	279.967	42.033	82.246
130.978	286.791	44.506	84.375
138.910	293.651	46.579	85.886
148.230	300.677	49.237	88.140
159.738	309.542	50.289	89.358
174.559	319.646	56.200	92.301
189.088	325.509	56.778	98.780
198.698	332.396	60.561	101.838
216.352	341.487	62.813	105.001
235.680	349.585	65.711	108.690
255.399	360.094	70.490	110.903
279.588	369.334	73.027	109.429
