11.000	181.000	93.000	85.000
9.294	185.506	103.793	76.602
14.469	182.210	98.912	78.896
19.756	176.663	92.501	81.552
24.929	173.726	88.484	80.504
29.744	174.260	86.140	78.968
27.856	176.890	88.333	81.525
40.307	184.917	84.905	78.716
47.091	191.635	81.377	75.857
54.100	194.164	85.780	74.067
52.418	194.970	91.243	74.938
51.762	195.811	91.956	73.964
51.473	195.622	96.642	75.936
50.599	197.035	94.337	77.633
49.756	198.595	92.809	78.013
48.011	198.568	92.852	80.360
50.023	197.054	97.379	83.009
58.726	196.608	97.776	83.790
67.838	200.170	96.821	81.470
76.654	200.889	96.246	81.048
84.604	202.313	98.915	78.350
95.752	200.411	100.539	77.598
103.106	196.352	100.833	79.260
106.267	194.096	104.035	80.954
108.892	193.201	107.132	80.644
107.608	193.069	112.555	81.557
114.012	190.253	109.011	82.334
117.360	189.357	104.625	82.539
118.635	189.131	103.559	82.631
120.272	188.817	108.349	81.848
120.793	188.692	106.950	80.382
122.242	189.389	105.521	78.708
126.621	190.647	96.010	76.476
129.904	191.559	94.264	78.452
129.955	191.728	92.884	77.920
134.493	192.064	87.442	78.084
138.936	191.483	91.352	73.064
132.872	191.376	98.381	72.563
132.023	192.030	103.146	71.975
129.822	192.142	107.176	74.080
128.623	192.636	109.528	77.846
120.776	194.863	107.144	74.864
113.439	195.986	107.481	75.902
109.765	197.416	111.102	77.120
107.310	197.419	113.972	76.226
98.618	198.461	128.205	72.095
93.360	200.235	132.834	68.475
79.515	210.201	162.094	71.495
72.503	201.855	159.464	76.592
71.934	209.831	176.997	85.685
58.355	202.046	167.011	76.549
88.578	205.140	137.881	95.355
84.748	203.862	149.140	97.305
70.915	205.220	159.242	118.206
48.156	205.511	174.428	121.624
33.432	205.919	187.393	119.484
12.879	205.950	239.532	112.010
14.388	207.933	237.014	110.066
48.162	207.659	201.368	97.624
91.544	206.457	135.994	89.557
95.034	208.128	129.211	92.499
104.623	207.581	127.120	94.384
116.138	208.345	127.543	93.588
115.315	208.831	133.839	92.028
125.059	209.556	133.358	91.368
131.888	208.546	135.131	93.607
139.331	209.354	142.135	93.847
138.828	207.398	153.117	95.034
149.238	206.968	154.166	94.732
166.214	208.239	146.903	94.587
183.666	207.543	138.689	95.845
193.529	206.280	142.705	97.667
204.321	206.220	143.681	95.911
212.482	206.222	141.214	93.273
221.119	206.217	135.500	92.657
230.079	204.661	122.404	94.014
237.425	204.944	119.633	92.677
240.289	204.189	131.704	97.212
243.039	202.409	146.732	101.749
247.357	202.323	143.969	100.397
243.564	202.147	154.927	103.985
252.037	205.068	153.444	105.588
259.200	206.716	149.129	106.373
265.009	209.416	147.028	106.315
267.194	213.996	147.586	103.572
270.047	215.055	149.853	106.029
275.314	218.103	151.323	104.077
277.702	218.995	154.879	104.290
280.614	220.920	153.077	102.209
284.057	218.816	147.551	105.288
287.185	215.569	141.753	107.215
294.532	206.501	156.387	105.657
298.698	196.872	153.169	107.165
303.341	194.526	155.638	104.722
311.858	196.298	152.999	99.884
313.623	197.999	159.547	102.430
305.584	208.059	172.570	101.552
318.714	217.028	161.009	101.629
327.895	219.253	155.863	105.385
328.100	224.893	156.464	108.268
326.801	232.906	158.782	108.258
325.986	237.028	159.427	111.230
325.886	247.384	157.936	110.739
327.609	251.720	159.984	113.654
332.304	257.837	155.940	112.853
334.483	258.889	150.434	117.243
339.652	271.278	138.729	112.249
342.671	275.795	150.147	111.296
343.030	279.622	158.297	115.951
350.542	284.795	158.273	112.562
358.567	285.875	156.562	112.849
370.478	299.663	160.138	102.502
373.424	293.919	167.201	108.733
382.380	288.219	170.957	109.634
397.397	282.276	161.076	107.995
400.677	276.191	159.434	108.408
400.983	275.374	158.244	107.419
398.805	275.261	158.862	108.001
396.165	275.527	158.885	111.076
395.533	277.142	158.871	111.373
395.288	277.240	162.120	113.427
405.918	282.180	163.136	108.336
418.368	282.311	164.439	106.169
434.816	278.155	162.684	107.461
451.523	275.469	161.564	109.062
467.148	277.808	161.897	106.876
486.936	279.090	160.897	106.353
501.320	279.246	158.041	106.884
516.385	279.153	154.994	108.574
526.168	281.358	152.113	106.966
531.963	281.978	140.472	107.422
538.203	280.492	119.513	108.219
538.868	277.408	114.381	110.694
539.156	278.084	116.596	108.639
540.933	272.336	122.731	111.089
533.360	268.356	124.499	113.502
516.577	267.543	157.462	113.201
493.523	271.242	174.730	105.298
479.009	263.692	195.606	107.488
479.901	261.680	193.922	108.003
478.661	258.980	197.865	107.356
473.147	259.750	213.620	104.937
507.813	258.291	183.894	107.413
539.283	260.943	160.718	106.087
554.167	263.561	150.671	104.865
561.801	261.718	154.135	111.902
576.995	265.333	150.513	109.341
587.209	266.652	148.559	109.046
597.596	268.516	149.231	107.560
607.758	269.058	148.938	107.499
615.212	268.856	151.137	109.655
626.986	269.508	147.417	108.556
634.243	267.030	146.073	109.126
639.807	268.152	146.120	107.408
641.743	265.669	143.025	108.576
643.201	263.238	141.981	110.563
648.237	261.255	140.701	110.918
648.425	264.241	140.215	108.036
650.864	268.561	137.184	103.104
649.931	271.782	137.822	100.288
646.041	267.858	138.791	102.300
644.849	265.622	138.365	103.073
641.464	270.754	140.667	99.101
642.952	273.337	138.578	100.797
642.559	273.583	141.659	103.934
646.402	280.977	129.045	96.537
649.734	274.349	134.238	98.701
651.581	276.157	134.585	96.105
655.700	279.210	127.765	93.090
657.141	271.268	132.739	100.650
658.029	272.994	128.146	102.558
658.299	275.111	124.663	102.712
646.140	277.390	135.609	102.984
653.000	276.969	128.361	100.512
656.210	273.081	122.123	103.236
651.782	274.292	125.020	100.015
646.779	273.575	129.933	96.041
649.265	271.009	128.175	88.973
655.995	268.003	121.368	92.234
659.608	269.928	118.065	91.930
656.255	273.401	117.057	93.328
652.970	275.260	117.416	90.428
643.798	275.144	118.168	90.209
644.715	276.244	113.265	90.446
644.339	277.581	113.085	90.490
643.844	276.388	110.276	90.544
643.295	277.099	108.749	86.168
642.725	271.523	107.559	91.445
641.540	270.894	107.892	89.663
635.421	271.689	110.203	88.449
622.459	271.118	116.737	89.196
616.960	270.752	111.726	90.830
604.380	279.957	110.883	92.350
594.441	284.546	109.092	93.382
584.530	289.924	108.188	97.223
574.156	304.824	108.728	89.235
555.084	307.535	115.721	90.973
527.740	313.781	119.671	85.561
515.411	309.546	119.739	87.069
503.143	302.698	116.829	87.441
484.914	298.223	120.845	86.954
466.407	293.976	119.898	85.169
429.345	290.984	121.537	84.427
408.956	291.785	120.806	83.447
392.079	293.293	119.670	84.631
384.857	294.840	121.508	85.036
374.992	297.696	114.800	81.164
368.455	294.525	102.393	84.975
370.525	291.133	99.804	85.960
372.279	284.451	100.021	92.178
367.492	286.895	102.347	95.790
360.216	296.530	108.210	84.161
345.574	300.979	110.269	87.750
345.217	317.079	113.524	84.368
335.437	318.257	121.436	86.979
340.854	325.910	115.113	81.523
361.219	330.619	97.674	78.622
377.352	332.277	90.013	76.674
379.348	332.193	90.782	77.386
387.082	330.515	87.243	78.651
391.142	330.934	84.004	75.684
400.827	330.551	81.581	76.570
430.188	306.407	77.993	87.631
440.676	300.914	87.524	85.058
456.136	292.989	84.686	85.398
488.326	279.511	88.635	82.401
492.692	274.568	94.536	81.795
497.820	268.552	100.913	75.194
508.067	270.151	96.144	74.524
538.253	262.651	75.352	79.520
544.989	267.655	75.604	74.643
562.292	265.628	75.117	75.432
631.959	250.788	83.098	75.791
644.539	244.793	81.093	81.241
647.513	237.821	96.807	84.187
654.474	235.511	105.091	87.378
668.214	226.041	105.474	88.474
698.293	221.449	93.528	80.018
710.832	215.413	82.438	80.270
719.752	209.419	79.887	79.373
722.914	211.079	73.766	75.731
728.289	195.776	76.480	90.852
700.558	164.366	84.703	89.756
671.851	165.481	105.272	87.829
650.026	163.581	115.114	85.320
639.772	163.553	105.348	95.634
633.576	180.006	102.037	84.554
610.976	190.706	91.120	80.188
595.537	196.844	89.399	72.580
591.887	193.855	84.792	68.564
582.860	191.261	81.836	68.415
570.596	183.244	79.812	69.164
551.725	163.630	73.244	68.987
541.118	158.814	71.071	66.509
531.768	159.719	71.701	65.133
523.437	164.219	69.798	62.652
519.732	166.453	64.223	61.322
519.409	174.583	60.349	57.197
524.755	170.621	54.620	62.425
531.541	154.046	54.673	68.687
539.401	143.999	53.762	66.499
544.554	131.320	52.416	69.667
541.277	119.884	66.463	64.130
530.625	118.296	56.154	72.028
513.205	95.949	61.254	105.396
490.232	110.757	75.460	115.089
485.531	162.173	72.004	104.915
482.774	181.044	64.401	91.038
476.605	188.057	64.502	104.050
470.834	197.538	67.274	103.777
460.845	201.687	76.908	108.681
448.848	213.371	91.437	102.515
456.447	229.311	78.825	80.911
460.880	226.053	74.053	88.088
453.394	228.453	74.054	81.499
454.076	239.115	63.945	71.758
442.362	241.492	63.905	80.565
421.030	249.503	65.551	91.529
407.317	262.189	64.467	93.405
395.298	261.961	75.667	96.807
259.783	300.099	67.391	83.531
252.712	299.591	70.723	87.671
252.186	309.329	69.945	85.518
253.964	317.933	71.631	80.690
261.745	323.760	70.615	77.876
272.699	324.460	69.166	80.039
285.550	333.919	70.681	75.843
306.732	330.773	64.438	84.039
314.800	330.595	65.453	83.330
319.140	331.716	63.949	85.464
324.816	337.437	64.144	80.485
324.642	339.197	64.599	78.270
333.622	342.147	58.312	74.941
333.090	343.124	61.301	72.713
331.111	343.903	59.165	72.156
327.818	343.163	56.659	73.155
324.116	334.593	54.752	80.253
326.748	330.254	57.518	83.549
325.611	334.338	56.469	78.872
332.235	333.199	56.786	80.468
335.773	327.812	58.719	81.786
452.248	320.179	53.783	61.439
458.387	321.433	57.716	57.414
465.927	316.494	59.221	63.506
472.643	309.283	68.159	71.205
483.505	305.425	76.461	76.403
