308.000	169.000	57.000	97.000
305.105	172.477	56.777	92.702
302.512	173.385	56.628	92.961
295.924	178.388	57.510	91.935
291.316	180.078	59.404	93.320
286.009	181.977	59.784	92.367
280.214	183.493	61.501	91.716
272.954	184.593	63.626	90.970
256.998	183.899	66.776	90.513
251.008	182.642	64.927	90.600
243.783	183.422	63.357	89.704
237.524	182.668	60.809	89.874
231.371	184.340	58.059	89.221
223.706	190.667	54.876	88.309
220.799	195.203	57.841	87.505
220.096	198.939	58.031	87.456
219.267	198.125	57.531	90.489
218.647	198.989	57.345	89.440
217.736	193.993	58.511	93.228
216.994	190.759	57.407	91.171
215.990	184.524	55.090	92.724
213.525	180.606	53.974	91.948
209.461	177.076	55.871	92.851
205.328	181.605	53.503	87.224
201.602	184.031	55.544	85.292
199.093	188.079	54.875	86.290
196.586	191.343	56.141	87.466
195.511	195.919	55.635	84.408
195.515	197.599	55.268	86.035
195.285	196.763	55.323	88.157
195.173	195.591	55.447	88.977
195.576	194.492	55.305	90.408
195.168	195.130	56.718	87.564
195.765	191.491	54.323	88.469
196.751	192.847	53.882	87.102
196.789	194.983	53.778	88.085
198.371	200.269	55.290	90.427
202.475	206.012	53.787	88.536
207.860	210.614	53.304	88.055
209.235	211.221	55.081	88.775
212.333	211.091	54.156	89.801
215.402	210.202	54.347	90.879
217.952	208.388	53.886	91.223
220.278	207.927	53.797	90.243
221.834	209.125	53.816	89.358
223.451	212.089	52.406	86.985
223.800	214.610	53.084	87.467
222.876	217.196	54.076	87.322
222.218	219.214	53.136	86.331
221.763	219.751	53.795	88.190
220.998	218.709	54.330	89.867
220.886	216.005	54.819	93.293
220.637	215.181	54.698	91.219
220.168	213.012	55.855	91.682
219.625	214.424	55.906	88.388
220.077	214.768	55.448	89.062
220.169	214.835	55.884	88.924
220.662	216.704	57.526	87.535
223.860	219.613	56.300	83.725
227.763	215.319	53.256	86.438
228.943	211.872	54.493	88.862
229.445	209.289	55.383	89.346
227.175	207.050	56.635	90.050
228.106	206.214	56.668	88.598
229.169	207.392	56.515	86.830
231.538	208.723	54.736	86.091
232.120	208.791	54.534	85.985
234.916	210.791	54.060	85.411
237.877	211.969	53.980	85.472
238.507	211.710	55.416	86.792
240.996	211.285	54.014	87.094
242.320	213.346	53.094	85.756
245.657	214.852	51.463	85.189
244.658	217.962	52.966	81.730
243.990	212.265	54.503	87.579
242.958	215.303	55.507	85.152
242.790	215.860	54.892	84.771
241.677	216.401	55.011	85.367
241.108	217.185	54.593	85.987
239.887	216.417	55.038	86.799
238.092	215.264	56.078	87.669
237.922	215.587	55.129	87.308
236.767	213.792	55.931	88.296
236.612	213.473	56.032	87.835
236.229	211.194	55.648	89.492
236.295	210.014	56.179	89.558
236.387	209.915	56.106	89.895
235.902	209.004	56.732	90.380
235.121	207.898	57.053	90.684
235.945	207.863	55.721	89.309
235.216	205.697	55.627	90.585
233.496	205.352	56.499	89.580
232.288	203.036	56.833	90.479
230.194	203.946	55.366	87.922
228.146	203.144	56.244	88.609
226.405	204.015	56.471	87.808
224.416	205.309	56.834	86.239
223.598	205.902	56.157	86.251
222.608	207.935	56.326	85.134
222.653	207.717	55.956	86.929
222.801	208.633	55.878	87.134
222.988	208.388	55.866	87.025
223.402	208.889	56.947	86.643
225.082	209.005	56.375	86.801
227.909	209.737	55.303	86.268
230.945	210.766	53.054	85.996
232.140	212.009	53.644	87.025
233.087	210.857	54.154	89.448
234.041	212.405	54.132	89.045
235.286	212.375	53.292	89.576
236.589	211.991	52.120	89.654
235.930	211.581	52.842	89.813
236.003	211.564	53.506	89.304
235.708	211.375	53.351	89.454
234.197	209.436	54.028	90.966
234.164	210.309	53.679	88.471
234.966	208.705	53.104	89.740
234.740	205.354	57.396	92.267
245.617	199.271	55.236	93.743
253.798	196.252	53.114	95.365
260.652	195.165	57.700	95.510
270.385	194.376	58.713	96.324
279.565	195.645	62.604	95.380
293.742	194.386	62.530	100.628
300.769	193.768	62.560	100.453
304.903	195.152	64.195	99.086
318.631	197.397	56.382	96.871
320.662	198.356	58.466	94.681
318.885	198.356	59.757	94.818
339.681	196.470	48.098	93.044
344.114	204.153	45.213	86.415
342.215	205.450	45.680	87.198
344.982	207.106	44.729	81.222
351.806	208.148	45.214	81.306
356.478	210.591	44.406	80.153
362.914	213.393	47.489	78.336
362.319	205.682	42.632	85.436
352.398	206.985	48.888	80.217
364.335	207.944	45.261	84.703
368.008	207.857	41.130	85.475
354.665	211.141	40.052	77.865
361.037	214.734	35.596	76.793
365.511	218.158	34.356	76.722
374.415	221.339	44.104	76.484
370.253	219.335	48.985	81.234
373.592	216.611	51.072	84.670
374.306	218.196	53.951	82.974
380.856	215.742	52.598	85.935
379.603	217.108	54.531	85.944
379.312	215.677	55.616	87.490
379.737	215.307	55.901	89.617
378.426	215.373	57.477	88.898
378.079	216.543	58.993	87.594
379.777	216.246	58.357	87.645
380.401	217.037	59.363	89.777
382.723	219.010	56.310	85.168
383.930	217.654	56.149	86.918
384.231	217.469	55.278	86.063
385.649	215.407	56.012	87.629
386.650	217.795	56.904	88.183
387.928	216.389	57.062	87.866
389.824	216.419	56.274	87.357
391.727	216.164	55.308	89.202
392.750	216.161	56.146	90.520
395.126	214.942	54.634	86.958
394.954	214.684	53.674	88.015
394.493	214.349	54.547	89.656
392.225	213.673	56.450	89.935
392.887	212.101	55.644	87.567
391.022	211.034	56.557	91.721
388.840	212.897	58.175	87.557
388.716	224.284	50.988	75.721
383.742	228.213	47.321	68.565
382.416	222.712	45.841	69.971
378.530	207.404	51.587	76.399
379.780	210.416	50.885	78.461
376.854	213.822	51.056	74.195
372.873	214.604	49.705	77.807
367.181	216.272	48.872	76.628
342.832	219.595	54.278	71.943
362.787	218.924	52.071	79.161
368.708	219.389	51.040	82.597
366.988	221.868	49.984	79.999
370.543	215.029	54.637	87.616
377.754	211.618	58.188	86.089
379.422	214.419	55.859	88.335
382.949	214.120	53.622	95.002
384.978	213.194	48.402	94.471
389.407	211.295	42.692	93.589
392.869	207.562	49.778	95.182
395.184	207.017	57.770	96.359
396.242	210.652	60.495	93.414
397.478	211.369	61.409	92.779
399.511	213.437	60.369	90.426
402.404	213.257	59.250	90.201
403.534	213.342	59.202	90.021
405.513	212.686	58.352	90.738
406.545	212.732	58.511	90.194
407.755	211.724	58.205	90.928
408.449	211.598	58.225	90.400
409.510	209.969	57.260	92.019
409.967	210.560	57.102	91.040
410.573	209.815	57.306	91.300
411.329	210.123	57.707	90.768
412.075	210.817	58.188	90.260
413.138	211.512	56.939	90.032
413.919	211.774	56.189	90.275
414.229	213.236	56.211	89.376
414.450	212.785	55.520	90.178
414.668	213.899	56.002	89.776
414.436	216.121	56.260	88.274
414.356	215.990	56.519	88.757
414.856	216.211	56.791	89.129
415.637	216.216	56.684	89.320
416.387	216.087	57.118	89.449
417.481	214.820	56.930	90.534
418.451	215.295	57.086	89.544
419.229	214.476	57.403	90.060
420.325	214.169	57.659	90.018
422.062	213.950	58.090	90.165
423.364	213.906	58.579	89.382
425.142	213.903	58.718	89.465
426.808	213.817	59.155	89.398
429.373	213.341	58.969	89.661
432.586	213.123	58.642	89.226
434.232	212.689	59.468	89.302
436.045	213.410	59.044	88.486
438.028	212.860	58.723	88.903
439.602	212.981	58.177	88.675
440.976	212.340	57.843	88.893
440.786	211.736	58.406	89.137
441.304	211.981	58.270	88.583
440.693	211.853	59.281	88.561
440.390	211.810	59.110	88.542
437.710	211.896	60.193	88.396
435.211	212.452	60.473	87.957
432.112	211.817	60.126	88.524
428.571	211.469	60.289	88.520
425.032	210.208	60.194	89.661
419.553	210.170	59.810	89.416
416.352	209.862	59.152	89.562
413.352	208.900	60.265	90.268
411.613	209.089	59.613	89.308
409.234	208.732	60.178	89.436
408.147	208.603	59.910	89.153
407.386	208.733	59.193	88.426
407.357	207.820	58.419	89.352
406.922	206.730	58.451	89.850
406.955	206.254	57.509	89.326
406.096	204.776	58.379	90.037
405.591	204.514	58.357	89.609
404.457	204.167	59.141	89.957
403.251	204.211	59.612	89.605
402.716	204.860	59.179	89.153
402.090	205.929	58.477	88.746
401.627	207.307	57.888	88.217
401.157	208.096	58.182	88.153
401.696	208.589	58.409	88.235
402.665	208.768	58.939	88.768
406.588	209.702	58.439	87.771
408.576	210.180	59.094	88.995
410.330	211.014	59.496	88.110
412.334	211.913	59.991	88.232
414.875	213.380	59.640	87.823
420.571	214.541	57.555	88.570
423.091	216.141	58.962	87.662
427.157	216.236	58.929	88.850
432.824	215.559	58.420	89.794
439.998	214.862	59.165	90.080
453.262	212.713	60.134	90.564
462.808	211.593	61.584	90.086
472.894	210.821	62.193	90.028
482.799	210.755	63.477	89.705
491.443	210.768	62.786	89.194
503.559	210.581	59.587	89.092
507.326	212.338	61.219	88.143
511.024	212.078	60.954	88.199
513.485	212.550	60.316	87.906
515.604	212.418	59.324	87.923
515.390	211.946	59.195	87.922
514.803	211.246	59.379	87.977
513.931	209.908	59.427	89.197
511.597	209.428	60.019	89.273
509.059	209.559	62.427	88.424
505.905	208.652	60.960	88.849
501.529	207.996	62.134	88.868
497.815	207.745	63.040	88.877
494.956	206.616	62.673	88.467
491.815	205.265	63.887	89.477
488.095	204.285	63.547	89.188
485.857	204.370	62.296	89.128
483.406	204.054	63.405	89.094
482.158	204.449	63.225	88.525
480.730	204.272	63.118	88.518
478.694	204.489	63.490	88.123
476.874	205.222	61.471	87.866
475.339	205.714	61.738	87.691
474.046	205.507	61.373	88.309
472.744	205.126	60.690	89.520
470.294	205.643	57.810	89.703
467.578	204.995	59.286	91.461
464.320	206.652	60.212	90.377
460.512	208.638	59.606	89.172
455.960	210.538	61.758	87.080
449.099	210.723	59.709	85.771
436.121	207.259	65.775	87.289
429.842	199.844	66.772	93.281
413.462	190.544	72.394	95.296
386.915	182.625	90.717	88.778
349.726	168.648	84.846	83.355
332.578	149.451	82.937	90.551
309.024	142.289	69.164	96.070
283.373	144.588	69.203	89.296
261.762	152.670	67.509	86.517
230.146	156.401	61.652	86.453
215.356	167.206	61.228	92.134
193.549	179.325	64.796	88.591
184.643	188.473	55.265	88.167
176.482	197.582	67.035	84.537
225.018	212.887	59.968	81.470
167.981	201.772	54.596	90.450
165.770	203.032	52.522	89.641
167.942	200.046	48.845	89.695
168.533	199.611	49.921	92.408
161.904	199.273	54.609	92.195
159.786	196.322	54.935	94.770
159.764	200.586	53.900	90.662
159.685	197.399	54.269	94.620
160.774	199.558	55.019	92.666
164.368	202.024	52.490	89.962
167.204	201.863	52.495	91.941
167.243	201.106	54.282	92.854
167.556	201.207	55.447	92.627
169.517	201.687	54.712	92.081
168.383	203.297	56.230	91.165
168.243	203.863	56.471	90.283
167.454	205.236	56.570	90.706
167.104	207.180	57.125	89.559
167.665	207.383	56.264	90.574
166.441	209.911	57.456	89.742
166.512	209.039	56.560	91.764
166.827	209.817	56.689	91.748
166.434	210.341	57.287	91.839
165.816	210.290	57.311	92.662
165.646	211.954	57.756	90.768
165.447	212.860	57.642	90.939
166.423	213.036	56.872	91.865
167.138	213.471	57.450	92.431
167.719	214.385	58.694	91.716
169.416	214.733	58.986	91.707
170.944	213.519	59.735	93.574
172.290	213.460	60.238	93.576
173.936	213.617	61.013	93.263
174.001	212.194	62.318	94.354
177.201	212.032	61.573	93.762
178.874	210.965	62.286	94.721
179.798	210.188	62.372	94.683
181.576	209.049	60.954	95.522
182.441	207.772	60.620	94.952
183.395	207.240	60.239	95.411
183.956	205.244	58.683	94.637
184.137	203.588	58.553	95.640
183.137	203.699	59.350	93.913
182.164	202.781	59.277	94.320
181.565	202.762	58.465	93.831
180.697	202.946	57.162	93.136
179.323	201.498	56.889	94.956
177.284	202.241	57.534	93.602
175.384	201.968	58.434	92.655
172.820	200.861	59.056	93.413
169.301	199.410	58.720	94.166
167.599	198.187	58.140	94.189
164.119	197.592	58.291	94.015
161.154	198.169	58.438	92.596
157.803	198.029	58.377	92.339
154.938	198.958	56.955	91.134
153.823	200.204	56.003	91.717
152.026	202.152	55.566	91.794
150.121	203.810	57.222	91.096
148.988	204.384	56.738	91.131
148.336	205.079	56.671	91.731
148.254	204.768	56.312	91.528
148.357	206.375	56.312	91.222
147.822	208.237	58.320	90.478
149.484	209.842	57.693	91.296
151.743	212.663	58.190	92.436
153.249	215.083	57.559	93.171
155.516	216.740	58.546	92.564
159.894	218.436	58.451	91.803
164.079	218.247	58.221	92.697
171.748	217.627	57.048	92.679
175.995	215.931	58.639	93.949
182.607	214.247	57.983	95.138
186.107	214.144	59.721	94.084
191.383	212.160	58.398	94.802
195.879	210.865	57.428	94.386
196.482	209.382	58.929	94.045
197.642	206.938	57.493	94.025
198.429	205.474	55.914	93.583
193.216	202.251	57.725	95.173
185.996	199.945	59.812	93.953
179.913	199.125	58.199	92.422
172.448	198.593	58.629	90.925
164.890	197.635	60.980	91.194
156.150	197.436	62.034	91.025
148.654	197.052	59.476	91.364
141.174	197.257	60.308	90.626
135.435	196.251	59.904	90.854
130.466	195.992	59.951	91.198
126.474	196.353	59.498	90.549
124.404	196.781	57.517	90.596
122.277	196.820	58.252	91.260
122.152	197.862	56.790	91.026
121.739	198.853	55.660	91.150
121.489	200.279	56.661	92.067
123.460	203.002	56.617	91.833
124.730	204.296	57.585	92.219
128.019	206.798	56.573	92.029
131.745	206.591	56.939	92.547
135.526	209.459	57.769	91.245
141.545	210.941	57.182	91.868
146.019	211.863	57.053	91.815
149.011	213.772	57.965	91.125
152.596	212.624	58.512	92.324
155.982	211.923	58.256	93.358
160.812	208.983	56.922	97.173
162.259	211.235	56.948	94.336
163.130	208.471	56.216	96.527
163.103	210.710	57.244	94.767
162.195	208.893	57.639	96.812
160.525	204.064	55.573	100.181
158.516	201.225	53.607	99.589
156.270	193.854	53.657	102.500
155.173	185.247	53.723	105.036
155.878	172.781	57.195	102.607
163.235	156.227	56.101	95.266
172.841	147.817	55.677	94.557
184.428	138.757	58.903	95.419
199.246	132.115	59.928	94.904
211.507	126.864	60.791	96.246
234.187	125.139	66.804	94.549
257.238	138.902	64.554	85.743
269.887	149.089	74.384	82.248
288.774	145.740	74.719	86.912
306.041	156.302	76.516	84.318
323.081	168.678	72.220	81.926
343.694	179.239	76.672	82.201
359.802	181.068	71.031	84.031
370.321	187.363	70.221	84.895
380.743	190.269	68.476	89.953
391.305	197.662	71.085	90.643
398.834	193.483	81.627	94.727
401.200	198.718	74.603	90.463
408.184	197.314	81.809	94.846
410.987	202.101	64.785	89.743
413.669	200.451	56.470	93.126
413.545	202.559	54.656	91.240
413.473	205.037	55.740	89.521
411.422	203.731	55.375	90.915
408.515	204.383	55.746	92.064
400.731	208.670	63.276	89.613
395.420	210.692	64.357	89.577
391.257	210.259	66.134	89.826
387.904	209.673	66.175	90.504
383.232	210.268	67.770	90.768
375.301	208.618	65.661	91.844
368.546	209.316	67.198	90.069
364.229	207.656	63.908	90.472
361.262	206.045	61.923	90.651
357.527	204.829	63.074	89.714
354.120	200.401	61.810	90.297
351.442	199.480	61.834	89.539
349.696	197.672	58.157	88.568
347.617	194.581	57.568	88.248
346.167	192.566	56.119	87.206
343.830	189.729	56.476	87.888
342.142	188.963	57.465	87.722
341.065	187.912	57.447	88.132
338.966	188.069	57.259	88.345
338.745	187.558	54.335	88.644
337.282	190.410	56.010	87.329
337.235	190.963	56.868	89.559
337.855	192.776	55.849	89.539
340.400	194.476	56.062	90.452
343.503	196.132	58.954	89.654
349.563	199.615	58.063	88.953
354.072	203.342	61.948	88.509
361.017	204.668	62.677	89.396
368.513	205.922	62.242	90.535
372.909	210.793	63.973	87.358
382.123	210.854	60.405	90.429
388.892	213.902	60.196	88.221
396.122	214.197	61.955	89.006
402.018	213.774	63.471	89.264
406.452	215.322	65.596	88.991
415.266	212.816	60.615	89.715
416.951	213.643	61.919	89.391
420.166	213.090	62.228	89.056
420.885	208.989	62.739	91.591
421.511	209.652	62.523	89.661
421.955	205.860	58.742	89.981
420.823	203.969	58.616	90.425
419.319	201.682	57.381	89.850
417.010	200.908	56.727	88.784
413.961	198.653	56.817	88.935
407.967	196.036	59.579	89.254
402.530	193.906	62.363	88.388
397.751	194.168	62.795	89.299
391.537	194.922	65.620	88.052
385.940	194.950	62.959	88.416
379.630	196.959	61.261	87.222
375.560	197.141	62.949	88.905
373.262	198.519	61.404	89.786
372.304	200.165	59.276	89.960
372.119	202.358	57.915	89.817
372.260	203.576	58.748	88.693
373.451	204.491	58.825	88.073
375.386	204.927	58.691	88.200
378.469	205.363	58.258	87.930
382.018	205.419	57.965	88.254
385.003	205.673	59.084	88.090
388.476	206.222	59.222	88.056
391.606	206.246	59.244	87.977
393.382	206.075	59.335	88.030
396.384	205.381	57.666	88.550
398.995	204.519	56.505	88.883
401.459	200.787	55.314	90.160
403.025	200.047	55.577	89.173
404.384	198.270	55.368	90.183
405.265	198.354	56.304	89.408
405.507	198.259	56.801	89.521
405.192	197.909	55.360	89.505
404.632	197.449	56.324	89.511
404.007	197.516	56.606	88.777
402.948	195.960	54.731	90.062
401.134	195.362	55.457	89.478
400.527	195.052	54.639	89.148
399.898	194.849	54.088	88.957
398.865	195.987	54.964	88.070
397.059	196.805	54.274	87.384
396.561	198.251	54.204	86.005
396.782	200.196	52.336	86.976
397.741	202.170	52.793	85.755
398.330	202.973	53.728	87.304
399.945	204.902	55.060	86.445
404.307	203.349	55.076	87.937
412.684	202.505	52.264	88.116
418.155	199.188	53.373	90.434
425.453	196.225	51.114	90.811
435.446	194.849	45.283	88.815
442.740	195.291	43.314	87.547
446.001	198.017	44.739	86.291
447.891	200.157	46.783	86.359
449.149	201.305	47.216	85.870
450.679	201.645	48.308	86.810
451.238	203.272	46.905	85.673
451.233	201.957	46.249	86.718
450.366	201.529	45.066	86.410
450.640	199.835	46.263	88.782
450.379	200.116	44.959	88.257
451.423	198.843	44.972	89.413
451.774	200.726	46.746	87.940
453.173	200.478	44.269	88.854
452.820	200.898	45.685	89.514
451.959	202.082	45.959	88.835
449.547	201.961	46.226	90.040
448.070	204.307	45.849	88.574
444.317	205.166	46.427	88.291
440.387	205.417	47.257	88.085
436.373	206.555	47.696	87.026
431.265	207.563	45.059	85.944
427.953	207.548	40.719	85.212
424.504	207.496	41.812	85.764
423.124	207.460	39.511	83.821
423.747	207.263	39.414	83.824
425.277	206.992	37.898	82.968
428.118	206.518	40.738	83.812
428.098	207.998	47.942	82.184
430.286	207.262	53.472	83.365
431.030	205.634	46.021	84.422
431.701	204.164	43.383	82.981
442.962	207.745	44.236	79.645
442.778	205.883	46.331	81.035
446.159	207.925	49.241	79.395
448.096	205.281	50.966	81.430
445.427	202.489	53.771	83.943
444.574	203.755	52.154	80.030
444.490	201.477	51.804	81.317
434.601	199.800	54.443	82.274
429.615	201.046	53.209	78.490
423.063	204.408	53.100	76.863
418.758	203.749	50.625	79.396
406.242	205.955	54.732	78.814
407.783	204.347	53.988	80.701
397.605	206.631	56.243	80.497
399.317	202.891	54.094	84.620
394.731	202.974	50.972	84.296
400.257	203.370	49.456	84.053
403.666	199.371	48.619	86.688
399.808	204.456	49.272	82.166
403.614	200.435	49.345	87.433
403.647	202.522	45.910	83.300
404.818	201.676	45.167	83.661
404.729	201.786	43.033	82.467
401.808	200.525	44.821	84.239
398.847	200.432	45.963	84.196
398.214	202.228	45.094	83.086
399.291	201.326	45.735	83.821
398.918	201.548	44.964	84.240
399.352	203.998	48.058	82.587
401.858	203.453	49.033	83.805
411.391	204.180	48.150	83.925
410.183	202.897	47.620	82.500
410.811	198.864	52.358	85.976
417.047	198.613	44.246	87.480
408.163	199.870	46.755	83.783
387.387	198.375	58.247	85.979
378.025	199.530	61.444	85.912
373.753	201.419	59.719	83.864
363.615	205.853	67.735	80.226
361.139	218.367	62.686	69.263
355.670	204.380	52.590	82.300
352.067	202.993	57.147	83.951
351.587	203.185	56.733	83.840
351.601	201.167	56.329	85.347
351.874	202.011	55.599	83.684
353.581	202.370	55.410	82.765
357.266	202.027	52.565	83.405
359.869	203.411	50.457	82.098
362.691	202.279	48.330	83.503
365.420	203.653	49.533	82.568
368.839	204.459	48.709	81.537
369.760	206.816	48.895	78.141
370.284	207.933	48.085	76.727
370.332	208.243	42.861	75.115
368.339	208.933	41.137	73.576
364.979	205.769	37.626	76.392
363.225	204.446	36.012	78.622
362.001	203.057	38.398	79.251
362.122	203.804	41.651	78.816
363.030	205.393	36.522	79.773
361.637	204.237	38.277	81.041
362.491	205.295	38.159	81.356
363.955	205.216	39.533	80.561
365.472	207.570	40.610	79.684
366.582	206.991	39.820	80.376
370.101	208.045	40.720	79.777
372.120	208.774	39.429	80.047
373.779	208.022	40.585	81.506
375.614	210.439	40.503	79.948
376.812	209.823	40.558	80.729
377.658	209.662	39.697	81.796
377.856	208.431	38.478	82.718
377.007	210.154	39.398	81.684
373.905	208.873	38.323	82.010
372.848	210.336	39.489	79.978
367.098	207.412	37.711	80.415
363.698	206.016	37.750	81.684
361.640	205.131	38.580	80.886
357.914	200.906	39.439	83.814
355.840	200.964	41.228	82.991
350.920	198.100	42.975	82.516
347.503	197.856	45.357	82.625
344.647	196.788	45.699	82.806
344.529	197.940	45.654	82.475
343.197	195.851	44.121	82.865
341.117	194.916	41.795	83.167
340.911	197.224	42.518	82.196
340.762	197.233	41.624	82.978
341.046	196.963	40.856	83.679
341.046	198.263	39.518	83.020
340.165	198.820	37.875	83.095
340.235	199.631	36.266	83.640
341.681	201.816	38.036	83.128
343.478	204.011	37.828	81.703
344.821	205.442	37.877	81.442
351.942	208.935	40.879	79.184
353.560	208.447	37.211	80.507
355.075	209.698	36.916	80.191
356.629	208.448	39.398	81.210
358.749	206.027	47.996	83.151
363.315	204.577	51.150	83.492
355.225	207.309	54.600	84.013
359.803	207.538	55.479	83.061
361.305	207.738	54.538	84.011
359.443	207.526	52.561	84.672
356.463	206.918	53.096	85.189
350.443	204.632	50.897	87.596
346.376	202.353	51.224	88.104
337.934	202.918	57.008	83.602
269.887	206.828	70.893	80.968
408.246	197.689	49.749	88.167
351.531	198.193	44.086	85.845
343.351	198.421	44.611	82.685
344.204	197.769	43.685	83.483
337.659	197.279	46.653	84.011
334.022	196.270	53.071	84.988
337.589	196.425	50.222	83.629
401.694	190.280	60.939	90.393
406.036	189.129	57.004	89.324
333.793	198.915	48.425	79.998
334.479	199.543	45.490	78.574
335.870	201.381	37.717	79.104
340.737	205.890	36.116	77.997
343.679	208.346	35.774	77.732
343.995	213.447	38.801	73.245
351.757	211.300	34.308	77.901
357.209	211.220	33.977	78.304
359.376	209.346	35.612	80.494
359.884	209.780	38.383	80.230
361.397	210.997	37.987	79.447
362.318	212.513	36.799	78.589
363.458	213.566	37.591	79.891
362.490	214.617	38.268	80.993
362.157	214.775	38.048	81.876
360.941	216.299	37.633	81.797
359.754	213.342	38.360	84.942
356.827	210.352	35.911	86.608
356.017	208.534	37.867	85.797
352.376	207.214	35.941	87.236
350.226	206.313	38.562	86.067
348.173	205.404	36.340	87.474
344.528	205.042	35.575	86.893
343.926	205.052	38.002	85.351
342.004	204.532	37.224	86.352
341.635	203.878	37.295	85.907
341.624	203.165	35.526	86.221
340.657	201.222	36.860	86.534
341.255	199.601	37.165	86.718
341.086	199.710	36.804	86.890
341.949	198.970	37.427	86.504
341.304	199.563	37.875	86.555
342.852	200.447	38.801	86.113
343.407	201.732	38.255	86.387
344.448	202.588	38.648	85.329
343.675	204.471	39.593	84.418
346.597	204.447	38.411	84.658
349.218	204.819	36.805	84.684
348.339	205.199	37.313	83.672
350.404	204.612	34.272	83.665
351.262	204.538	35.879	82.750
351.988	205.881	37.259	80.755
352.741	206.898	37.829	77.453
354.394	206.618	38.654	76.527
353.808	207.386	37.993	75.484
353.960	207.291	38.320	75.759
351.947	204.899	37.874	78.454
349.773	204.493	36.581	76.710
347.408	206.116	36.089	76.943
345.966	205.032	37.085	74.431
342.358	203.946	38.349	75.340
342.462	204.376	37.152	75.379
340.157	204.452	37.105	74.412
340.182	203.420	36.765	76.151
340.659	203.371	37.585	75.052
341.804	202.595	35.497	74.416
340.965	202.024	36.248	76.484
341.312	200.989	36.753	75.468
338.987	199.196	37.579	77.124
338.552	198.399	36.290	75.899
337.782	198.052	36.760	77.465
337.094	200.399	41.858	80.598
334.320	198.692	42.010	80.585
337.244	200.176	36.961	81.296
340.507	212.968	32.581	69.284
339.922	205.700	34.247	76.109
339.146	199.908	36.284	81.147
342.233	199.524	34.568	83.024
342.647	198.892	35.380	83.376
344.096	199.175	35.823	83.527
346.214	199.598	35.521	82.977
347.496	199.283	35.657	83.483
349.462	199.120	35.226	84.202
350.199	199.060	35.931	83.789
350.840	199.114	35.959	83.322
351.546	199.501	35.721	82.477
352.138	199.359	35.731	82.443
352.949	199.251	35.566	82.790
353.646	199.213	35.357	83.085
354.082	198.644	35.386	82.999
353.661	198.321	35.194	82.229
354.117	196.931	34.549	83.253
354.376	196.352	34.289	82.526
353.392	195.975	35.042	82.113
352.733	194.917	35.703	82.733
351.770	195.024	35.999	82.366
351.969	195.213	35.455	82.233
352.191	194.997	35.081	82.580
351.676	195.148	35.291	82.684
351.618	194.960	35.099	83.416
351.385	195.590	34.743	82.565
351.154	195.217	35.282	83.790
350.948	195.853	34.920	83.563
350.524	197.002	35.158	83.373
351.082	198.002	35.122	83.668
351.212	198.512	34.470	83.367
351.771	199.150	34.810	83.720
353.906	200.227	35.129	83.755
355.147	200.577	34.857	83.629
356.207	200.384	35.627	84.354
356.437	200.483	36.854	83.851
358.174	200.900	36.935	83.553
361.773	199.879	37.144	84.260
363.400	199.533	36.538	84.220
364.088	199.247	36.690	83.748
364.380	199.191	37.212	83.103
364.554	197.938	36.596	82.933
364.471	196.867	36.148	83.278
361.933	196.060	36.007	83.029
359.782	195.507	35.274	83.079
357.272	194.404	35.220	82.456
355.802	194.648	35.019	82.279
348.659	193.784	37.274	82.201
349.628	192.291	36.441	83.578
347.825	192.507	36.132	83.226
347.566	192.255	35.819	83.434
346.376	192.455	36.235	83.348
345.654	192.320	36.610	82.832
346.203	192.123	35.664	83.624
347.181	191.996	35.265	84.729
347.969	193.603	35.724	84.700
351.839	194.020	34.789	85.142
346.758	195.169	41.117	85.802
348.907	192.270	47.263	89.293
350.820	195.010	53.904	87.825
353.427	198.312	57.703	85.637
355.697	200.678	58.180	85.559
362.074	201.984	60.024	86.566
364.166	204.555	63.650	84.336
453.988	199.014	57.192	88.886
454.946	197.637	56.864	90.030
456.327	196.795	55.070	91.036
457.554	200.065	51.123	88.940
459.337	203.190	54.433	87.103
459.984	204.038	53.491	87.233
462.197	203.189	52.525	89.401
463.478	202.964	51.943	90.155
466.922	203.057	49.151	90.793
469.986	204.213	49.554	89.822
472.397	204.246	48.794	89.747
474.182	204.522	48.688	89.275
475.366	204.751	48.071	88.264
476.374	205.297	51.667	87.859
477.258	204.507	55.314	88.767
476.582	203.267	56.245	90.030
476.743	199.888	56.034	93.550
475.581	199.441	56.927	92.566
475.087	197.201	57.639	94.245
474.520	195.924	58.589	94.166
474.905	192.888	57.412	95.354
474.545	189.139	58.065	96.447
474.759	189.593	60.136	93.726
478.866	187.062	64.788	95.703
482.425	181.933	62.873	101.645
486.893	180.970	67.007	104.060
401.281	190.047	76.615	93.223
491.541	186.863	78.107	96.866
422.410	189.567	76.629	92.748
418.724	190.552	77.110	90.432
509.335	185.448	72.025	95.691
514.385	185.650	64.753	95.227
516.165	186.728	63.493	94.478
514.240	190.293	63.676	90.473
499.788	191.767	66.833	89.197
420.485	194.619	77.835	89.133
474.720	195.125	79.324	88.817
414.097	195.032	77.508	89.878
413.132	195.896	103.646	89.342
398.813	195.532	76.646	89.081
396.355	196.309	72.801	86.655
394.107	195.978	68.766	86.069
391.907	194.828	67.280	85.735
391.135	194.692	73.491	85.475
393.188	194.145	77.261	86.340
389.250	194.975	69.755	85.825
394.796	194.730	76.822	85.735
390.554	194.926	68.066	85.649
415.447	194.981	89.777	86.492
446.122	190.912	63.006	90.113
452.285	191.636	57.270	87.684
447.783	189.731	56.025	89.507
445.356	186.615	58.257	91.919
437.145	189.142	64.014	89.301
430.059	189.218	68.432	90.247
417.504	188.256	72.365	90.248
420.047	187.543	73.947	91.534
420.516	186.769	68.707	93.341
409.669	188.061	73.716	91.373
387.437	189.412	71.199	89.500
367.749	191.512	69.177	87.419
367.264	191.275	70.054	87.756
367.582	191.056	73.231	88.080
370.935	191.429	69.936	88.506
373.151	189.693	68.803	89.415
374.356	188.713	73.383	90.282
376.092	191.009	58.509	88.171
380.911	192.013	67.546	87.091
384.333	191.717	63.998	86.799
445.704	188.210	62.886	89.982
452.487	186.552	58.364	92.619
424.026	190.084	64.157	89.903
402.710	192.111	64.443	87.898
406.390	191.682	61.722	87.440
404.853	192.779	56.622	86.159
407.581	193.321	62.457	84.310
400.837	186.185	76.339	89.066
445.346	181.186	72.079	92.517
454.090	176.920	68.301	93.392
440.691	173.939	65.103	93.676
429.488	171.597	69.133	92.555
415.978	173.368	72.284	91.887
420.712	174.362	66.669	92.563
416.664	178.632	65.632	91.075
412.124	183.715	65.131	89.279
359.297	190.355	71.137	86.313
356.594	189.636	70.417	88.123
354.347	192.597	65.018	85.687
353.086	191.676	63.346	84.981
353.617	190.250	63.689	85.207
354.307	188.530	63.673	86.299
356.423	188.260	62.774	86.713
359.404	187.424	60.893	87.260
360.965	187.778	61.768	88.621
364.499	190.733	62.869	88.254
363.507	190.016	63.995	89.675
366.146	190.210	63.930	88.451
365.158	190.387	65.202	88.901
366.555	189.748	64.511	87.570
368.091	190.216	64.804	87.291
369.305	189.685	64.842	87.051
372.130	187.674	63.060	89.147
373.864	188.745	63.941	89.421
376.140	190.168	63.490	88.414
380.253	190.981	61.764	87.916
382.177	191.728	64.749	87.584
382.154	191.745	68.065	87.548
389.194	191.678	71.384	86.083
494.059	180.405	61.293	93.001
494.572	175.653	58.002	96.002
488.427	175.626	58.212	92.067
475.529	175.119	62.087	91.972
424.158	184.339	67.865	95.972
378.691	196.252	66.076	85.080
377.619	196.421	65.081	85.585
376.878	197.789	61.592	84.616
376.515	198.750	58.787	82.715
377.339	199.697	60.011	81.563
400.292	190.245	74.305	92.260
415.252	188.601	63.474	94.467
392.142	192.352	68.398	90.732
392.559	192.107	63.113	89.421
388.748	191.954	61.126	90.113
407.511	189.121	75.204	92.563
408.360	188.888	75.718	91.885
374.585	189.640	60.365	89.912
376.773	191.784	52.226	87.652
377.853	190.397	49.643	89.501
377.530	188.463	48.923	91.417
375.129	190.635	49.819	90.132
373.797	187.090	49.200	93.268
372.845	189.435	52.326	91.652
373.373	189.016	50.064	91.609
373.898	189.030	49.419	91.347
374.015	188.692	48.780	91.110
371.733	188.770	48.395	91.160
371.181	190.287	48.481	90.624
370.533	190.555	48.213	90.327
370.551	190.755	48.142	90.226
370.775	190.230	49.535	90.326
373.000	191.052	52.695	89.793
376.669	190.771	52.858	90.238
379.959	189.990	52.357	90.720
384.355	189.487	52.508	90.241
387.561	187.776	53.572	92.189
390.449	186.670	54.048	92.891
394.317	187.170	53.993	93.094
398.803	191.179	55.283	89.099
403.771	190.602	53.723	90.379
404.576	191.302	54.899	90.417
407.136	189.558	55.260	92.781
411.528	188.479	55.449	94.147
413.365	188.344	57.208	94.434
414.200	187.022	58.961	96.799
414.730	191.200	61.519	93.886
416.655	193.543	60.113	93.325
417.736	193.078	59.578	93.483
421.247	196.168	57.003	92.941
476.636	196.717	62.839	92.391
482.717	197.823	57.556	90.792
417.495	192.223	56.522	99.451
420.862	194.673	56.194	95.962
422.573	195.181	61.067	94.999
424.979	196.045	62.166	94.184
427.175	193.951	65.840	95.474
430.155	195.848	65.960	92.669
433.674	192.630	64.635	95.569
437.996	192.810	62.527	94.244
438.111	192.668	63.345	93.619
440.794	192.792	61.749	92.954
441.709	190.443	62.415	95.784
442.215	190.578	61.838	94.563
442.007	189.384	61.368	96.774
443.031	190.066	60.827	95.403
445.226	192.353	58.071	92.877
446.181	195.143	56.080	91.610
446.389	197.662	56.855	90.900
446.817	199.485	57.101	91.889
448.021	201.123	57.730	93.012
451.296	203.963	58.175	92.884
452.139	205.407	59.365	93.368
455.006	207.805	57.571	92.654
457.629	210.342	56.827	92.217
460.506	213.273	55.972	92.260
462.621	214.325	59.415	93.303
463.358	216.562	60.553	92.915
466.321	217.418	58.544	93.399
468.401	217.821	58.536	92.831
470.897	217.268	59.300	93.351
477.717	215.981	57.697	93.932
483.842	216.152	57.787	92.899
491.757	212.167	59.172	95.918
498.168	216.185	58.631	90.409
506.468	216.698	63.926	88.538
518.432	216.015	67.355	90.535
528.395	215.961	71.245	95.568
545.243	215.693	72.562	98.218
545.125	215.603	72.190	100.306
567.176	230.774	68.317	87.785
574.597	227.792	66.916	93.753
585.005	228.680	58.933	90.850
595.104	225.506	59.650	92.334
601.149	223.200	59.875	92.437
605.687	220.130	61.480	92.521
611.176	214.418	59.618	93.055
611.066	208.890	63.046	94.218
615.393	206.571	62.784	94.005
616.960	201.732	63.814	95.751
619.772	199.584	62.502	92.923
625.807	196.009	60.644	91.605
634.443	188.319	65.282	92.944
646.315	184.185	57.971	89.760
649.588	178.140	60.718	90.766
655.086	169.951	59.751	93.604
656.758	167.750	59.092	91.375
657.419	166.041	59.867	95.289
658.146	169.500	60.188	93.861
660.361	171.135	59.089	93.303
662.961	172.356	59.276	93.326
663.748	172.918	59.844	94.573
663.866	173.426	61.729	93.978
668.277	176.938	61.947	94.791
670.698	180.360	61.493	96.456
672.194	185.184	62.233	94.541
674.867	191.777	59.509	95.633
677.097	204.501	60.313	95.260
681.312	212.115	58.848	97.148
685.223	219.206	59.665	96.838
689.639	222.230	60.724	94.528
692.345	222.167	62.059	96.651
694.712	221.601	64.266	96.011
695.904	220.315	65.236	96.055
700.574	218.148	61.586	94.622
700.422	218.054	62.774	94.719
700.150	217.913	62.762	95.529
701.543	220.872	61.316	95.730
702.950	222.333	58.434	95.272
699.221	224.374	60.249	94.871
695.647	226.626	60.678	92.926
696.858	226.078	58.533	94.381
696.267	224.798	56.856	92.460
696.279	219.876	56.818	92.201
695.966	212.116	57.391	96.868
692.826	204.324	57.529	97.059
685.143	197.760	61.422	94.748
675.077	189.970	62.965	95.687
659.156	183.809	69.041	95.218
643.594	178.681	72.581	96.048
624.572	175.764	73.322	96.008
612.356	175.356	75.710	97.750
561.051	180.870	74.771	97.533
528.893	185.997	84.902	98.625
501.052	191.676	88.772	100.470
475.413	198.700	82.792	100.140
334.490	215.233	90.889	99.204
398.903	217.092	86.152	97.877
374.562	222.369	79.837	97.635
352.404	229.089	78.127	95.678
336.270	236.405	76.902	91.997
326.130	242.590	71.497	90.961
313.747	250.169	66.918	90.065
318.764	253.712	61.635	91.880
317.822	255.420	63.611	92.796
322.246	256.338	63.850	91.511
326.865	256.070	66.573	91.523
337.101	250.660	65.305	94.098
343.084	246.580	65.551	96.129
347.316	243.963	64.373	96.093
350.705	242.992	63.322	94.273
352.284	241.116	63.082	93.608
353.437	237.260	62.009	94.702
353.625	233.009	61.022	97.344
351.393	229.743	60.644	96.804
348.021	225.090	61.234	96.972
345.898	220.767	59.977	95.758
343.629	214.946	59.829	94.894
343.845	209.369	59.379	96.565
344.563	205.141	60.004	97.445
345.378	202.696	60.984	96.270
348.169	199.021	62.215	96.242
357.028	193.607	65.531	94.962
359.233	192.975	67.941	93.721
365.921	189.205	66.993	95.669
370.814	191.602	67.152	92.166
375.608	188.669	67.703	94.657
382.211	188.407	66.789	93.482
384.828	185.175	67.145	96.313
387.446	183.155	66.417	95.390
389.424	178.644	63.663	95.861
388.487	175.387	62.605	96.815
388.296	171.465	63.009	96.038
386.981	170.622	64.591	93.904
386.583	165.695	65.120	95.769
386.464	158.154	65.725	97.512
385.236	152.659	66.732	97.749
384.365	149.231	66.238	96.090
383.483	149.542	68.872	95.413
383.761	149.610	71.895	95.346
386.933	151.310	78.390	94.906
400.258	151.683	79.474	93.919
428.211	150.369	79.823	95.039
445.127	146.403	83.622	100.334
462.296	146.728	83.613	98.724
479.080	147.909	79.244	95.616
499.759	151.534	78.065	95.761
530.014	158.251	68.698	96.748
553.009	165.962	67.358	98.782
575.020	175.622	65.790	99.765
584.765	183.651	70.928	97.424
599.350	188.858	73.220	99.130
611.002	195.170	68.376	97.985
618.956	199.092	67.317	99.696
623.841	199.137	68.868	101.540
623.827	198.795	75.817	104.012
628.879	202.539	69.616	99.967
627.982	200.158	73.333	104.187
628.830	199.672	73.342	104.168
628.302	197.974	72.271	105.585
627.600	195.082	71.472	106.303
624.625	192.347	72.141	106.243
620.501	186.609	73.491	105.309
617.012	184.251	74.153	104.466
614.439	183.769	74.580	103.463
611.281	183.127	74.839	103.243
607.154	186.588	75.795	99.616
595.933	191.886	74.205	99.590
592.312	193.778	75.027	100.012
587.677	195.007	75.114	99.953
582.795	194.301	74.880	100.842
577.352	192.348	75.151	101.867
569.002	189.936	75.245	100.976
565.444	187.443	74.090	101.228
558.359	187.211	75.476	100.005
553.174	187.347	75.055	99.810
548.502	187.053	74.408	99.989
542.060	187.091	75.744	100.945
539.777	186.228	74.679	100.175
537.696	183.540	72.218	100.537
535.020	181.137	72.244	101.832
532.809	179.543	73.171	101.245
531.388	178.554	72.421	101.116
531.931	178.245	70.456	100.544
531.633	178.376	70.142	100.480
532.368	178.386	68.717	100.280
532.664	178.086	68.005	100.522
532.976	178.238	68.226	100.689
534.269	178.961	66.799	99.240
535.603	179.885	66.371	99.162
536.884	183.222	66.260	97.912
537.675	183.858	66.169	99.234
536.928	185.974	68.867	99.657
537.032	185.442	68.435	100.997
537.209	184.352	68.246	102.385
536.175	182.546	68.155	102.475
533.810	180.383	69.151	101.759
531.566	178.245	68.721	101.092
528.951	177.153	69.298	102.103
527.912	176.846	68.241	101.465
524.063	177.340	70.344	101.467
522.638	179.905	69.639	99.921
521.155	181.755	69.879	99.820
520.724	181.975	69.417	101.740
520.843	182.766	69.142	101.409
521.388	182.148	68.916	102.101
521.873	183.230	69.650	100.970
526.431	184.943	67.595	100.899
528.903	186.589	69.297	101.231
530.797	189.657	70.426	99.970
533.253	189.328	71.065	101.337
534.695	189.487	71.987	101.378
536.935	188.648	70.922	100.872
535.992	186.543	73.460	101.607
536.838	186.107	72.312	100.402
537.416	185.635	71.757	100.612
533.923	185.831	71.012	101.103
530.342	193.343	67.368	99.486
530.365	196.902	66.347	98.058
530.184	198.432	66.311	98.766
530.792	201.039	66.705	97.674
530.509	201.541	68.212	98.791
531.434	202.949	68.134	98.992
533.997	203.402	67.968	98.885
537.346	203.762	67.962	98.273
540.564	203.743	69.258	98.586
545.040	203.419	69.870	99.111
548.903	203.607	72.262	98.746
558.303	203.071	72.137	98.332
563.279	203.519	73.709	97.946
570.467	203.140	73.914	97.404
576.879	201.771	73.402	98.515
579.710	201.717	75.939	98.627
586.148	198.628	73.862	101.209
589.293	198.507	72.496	101.348
592.276	197.997	70.804	101.131
594.002	197.988	71.336	101.076
595.073	197.986	70.577	101.233
596.485	198.623	68.528	100.321
596.962	199.075	68.277	101.230
595.762	200.682	69.250	100.135
594.923	200.719	70.096	100.959
594.335	200.837	68.970	101.501
593.335	202.580	67.749	100.173
592.921	203.025	67.133	100.766
592.362	203.755	68.264	101.134
595.871	201.798	67.013	105.144
599.210	202.167	67.601	105.043
601.474	206.819	70.882	101.757
601.327	206.787	76.256	102.817
606.230	208.034	74.584	98.987
612.186	203.554	74.997	102.749
618.433	207.005	75.924	101.091
627.828	211.894	80.156	95.782
634.490	210.488	75.364	96.988
638.364	210.865	74.605	95.542
641.430	210.919	73.396	95.452
643.064	211.385	72.650	95.485
645.260	211.208	71.949	96.247
645.080	212.430	73.262	95.285
644.856	213.024	73.816	95.138
644.438	211.057	72.740	95.827
642.759	211.791	73.355	96.162
632.805	213.724	77.178	92.986
631.965	214.827	73.861	94.726
626.799	218.259	73.678	95.327
621.609	221.588	72.742	96.423
617.148	225.002	71.315	95.536
609.572	228.810	71.189	92.382
611.341	230.044	67.052	91.503
607.953	231.418	69.752	90.556
609.969	231.375	70.245	90.004
612.586	229.224	69.588	94.402
619.827	230.593	69.435	90.802
622.468	230.264	69.603	92.562
624.578	230.110	69.928	92.077
626.034	229.698	70.197	93.490
628.554	228.703	68.033	94.360
627.085	226.852	69.178	98.717
626.420	225.585	67.801	100.479
625.765	224.276	66.660	102.317
624.124	226.106	66.353	100.328
621.152	223.791	67.761	99.277
