235.000	233.000	58.000	98.000
229.670	234.788	57.762	105.267
224.085	241.157	60.286	104.885
226.480	248.043	57.201	104.601
232.575	251.443	55.931	103.961
235.846	252.257	58.817	103.871
238.796	252.550	61.460	104.183
243.341	253.491	62.540	105.215
241.612	254.665	67.042	107.736
243.493	255.269	68.378	107.259
256.564	252.440	57.997	110.064
263.444	253.706	55.572	106.328
261.083	250.908	60.279	108.844
256.632	251.595	62.798	108.222
249.840	252.100	65.007	108.183
231.970	247.367	63.253	108.372
226.856	243.266	64.883	108.249
215.040	237.796	63.570	108.075
205.016	235.665	69.919	106.654
202.376	232.671	67.176	106.908
199.735	235.599	64.623	107.753
204.483	241.198	60.790	113.829
205.561	248.060	60.854	113.799
210.306	251.873	59.301	118.200
215.037	254.493	55.319	116.626
211.509	257.098	54.631	111.853
204.704	256.423	52.016	110.024
195.388	256.078	52.362	107.863
185.259	256.248	57.426	106.391
173.384	257.155	63.201	106.228
165.247	254.410	60.250	107.586
156.863	254.467	62.680	108.595
149.212	252.603	67.392	109.550
142.399	250.026	64.565	112.362
135.674	247.768	63.833	112.519
125.929	245.772	62.118	112.839
115.520	245.920	64.218	111.506
104.145	246.941	66.911	110.295
91.299	246.025	69.802	112.265
79.451	246.972	74.382	110.696
61.930	245.817	79.184	111.671
57.871	242.815	76.358	114.837
53.355	239.652	70.563	112.206
45.832	234.205	73.571	116.636
38.818	232.862	73.461	116.352
34.104	230.457	74.440	118.382
34.203	230.344	71.768	117.337
34.640	229.457	71.987	117.393
47.335	227.083	63.419	117.286
57.296	225.615	62.465	112.811
79.858	223.771	60.976	109.825
92.431	222.056	59.802	108.787
105.026	220.284	61.367	109.620
116.824	218.003	61.984	110.311
125.836	216.429	63.889	111.967
136.911	215.759	67.689	113.453
148.396	215.329	68.978	116.272
163.438	217.530	69.909	115.696
174.468	216.949	71.125	117.548
184.934	218.466	74.478	118.502
198.158	220.819	76.233	121.487
209.054	226.056	82.614	117.740
221.209	229.517	81.921	117.937
244.861	233.853	77.238	119.020
258.933	237.501	74.346	117.086
268.921	239.317	74.286	116.713
275.260	240.433	74.469	116.124
278.322	243.418	83.717	114.719
299.155	242.807	75.667	115.845
308.529	241.872	73.738	117.927
315.702	237.003	75.195	121.850
317.401	237.977	78.070	119.830
325.805	241.190	71.990	116.618
326.927	247.622	76.219	111.539
349.978	247.119	63.070	115.504
357.340	254.439	60.997	113.763
363.163	260.698	58.960	116.233
359.449	263.726	66.748	117.087
364.934	264.042	64.797	119.460
373.852	263.652	60.151	120.375
388.575	260.669	58.142	119.842
402.002	254.910	58.123	121.578
413.674	245.855	54.382	123.657
417.053	238.207	60.277	124.633
417.688	232.168	64.192	126.900
422.892	225.674	65.748	126.485
427.838	225.359	67.393	124.910
435.732	223.645	66.642	125.583
445.658	222.813	73.187	123.663
448.994	222.700	82.861	123.594
446.414	221.553	90.240	126.654
445.906	221.455	94.810	127.609
447.886	222.388	94.454	129.712
456.468	223.867	88.184	130.794
458.227	223.727	89.054	131.999
469.979	225.601	82.868	134.079
480.162	226.034	78.470	133.784
491.171	225.625	73.045	134.164
500.730	225.062	71.079	136.615
497.758	226.829	76.970	135.129
505.949	228.756	74.832	131.717
516.721	231.981	72.516	129.950
531.250	232.714	68.243	129.416
539.661	233.068	69.442	129.163
549.422	230.223	66.768	130.275
560.003	230.369	65.376	128.889
562.485	227.689	66.560	129.597
564.130	229.292	69.745	125.358
567.147	226.821	72.317	121.052
572.322	226.882	75.103	122.043
575.035	229.634	74.422	127.758
577.600	229.096	80.353	130.185
584.790	227.425	79.334	131.286
594.435	228.402	79.629	127.658
599.775	229.338	77.405	131.686
600.959	224.033	82.903	139.280
604.386	220.230	86.396	140.864
607.552	216.420	84.408	144.670
615.489	213.841	82.344	146.894
620.908	214.322	83.110	143.800
627.334	213.611	82.269	145.339
637.894	213.553	76.835	148.214
643.830	213.032	74.338	148.923
646.798	215.321	72.793	146.688
648.999	216.951	71.899	144.644
653.009	220.080	71.785	142.054
658.403	223.452	71.209	139.836
666.368	225.020	69.800	139.051
670.505	227.622	65.210	134.935
675.078	231.331	58.597	130.859
673.021	241.167	62.924	127.731
674.608	247.995	79.232	123.886
680.429	250.901	78.454	124.637
685.671	257.147	76.326	121.398
690.320	258.986	72.287	124.277
699.895	271.053	79.659	118.584
701.701	270.770	95.767	116.620
812.813	278.385	66.088	105.576
818.521	279.526	62.045	99.095
835.025	279.282	58.389	97.836
838.019	270.419	61.312	99.542
859.326	271.455	60.282	98.979
863.565	265.462	56.349	101.291
865.029	256.306	56.879	101.679
865.741	257.360	55.017	98.319
853.192	224.997	63.171	111.568
842.423	247.762	75.553	111.346
885.011	228.254	64.778	133.925
886.660	221.983	65.265	138.274
884.215	228.440	72.757	135.312
