788.000	276.000	172.000	77.000
781.945	273.675	169.824	79.913
778.151	273.707	165.490	79.133
764.972	273.234	170.046	80.039
752.322	274.416	174.112	78.328
742.630	274.103	180.330	78.764
742.003	274.304	173.038	78.538
736.158	274.058	172.211	79.136
728.035	275.459	175.874	77.252
720.316	274.455	175.827	78.237
714.213	272.977	173.093	80.688
716.418	274.274	168.503	79.392
709.162	274.605	164.179	79.678
697.542	274.496	169.716	80.194
689.876	274.069	164.749	80.636
678.044	274.969	166.840	80.835
670.357	274.510	165.132	81.452
664.896	274.585	164.781	81.798
657.456	274.153	165.474	81.839
648.794	274.745	165.517	80.828
648.570	274.070	159.076	82.509
645.447	274.228	156.997	81.227
641.444	274.799	153.351	80.049
639.347	273.048	149.304	82.273
630.823	272.058	147.196	85.534
624.493	272.437	147.628	85.390
616.820	271.971	148.305	86.499
612.052	273.191	150.343	84.707
602.208	272.390	152.276	86.360
584.154	272.090	160.181	84.489
587.105	272.617	149.773	88.020
581.707	273.272	146.397	85.544
577.598	272.895	143.428	84.826
571.553	273.096	145.131	85.473
563.738	273.998	147.264	84.554
550.874	274.278	159.421	81.682
539.627	274.362	163.290	81.441
521.469	273.759	165.251	80.646
501.536	275.697	182.278	78.631
490.992	278.052	218.151	79.033
477.436	277.469	211.632	82.913
471.218	276.769	211.971	84.979
459.103	277.611	220.598	82.660
444.016	274.792	221.828	86.934
440.742	277.200	217.394	86.027
431.616	278.190	246.279	90.481
422.380	282.549	284.605	85.547
415.051	286.978	271.060	73.511
401.096	284.202	282.563	74.484
398.496	283.829	304.165	76.870
403.389	288.128	293.804	71.180
398.755	287.607	291.164	71.208
389.621	288.341	301.533	72.647
401.384	288.105	310.305	73.766
367.821	289.096	310.609	73.315
371.251	289.324	332.495	73.065
394.487	292.510	328.065	68.620
379.966	291.483	340.117	73.418
369.564	291.015	339.369	71.029
379.948	291.119	324.640	69.866
277.850	281.971	310.497	74.058
456.191	290.569	293.173	76.534
441.575	291.661	305.086	76.492
455.584	293.438	288.988	75.371
464.510	291.795	275.107	76.623
466.828	292.586	269.493	77.047
469.657	291.140	280.491	79.025
473.469	290.571	222.192	69.008
294.563	274.512	158.071	77.535
260.653	275.368	160.226	81.413
258.078	279.817	144.864	78.552
237.638	277.822	161.551	76.704
241.507	279.735	166.812	78.557
476.760	279.804	93.169	93.182
463.244	281.823	205.930	89.053
464.203	285.987	306.362	88.329
466.561	290.680	288.571	80.210
466.527	290.924	292.501	79.838
468.250	291.181	290.622	78.832
474.158	289.811	288.208	80.544
478.708	293.523	286.439	77.657
472.103	292.658	295.320	78.950
476.830	293.068	287.903	78.837
473.728	293.714	291.385	77.857
475.815	293.121	291.523	78.958
474.067	294.105	292.831	79.601
476.359	294.230	289.590	79.568
476.345	294.160	289.305	79.838
477.330	294.160	288.320	79.770
475.518	294.271	291.620	79.591
476.551	294.342	289.946	79.262
473.133	294.271	292.541	79.388
476.749	294.453	290.353	79.054
472.524	294.381	294.413	79.210
475.872	294.565	291.601	79.169
477.528	293.782	288.861	79.630
473.622	294.050	292.706	79.307
475.085	294.007	293.175	79.597
475.520	294.007	290.290	79.247
476.547	293.828	290.096	80.068
476.937	293.939	289.473	80.025
475.949	293.828	290.968	80.068
476.153	293.782	291.127	79.314
475.154	293.888	292.144	79.496
