885.000	333.000	32.000	62.000
885.256	334.047	31.971	61.273
884.998	333.768	32.720	61.971
885.253	334.671	32.342	62.729
885.620	334.217	32.489	63.808
884.807	334.633	33.484	62.264
885.121	333.882	33.130	63.431
885.398	332.763	32.933	65.223
886.267	332.760	32.392	63.367
885.719	332.916	33.700	64.142
886.394	333.208	33.470	64.737
886.706	333.245	34.289	64.872
887.094	334.123	33.764	66.257
887.934	333.544	33.571	66.867
888.326	333.957	33.424	67.870
887.855	334.387	34.575	65.995
887.707	334.002	34.432	66.034
888.542	333.865	33.804	65.654
888.557	333.948	34.006	65.096
888.066	334.009	34.579	64.483
888.804	334.675	33.436	63.317
888.436	334.798	33.051	64.262
888.183	334.602	33.030	66.242
888.162	335.161	32.687	65.107
887.841	335.304	32.979	65.732
887.014	335.308	34.196	64.220
888.011	334.973	33.078	63.746
888.029	334.245	33.031	64.243
888.213	334.692	32.441	62.752
887.415	334.187	32.170	62.046
887.299	334.700	32.253	60.183
888.018	335.137	31.802	59.289
888.989	335.261	31.280	59.726
889.126	334.442	31.272	60.671
889.549	336.481	31.446	58.059
890.746	336.575	31.303	56.925
891.674	335.422	30.619	59.344
891.530	335.584	30.940	59.445
891.723	335.587	31.023	59.312
891.625	335.587	31.476	60.526
891.243	335.363	31.851	59.203
891.183	334.921	31.447	59.378
891.001	334.612	31.422	59.889
892.907	336.001	29.658	57.939
893.968	336.156	28.961	55.963
894.856	336.710	27.270	55.207
894.280	336.822	27.845	56.579
896.105	337.761	27.554	52.436
895.859	336.076	28.326	54.598
898.335	336.918	29.475	53.632
896.523	335.888	30.221	58.357
896.137	335.692	31.078	59.003
894.940	334.600	32.856	60.339
896.412	337.454	35.247	59.207
899.047	337.843	34.981	61.984
901.871	337.705	32.826	58.715
902.834	337.702	32.342	59.992
903.749	337.779	29.750	60.324
899.997	337.910	30.928	63.169
899.376	336.846	31.409	64.445
897.518	338.842	33.330	67.081
896.137	338.752	34.344	64.217
897.175	339.811	35.602	63.704
909.756	337.932	29.377	68.761
898.031	339.244	31.936	61.182
896.982	337.952	32.237	62.781
899.866	338.723	32.857	60.128
898.002	342.581	31.509	58.798
898.241	338.524	35.550	61.406
901.627	338.989	34.471	62.420
901.434	338.236	34.658	64.485
903.556	338.464	33.491	70.043
905.187	339.353	31.224	70.255
906.948	340.258	33.022	67.900
906.668	341.174	30.527	66.757
907.271	340.778	31.798	61.811
905.393	340.175	31.488	60.088
904.712	340.351	34.684	58.333
904.027	340.516	35.237	59.274
905.053	341.360	33.855	63.321
904.046	340.668	34.337	65.098
904.516	342.004	34.399	68.805
906.768	341.388	32.502	71.896
906.710	343.248	33.538	72.113
907.394	340.934	31.734	67.256
908.169	341.233	33.207	68.829
909.734	341.426	33.648	65.712
913.724	339.195	29.929	68.367
913.824	340.973	30.104	65.257
914.713	343.896	30.309	61.908
913.525	343.811	30.794	60.573
912.840	343.316	32.027	62.823
912.139	343.187	32.018	66.469
910.539	341.930	33.735	69.602
911.807	342.034	32.466	65.716
911.756	341.662	32.245	65.701
911.811	341.331	31.692	59.657
910.976	340.973	31.799	59.507
911.591	340.939	31.292	62.234
912.200	342.085	30.746	64.619
911.162	344.242	33.572	61.133
910.706	344.066	32.839	60.940
912.285	342.548	33.111	59.422
912.016	341.665	34.523	61.046
912.905	341.265	34.679	60.809
912.008	341.527	35.721	58.553
912.925	341.117	35.595	61.560
913.677	342.106	35.320	56.695
915.682	343.743	33.191	64.115
916.678	344.432	34.516	60.088
916.189	343.907	35.317	68.495
914.671	343.820	35.872	67.038
914.360	343.218	36.725	67.384
913.216	342.937	37.222	64.518
913.545	343.982	38.022	65.497
912.738	343.199	35.991	68.812
912.515	344.193	35.828	67.916
912.162	345.484	37.252	66.116
912.753	345.019	35.003	66.307
910.721	344.574	37.360	66.316
910.654	343.496	36.445	67.920
910.970	343.536	36.712	68.426
907.792	343.082	37.184	68.689
902.899	343.916	36.917	69.535
898.083	343.691	36.243	72.660
894.403	345.790	38.588	71.436
896.277	345.078	37.267	73.089
896.156	345.248	37.149	72.793
896.631	345.164	37.210	72.618
896.911	345.811	36.695	69.969
894.964	345.002	38.262	70.637
894.334	345.628	38.587	69.854
894.399	345.927	37.818	69.244
894.408	346.278	37.855	74.063
893.845	346.905	37.160	74.293
891.696	347.598	40.000	74.028
892.357	348.290	38.106	73.075
891.565	348.295	38.827	72.875
893.097	349.379	37.619	69.414
890.922	348.765	40.154	69.994
891.814	349.181	38.599	71.620
890.112	349.750	40.441	72.587
891.312	350.265	40.021	70.822
890.308	351.427	42.331	73.060
891.942	351.835	41.289	74.236
892.080	352.490	42.226	73.200
892.955	352.211	42.601	74.548
892.725	352.130	42.761	74.230
893.547	353.420	41.254	73.691
893.791	352.903	41.094	74.326
893.390	352.686	41.094	76.310
893.406	352.490	41.781	78.694
892.228	351.819	42.609	78.292
893.412	352.843	41.861	78.170
894.433	352.188	39.776	77.457
891.867	352.938	42.088	75.322
892.052	353.833	41.962	75.126
892.502	353.668	40.706	75.845
889.940	353.279	43.220	79.089
892.808	354.924	40.303	77.125
891.950	354.987	40.586	75.651
890.507	354.813	41.253	77.447
891.009	355.310	40.834	75.236
890.474	355.228	41.871	75.870
889.062	355.150	43.670	76.234
888.524	355.231	43.587	75.081
888.966	354.468	43.644	76.402
889.866	355.573	43.105	77.270
889.886	354.893	43.007	79.318
891.106	356.163	42.536	79.237
891.626	355.486	42.146	77.124
891.916	355.973	41.865	78.501
891.907	356.078	42.428	77.823
891.610	355.778	43.756	79.841
891.432	356.296	44.342	78.534
891.635	355.662	43.924	78.396
891.835	356.418	44.305	79.123
892.291	357.083	43.341	78.951
892.075	357.980	43.385	79.392
890.809	359.580	44.960	79.969
890.518	359.999	43.243	79.549
890.274	360.397	42.749	79.999
889.729	359.972	43.543	80.871
888.869	359.617	43.662	81.410
888.590	358.591	44.166	82.594
888.646	359.761	43.666	80.270
888.445	359.243	44.467	80.246
888.201	359.619	45.084	80.632
888.605	360.116	44.998	80.508
889.555	360.779	44.687	80.357
889.357	360.488	44.266	81.934
891.165	361.187	43.844	82.517
892.786	360.960	42.046	83.315
892.494	361.018	41.531	84.080
891.898	360.806	42.722	83.491
891.198	361.076	42.149	82.771
890.878	360.296	42.097	83.438
891.888	360.158	41.528	84.934
891.027	359.942	42.780	86.119
890.934	360.281	42.639	85.967
891.211	362.049	42.888	83.080
889.633	363.470	44.491	81.126
887.881	363.737	44.711	82.593
887.469	363.839	44.189	84.984
888.549	365.625	43.097	81.557
889.069	364.381	43.956	82.645
889.114	364.655	43.941	84.796
889.293	362.547	44.269	86.560
890.230	361.600	44.227	88.469
890.378	361.319	43.748	85.438
888.765	361.082	44.110	85.054
889.542	363.482	44.125	81.127
889.102	365.425	45.403	77.843
889.866	366.070	45.017	79.018
890.184	367.821	45.436	78.289
890.699	365.707	45.709	81.740
890.862	366.636	44.613	81.055
891.147	366.546	45.191	80.966
892.101	365.817	43.868	83.658
892.500	363.402	43.643	85.205
890.354	364.270	44.632	83.924
890.974	361.852	45.159	86.391
890.072	363.414	46.863	84.173
889.514	363.835	47.339	84.470
888.888	363.859	48.001	85.109
887.661	366.871	46.811	82.494
887.275	367.653	45.532	83.612
887.106	367.922	43.165	84.255
888.295	368.239	41.548	84.860
887.001	368.414	43.129	87.076
888.375	368.143	42.485	88.592
888.570	367.972	41.068	88.735
888.339	369.054	40.992	87.101
887.812	368.117	41.115	87.561
886.848	368.641	43.140	86.875
887.855	368.749	42.342	86.477
888.157	369.241	41.546	87.548
890.389	371.739	40.066	87.615
892.200	370.506	39.367	89.936
893.847	372.013	38.741	89.165
893.400	374.539	39.450	82.053
893.132	372.818	40.588	83.667
892.794	375.091	40.590	82.488
893.983	372.555	40.273	83.319
895.325	374.474	42.473	81.744
895.015	375.452	41.467	78.103
894.697	374.520	42.199	77.906
894.028	375.825	43.447	77.170
892.486	375.262	43.329	77.612
890.180	375.589	44.178	79.368
888.163	376.666	43.342	75.543
888.328	378.195	43.244	75.850
887.105	377.902	43.518	76.570
887.018	378.517	43.183	77.302
885.020	378.151	45.007	79.694
885.409	378.056	43.693	81.479
885.985	378.321	43.822	86.660
884.180	377.024	45.574	88.197
884.488	377.937	45.619	88.765
883.153	375.122	47.267	96.748
882.171	376.948	48.905	99.010
882.255	378.290	49.811	93.697
884.718	377.802	47.804	99.618
882.965	380.054	47.636	94.322
882.648	381.194	49.125	93.938
883.154	380.335	48.525	94.022
880.372	382.136	50.360	94.166
876.132	378.831	52.966	100.155
868.552	377.203	55.186	104.081
861.897	379.232	55.080	105.939
859.481	378.267	56.541	103.833
854.703	379.977	57.030	105.272
852.689	382.381	56.306	109.552
850.250	380.888	56.945	118.268
849.254	384.031	55.981	116.056
846.341	385.542	56.186	115.851
844.811	386.490	55.822	115.000
841.880	387.690	56.188	114.526
837.832	386.522	55.456	115.657
832.596	387.376	55.874	115.938
828.065	388.784	58.273	115.642
827.848	386.313	58.653	119.452
826.612	386.803	59.108	124.765
828.284	386.241	58.419	125.235
826.829	385.930	59.339	125.745
828.081	387.097	58.372	125.603
826.656	387.714	58.481	128.331
822.145	391.337	62.603	123.471
819.573	389.425	61.990	127.420
814.570	393.039	61.707	125.115
809.041	394.112	59.778	125.590
805.241	393.261	60.409	129.279
805.753	394.891	59.353	127.195
803.485	393.999	60.864	129.999
804.466	394.289	58.990	129.521
804.405	397.976	59.094	126.967
804.811	397.464	57.871	129.217
805.088	402.073	57.497	124.788
804.861	403.903	57.813	125.481
802.416	404.052	59.591	126.924
803.167	401.638	58.724	127.023
803.114	399.257	58.913	130.509
803.004	400.064	57.908	130.036
801.805	397.319	57.892	130.628
801.179	401.203	58.286	130.270
800.253	398.853	59.749	133.431
800.177	398.538	58.600	135.751
798.954	398.822	59.606	136.473
798.418	401.116	59.367	136.378
796.843	402.323	60.869	136.063
796.905	401.520	61.755	138.346
797.235	403.406	61.421	138.502
797.139	403.006	62.214	140.551
798.103	404.110	61.275	140.040
798.047	403.218	61.465	140.742
796.962	402.888	63.345	141.060
795.464	401.114	64.170	143.403
793.949	402.880	65.799	141.937
792.702	402.686	66.571	143.482
791.767	405.785	67.938	140.606
791.535	409.277	68.300	139.579
791.611	410.490	67.856	139.274
790.368	406.554	69.068	145.518
791.174	410.601	65.650	144.197
790.777	408.459	67.974	147.037
790.839	410.805	69.147	145.385
790.753	409.241	65.927	147.119
789.591	409.654	67.258	147.400
789.034	410.649	66.495	146.321
786.596	409.405	69.771	148.235
787.896	411.140	67.217	147.462
787.417	415.619	68.061	142.453
787.538	414.326	66.335	144.099
789.136	414.378	64.981	146.678
786.562	415.685	67.180	150.317
786.344	417.830	67.614	149.291
787.326	417.163	66.429	150.455
787.912	418.856	65.102	149.341
786.886	418.742	66.843	149.559
786.614	419.263	66.976	150.385
785.387	420.348	67.246	149.300
784.564	421.273	68.438	148.816
785.044	420.430	67.498	150.031
785.125	418.385	66.442	153.580
788.385	423.735	61.899	148.740
787.600	425.806	62.921	147.120
786.846	432.284	61.974	139.488
786.260	434.770	60.938	138.543
784.955	434.388	61.827	139.351
781.350	430.703	64.967	144.297
778.046	431.299	67.075	143.083
777.825	435.165	67.916	139.748
779.111	433.194	65.932	141.215
775.597	432.321	67.114	142.424
780.434	430.290	63.373	144.164
780.466	428.452	65.612	145.145
777.790	431.530	66.527	142.731
775.620	434.521	66.968	141.400
776.470	435.348	65.428	140.652
776.105	438.741	61.971	137.259
774.972	439.913	60.956	135.371
773.422	440.227	60.811	135.197
772.146	439.739	59.463	135.781
769.998	440.332	60.628	134.720
768.711	438.216	59.239	136.508
766.936	441.057	59.318	133.939
766.983	440.433	59.111	135.139
764.169	446.463	59.928	129.537
762.866	445.595	61.970	130.405
760.494	454.127	59.848	121.680
759.533	447.923	62.113	126.360
758.405	450.406	59.439	123.552
757.110	448.628	58.825	125.823
755.497	447.597	60.891	125.538
753.803	447.562	61.471	121.907
752.272	451.175	61.299	117.992
747.337	453.578	65.255	117.554
748.411	457.872	60.211	114.328
743.674	462.005	59.437	111.699
742.472	462.391	60.359	113.609
740.983	468.922	57.183	107.078
737.077	460.337	59.381	115.663
737.371	467.528	56.888	108.472
733.202	461.701	58.078	114.074
730.618	469.413	58.502	106.213
728.585	473.786	57.180	102.214
