490.000	236.000	56.000	69.000
493.177	236.712	50.449	72.729
493.290	235.290	50.278	74.869
494.428	236.496	49.971	73.665
495.478	234.598	49.480	75.209
494.834	233.987	50.906	75.780
495.154	235.423	51.901	74.533
495.431	235.780	51.376	73.964
494.654	237.268	49.799	71.338
492.239	238.019	51.327	68.873
491.440	237.693	50.687	68.778
489.875	236.717	50.689	67.106
487.726	232.115	50.533	69.660
482.363	227.005	50.324	68.448
479.473	218.967	46.415	73.521
478.481	216.336	47.017	71.963
476.979	213.118	46.141	70.817
474.391	212.458	49.194	68.154
470.850	207.843	51.036	69.417
468.441	202.596	52.168	73.373
467.326	200.867	50.923	73.319
466.352	194.755	47.804	79.751
463.846	194.788	49.229	78.472
459.466	192.826	48.101	84.234
451.513	190.949	54.118	86.329
448.287	191.327	54.870	88.570
449.939	190.719	52.609	91.749
448.852	190.760	52.420	93.755
442.174	189.484	58.739	102.637
441.088	195.643	58.359	100.203
440.433	200.998	54.817	96.892
440.500	205.005	52.171	93.912
439.771	207.814	48.997	91.776
439.241	209.281	48.254	89.520
439.277	211.004	47.213	89.079
436.670	213.030	47.615	87.085
434.574	213.403	47.756	83.217
431.623	205.414	47.662	87.998
420.731	203.277	50.413	85.525
403.307	199.393	62.166	87.197
394.994	189.631	69.217	94.197
401.591	183.689	63.196	98.222
400.024	180.787	69.385	98.776
436.399	189.584	60.980	94.576
453.295	184.029	56.569	86.603
463.388	185.601	54.056	81.328
467.639	185.728	54.346	76.435
469.530	185.900	55.974	74.369
468.105	186.713	57.014	75.363
465.465	187.549	59.138	73.200
462.207	186.847	60.666	75.993
458.732	185.904	62.019	81.442
456.969	184.776	64.076	81.461
451.387	186.740	67.347	82.203
447.020	186.729	67.064	82.471
447.037	188.148	66.407	79.872
445.332	185.413	67.996	82.923
442.927	184.431	68.323	81.294
439.775	184.250	68.078	83.381
424.216	189.642	64.495	85.436
419.993	192.354	63.251	88.238
412.726	187.655	63.836	98.223
399.286	182.468	69.919	99.202
391.868	179.509	73.005	100.199
363.977	197.352	70.601	104.395
424.154	176.019	76.905	99.570
440.094	166.065	62.729	108.242
448.929	168.695	58.748	107.543
450.343	176.067	65.472	106.212
453.981	178.140	71.221	101.363
454.327	179.228	70.827	104.534
457.595	179.829	71.957	107.014
459.574	180.795	75.327	104.049
462.076	184.006	76.782	100.329
463.853	183.155	76.555	97.990
461.858	183.196	75.663	95.966
463.239	185.119	74.612	93.171
461.950	186.128	77.087	90.919
461.136	185.760	77.370	91.699
461.796	187.891	77.982	89.933
461.188	187.613	78.300	89.617
462.100	188.565	76.488	93.278
465.164	194.973	75.670	88.702
464.705	198.851	77.822	90.037
468.133	211.214	73.050	87.799
469.637	213.467	74.735	86.241
469.339	215.825	80.746	87.784
469.473	216.578	89.347	91.101
470.504	224.536	86.113	92.190
470.336	232.311	80.488	96.149
470.049	234.583	87.904	93.310
460.561	253.090	84.056	86.488
452.654	275.679	80.496	72.522
456.302	288.266	79.180	61.762
467.221	301.407	71.672	57.288
462.127	305.768	85.631	55.590
471.132	303.324	121.934	58.241
465.655	314.300	132.740	50.332
469.371	317.086	140.794	49.950
476.345	327.062	126.574	51.971
476.476	331.119	122.469	64.255
478.472	331.022	112.637	74.008
476.016	331.597	112.631	86.446
477.595	337.836	103.130	93.561
487.756	347.904	84.503	97.281
481.124	348.659	80.445	97.240
419.027	308.871	75.138	90.041
475.222	347.034	77.561	105.486
473.624	346.186	69.371	110.116
440.122	300.794	96.202	61.312
445.590	301.678	98.218	57.544
450.290	301.720	101.425	59.391
445.060	303.594	111.610	61.719
446.306	305.520	115.393	60.866
439.573	307.802	118.361	69.746
436.531	313.918	109.851	75.306
437.695	319.849	103.847	112.781
425.762	331.431	101.614	135.817
427.650	336.390	94.486	135.236
433.687	353.999	88.987	127.428
455.511	350.896	73.018	125.052
463.869	353.764	69.308	121.490
481.004	354.334	67.914	123.759
490.247	355.026	67.921	117.920
508.111	360.922	64.910	118.893
516.976	365.194	63.340	117.461
520.257	359.650	66.779	129.933
522.891	364.126	67.476	128.487
524.996	365.520	69.002	125.389
528.233	364.165	70.672	128.057
526.887	367.045	73.309	126.763
524.469	370.168	78.833	122.161
520.388	370.021	83.203	126.171
514.514	376.726	87.747	130.555
366.120	319.371	138.127	92.772
378.615	319.227	144.260	71.630
390.564	320.360	140.068	61.851
397.203	319.108	134.600	51.107
372.274	301.668	145.809	65.104
355.095	298.668	133.647	56.109
360.572	289.837	105.465	66.325
343.295	290.284	98.590	62.633
339.764	289.903	81.028	65.451
325.241	286.745	87.025	72.405
295.917	282.592	115.557	81.849
309.426	271.519	131.872	90.969
444.645	330.866	141.898	115.285
457.481	326.295	146.386	104.422
462.034	316.311	154.195	100.807
467.982	301.316	151.354	79.542
473.524	302.027	154.999	78.388
458.005	296.638	158.082	69.174
466.178	289.056	152.248	66.426
451.902	286.553	161.217	63.102
457.519	281.523	133.953	71.716
465.697	264.690	117.641	98.621
466.671	257.495	113.750	111.986
460.163	263.526	93.532	112.995
453.026	262.815	76.330	123.207
312.923	268.106	90.964	85.831
267.565	215.585	114.354	112.444
275.703	201.566	108.703	118.813
286.288	190.188	111.946	123.591
312.062	186.205	92.976	122.543
341.502	174.052	87.968	104.851
362.479	165.591	79.070	101.062
373.322	156.392	76.960	110.718
387.835	156.271	76.736	108.663
396.530	153.138	85.783	117.596
417.831	167.222	87.995	99.042
421.077	175.283	99.808	96.950
426.423	186.784	112.882	90.693
435.095	194.546	125.243	105.987
482.089	343.733	80.497	129.879
515.912	352.563	94.904	112.686
498.460	341.009	115.364	120.929
530.691	343.620	102.615	140.707
536.634	348.223	106.819	131.937
549.508	345.292	106.606	133.889
566.097	349.170	111.785	133.836
578.322	337.305	121.858	142.042
580.536	343.727	130.317	143.426
582.288	343.911	135.057	141.350
587.282	342.215	134.558	145.429
576.063	348.517	142.044	142.678
566.277	345.830	125.169	153.830
558.418	346.965	105.803	155.098
557.788	346.147	91.993	151.562
523.856	348.503	101.636	147.283
485.218	313.636	129.810	155.341
309.790	246.311	165.896	132.723
286.521	255.379	187.644	116.396
292.187	259.144	166.761	113.286
299.766	266.592	156.680	107.215
284.582	272.868	138.220	114.039
271.742	281.973	128.107	106.830
276.659	293.351	118.929	100.895
270.757	286.827	140.483	110.423
264.748	289.834	161.401	119.623
272.642	278.986	165.819	144.143
265.458	284.712	169.928	147.545
272.862	277.640	170.383	158.879
285.925	274.380	160.934	168.441
306.074	281.329	138.212	169.148
324.888	272.722	119.308	180.737
322.963	268.062	121.285	184.541
337.602	259.812	108.549	187.975
344.416	250.389	108.774	195.698
493.963	335.595	130.070	171.699
485.743	358.358	136.806	168.364
493.301	361.146	132.337	171.988
486.173	365.087	137.158	172.214
485.802	366.836	142.534	170.275
482.956	363.919	150.306	172.483
484.772	363.526	151.416	172.869
486.452	342.306	171.219	165.190
472.103	328.784	196.957	152.418
260.979	189.153	164.090	127.832
259.804	180.245	150.350	134.405
254.872	174.784	152.549	148.169
253.964	171.372	146.805	170.489
261.399	180.353	140.370	173.449
259.114	186.519	133.157	177.127
262.830	197.235	117.544	190.191
254.608	221.412	118.498	186.824
249.872	238.148	122.629	177.260
250.712	256.785	126.736	163.690
247.236	275.725	147.808	148.205
254.836	285.128	155.276	127.984
247.031	322.581	166.371	106.708
262.459	330.193	175.904	104.651
281.063	334.296	188.186	105.538
261.057	294.951	239.540	140.059
278.946	255.545	218.086	145.735
310.626	292.304	208.892	172.551
328.956	297.669	183.213	193.699
348.126	330.524	152.624	172.045
337.831	355.695	140.391	142.751
328.980	369.001	125.464	124.480
315.834	379.729	128.986	118.506
307.281	365.666	116.141	111.390
306.652	355.019	110.880	109.199
312.315	335.510	103.840	111.674
294.716	322.161	147.167	95.365
303.931	287.268	180.770	102.284
260.295	225.213	182.220	163.087
269.165	188.785	243.817	169.117
356.251	222.303	245.687	170.514
395.121	275.858	207.868	122.001
359.695	152.206	165.674	103.250
345.719	135.213	160.784	99.702
304.158	111.186	221.235	123.518
273.557	97.749	250.802	154.302
260.285	116.474	230.702	160.151
262.739	119.249	235.446	157.765
294.303	131.322	189.900	146.871
306.056	147.623	158.167	141.361
307.512	160.948	143.001	137.949
307.888	176.360	133.512	129.331
304.198	184.170	132.835	134.581
443.641	254.753	155.622	135.851
452.232	249.522	197.546	145.102
481.147	262.427	199.531	114.295
494.022	238.427	202.386	117.242
472.785	232.204	223.276	100.732
479.290	182.118	199.112	135.470
427.426	187.079	238.279	120.993
445.844	163.303	226.134	140.437
454.618	142.510	192.138	140.384
467.972	131.248	169.995	157.882
441.934	117.711	164.767	149.009
292.930	272.832	150.378	224.312
305.409	281.123	135.127	225.717
322.086	287.052	117.098	226.088
384.757	118.218	109.081	193.268
364.516	127.016	114.546	165.889
361.550	134.967	108.740	154.344
350.799	146.269	110.571	127.248
339.582	149.524	112.693	120.726
335.189	157.191	111.389	124.546
332.532	166.533	98.527	117.062
335.533	171.063	93.879	114.094
337.938	169.794	95.632	107.097
342.990	167.772	104.260	94.473
351.677	164.173	104.483	116.184
364.898	155.822	115.992	113.823
383.849	150.016	109.887	117.013
401.423	147.049	107.801	111.680
418.898	146.899	106.602	101.316
436.080	149.247	92.791	91.027
446.716	164.084	87.374	91.059
459.530	165.097	99.980	86.760
443.318	164.525	111.381	94.607
446.062	164.926	107.963	97.136
470.429	182.494	104.566	103.194
483.156	202.617	85.525	91.878
476.158	232.858	93.607	92.590
470.638	242.370	103.316	90.594
463.774	247.139	110.933	95.234
448.196	239.858	120.566	89.794
440.447	255.558	128.977	86.238
449.571	267.565	107.159	126.671
442.065	265.122	104.254	142.432
432.765	268.538	95.854	141.030
427.429	277.616	90.905	141.117
407.152	273.659	86.865	132.926
398.077	273.484	100.597	131.380
398.809	284.469	93.796	139.416
410.875	280.648	92.428	134.073
417.902	280.723	91.646	132.525
441.125	278.619	85.237	140.997
449.494	274.855	88.975	149.965
458.822	272.601	89.362	143.158
478.742	265.685	83.159	140.088
457.942	239.987	108.009	129.736
419.261	141.202	100.063	128.052
385.740	123.055	132.014	131.884
352.443	129.228	168.579	127.629
328.207	121.225	185.603	133.876
339.268	146.331	181.296	132.337
339.653	170.353	170.703	113.723
425.699	200.401	232.347	88.998
456.983	190.873	214.701	94.114
346.313	193.923	226.581	136.871
340.245	196.474	221.039	161.742
338.296	223.771	179.009	161.626
389.381	240.750	133.717	179.908
461.360	116.882	124.770	196.293
467.797	102.449	110.047	184.503
467.180	95.476	96.511	176.301
463.786	98.267	88.709	166.274
461.771	98.461	88.510	166.223
458.092	105.374	92.415	158.240
459.244	106.292	94.877	151.036
459.623	114.722	97.091	146.330
455.318	119.721	102.577	139.352
450.092	125.014	107.501	127.808
488.896	213.778	104.758	153.738
481.940	134.735	96.287	187.803
481.065	216.439	102.710	117.197
485.626	212.933	92.178	99.620
493.652	156.134	88.692	65.551
495.697	153.702	83.574	67.585
488.122	151.071	90.228	65.672
491.577	169.575	99.884	112.474
483.033	193.724	105.888	82.294
475.770	188.106	105.081	75.956
465.656	177.465	103.652	75.226
466.055	160.983	97.381	77.644
468.433	146.181	99.643	90.484
474.746	124.673	110.675	100.181
493.771	105.211	114.618	112.842
497.853	102.783	128.699	115.479
507.427	117.638	135.964	105.081
515.381	132.319	131.028	92.465
506.683	155.710	139.200	95.212
502.832	169.803	132.493	87.456
515.255	167.772	123.186	86.110
495.758	169.716	128.148	85.559
498.181	171.840	131.176	85.981
496.882	165.003	124.764	86.701
490.606	159.835	129.391	94.122
480.057	149.618	121.017	99.881
490.608	144.277	104.409	94.965
488.855	141.161	103.319	91.024
473.154	145.083	100.376	94.818
470.857	140.586	102.423	100.209
460.582	141.602	102.077	100.285
464.624	132.383	82.248	98.555
440.594	130.749	85.977	117.604
403.798	167.379	71.048	96.525
399.444	234.551	96.129	105.523
396.934	242.027	113.143	94.331
352.319	135.627	97.012	133.487
325.651	142.639	106.625	126.827
292.573	177.411	136.330	90.910
289.133	170.996	132.677	103.580
310.210	196.203	127.460	86.475
324.798	204.935	117.027	90.945
285.059	231.955	142.712	73.864
331.777	226.406	116.679	86.576
328.078	232.683	107.495	94.798
318.046	237.929	105.550	116.015
313.014	238.807	113.528	127.665
323.968	238.510	99.425	130.255
338.086	239.858	86.012	113.352
349.459	245.649	82.363	89.446
341.207	244.793	95.409	84.949
336.997	247.321	96.968	81.604
330.932	244.262	106.672	87.236
294.388	223.626	137.097	94.815
293.852	249.467	112.086	92.061
288.618	262.134	106.707	99.583
279.712	264.759	106.193	114.900
276.714	264.527	108.240	120.248
274.871	270.827	101.210	113.169
272.706	267.193	102.904	116.675
274.381	262.180	108.908	120.813
273.672	262.157	116.929	115.849
280.946	252.234	122.761	111.428
317.741	241.767	96.095	108.394
401.540	316.558	96.441	86.217
403.972	326.205	97.453	85.220
404.315	330.048	97.706	103.531
402.529	336.352	97.806	107.682
398.868	337.005	101.928	108.168
399.741	337.540	105.413	112.372
400.321	342.879	101.141	104.582
402.625	341.145	101.233	101.060
407.921	338.594	100.781	93.702
409.206	326.697	98.431	89.197
433.494	291.963	87.254	86.781
372.408	182.896	67.392	116.642
365.726	189.617	73.049	116.849
364.744	195.512	70.540	118.868
364.569	205.615	70.435	117.787
362.759	227.538	69.284	111.427
363.370	231.836	69.002	109.277
363.051	247.420	69.963	100.140
361.208	261.255	73.801	87.895
362.235	267.277	76.675	83.392
361.343	293.326	85.428	62.245
367.119	297.361	83.110	59.485
369.282	294.831	85.544	63.300
374.771	288.139	80.100	70.627
378.160	279.258	75.922	74.858
392.421	252.415	68.584	88.793
388.554	236.439	78.801	68.522
375.962	224.093	105.586	69.736
386.458	215.776	104.031	78.908
378.016	202.993	97.289	74.516
409.005	285.861	83.659	63.611
419.023	297.676	85.488	59.256
419.134	305.314	80.014	62.796
417.859	311.421	83.262	67.183
418.865	317.350	85.094	70.885
420.539	322.445	82.595	76.422
412.946	318.372	87.689	79.930
411.273	315.091	88.330	83.359
410.220	305.096	89.159	88.562
413.471	297.655	86.437	88.804
413.796	274.863	84.047	83.719
415.603	261.462	83.218	78.146
419.401	251.970	79.570	74.367
415.111	237.059	80.366	74.286
413.431	222.249	83.425	69.305
310.067	203.328	65.225	89.942
308.976	213.337	68.188	85.940
306.217	215.176	72.219	90.369
301.882	226.261	85.884	88.831
299.660	231.828	89.946	88.675
293.597	260.833	103.818	58.995
296.557	264.236	96.269	55.794
299.231	265.309	90.660	58.336
303.032	264.812	86.322	59.698
309.993	262.631	75.358	66.307
321.871	250.323	64.282	81.251
326.774	246.302	59.737	92.550
331.185	242.375	58.983	96.201
333.097	239.865	61.733	94.353
336.865	235.388	66.533	84.564
338.253	216.743	73.818	84.703
341.165	216.707	80.331	74.914
341.599	211.916	79.536	76.370
340.829	207.257	83.325	75.966
318.195	203.673	107.139	84.007
338.594	187.680	102.767	66.117
363.965	181.519	77.133	65.169
368.190	176.262	79.034	57.551
369.430	173.635	81.485	62.546
373.864	173.751	86.981	60.358
378.154	175.625	89.941	56.938
384.992	174.426	91.893	54.963
389.559	175.320	87.402	58.535
381.092	174.632	94.959	58.212
392.643	171.728	86.967	61.871
399.213	172.812	83.640	65.915
397.669	173.871	83.392	68.580
394.581	167.071	81.589	75.868
392.077	159.047	79.450	76.221
397.088	154.539	69.986	78.290
379.803	150.604	67.352	85.677
369.398	137.637	62.913	102.178
393.948	240.062	72.591	93.859
359.283	138.196	59.145	116.212
343.614	153.399	69.072	89.361
338.173	184.460	87.217	78.184
301.866	173.702	112.248	76.678
266.210	167.055	118.311	73.028
288.160	176.423	132.105	73.797
343.217	206.153	175.954	62.616
370.092	209.046	147.220	56.025
310.658	208.177	186.598	51.503
287.136	206.890	158.863	77.123
300.388	219.146	113.289	74.421
322.407	219.672	113.576	79.050
364.812	165.524	109.891	111.824
379.475	151.205	103.791	132.014
388.724	143.900	77.690	125.177
362.372	236.976	73.719	108.537
374.727	195.173	66.202	128.617
376.544	178.120	69.950	115.355
368.442	143.643	62.210	123.433
367.021	158.700	57.259	121.294
362.690	164.273	61.215	135.772
352.204	166.942	68.245	119.696
386.150	252.855	69.430	103.050
383.172	256.002	67.835	96.590
380.454	259.179	66.047	93.118
378.035	255.941	69.964	93.850
372.670	257.755	71.207	92.247
373.490	255.385	70.406	95.203
370.271	258.060	68.477	91.174
374.454	259.319	64.340	91.216
373.065	257.284	60.428	92.999
368.969	254.112	69.711	82.986
368.444	259.874	63.647	64.757
368.735	265.766	58.418	59.283
371.965	268.600	52.879	54.552
373.768	270.404	50.457	50.349
372.130	267.873	51.421	51.840
368.721	265.845	60.151	49.055
359.530	270.831	73.862	43.584
363.510	265.722	75.483	47.786
359.350	266.222	79.096	52.819
347.671	272.558	91.974	51.470
276.486	256.135	90.930	51.187
284.684	258.204	117.399	60.752
294.353	269.600	127.831	59.952
294.067	271.280	121.947	57.924
287.783	262.776	95.529	75.589
277.129	256.728	103.714	82.620
301.545	230.897	108.301	85.415
290.061	224.278	100.785	92.080
276.643	228.783	99.916	84.081
307.680	197.165	87.954	97.426
311.015	187.011	80.050	104.729
311.064	181.888	76.620	104.643
310.455	179.835	82.288	106.883
308.069	179.721	85.027	104.533
304.911	176.632	86.479	101.907
299.568	206.034	87.264	96.546
305.028	237.633	86.335	88.317
309.784	270.539	83.004	56.158
320.159	275.128	82.108	58.930
327.024	281.643	84.456	54.565
331.118	281.466	84.836	57.274
335.335	274.081	85.619	60.618
339.263	254.877	81.430	71.673
347.262	239.948	77.790	75.888
354.325	237.413	71.009	67.676
350.441	216.614	75.061	78.780
354.671	260.390	68.624	76.366
351.700	273.341	66.095	66.208
345.863	277.416	62.743	65.805
341.674	276.138	62.231	66.776
337.284	275.598	58.505	66.809
334.216	275.254	59.655	67.194
335.943	271.302	58.417	69.118
335.370	266.229	57.076	70.821
338.958	261.079	58.747	72.212
352.855	236.452	64.953	79.221
355.666	236.956	73.819	75.815
355.637	236.531	89.877	69.205
359.299	232.689	97.744	69.286
356.170	233.351	109.891	60.114
343.348	228.731	125.473	54.385
324.239	224.967	147.519	51.087
260.492	221.431	142.046	62.625
257.713	221.300	148.479	64.384
258.137	218.175	138.930	68.354
274.260	215.033	123.472	78.800
286.898	221.395	99.040	82.120
288.755	226.671	87.687	84.050
291.090	224.980	84.682	92.480
318.994	226.118	69.733	99.711
328.791	222.121	61.256	99.144
355.000	217.353	58.124	98.726
361.624	217.241	61.138	99.221
367.664	219.224	60.423	101.828
374.044	225.867	59.914	89.646
377.723	230.818	66.217	78.212
380.410	232.585	69.902	67.542
380.929	232.509	69.716	57.596
378.365	229.695	73.214	54.141
377.160	227.320	76.504	50.854
378.768	227.244	76.368	49.922
378.418	221.597	76.722	46.240
381.121	222.240	82.000	37.983
383.258	221.523	80.475	36.891
386.868	220.411	80.390	38.145
386.581	217.853	88.313	40.468
393.780	216.311	80.879	44.646
398.735	217.077	82.140	44.332
402.908	217.626	81.355	47.296
403.953	220.495	82.378	46.951
408.495	221.702	79.253	46.964
405.267	220.996	83.886	52.342
410.843	216.189	77.138	54.656
412.147	214.491	73.638	47.134
412.466	213.603	69.669	42.793
410.880	212.089	64.396	41.822
403.730	214.570	57.348	44.226
395.599	220.124	58.439	46.023
388.644	227.545	61.326	58.850
382.008	235.864	64.934	66.259
382.965	241.064	78.206	74.818
376.749	234.463	99.673	70.736
364.343	231.058	108.941	76.284
378.638	243.536	117.054	77.766
368.453	240.550	120.783	77.814
405.644	247.436	102.238	75.804
415.234	253.065	98.145	66.379
425.619	252.905	88.370	61.381
429.209	251.750	87.175	61.927
426.365	250.548	92.611	59.831
423.164	245.586	97.609	55.430
419.997	236.162	96.546	51.082
428.514	238.130	85.578	45.454
432.062	235.371	64.539	46.891
426.580	232.455	55.950	47.249
424.924	236.344	54.813	42.199
413.225	237.722	63.251	41.958
409.517	238.139	67.314	44.694
423.533	237.715	58.450	52.915
433.390	235.452	54.149	55.603
443.992	233.383	49.872	62.602
445.252	220.696	50.903	64.228
438.202	203.040	60.754	66.376
426.597	192.442	64.646	72.814
396.982	198.138	73.477	58.096
388.887	199.435	75.526	59.953
398.592	197.926	89.031	60.971
382.886	203.831	103.062	61.481
402.280	196.236	89.531	71.054
415.536	183.368	77.036	79.974
403.091	204.353	75.527	59.025
404.892	215.104	67.345	49.422
405.286	222.950	59.351	39.272
407.428	226.661	53.720	36.168
407.044	226.528	51.238	35.817
405.736	227.081	51.547	35.239
403.558	227.766	52.433	33.669
400.480	228.680	55.102	32.385
402.441	227.890	54.646	34.696
401.443	228.891	54.368	35.386
420.784	226.152	56.050	43.538
439.493	225.032	48.553	45.308
441.518	222.122	46.262	45.400
444.363	222.105	44.321	45.305
444.362	220.470	46.970	45.709
433.056	220.107	57.550	42.519
401.930	222.804	62.087	38.270
393.645	227.755	65.656	33.125
395.516	229.789	60.881	35.177
393.771	224.235	66.416	38.666
388.984	220.609	72.303	41.688
385.283	207.280	76.457	53.895
380.197	213.042	85.957	50.048
378.456	215.176	89.749	52.869
376.409	198.239	89.886	66.390
377.261	202.912	91.511	52.143
374.723	184.165	94.379	65.662
376.279	198.425	97.528	52.762
378.805	201.904	94.309	56.233
382.380	206.373	87.110	46.693
383.618	207.936	84.239	48.280
386.648	209.038	83.305	47.915
389.502	208.150	82.009	47.520
393.019	208.079	78.188	47.926
390.960	208.734	79.501	54.582
391.725	210.581	77.106	46.242
390.474	208.736	74.937	51.492
397.576	210.968	68.665	48.897
403.850	208.143	61.914	52.573
399.386	204.570	65.801	54.196
396.347	207.739	66.542	53.237
403.858	189.471	53.211	66.225
398.649	188.184	56.183	65.267
398.079	177.039	49.338	73.142
394.600	193.473	54.481	57.343
397.985	195.644	44.599	53.862
398.820	192.760	45.421	53.512
399.347	191.512	39.757	50.575
399.077	185.642	38.765	56.127
399.700	193.399	39.816	49.775
399.109	190.710	49.259	55.331
408.079	192.077	56.723	60.126
422.062	186.999	55.094	62.622
410.953	171.816	69.062	71.409
391.832	172.380	64.571	68.683
392.863	175.282	76.745	66.877
399.955	154.893	69.252	78.967
395.728	167.516	67.989	69.765
399.963	184.698	77.033	65.299
397.447	173.223	75.011	73.297
392.074	168.047	81.805	77.221
414.085	140.490	70.264	89.370
417.096	150.878	73.124	91.065
416.791	144.774	74.838	86.563
417.577	149.394	72.584	86.237
417.868	143.902	71.078	76.672
414.673	153.786	76.079	75.540
445.942	146.478	74.762	82.130
424.362	139.142	77.124	79.133
428.673	132.673	79.313	87.581
429.166	132.826	88.649	87.514
422.915	139.921	87.257	76.093
429.543	138.754	75.505	70.280
423.800	135.125	75.042	67.759
421.967	136.849	73.902	68.552
422.551	135.768	72.274	64.608
427.585	133.931	69.209	69.083
426.134	130.535	75.857	69.735
411.393	117.767	75.796	77.297
424.285	123.299	76.712	73.278
423.779	118.591	73.397	77.797
422.445	114.208	69.251	80.004
427.090	112.305	74.862	78.582
403.528	103.405	60.532	85.957
389.939	102.537	67.560	82.151
369.354	97.798	69.378	85.140
349.364	93.704	62.221	86.095
334.454	93.949	64.002	86.044
318.309	91.450	59.154	84.268
306.119	91.825	53.953	87.807
296.583	93.036	55.217	82.078
286.696	94.097	54.233	83.094
281.718	98.818	49.186	78.726
281.218	99.194	45.547	76.876
280.338	101.088	45.209	75.262
279.749	98.488	44.778	76.621
279.755	97.701	44.887	76.751
279.601	94.362	45.457	78.702
279.668	94.471	45.740	77.955
279.826	93.161	45.845	78.842
278.681	94.832	46.584	81.323
273.953	102.877	47.358	81.739
265.063	110.289	51.534	81.870
256.340	119.985	51.659	84.180
250.332	123.328	52.052	90.586
243.667	128.693	58.645	91.259
236.765	148.881	63.017	86.639
239.823	168.406	58.643	80.382
245.062	182.086	54.906	75.316
249.747	198.973	53.950	71.203
255.277	202.125	56.490	63.552
258.330	187.849	64.583	75.865
273.302	195.171	68.018	74.970
280.881	190.764	70.632	77.311
315.918	188.263	62.886	85.377
321.621	189.212	73.430	78.526
337.586	197.477	77.200	77.478
346.351	181.025	82.152	81.672
369.075	170.306	92.402	88.883
425.020	107.675	83.655	102.472
432.101	71.167	85.025	108.241
479.221	34.220	70.937	71.163
475.713	51.234	56.017	78.325
476.251	55.441	47.593	72.224
474.909	57.906	43.331	71.740
472.288	57.082	41.768	71.732
470.780	57.549	41.488	72.244
468.792	55.763	42.567	69.594
466.009	46.756	44.699	73.766
465.403	56.438	42.423	71.882
464.210	59.153	41.279	72.325
463.559	61.661	43.075	70.640
458.507	64.081	47.017	70.952
453.849	69.922	52.235	74.082
449.662	71.389	52.861	62.509
445.428	73.833	51.001	64.104
436.953	76.748	52.293	63.352
433.854	84.047	58.322	58.568
425.638	85.712	63.137	65.020
414.271	82.129	69.543	75.334
430.362	94.811	74.063	85.327
433.113	99.874	75.921	81.699
433.108	106.005	76.699	77.432
435.360	109.311	80.464	76.280
436.095	115.287	76.663	71.423
434.567	115.779	84.789	60.825
432.464	108.487	85.280	70.374
432.539	123.057	94.798	48.606
424.308	130.071	87.559	47.601
407.289	134.637	86.886	47.997
353.554	161.500	65.762	62.494
354.379	161.528	64.441	65.133
357.111	168.281	59.670	65.749
358.092	170.626	50.166	65.088
361.111	176.667	47.384	59.416
363.209	172.985	45.008	61.922
364.207	173.713	43.017	61.927
364.743	173.982	43.944	61.382
365.322	175.118	43.894	61.188
364.656	177.433	43.305	59.354
364.707	176.962	40.751	59.327
365.415	176.546	40.242	58.729
364.625	174.811	38.388	60.298
364.783	177.241	39.891	58.330
364.396	174.606	41.151	60.542
364.250	174.368	41.208	62.174
365.039	177.854	40.008	60.626
365.043	177.170	39.518	60.033
365.413	174.924	39.030	60.729
365.171	173.015	39.010	62.179
364.974	176.270	40.722	60.207
364.196	172.035	40.918	63.002
364.578	175.512	40.391	61.413
364.638	172.191	40.592	62.838
364.331	173.602	40.567	63.160
364.493	174.463	39.737	62.407
364.061	172.560	42.622	62.349
364.557	174.233	46.211	61.824
366.057	177.808	45.475	59.496
366.025	176.786	47.024	59.237
365.581	175.735	44.397	61.498
366.640	173.926	41.747	60.605
366.230	176.547	40.766	59.369
362.725	177.583	41.805	58.226
366.856	179.511	37.202	55.764
368.379	177.083	36.910	57.983
369.241	174.187	37.170	60.575
371.114	175.515	37.334	60.764
373.243	179.510	35.399	57.682
374.073	179.984	33.096	55.709
375.657	182.602	32.244	54.188
377.260	179.938	30.255	55.791
377.000	181.677	32.519	54.617
377.745	178.959	32.154	57.842
372.726	176.966	35.191	60.231
363.867	175.150	44.921	60.424
358.770	171.755	48.048	63.446
352.760	170.305	53.277	65.978
352.286	172.413	55.760	64.413
353.003	172.994	54.851	64.482
355.676	172.382	53.333	65.284
366.259	170.343	43.945	67.866
365.731	165.723	45.895	72.047
338.134	164.806	60.174	73.603
334.435	166.147	47.677	75.356
342.542	170.995	64.678	68.988
356.857	163.652	53.935	75.021
369.944	159.691	55.365	78.960
416.224	156.038	59.524	76.743
432.702	144.430	59.735	82.565
448.545	135.236	63.978	83.202
467.015	147.026	70.527	70.230
471.360	143.310	72.778	73.646
522.377	168.443	56.784	68.018
528.191	169.336	56.376	59.870
530.994	174.448	53.707	60.616
534.227	170.724	49.685	60.353
537.364	170.383	48.276	63.656
536.356	169.197	43.846	63.349
534.904	168.197	43.153	61.654
533.102	168.337	43.305	60.668
531.971	168.231	43.694	60.102
527.632	166.068	46.738	60.896
528.418	166.071	44.577	62.900
528.389	166.448	42.875	62.703
527.948	167.020	41.850	63.380
527.550	167.606	41.245	63.098
523.471	171.685	41.695	60.321
514.931	169.422	47.224	63.302
505.386	173.396	54.564	61.532
486.761	172.360	62.253	63.916
481.458	171.055	55.828	69.349
455.280	162.638	67.967	76.143
412.528	167.867	73.778	76.702
409.958	172.855	58.974	69.507
403.315	169.297	60.361	70.978
412.513	173.426	60.990	65.392
420.988	160.583	51.616	67.939
428.307	158.085	42.303	63.357
429.233	156.031	39.701	61.718
430.002	153.755	37.532	59.983
429.636	151.244	36.744	57.769
423.196	146.536	37.666	58.234
423.856	144.867	39.498	55.829
411.571	142.178	46.842	57.414
394.616	140.132	51.064	61.782
396.371	139.994	58.812	60.391
388.572	137.725	62.607	62.699
390.680	134.254	59.789	62.690
384.638	135.308	60.779	62.139
383.732	133.600	63.559	63.962
373.065	131.440	63.746	65.577
375.015	132.727	60.594	63.411
375.205	133.057	66.308	63.346
376.712	134.118	68.478	63.930
371.305	133.096	50.185	66.625
374.504	139.713	46.225	60.182
409.754	143.088	41.075	57.948
413.476	144.345	36.360	57.567
415.388	144.825	33.602	57.563
415.759	144.810	32.324	57.004
416.583	144.000	34.278	55.995
417.341	140.468	35.649	57.535
416.147	138.015	37.894	59.870
405.989	133.574	44.613	61.463
386.544	131.707	57.749	65.391
383.470	126.596	59.916	72.438
382.483	123.305	51.634	75.001
379.652	122.044	50.976	76.399
379.262	122.136	48.943	77.336
378.567	122.912	47.656	76.786
379.283	123.054	47.167	75.503
379.026	124.340	47.850	75.374
379.187	122.619	47.912	79.683
379.476	123.634	47.377	80.150
379.333	125.756	46.446	79.105
379.491	127.270	46.772	79.326
379.844	129.034	45.658	78.115
375.800	132.277	41.869	75.648
374.801	130.222	41.232	78.745
372.641	129.447	47.399	81.320
370.856	129.282	55.596	85.476
369.073	129.492	64.455	84.965
391.607	139.244	60.028	80.508
413.649	149.364	46.472	72.412
425.806	151.491	40.696	69.828
431.535	152.864	42.441	66.525
439.002	153.894	42.713	64.067
455.371	154.540	44.725	61.232
467.793	151.723	45.831	64.180
485.295	136.020	43.995	75.819
492.412	137.620	48.053	75.602
505.605	142.840	48.375	73.606
512.223	148.689	50.485	72.870
518.682	150.464	51.106	72.335
521.566	151.692	50.703	74.272
523.916	153.685	48.824	75.305
524.532	156.132	48.299	73.788
519.543	150.496	51.037	73.411
515.297	146.221	48.471	76.693
510.562	145.149	48.250	79.017
500.626	141.075	51.902	76.459
494.050	133.987	47.737	83.106
481.908	138.429	50.561	76.639
472.373	137.608	45.917	73.184
459.785	136.816	51.121	71.100
450.045	134.150	47.594	70.055
443.923	129.791	48.013	70.407
419.619	123.825	56.444	75.718
423.383	122.168	49.837	80.082
427.305	120.693	49.544	79.686
428.787	120.472	49.392	78.364
428.883	117.097	49.281	81.551
429.738	115.980	50.721	80.852
430.741	116.009	53.245	81.771
430.826	116.379	57.433	80.748
429.152	115.784	62.534	79.184
426.790	115.496	68.660	76.326
422.012	118.169	77.476	66.861
420.092	115.565	81.840	66.149
421.114	114.826	81.271	63.950
423.496	110.503	79.865	65.736
409.518	108.789	77.122	66.841
430.554	104.321	75.619	67.447
447.224	100.222	59.370	70.477
444.172	105.907	61.160	65.888
442.979	106.891	60.371	64.898
431.219	107.967	69.479	65.923
433.725	104.569	66.657	69.655
438.715	103.846	58.499	72.016
436.388	108.585	57.368	67.361
435.739	109.877	57.490	66.009
428.188	105.581	58.087	70.012
448.203	98.697	47.388	68.604
452.315	97.179	42.482	62.744
455.575	95.859	41.746	62.222
460.143	97.398	48.299	61.543
457.360	92.438	58.250	70.382
489.678	113.171	59.841	71.952
506.941	121.294	55.778	65.056
523.497	122.911	52.209	66.281
534.354	128.668	49.852	65.179
543.227	134.341	42.941	59.938
540.226	134.309	45.822	59.408
532.620	137.550	47.059	60.194
518.733	132.757	53.084	61.460
501.790	128.196	57.645	63.176
483.059	124.449	57.149	65.893
461.117	126.105	71.555	63.719
436.991	128.361	68.155	65.869
427.326	129.615	49.792	68.346
413.206	126.428	52.274	67.338
403.765	122.304	49.550	70.787
403.558	117.897	43.758	72.667
403.427	120.584	43.144	71.220
404.565	122.905	46.402	68.761
405.401	122.275	48.655	68.681
406.050	126.612	52.550	63.877
404.845	129.797	54.255	58.597
404.475	129.335	51.577	57.089
403.422	129.760	53.242	53.939
404.719	127.500	51.805	53.245
405.411	128.264	52.968	49.664
402.246	131.381	41.387	54.223
396.289	131.877	40.350	51.675
394.155	132.424	37.317	50.813
391.936	129.374	39.498	53.941
389.926	126.452	43.083	57.942
369.722	124.156	49.836	60.406
363.510	126.484	58.092	62.041
347.130	117.652	70.651	65.350
316.872	122.424	57.796	69.029
295.236	122.432	58.602	69.520
277.364	120.178	61.250	71.297
265.149	121.228	57.054	71.741
258.723	122.543	52.401	71.903
254.903	122.633	47.415	73.112
255.606	123.181	44.307	70.771
262.693	122.491	43.551	71.265
270.194	123.630	46.343	71.676
279.554	123.328	49.994	71.178
283.867	120.149	63.138	72.696
287.824	126.364	77.953	71.209
322.105	122.679	73.099	74.287
334.280	119.114	80.406	73.984
369.799	125.196	75.368	78.376
392.459	124.430	64.716	77.899
397.739	125.307	65.819	72.352
407.201	114.428	76.312	78.841
445.160	112.981	65.314	77.017
452.860	116.504	54.102	72.672
452.232	122.097	52.800	66.029
452.538	126.310	53.642	62.395
450.661	127.686	55.285	59.115
451.099	122.584	52.757	63.728
446.730	127.440	59.879	58.123
450.083	125.395	58.416	58.845
448.863	116.166	59.258	65.111
441.139	104.939	60.403	68.298
451.816	110.581	57.760	73.300
448.880	109.202	53.532	67.990
454.314	121.789	56.407	63.774
450.140	116.993	56.846	68.722
448.300	116.333	58.130	68.931
447.242	113.768	58.407	68.899
447.744	123.736	60.333	58.777
447.413	125.290	60.490	57.910
442.916	115.475	58.523	68.271
441.542	109.585	64.547	71.917
440.265	104.507	63.399	75.280
440.731	103.017	59.796	76.563
442.103	101.722	58.017	77.793
443.959	105.779	55.981	75.074
435.804	114.784	63.466	63.308
429.808	100.999	69.008	73.049
444.044	115.288	72.227	63.250
462.242	106.077	69.246	69.549
479.367	103.765	64.394	68.342
491.108	108.465	59.751	66.687
516.177	116.478	66.502	64.741
534.234	124.626	64.304	58.472
541.636	116.938	63.038	62.028
556.942	115.587	56.882	67.362
564.022	110.684	51.490	69.142
569.751	105.096	48.365	69.716
567.674	99.223	48.723	69.959
558.889	89.434	54.031	71.336
548.124	84.197	59.259	73.653
528.091	77.171	64.992	78.515
512.056	71.119	69.981	79.474
492.691	71.589	79.782	82.013
474.786	74.385	82.719	74.929
464.215	78.933	74.637	72.332
450.147	93.771	54.343	83.488
440.873	98.285	47.769	84.810
437.713	97.718	46.911	81.899
437.963	104.235	45.057	77.924
434.391	113.442	42.346	83.720
429.283	121.653	48.625	73.445
424.975	125.779	46.905	66.033
424.030	128.507	44.669	60.550
422.920	130.770	42.377	55.878
423.352	133.889	39.329	52.208
418.553	133.243	41.771	52.636
417.518	131.487	40.654	55.017
417.705	130.812	39.941	54.556
414.618	134.576	42.389	52.844
417.172	134.868	38.990	51.878
416.155	139.512	39.520	49.028
417.438	139.701	38.573	50.718
417.857	144.139	38.148	48.627
419.937	147.789	36.436	48.724
417.668	152.253	40.657	47.106
424.558	154.897	36.357	53.561
425.922	160.822	37.068	50.928
427.794	162.983	36.968	50.978
428.042	163.279	39.993	50.560
431.357	163.906	37.856	50.993
431.080	161.143	38.883	49.541
428.211	138.338	38.186	61.425
422.413	140.617	42.854	55.522
419.457	144.815	44.525	55.669
421.460	144.774	42.386	66.344
419.653	146.555	40.614	74.520
425.102	116.305	43.216	103.825
426.047	98.689	45.637	114.879
417.620	162.004	48.905	67.146
429.019	167.093	37.049	62.894
430.583	175.597	36.845	56.371
433.214	158.455	34.073	58.467
434.162	135.210	34.715	70.240
434.825	125.189	37.418	74.258
433.107	131.698	38.665	61.611
437.885	133.583	35.608	66.087
439.732	146.158	35.713	68.902
437.982	156.803	36.017	59.435
438.776	166.632	35.547	54.466
438.454	166.782	34.618	54.265
438.238	167.065	35.175	53.643
436.935	151.951	36.051	61.782
435.870	139.048	35.531	69.784
431.552	132.961	40.376	68.418
423.541	142.982	46.493	64.730
426.169	124.982	53.203	83.906
419.042	134.862	59.022	93.915
422.359	164.672	58.983	68.975
432.793	170.237	49.458	62.060
436.657	177.581	45.327	54.335
445.368	161.679	37.263	60.304
452.778	133.162	33.754	74.820
452.273	130.407	38.478	67.167
454.286	138.766	38.133	63.533
455.110	147.123	34.765	62.546
452.722	155.556	36.025	61.276
449.366	159.419	36.791	68.112
447.686	162.696	40.650	61.613
446.674	151.856	38.991	71.427
444.000	145.748	40.521	73.030
439.361	134.938	43.873	80.083
428.883	131.042	48.350	80.467
416.830	134.386	57.871	69.629
418.673	136.156	51.284	74.290
420.127	141.434	49.222	75.425
422.055	126.377	51.472	91.557
421.398	161.193	55.403	69.345
425.916	165.393	52.624	61.103
426.913	159.721	50.799	58.383
429.864	147.040	51.470	67.791
444.904	112.943	47.248	80.677
445.658	129.072	48.519	69.510
452.328	129.546	47.038	74.229
454.540	126.937	41.399	85.247
449.710	110.495	45.736	92.789
446.513	105.099	45.936	91.565
439.435	118.143	54.649	100.856
432.455	124.889	56.989	100.572
414.418	122.283	67.212	95.984
412.142	130.821	73.135	84.364
405.776	130.110	77.114	79.371
419.543	135.264	56.537	91.036
413.289	167.633	57.765	80.877
422.518	182.670	48.453	64.083
430.775	188.632	51.723	57.459
437.896	184.685	50.234	58.800
446.129	174.085	48.027	65.325
452.650	152.153	42.709	71.752
434.993	156.758	56.487	63.749
437.352	154.713	52.700	62.563
438.110	159.392	46.337	62.704
430.839	155.317	59.817	64.310
445.487	161.034	63.692	63.640
462.940	160.891	57.777	64.237
477.434	165.619	55.107	64.245
486.216	167.858	56.197	61.423
499.655	168.012	66.447	57.359
514.475	171.869	63.886	58.420
514.687	172.675	62.339	59.261
515.396	171.355	66.018	55.877
527.990	168.847	59.228	66.184
527.582	164.548	61.237	53.184
516.392	164.962	63.856	49.329
504.365	167.319	64.358	59.381
480.473	171.719	52.690	65.772
472.059	169.916	56.168	66.388
463.737	154.410	59.526	72.789
442.818	136.070	61.790	66.186
442.274	131.409	62.203	60.907
450.442	126.447	59.083	63.659
453.626	121.741	55.259	63.039
459.327	119.225	65.354	58.906
474.945	119.793	59.717	71.334
470.486	137.094	68.049	69.540
468.387	158.166	55.351	57.482
468.618	164.216	57.933	55.964
485.134	182.780	50.230	65.478
488.309	207.355	55.844	62.853
477.370	223.904	57.439	57.593
471.840	234.528	56.233	56.542
470.179	242.408	57.118	54.989
464.347	242.703	56.486	58.853
463.565	239.692	54.270	64.138
462.907	233.613	52.624	67.381
462.672	225.093	49.028	71.884
458.973	214.546	51.264	67.181
455.088	174.826	54.192	63.761
454.853	144.201	48.057	70.160
448.496	121.484	45.236	79.449
436.046	117.488	50.686	76.721
431.597	109.123	50.055	82.573
390.504	110.206	63.953	85.267
387.208	106.365	63.103	89.320
387.181	100.435	66.059	93.273
379.470	97.086	70.132	92.139
396.147	112.539	58.686	90.289
366.442	101.788	64.791	92.052
371.124	113.931	75.118	83.127
384.349	132.677	77.692	69.361
349.231	140.944	86.247	62.399
345.290	140.845	79.924	67.790
376.852	141.620	79.162	71.336
374.955	150.422	76.132	68.426
380.717	157.732	76.123	67.760
385.994	153.570	64.408	68.146
394.394	159.363	60.027	65.168
399.010	167.871	62.528	64.836
401.428	167.707	63.136	68.086
397.694	169.135	70.135	69.137
393.957	178.616	75.648	64.693
414.675	187.513	61.106	58.660
417.933	189.510	68.989	55.967
415.713	199.575	71.597	56.051
416.524	201.817	65.502	64.936
416.007	199.748	69.334	75.319
406.345	210.386	76.530	81.410
381.499	267.160	71.186	88.254
371.526	278.787	72.581	89.606
367.753	273.078	81.892	83.810
341.682	292.640	90.480	77.822
318.384	305.635	97.113	75.340
307.672	312.639	83.054	77.895
326.607	258.870	89.685	109.199
401.893	260.922	97.842	85.585
401.720	262.393	89.554	81.276
406.540	270.760	83.050	74.897
403.398	287.040	84.834	69.841
405.477	299.973	87.704	76.251
410.920	307.529	90.160	79.272
448.026	365.723	79.006	69.225
465.973	369.174	63.050	67.796
457.769	342.512	78.465	77.106
458.045	344.173	78.088	70.862
455.920	342.930	77.769	65.265
430.185	297.275	89.147	91.344
424.043	257.831	83.056	105.050
411.562	262.158	96.456	94.331
366.239	283.439	112.246	101.815
349.242	285.339	102.750	97.728
381.490	246.210	86.850	112.290
362.766	271.801	98.572	89.676
400.845	240.124	107.024	95.163
395.203	216.818	97.857	96.290
392.677	205.761	86.593	103.035
403.043	201.288	89.973	95.792
405.281	188.661	105.896	94.921
407.071	178.619	79.848	102.656
421.903	197.433	80.426	78.965
412.692	190.374	72.450	87.246
397.626	185.109	56.132	83.696
397.457	188.162	53.841	77.513
403.054	187.664	49.047	76.549
401.055	189.497	47.254	77.127
401.033	194.022	49.010	73.696
403.368	197.880	47.662	72.388
403.068	200.171	47.262	70.780
406.376	201.082	45.704	66.353
410.395	203.838	42.869	65.803
412.826	205.726	41.537	68.354
410.671	209.448	41.847	69.548
444.958	223.508	43.423	69.991
443.126	227.201	47.844	68.755
444.695	227.437	42.923	70.842
434.845	240.090	48.999	67.790
428.325	242.832	48.904	61.604
422.086	241.319	46.020	59.606
421.852	239.621	41.750	57.875
416.253	236.225	43.213	58.186
413.016	229.415	45.642	61.029
413.312	222.696	42.356	66.781
408.650	220.002	45.770	69.313
409.374	215.751	44.774	70.663
410.473	210.725	44.349	73.228
405.791	202.136	48.601	78.951
400.943	203.688	53.542	77.239
359.412	192.980	50.560	78.473
399.077	203.848	60.125	77.814
378.170	198.659	81.678	82.102
381.811	196.924	84.500	83.029
345.859	185.173	59.042	83.628
346.167	189.307	54.305	75.331
344.515	195.334	51.151	65.973
344.837	200.820	49.260	60.008
341.215	200.967	49.160	58.791
338.961	199.097	48.139	57.185
340.609	197.145	45.218	62.166
342.527	195.971	45.408	62.932
344.016	192.632	44.688	66.813
346.403	191.908	48.555	65.666
337.199	188.049	58.417	70.975
333.048	202.380	69.627	58.377
330.531	205.905	74.783	51.017
319.639	213.839	86.678	47.760
304.953	220.212	73.892	58.653
308.989	224.299	58.770	71.500
298.063	223.070	59.550	75.329
282.366	226.734	66.255	77.214
267.178	229.741	78.945	67.863
263.601	238.035	85.915	49.204
263.568	243.065	88.578	45.501
269.065	248.555	89.215	46.997
281.547	252.624	81.955	56.493
311.145	249.852	70.221	66.868
324.129	242.683	72.774	73.836
353.281	235.358	61.622	83.298
337.538	216.414	78.854	62.933
325.269	208.719	91.635	51.833
311.526	201.226	87.678	53.769
312.425	187.022	74.991	69.211
313.343	182.480	67.442	81.564
309.997	186.552	68.730	79.553
307.533	186.781	73.826	77.493
303.219	221.531	87.747	56.462
287.205	228.913	97.051	57.863
294.102	237.920	95.163	63.777
332.301	243.062	82.251	62.110
331.187	246.043	75.325	63.146
347.634	248.639	56.183	69.395
343.056	250.818	65.275	70.044
337.084	251.653	68.077	71.464
320.346	246.722	85.290	58.038
315.609	235.427	82.431	60.312
327.163	218.948	76.004	70.520
343.898	209.811	55.896	73.711
361.679	209.815	53.251	72.379
359.984	210.065	59.286	67.966
358.861	220.741	73.267	61.357
355.169	242.222	83.671	62.440
306.173	257.215	71.625	65.298
301.444	255.130	60.371	83.441
278.313	262.576	60.468	85.392
255.203	270.098	78.471	76.117
241.112	267.531	84.539	66.605
233.564	270.526	95.029	54.552
230.816	273.478	98.314	50.308
237.589	276.205	91.650	53.783
265.430	276.744	74.070	65.524
284.155	274.560	92.945	72.570
305.313	264.812	82.733	87.010
302.103	236.427	93.792	74.002
280.463	228.310	119.577	58.480
266.232	224.521	122.512	56.216
264.060	216.148	99.712	61.344
270.530	202.955	67.226	82.810
261.726	204.790	64.651	78.020
240.343	223.524	92.273	64.335
246.813	234.358	100.002	68.819
260.723	243.375	96.217	70.585
267.298	250.122	91.953	69.406
269.626	255.699	79.645	81.388
265.362	260.637	73.077	85.687
263.230	259.077	74.724	86.235
256.538	252.182	97.662	87.096
248.993	246.084	104.862	70.599
261.703	237.064	108.747	73.334
272.310	220.852	89.225	67.802
286.328	219.616	73.735	61.519
300.766	214.639	59.451	69.094
307.625	213.219	55.246	71.426
299.149	227.228	68.222	65.325
301.367	239.431	77.967	62.205
299.358	245.843	78.064	66.590
274.864	255.634	91.911	71.414
249.953	265.406	79.006	84.966
247.742	279.100	84.364	87.389
243.934	275.569	63.309	93.996
234.694	276.443	61.131	92.089
223.841	284.681	77.192	81.623
219.083	294.852	80.339	70.080
220.156	301.426	89.053	61.625
225.878	297.091	97.119	68.389
257.274	285.768	91.653	79.766
285.251	283.006	111.019	88.022
302.886	271.630	95.128	98.382
