11.000	211.000	82.000	44.000
11.788	210.556	82.064	45.207
9.915	208.710	83.367	45.089
5.593	209.069	82.978	42.011
2.486	208.537	84.272	42.391
2.767	207.932	80.641	42.848
1.388	207.102	80.198	43.970
2.371	207.431	76.826	43.919
1.542	207.240	68.204	43.595
2.202	208.786	65.117	40.077
0.070	205.372	61.935	42.833
0.279	205.403	57.879	43.051
0.241	203.497	53.618	45.112
0.425	203.190	53.499	47.220
0.000	202.577	46.345	50.935
0.000	205.324	45.070	49.350
0.000	208.795	46.470	46.095
0.088	212.167	51.228	47.066
0.000	212.564	48.899	47.514
0.000	208.499	47.552	49.665
0.000	205.004	53.496	50.745
0.000	199.117	54.678	53.513
0.000	199.283	60.195	49.250
0.000	196.369	65.293	50.381
11.268	196.465	88.615	53.760
4.236	196.365	86.852	60.208
4.795	199.636	80.951	58.461
3.813	201.712	79.875	60.302
4.713	202.569	72.750	60.415
3.150	202.259	69.498	59.582
1.327	205.730	86.874	54.806
0.000	203.728	79.210	52.790
0.000	205.486	84.687	51.023
3.149	203.150	76.196	53.212
3.404	204.652	78.152	52.809
3.366	205.399	72.067	51.680
1.382	203.476	67.838	54.120
3.003	201.185	73.815	56.694
3.180	200.905	74.764	58.686
0.000	204.487	70.830	57.748
0.518	203.057	71.196	57.684
1.418	206.510	65.073	56.328
2.781	209.230	62.895	52.908
3.285	210.480	61.642	50.028
0.923	213.104	53.407	48.317
0.934	212.344	53.974	50.469
0.000	213.374	51.358	50.282
0.168	217.708	52.581	46.335
0.252	217.942	53.043	48.206
1.000	222.774	56.954	56.156
0.631	224.015	55.117	52.150
0.458	228.950	52.689	48.075
0.726	229.405	42.998	46.400
0.000	228.205	38.360	45.668
0.637	227.942	43.808	45.211
0.475	225.507	42.215	41.978
0.023	227.142	41.739	43.575
0.000	228.698	43.398	42.178
0.000	229.537	42.850	42.518
0.000	228.365	42.753	42.682
0.000	228.851	43.362	43.204
0.000	228.897	43.530	40.714
0.343	229.578	41.247	40.827
0.009	227.978	38.742	42.450
0.101	233.133	37.776	42.881
0.453	231.955	39.134	45.880
0.241	236.324	41.175	44.528
0.210	237.700	41.080	42.802
0.261	236.290	41.693	44.673
0.127	237.563	38.301	42.537
0.607	235.791	36.519	43.042
0.644	233.859	35.766	43.721
0.994	232.669	36.939	43.868
0.229	236.611	40.993	40.521
0.303	241.746	44.584	40.479
0.000	238.623	46.214	43.721
0.000	240.429	47.003	44.071
0.213	240.700	47.323	44.909
0.217	237.343	48.146	47.866
0.158	240.043	48.213	45.159
0.000	239.809	48.459	45.728
0.026	244.683	50.361	46.417
0.000	248.092	45.393	49.396
0.000	253.060	48.084	47.247
0.010	254.690	43.482	46.480
0.000	253.131	43.387	47.108
0.142	253.272	45.301	47.400
0.000	249.915	47.170	48.399
0.127	247.372	47.295	49.794
0.000	246.352	43.787	47.906
0.000	247.683	47.451	48.857
0.000	245.463	44.754	48.528
0.000	245.348	37.996	52.441
0.000	244.739	40.395	51.694
0.000	243.781	42.572	50.774
0.000	246.278	40.528	48.030
0.175	247.939	38.149	45.926
0.167	248.170	36.293	43.626
0.000	249.363	37.546	41.618
0.001	249.937	39.136	40.765
0.310	246.442	37.273	43.565
0.523	245.802	39.061	43.133
0.403	244.021	41.144	43.659
0.630	242.263	42.949	45.248
0.471	241.450	48.107	42.593
0.000	242.606	53.843	41.025
0.049	241.618	54.772	38.820
0.000	239.865	46.868	38.814
0.000	245.636	43.992	35.968
0.000	243.172	38.854	36.113
0.000	244.251	41.482	39.599
0.000	249.014	48.566	43.653
0.000	244.025	54.675	44.785
0.000	236.602	48.744	48.745
1.268	238.225	47.907	50.123
1.056	238.987	49.940	50.111
1.265	235.295	50.502	48.003
1.480	235.781	52.564	44.148
0.443	236.151	53.378	40.827
1.055	234.936	51.751	37.688
0.000	232.837	50.929	40.482
0.000	227.134	48.583	45.981
0.414	227.894	46.188	46.025
0.309	230.873	42.086	42.569
0.285	233.675	41.617	41.680
0.051	235.525	44.362	39.000
0.152	234.603	43.815	37.480
0.134	234.602	43.046	37.912
0.000	232.126	43.523	37.969
0.000	232.167	44.931	39.213
0.000	231.173	46.141	40.753
0.000	229.673	46.341	46.933
0.000	228.646	46.773	48.091
0.000	232.770	45.572	52.706
5.159	226.124	70.782	51.496
0.000	214.631	69.783	55.804
0.000	216.164	65.933	59.364
0.200	219.940	67.480	61.056
0.000	213.857	58.395	67.824
0.000	212.507	57.014	69.843
0.000	213.398	51.663	70.788
0.000	211.659	49.082	68.150
0.000	207.927	50.435	72.554
0.000	211.995	45.788	68.917
0.000	217.870	43.000	59.976
1.019	214.154	42.732	58.741
0.348	220.188	40.828	57.645
0.773	223.010	44.878	56.086
0.219	223.644	43.855	56.811
0.000	223.411	42.488	57.140
0.251	227.919	43.268	54.585
0.000	226.543	43.019	56.538
0.000	228.694	45.585	52.241
0.122	231.744	46.738	49.645
0.109	226.842	48.586	50.148
0.047	226.563	49.626	49.277
0.465	226.474	51.160	48.179
0.533	225.731	54.179	47.712
0.543	224.063	58.040	49.794
0.000	221.398	62.706	53.420
0.087	220.115	62.835	52.269
0.104	221.599	63.829	49.185
0.299	220.768	62.012	51.662
0.000	223.303	60.827	51.466
0.101	222.436	58.550	51.495
0.592	224.524	59.314	53.103
0.638	226.576	60.004	54.180
0.000	228.367	64.528	55.040
0.000	228.688	69.293	53.691
2.126	219.824	77.908	62.971
1.051	221.913	85.974	62.675
2.346	224.386	90.138	59.499
0.702	228.927	96.724	60.335
0.395	229.399	99.670	63.229
1.505	233.499	105.594	62.986
0.436	238.378	107.899	60.547
2.817	240.269	105.215	57.975
4.509	239.232	103.855	58.628
6.162	240.923	107.072	58.241
4.316	240.504	109.008	59.271
3.204	242.900	110.905	58.730
6.765	238.417	107.778	64.108
4.409	235.640	111.618	67.486
4.566	232.950	116.241	72.183
15.572	236.851	120.792	64.626
16.722	237.537	123.046	63.838
22.436	238.684	123.264	61.746
29.140	234.208	119.167	64.454
36.214	229.878	115.882	67.199
35.547	232.933	117.606	66.066
32.426	231.646	121.917	66.345
27.595	233.429	123.851	67.371
25.852	233.181	126.369	67.732
21.342	232.112	130.914	70.876
24.543	238.781	131.113	67.263
21.212	236.457	140.635	70.797
12.644	236.401	153.821	73.763
0.000	241.577	170.518	73.773
33.298	246.737	149.585	63.890
29.092	247.522	162.638	64.094
37.907	245.644	153.291	62.872
19.763	242.974	173.154	66.245
66.711	240.444	137.303	64.410
13.993	233.516	177.881	73.446
5.307	227.049	164.484	77.878
0.000	222.783	160.929	79.528
4.150	220.392	161.192	82.031
1.027	218.949	165.485	82.065
0.000	218.903	159.466	82.060
0.000	217.631	159.715	80.185
0.000	216.055	182.765	84.465
19.093	205.504	267.139	80.339
34.989	215.239	343.115	102.259
23.981	213.487	343.807	107.031
20.788	212.064	337.563	108.757
16.887	210.362	338.809	111.027
18.999	209.889	336.293	110.786
11.067	209.598	341.305	110.026
11.539	209.781	337.937	111.479
5.210	209.510	340.929	112.932
0.000	207.540	341.311	119.471
0.000	206.906	334.016	119.977
0.000	204.947	324.597	122.777
0.000	202.497	313.790	122.112
0.000	200.548	305.317	121.295
0.000	196.460	299.371	121.017
0.000	199.626	301.105	116.295
0.000	198.800	290.388	117.382
0.000	198.037	276.787	118.897
0.000	201.347	269.834	114.671
0.000	200.740	259.207	115.601
0.000	202.394	256.548	114.557
0.000	201.095	251.865	116.072
0.000	198.342	247.098	117.397
0.000	199.095	236.721	115.162
0.000	203.422	228.818	111.542
0.000	205.663	221.000	111.182
0.000	209.468	213.126	110.863
0.000	212.856	200.418	108.677
0.000	215.929	186.766	106.909
0.000	222.136	167.795	100.749
0.000	224.040	153.449	98.496
0.000	234.689	140.734	89.123
0.000	237.086	129.767	90.697
0.000	241.550	117.569	91.266
0.000	255.776	107.430	82.079
0.000	255.726	98.383	84.462
0.000	256.414	90.067	83.345
0.000	258.879	83.386	80.198
0.000	262.245	74.184	76.138
0.000	265.811	64.960	73.871
0.000	268.150	50.303	71.983
0.000	274.933	41.134	68.723
0.087	280.847	39.884	64.880
1.643	279.732	37.776	71.206
0.000	275.181	35.420	86.199
0.000	282.538	52.432	85.191
0.000	286.565	43.277	104.651
0.000	290.263	57.495	102.101
0.000	294.107	58.851	125.377
0.000	304.110	69.227	126.328
64.103	270.107	153.663	85.208
159.949	239.434	237.814	103.487
94.144	249.274	348.401	109.554
87.075	255.342	379.805	109.051
95.017	258.227	380.218	110.065
103.596	258.662	371.333	110.022
110.805	256.518	368.707	112.513
117.710	257.283	372.378	113.322
126.053	259.035	366.526	113.639
136.678	263.606	368.489	112.608
146.525	265.165	369.234	114.899
159.780	270.795	373.976	110.280
155.539	272.988	374.494	111.879
157.637	272.905	374.644	113.403
166.401	271.835	379.151	114.900
167.754	268.581	385.035	112.788
167.992	261.075	382.213	113.427
161.797	250.660	373.839	114.588
160.725	244.371	373.653	110.455
166.298	233.967	363.663	111.956
163.063	229.893	363.535	114.179
148.342	227.882	406.600	116.888
143.868	232.286	402.220	116.268
143.148	237.093	401.789	119.241
131.464	244.309	387.828	124.819
124.565	243.739	358.397	131.528
121.583	243.974	334.261	130.483
112.069	243.911	318.674	129.448
114.503	242.690	319.591	128.547
114.493	245.250	350.681	126.529
117.597	242.599	395.856	130.063
120.254	237.588	407.636	134.904
128.644	244.643	422.207	125.705
140.086	242.197	412.913	117.942
157.561	234.712	411.367	125.939
155.389	233.505	426.259	124.179
120.156	238.349	464.288	118.566
141.685	240.068	498.481	114.833
80.904	233.056	531.177	127.049
132.497	234.922	476.211	133.657
143.294	233.176	448.464	133.777
152.630	233.739	448.627	130.947
147.755	233.373	437.932	131.966
148.805	232.510	450.595	133.730
163.126	231.234	439.577	132.447
158.158	231.276	442.781	132.122
159.003	234.898	434.343	129.208
160.633	239.270	428.939	128.247
167.001	241.152	432.018	130.115
173.161	245.719	435.445	128.538
178.235	243.975	429.698	132.670
175.838	243.304	431.548	132.022
165.589	247.122	431.753	127.922
141.045	246.127	441.606	125.956
114.062	240.073	448.489	129.558
107.172	240.652	445.204	128.683
118.993	240.940	424.306	125.579
122.892	241.488	420.394	127.702
120.614	241.315	422.288	130.643
108.299	244.390	424.854	126.762
136.905	245.285	404.868	127.836
133.756	246.505	419.532	124.616
140.991	247.527	419.049	125.597
150.468	248.370	415.377	126.899
150.538	252.001	405.352	124.586
154.654	251.430	402.507	127.169
157.131	252.795	404.588	126.150
163.143	252.625	403.145	127.082
169.431	249.524	410.763	130.123
174.334	244.749	395.931	129.553
173.433	238.860	400.340	141.688
176.521	239.988	399.213	138.776
180.309	238.160	399.595	138.045
180.501	240.863	399.650	135.067
180.982	240.412	393.157	134.672
185.760	243.843	381.583	131.072
185.519	244.003	384.653	127.768
190.739	241.388	363.264	132.622
192.584	240.132	364.649	134.036
189.238	231.636	383.122	145.100
186.417	237.323	373.973	140.110
200.294	237.311	368.034	142.221
208.070	245.155	359.372	134.895
215.373	249.636	338.005	134.884
207.433	253.107	358.325	133.048
201.453	254.131	373.167	134.690
201.951	261.020	372.187	124.691
210.879	262.856	357.229	122.094
216.740	261.770	367.111	119.585
203.951	260.335	366.623	124.344
215.510	266.956	355.384	117.682
222.116	262.272	352.265	124.756
223.184	269.370	351.029	121.765
250.561	280.382	328.154	110.397
259.506	280.962	317.119	112.854
250.368	281.411	326.647	107.736
246.735	276.187	333.763	109.456
245.015	271.794	326.168	109.456
247.832	271.698	314.024	107.571
257.072	266.599	297.373	114.410
249.800	272.560	291.641	111.742
239.341	278.441	303.309	111.051
234.819	285.502	296.830	108.241
229.742	288.911	294.979	105.697
231.655	292.168	302.142	103.004
240.702	289.341	303.507	101.473
250.980	284.924	292.478	102.313
250.376	277.797	296.027	103.909
253.448	278.247	294.204	100.211
251.915	276.694	294.280	101.468
256.234	279.975	287.024	97.947
258.537	280.646	285.476	97.223
263.151	280.588	279.369	93.791
266.030	279.537	274.469	92.627
271.597	277.761	266.214	93.458
277.180	280.214	258.245	93.721
267.262	284.868	248.168	93.364
272.129	287.280	253.211	95.853
267.081	291.517	268.038	91.982
279.486	291.993	246.017	90.885
300.994	290.560	233.861	90.339
292.348	287.126	241.558	94.574
289.673	284.938	251.337	98.087
292.251	284.311	247.562	99.256
289.448	280.503	242.297	102.961
287.828	283.192	244.179	98.530
291.951	287.511	246.440	89.979
297.242	286.581	238.869	86.160
293.178	287.523	237.981	88.602
295.209	286.033	223.750	91.482
280.296	286.592	233.210	91.152
280.191	285.430	229.341	90.411
295.101	286.890	213.074	86.342
287.708	283.776	220.832	88.528
292.448	284.295	213.524	91.896
292.728	283.668	223.486	88.903
290.830	285.619	235.465	86.262
290.891	286.894	255.890	80.433
300.704	287.888	240.645	74.203
298.810	289.660	245.498	68.103
316.004	289.237	248.404	65.963
331.076	286.715	244.792	66.860
343.556	285.737	238.781	66.351
365.177	286.360	232.502	66.281
385.447	283.565	234.625	70.222
380.542	280.288	223.164	68.103
399.776	278.284	207.833	70.335
400.961	273.241	202.924	74.472
408.255	273.828	198.960	76.611
424.425	269.331	181.577	82.137
432.379	271.386	175.517	83.350
435.673	271.224	175.644	78.780
438.103	271.230	173.154	78.183
442.398	268.858	164.670	77.610
444.919	268.231	157.632	79.224
443.565	272.053	159.988	76.086
445.222	271.626	154.101	77.700
461.232	273.114	164.322	76.979
470.011	273.784	166.561	79.628
474.902	276.664	155.823	77.453
464.181	279.146	165.618	76.719
461.228	279.606	168.935	74.975
467.616	278.678	179.350	74.536
479.766	278.448	168.208	74.883
480.088	270.113	167.666	83.161
482.160	256.515	170.064	85.766
492.899	257.038	163.984	81.107
492.652	255.880	164.317	76.540
497.793	258.996	157.060	76.346
494.894	262.861	162.170	77.459
479.393	268.312	184.578	79.001
451.191	265.925	196.357	85.986
587.330	259.522	189.872	84.128
439.238	260.842	199.698	87.017
460.289	259.486	215.480	84.173
416.899	266.147	215.183	79.796
423.639	263.231	220.515	74.952
463.791	262.051	195.252	80.020
442.911	270.785	183.307	76.224
460.122	269.341	163.027	73.478
456.113	266.299	163.290	72.744
469.930	265.006	167.353	72.600
439.416	265.991	175.049	74.289
422.959	267.738	173.805	69.294
472.762	262.761	144.310	72.999
452.744	269.389	145.832	68.319
450.399	270.405	147.463	68.990
458.377	267.694	141.447	70.789
457.677	264.086	144.728	73.906
450.020	256.995	143.212	75.108
447.444	254.246	140.254	76.750
440.121	252.828	136.467	73.809
431.479	252.505	139.335	71.744
428.490	251.600	142.862	72.063
422.458	253.366	145.730	72.396
415.306	253.353	151.932	75.441
414.631	253.835	155.836	76.632
406.509	249.976	148.345	82.739
399.556	248.540	151.908	80.673
393.996	245.249	150.723	82.735
401.522	239.052	152.461	87.027
382.173	238.881	152.941	78.824
395.743	236.725	153.925	75.405
385.945	240.447	167.280	75.116
386.396	237.579	151.237	78.415
400.502	241.144	145.589	79.305
392.312	240.257	142.790	79.467
400.562	234.488	138.790	74.329
406.946	234.619	126.344	71.857
404.837	233.664	125.665	71.429
368.873	237.276	147.064	77.730
331.850	239.190	153.691	85.083
324.777	244.800	147.547	80.320
322.741	247.283	136.445	82.827
338.647	247.268	120.167	76.720
353.514	249.205	131.705	71.511
360.140	252.550	142.380	75.648
374.519	255.124	139.753	73.020
380.312	260.794	142.835	73.839
388.409	268.462	142.780	63.675
408.135	266.845	127.898	69.054
400.232	261.190	132.312	70.878
397.388	253.093	136.296	72.389
403.727	254.757	127.449	78.673
392.822	249.250	141.392	69.340
393.271	258.418	143.415	60.577
388.704	257.698	148.592	63.753
400.434	255.336	143.491	71.039
390.536	253.619	148.437	74.959
388.366	262.025	149.873	66.935
400.471	261.887	131.928	70.033
394.743	253.617	137.080	74.087
421.114	260.640	134.484	66.277
374.184	240.810	117.033	77.686
445.119	250.214	116.891	69.095
442.290	254.373	106.403	64.278
447.304	249.181	112.505	65.655
417.794	247.391	100.154	77.921
366.918	241.723	78.422	75.019
378.338	245.284	87.464	65.919
367.951	239.584	96.306	62.730
373.834	229.375	95.071	72.698
380.711	234.045	83.967	77.375
378.770	235.548	87.560	68.651
517.733	238.939	61.262	54.574
516.469	243.045	97.476	47.312
512.278	243.814	102.756	49.064
515.997	243.610	95.618	49.716
517.093	245.241	94.986	48.853
517.333	245.733	97.923	48.664
520.005	252.244	105.456	45.717
517.948	243.666	104.137	52.923
514.316	245.516	99.672	51.845
517.313	240.441	108.028	53.865
512.408	244.651	108.795	50.470
508.556	245.713	103.568	48.647
507.813	244.680	109.890	51.933
521.879	240.985	111.039	54.786
521.924	238.665	118.794	59.356
504.359	236.980	129.788	57.326
512.103	239.130	122.078	52.673
503.758	236.230	119.167	55.860
499.972	237.070	113.884	53.858
488.266	234.517	115.646	59.124
494.554	243.148	110.642	54.101
490.006	239.973	115.769	59.329
482.155	235.299	120.508	64.962
490.698	236.072	116.314	63.391
460.816	229.676	135.391	69.569
504.198	232.800	116.184	62.892
502.928	223.582	102.447	63.790
509.539	222.374	111.643	59.443
513.844	219.622	119.312	58.461
513.376	216.506	115.938	59.158
511.845	215.574	113.506	58.527
508.081	211.475	100.579	63.816
503.516	213.124	102.958	56.582
504.065	212.250	100.990	55.185
505.848	211.674	93.071	57.797
503.682	203.520	90.541	62.100
499.874	205.472	95.074	53.946
503.604	204.926	89.886	52.135
500.265	203.930	93.514	54.448
502.553	203.833	94.544	50.901
497.638	196.125	93.327	58.613
504.736	188.853	88.065	56.958
503.568	192.144	87.498	54.540
503.314	193.066	90.024	50.420
499.548	194.629	90.714	50.777
495.707	191.231	99.175	51.706
487.003	187.491	104.448	55.224
493.697	188.864	104.029	53.371
486.524	186.183	101.593	53.688
484.720	183.048	97.522	55.891
490.109	183.732	100.712	53.174
488.474	181.868	101.211	53.067
483.056	182.096	103.565	52.394
475.370	180.941	109.058	52.895
467.264	179.289	121.586	56.368
481.836	179.716	125.563	51.760
487.672	179.388	109.291	59.494
461.778	164.281	127.525	66.101
448.429	163.303	141.269	62.578
435.159	158.944	144.160	72.413
454.269	158.059	147.085	65.329
447.519	161.195	140.824	63.346
453.853	155.437	136.899	64.255
327.935	156.089	99.065	74.716
343.818	158.549	97.429	71.024
335.150	157.959	93.598	72.616
347.155	154.697	98.767	75.018
312.602	143.737	128.513	78.233
252.721	125.006	164.100	86.566
248.574	133.543	161.663	71.853
256.220	134.901	157.314	67.143
228.670	148.265	136.580	90.642
339.044	136.880	106.939	82.711
321.801	144.105	93.363	70.955
223.174	143.881	99.275	70.678
215.732	154.599	86.963	68.316
220.830	147.076	87.886	75.828
210.879	147.851	91.390	73.194
206.943	157.857	102.040	72.974
206.825	162.389	94.829	77.688
214.005	156.371	97.071	80.765
219.065	160.245	94.304	83.687
227.682	156.941	89.687	88.230
229.695	152.158	92.720	94.455
222.059	149.551	99.119	84.176
222.837	150.221	90.103	87.718
220.366	151.869	92.405	85.625
202.667	150.293	97.708	80.967
198.579	145.738	106.671	78.925
200.912	148.755	103.382	72.591
202.656	152.140	103.756	72.643
203.166	152.276	103.524	70.754
219.400	142.244	96.444	81.790
219.828	153.314	104.790	63.065
224.930	147.026	101.644	69.961
219.935	151.141	105.168	58.416
223.901	149.047	103.554	57.122
