484.000	330.000	21.000	42.000
486.694	324.022	22.765	44.525
487.518	319.762	24.123	45.223
489.271	317.646	22.580	44.481
489.412	316.545	23.083	42.961
490.002	315.241	23.127	43.730
492.492	310.112	23.356	44.890
495.178	307.442	22.807	44.922
497.278	305.108	23.895	45.512
499.920	303.945	24.621	44.374
502.822	303.586	25.013	44.029
509.339	303.604	24.909	43.475
512.170	304.103	25.992	42.841
514.995	304.446	26.618	43.802
517.357	305.348	27.189	44.211
519.785	306.623	26.521	45.029
521.145	307.606	26.082	46.068
521.702	308.474	24.861	46.753
521.802	309.532	25.100	46.327
523.254	309.932	24.213	46.294
525.906	310.674	23.067	45.517
531.239	310.219	23.738	44.976
534.852	309.592	24.317	44.412
540.371	308.451	23.314	44.012
545.979	307.154	24.402	43.274
551.450	304.894	24.348	43.485
563.383	298.883	26.517	46.337
569.247	295.909	26.843	45.748
575.153	293.262	27.031	46.289
580.963	289.267	28.852	47.703
589.429	286.466	30.396	46.584
613.980	279.245	29.548	45.780
628.060	276.292	27.945	45.700
640.231	275.191	28.580	45.500
652.474	273.823	27.054	45.007
666.669	273.551	25.906	44.735
709.863	279.173	28.886	43.941
734.348	280.697	27.531	44.432
754.034	282.201	27.404	42.589
763.588	280.956	28.122	43.269
767.002	279.867	26.877	43.713
765.006	279.462	27.071	44.093
747.122	289.415	28.117	45.980
738.556	291.022	27.373	45.268
726.215	286.172	27.831	45.521
712.687	282.142	26.574	44.078
688.884	280.521	26.724	44.250
681.102	280.484	25.030	44.036
675.713	279.533	25.393	44.635
673.185	278.026	25.024	44.422
670.321	276.906	25.608	45.570
663.096	276.558	26.842	43.798
660.745	276.607	26.364	43.423
657.266	277.023	26.325	43.943
652.068	277.492	26.350	45.165
646.441	277.735	25.959	45.381
641.957	279.102	25.079	45.119
637.232	281.571	25.793	44.440
637.287	280.543	25.135	48.817
638.304	281.709	26.726	47.964
642.611	282.928	25.171	48.044
650.830	284.469	26.163	44.558
654.387	284.483	26.551	45.345
658.984	284.552	25.884	44.301
663.557	283.724	26.097	44.443
667.744	282.793	25.840	43.040
675.591	281.270	24.986	41.621
677.516	279.844	25.774	42.668
680.132	278.385	25.606	42.488
683.547	276.941	24.803	43.230
687.861	276.033	24.497	43.158
693.405	275.819	24.447	42.582
700.814	277.354	26.389	41.299
701.712	277.015	24.960	42.591
702.255	276.697	24.272	43.300
700.410	274.069	23.650	43.925
699.212	272.792	23.670	43.827
704.952	270.564	26.510	42.895
714.531	269.261	26.255	43.519
724.967	269.235	27.038	41.049
737.856	268.690	27.354	42.044
753.896	263.316	25.247	42.727
772.600	244.751	26.409	46.222
778.914	233.534	26.532	48.716
778.283	225.619	26.531	48.539
776.146	223.893	26.056	48.279
774.594	218.541	26.709	49.492
773.309	227.132	31.969	50.538
780.111	227.471	33.593	51.692
790.217	236.810	33.780	53.680
795.866	242.670	34.671	54.669
804.915	251.508	33.143	58.338
804.354	275.182	31.962	55.722
794.853	283.655	31.953	49.836
786.792	284.636	33.418	50.653
772.737	285.269	36.589	46.628
758.021	280.448	33.415	49.075
741.093	297.062	29.400	40.861
743.716	296.328	27.805	41.957
748.247	293.693	30.525	46.230
753.977	287.365	31.371	51.166
756.642	284.143	31.960	50.318
765.838	288.859	28.918	46.337
763.634	265.519	33.719	50.310
756.189	258.443	40.039	61.931
769.892	236.180	36.622	76.786
778.621	244.264	34.380	64.387
785.398	228.847	32.193	59.945
790.644	212.970	30.978	55.890
792.678	221.854	32.592	55.603
798.888	222.058	32.936	62.112
807.213	205.674	37.919	75.119
815.888	184.684	50.081	99.291
794.171	164.908	68.678	98.028
798.572	143.262	80.449	111.374
844.557	122.054	63.554	112.197
874.951	140.751	59.260	102.477
884.857	152.580	57.748	121.371
907.579	174.031	48.125	104.719
921.021	203.417	36.571	71.173
920.416	207.956	29.151	51.557
912.898	209.038	27.146	45.927
908.913	207.600	28.432	42.737
900.743	206.187	32.826	43.055
890.740	203.193	32.477	45.384
877.321	207.197	34.011	44.176
867.212	208.682	31.778	42.592
850.553	207.367	32.982	43.268
843.026	204.911	31.806	43.535
835.880	204.332	31.351	42.414
831.113	205.057	30.064	39.862
824.640	206.352	27.331	38.987
812.835	204.630	30.155	38.980
802.621	194.616	40.618	44.132
806.887	188.737	37.894	59.298
800.800	194.972	42.108	70.123
802.386	211.843	41.647	61.044
804.966	213.227	40.297	57.265
811.595	213.106	43.136	60.339
807.794	219.517	41.367	61.319
815.091	220.072	33.772	62.461
821.337	224.783	34.586	58.454
827.508	227.244	33.041	54.956
829.205	225.275	33.016	54.107
829.745	224.960	32.854	54.414
832.256	224.881	31.325	53.067
833.388	225.306	33.037	52.288
841.578	221.052	29.742	48.976
844.212	220.192	30.567	49.542
852.384	218.435	29.933	49.478
860.320	218.083	30.365	51.518
869.161	217.747	31.265	51.130
888.656	217.101	31.162	53.213
897.597	216.955	33.343	54.222
907.481	219.426	33.481	52.325
916.504	219.798	32.701	54.287
923.330	220.721	30.130	56.507
931.170	221.954	26.657	55.915
934.939	221.660	24.117	54.023
936.749	222.090	23.088	53.128
938.698	221.871	21.196	52.031
941.332	222.074	18.668	51.012
943.010	224.592	16.766	53.679
941.054	226.254	18.890	54.764
937.065	228.219	22.442	51.296
932.429	227.573	27.078	47.698
925.168	227.571	30.712	45.166
913.413	224.433	30.621	45.824
908.152	223.814	30.096	46.669
903.389	224.019	29.861	46.128
899.892	224.809	29.397	47.323
894.055	226.233	32.375	56.599
891.009	231.312	28.184	56.131
888.761	232.676	28.175	56.102
882.471	233.572	31.148	52.256
878.389	234.665	30.831	52.637
873.224	236.167	30.284	52.391
858.064	236.905	33.838	50.262
849.177	237.383	34.244	50.103
842.156	235.901	33.940	51.926
837.225	234.570	32.598	52.408
829.527	234.724	31.814	53.570
820.633	234.178	29.685	51.490
820.330	233.432	28.317	47.404
814.176	234.396	26.983	45.614
813.798	234.241	28.992	45.364
803.248	241.590	35.031	55.284
802.119	254.456	32.965	49.354
803.681	245.347	30.222	55.288
800.358	240.014	32.265	58.763
797.093	237.591	33.968	59.573
796.849	236.517	31.829	58.604
794.171	238.505	32.427	54.247
794.264	238.427	31.495	52.045
792.912	240.768	33.200	52.665
793.251	240.163	29.952	54.113
789.880	239.700	30.780	53.123
788.278	239.486	31.225	54.311
786.679	240.947	31.194	52.522
786.666	241.749	30.678	52.167
788.380	245.878	30.152	50.083
790.290	247.609	29.896	47.682
793.775	248.314	32.744	47.470
800.714	253.028	30.860	44.442
805.921	254.845	31.856	43.342
808.404	238.687	33.481	56.473
813.673	239.657	36.665	58.271
815.714	239.523	38.625	56.920
827.984	238.184	37.380	58.506
832.804	236.780	36.644	58.940
836.658	235.756	37.396	62.143
839.620	234.863	38.883	61.579
842.250	236.070	42.019	61.108
845.335	238.129	40.249	65.131
845.337	249.322	36.897	57.908
845.299	249.580	35.257	58.222
847.269	247.681	34.558	60.840
844.639	243.881	40.502	62.122
842.629	243.193	40.702	64.226
842.133	242.608	38.424	65.440
837.550	242.286	36.944	66.643
833.432	242.404	37.009	66.357
829.142	246.753	35.298	62.862
818.391	250.277	39.481	62.699
816.203	247.746	38.031	67.279
812.987	250.966	37.696	65.686
806.906	255.775	38.357	64.258
809.680	258.805	36.773	57.204
809.836	257.700	34.278	61.417
806.799	261.587	32.703	59.983
793.241	262.139	38.287	62.174
793.008	260.143	35.883	66.165
783.864	259.843	37.571	68.048
776.556	260.035	40.412	69.958
772.616	263.919	40.270	67.463
767.537	266.497	41.438	64.877
766.260	269.523	39.237	63.366
755.384	267.524	41.183	64.533
747.989	268.228	44.725	65.047
743.751	267.581	44.655	66.071
738.559	270.003	42.509	63.788
724.185	267.761	50.835	66.218
723.082	269.214	45.053	66.212
714.863	283.948	39.749	56.658
707.985	284.802	37.699	57.410
706.355	284.903	35.156	57.177
699.719	278.360	36.235	64.670
693.841	277.623	34.049	66.419
685.898	275.388	36.103	67.580
680.695	283.244	34.953	62.795
668.791	284.563	36.227	65.797
665.066	290.208	35.462	62.807
662.617	293.103	32.459	60.329
641.780	300.323	37.200	54.006
638.469	302.154	35.298	54.282
636.597	297.872	37.071	57.304
629.727	295.959	38.335	57.182
630.449	291.318	39.116	62.734
629.842	292.071	42.120	70.025
628.809	292.091	40.322	74.415
629.254	293.968	42.856	74.843
629.927	294.770	41.263	74.932
628.064	296.696	41.186	72.475
628.759	299.618	36.731	68.619
625.272	298.368	38.029	68.250
622.539	300.541	38.029	64.471
623.242	301.366	35.216	63.807
625.504	301.222	34.300	61.375
603.567	317.010	42.744	58.870
608.405	316.734	46.996	60.494
620.983	319.808	41.217	56.195
612.794	311.354	43.345	62.635
624.040	303.675	44.121	67.325
623.266	300.272	38.969	64.756
624.319	306.737	44.666	66.225
629.635	301.908	41.980	63.317
627.726	294.025	40.354	66.330
635.476	292.620	41.066	68.443
594.275	289.970	38.362	77.714
644.812	281.156	44.215	72.825
651.603	278.830	44.437	70.911
655.465	276.980	37.409	64.671
650.492	272.769	39.974	61.183
657.692	268.040	39.920	65.211
661.817	269.000	40.524	73.006
666.684	269.402	39.550	71.436
670.130	267.038	40.563	65.225
670.688	269.799	38.458	66.229
674.158	268.657	41.426	62.245
681.385	269.307	39.669	55.999
695.293	268.530	31.281	55.902
685.699	267.346	34.225	50.225
688.836	267.823	34.549	52.192
693.730	268.490	32.252	57.487
695.636	264.280	33.545	52.998
694.884	264.645	35.340	52.767
705.337	265.585	32.521	53.506
703.776	251.446	34.877	59.631
704.631	266.878	40.907	60.664
712.163	250.220	41.360	64.266
723.250	257.989	41.257	62.707
731.255	256.107	42.303	60.578
731.158	257.830	44.937	63.361
724.552	261.561	50.280	64.315
726.398	262.633	47.196	67.467
729.080	263.716	47.716	70.523
727.979	263.055	54.518	72.047
731.441	262.512	51.435	72.212
730.900	263.496	58.303	76.397
723.106	260.192	56.030	62.332
727.875	260.265	53.336	60.032
732.119	262.768	53.316	62.807
734.299	264.963	56.341	58.628
739.159	264.625	54.625	63.995
743.382	264.479	60.427	68.710
746.272	266.063	65.773	74.621
746.685	268.555	68.592	74.303
744.326	268.056	85.613	76.926
750.156	267.537	75.476	75.839
757.147	263.888	64.781	79.465
753.044	264.675	77.027	83.540
749.231	267.365	82.998	85.347
746.857	267.231	84.091	84.383
756.195	269.828	60.698	83.629
746.419	271.473	65.558	84.691
733.435	263.902	66.285	91.515
736.318	264.269	58.516	89.114
730.459	263.731	53.533	89.331
722.975	263.049	53.990	84.307
715.270	264.388	50.212	81.828
708.429	263.649	50.196	82.533
690.379	256.728	57.267	84.668
672.586	266.524	61.620	92.052
663.167	264.437	62.444	87.041
656.697	264.196	62.068	90.258
796.112	302.378	43.967	68.155
833.885	277.784	39.047	62.435
818.939	275.755	44.459	63.687
805.075	281.376	44.625	63.068
760.384	311.853	39.839	61.188
748.066	306.203	40.080	63.982
731.990	310.563	40.638	61.629
716.171	291.820	53.006	67.252
702.323	289.172	56.117	80.167
688.463	291.858	57.326	79.622
584.778	290.350	53.472	83.246
583.280	290.618	53.066	77.152
577.745	289.611	52.083	75.984
568.765	288.573	54.356	82.304
567.603	289.529	50.422	88.796
560.543	292.738	51.384	90.970
564.733	298.218	47.924	81.168
562.878	289.338	45.288	69.631
554.231	295.152	41.764	74.892
551.853	295.237	44.901	76.053
567.758	302.660	41.555	77.038
576.517	309.791	53.099	70.158
588.723	311.066	42.982	70.957
540.592	299.977	39.679	84.257
536.494	320.942	43.901	70.043
538.406	324.803	44.906	66.333
545.827	331.533	45.852	60.123
534.746	336.358	47.805	59.432
516.984	338.892	47.716	60.872
526.157	322.735	37.140	64.170
520.029	330.974	35.157	64.696
515.534	326.040	42.119	64.978
528.510	308.527	42.248	76.542
489.918	331.664	48.129	69.950
524.765	314.035	44.591	72.400
515.453	310.260	48.216	72.868
511.890	309.338	46.729	70.682
508.213	311.383	44.547	76.964
499.940	314.996	46.799	75.556
496.658	313.429	51.848	76.184
493.481	313.058	54.987	81.257
492.696	313.059	53.210	82.250
493.873	311.882	50.320	81.780
487.008	308.949	56.507	83.530
483.061	307.733	62.142	85.131
481.388	306.545	66.245	84.211
479.307	304.997	72.896	85.605
473.587	303.496	82.445	87.957
462.798	303.191	81.563	90.405
470.697	302.793	77.769	90.581
467.844	304.111	71.228	90.679
465.900	305.531	65.403	90.720
459.380	305.823	69.027	91.705
462.501	307.425	59.670	89.657
463.683	305.132	54.749	90.731
461.046	305.844	54.052	88.226
445.970	305.999	72.787	89.413
450.471	306.743	59.625	86.547
454.185	306.127	55.690	86.294
460.051	306.621	52.829	83.961
463.356	305.041	50.288	85.102
463.170	306.644	51.929	85.227
464.261	307.183	51.156	87.384
467.003	307.663	47.146	86.466
466.409	307.619	46.719	86.892
465.313	307.619	45.796	87.178
464.193	308.963	47.469	84.819
465.832	310.191	49.224	83.188
474.151	314.298	45.854	78.236
480.841	312.611	44.128	80.001
487.145	310.155	47.127	80.645
493.883	308.420	44.177	80.095
496.306	307.074	47.807	81.398
501.439	310.844	46.837	80.466
494.986	318.968	48.468	76.166
499.291	315.722	43.480	76.091
512.348	320.444	40.406	74.946
492.918	332.028	43.587	62.153
498.083	321.219	39.451	78.914
498.363	321.514	42.373	78.038
500.645	313.335	44.975	85.251
503.788	312.267	47.882	85.985
504.856	311.649	49.834	86.454
505.186	312.117	50.395	83.258
508.796	312.193	47.274	80.249
509.011	313.465	45.799	75.866
506.601	312.528	46.645	77.644
503.409	311.941	45.993	79.726
502.186	310.701	44.860	82.567
500.821	309.494	44.966	86.402
500.368	308.669	44.200	88.435
501.302	309.570	44.136	88.604
500.247	311.379	46.004	87.671
502.127	312.261	48.296	87.021
505.496	313.095	50.632	82.300
508.973	313.568	51.453	82.333
510.640	312.993	50.665	82.483
510.552	312.391	51.732	82.863
510.510	312.140	51.370	83.310
505.093	309.958	51.010	84.554
500.392	307.382	51.216	86.645
498.051	305.726	51.178	88.006
496.544	304.616	49.871	89.377
496.413	303.904	48.222	89.838
494.837	303.459	47.407	90.141
495.369	304.652	48.309	89.637
498.211	306.289	47.693	87.846
500.504	306.302	47.043	85.246
501.415	306.079	47.183	82.345
500.161	304.416	47.995	79.790
501.953	308.830	48.209	73.611
496.470	316.399	46.133	69.306
476.870	323.385	55.856	65.219
478.572	319.113	42.590	67.983
486.304	303.498	41.672	82.766
487.733	301.184	43.287	84.238
489.550	297.401	47.289	85.209
489.383	296.528	49.635	84.976
498.199	292.948	52.745	85.962
518.951	292.126	51.327	84.910
524.609	292.830	51.863	84.578
529.425	292.896	51.017	86.063
529.791	293.815	52.375	85.457
528.020	294.301	52.917	84.969
522.690	294.181	54.101	82.738
518.367	292.673	54.559	85.288
516.078	290.355	54.770	87.138
516.134	288.717	52.844	87.150
519.750	285.975	49.799	86.478
517.704	277.832	48.991	88.772
518.007	272.767	48.428	89.974
518.250	270.296	48.570	89.322
519.025	268.830	49.051	88.663
521.345	268.048	50.065	86.797
537.326	268.693	49.303	82.896
553.244	266.212	46.425	83.458
566.506	268.009	49.262	81.789
577.821	272.418	55.397	83.488
587.285	276.822	57.649	83.725
604.076	280.937	57.472	83.027
614.407	285.122	57.013	78.281
614.671	285.728	57.554	78.259
617.479	284.630	54.377	80.624
619.015	284.654	56.080	81.243
634.970	283.010	52.284	82.131
644.185	280.415	52.005	82.619
654.500	278.683	52.727	81.856
664.025	278.022	52.848	81.327
671.270	280.170	54.469	79.626
681.261	283.379	55.222	81.619
681.794	281.329	55.603	83.393
685.207	275.917	52.703	84.958
686.197	270.119	49.220	82.733
676.766	265.336	50.461	83.266
663.553	267.386	48.948	80.324
657.697	270.142	44.730	80.283
649.457	272.786	44.735	83.989
643.213	278.087	47.749	86.089
648.238	282.864	46.081	86.333
663.534	289.059	48.274	81.437
668.127	289.855	50.304	82.875
664.719	291.384	52.934	83.019
654.642	295.124	50.211	81.954
638.218	301.539	47.258	75.739
600.345	300.278	43.642	77.652
583.648	304.686	45.410	74.044
572.919	310.160	48.549	77.144
573.331	312.817	48.100	77.310
579.288	311.341	51.159	77.994
591.170	304.550	47.086	80.034
588.333	299.123	49.402	82.062
580.106	291.846	47.855	82.076
575.176	285.018	49.008	80.915
574.537	276.263	50.645	82.398
603.037	268.597	58.126	79.499
626.342	265.559	56.418	75.882
645.428	264.648	50.326	72.590
646.742	264.488	52.951	74.366
639.892	267.346	52.229	74.371
607.833	279.559	50.346	77.803
597.983	290.258	46.351	79.246
591.099	297.969	44.571	82.874
591.643	313.159	42.033	80.274
591.904	317.802	49.332	76.993
603.144	310.825	56.797	77.754
615.628	303.990	57.606	79.384
623.856	298.279	54.863	79.698
634.589	294.820	52.134	78.099
646.366	291.720	52.296	78.223
682.237	288.861	55.341	68.447
704.481	281.784	53.737	67.813
728.278	272.475	48.468	69.295
728.672	265.586	47.961	70.127
725.885	262.529	48.183	70.811
693.666	257.553	45.478	70.903
675.010	261.240	46.289	69.077
657.280	268.616	46.326	72.491
644.123	275.228	43.616	72.885
638.952	279.619	43.633	70.568
637.669	271.082	42.445	72.370
631.384	263.663	38.746	72.846
616.342	260.512	36.876	65.756
594.199	261.058	37.652	73.019
571.805	266.079	37.871	74.243
545.073	285.340	43.296	67.247
543.523	290.518	40.390	66.838
549.243	298.089	36.878	63.106
548.985	299.114	35.341	63.512
549.002	302.440	37.042	60.255
551.259	306.562	39.794	59.352
559.142	307.045	37.076	60.122
569.345	306.556	37.919	56.852
577.251	304.076	36.894	56.552
583.109	300.894	40.305	54.786
596.800	294.491	41.372	56.973
602.565	292.386	38.903	57.027
607.357	294.975	39.465	53.457
610.295	297.604	39.523	52.769
613.572	299.325	38.474	51.776
618.861	300.867	39.449	51.290
617.675	300.711	39.316	51.759
616.574	299.810	38.114	52.837
614.552	300.353	38.284	51.699
613.131	301.094	38.867	51.093
610.910	301.717	40.577	51.610
610.088	302.169	39.857	52.639
609.187	302.378	39.523	52.952
607.833	302.136	37.717	53.296
607.197	302.838	39.854	52.165
607.065	303.671	39.778	51.333
607.616	303.844	39.154	51.292
608.816	303.848	38.797	52.490
616.162	303.853	35.216	53.405
617.584	303.666	37.803	54.582
629.556	302.535	40.137	57.377
636.279	301.989	40.612	58.243
643.734	303.316	40.781	57.157
646.270	304.260	41.502	56.690
649.132	300.916	43.570	59.759
654.817	299.833	42.072	58.858
666.499	299.819	40.929	58.515
672.489	299.437	43.228	59.334
676.459	298.921	41.525	59.454
677.959	297.686	40.372	60.162
681.652	296.316	40.091	60.716
683.550	296.864	39.802	62.182
687.920	298.102	39.463	63.010
689.437	299.747	40.017	63.096
693.181	301.193	39.723	62.791
696.522	300.825	39.739	63.691
706.713	300.516	40.303	65.088
712.667	300.132	39.461	64.365
717.384	298.653	38.838	63.921
721.150	297.495	38.983	63.844
724.901	296.831	38.643	65.493
734.115	299.189	37.405	63.609
737.534	299.811	37.550	63.685
740.340	299.616	37.959	63.770
743.950	298.701	36.789	63.670
745.779	298.446	36.406	63.517
746.251	298.316	37.556	62.418
746.930	298.465	37.113	63.485
747.163	299.691	36.979	63.849
746.702	301.170	35.226	63.625
742.795	302.050	36.678	64.103
738.170	304.465	35.517	62.702
733.917	304.996	34.027	62.590
729.331	304.033	34.054	62.759
725.336	303.503	33.753	61.106
721.960	302.949	33.164	61.266
715.445	301.025	32.419	61.898
711.259	298.560	31.934	62.721
704.602	296.992	32.286	61.517
696.783	294.312	32.424	62.206
688.721	295.016	32.807	59.310
677.110	295.192	31.851	57.814
672.275	296.314	33.195	57.839
664.595	295.919	34.457	58.435
656.412	297.017	36.033	56.352
651.017	297.071	33.672	56.473
637.920	296.526	34.159	53.343
631.589	297.091	33.050	52.644
624.655	297.576	36.807	52.879
620.602	296.710	33.605	53.788
615.811	295.578	32.730	55.910
605.256	295.045	28.915	54.624
600.325	296.377	28.393	54.659
595.322	297.573	29.032	54.227
593.103	296.583	31.482	55.853
592.243	298.703	31.506	54.423
587.644	297.468	30.838	55.418
583.927	296.074	30.769	55.650
580.167	295.856	31.781	56.483
574.388	296.045	31.218	55.136
560.185	295.650	35.303	54.434
550.509	295.547	34.752	55.996
546.032	295.475	34.448	57.904
544.402	293.082	34.548	60.147
540.712	294.100	33.692	57.623
535.556	294.473	32.278	56.829
522.346	291.954	33.908	61.416
519.250	296.011	33.014	59.976
517.186	296.605	32.182	60.077
514.970	296.011	33.797	60.169
512.715	297.277	34.396	58.658
507.190	297.433	35.992	56.558
505.015	296.978	33.226	56.033
501.889	296.511	31.217	55.460
496.755	296.502	31.631	55.352
490.197	296.633	31.332	53.168
479.930	297.054	31.181	50.813
478.553	296.162	33.527	53.582
478.840	295.070	33.626	55.417
477.299	294.558	34.614	55.501
474.532	293.262	34.798	57.131
471.579	292.501	33.195	57.450
470.415	292.975	32.621	57.269
468.345	293.932	31.024	57.930
466.282	296.036	32.303	56.602
466.052	298.042	32.009	55.904
464.104	299.357	31.108	55.163
461.753	300.534	32.126	55.169
459.896	300.486	31.249	56.147
459.194	299.998	30.582	56.967
457.508	299.782	29.647	56.970
457.191	300.445	28.545	55.146
458.398	300.878	28.635	56.307
441.821	302.145	41.596	51.476
434.934	305.135	45.310	51.626
425.806	306.732	50.303	48.892
420.745	300.677	53.223	58.286
417.443	303.837	52.900	59.408
415.578	294.946	50.480	65.872
420.943	285.639	52.686	72.705
426.352	275.064	49.438	85.660
429.035	272.708	50.121	83.816
436.686	272.046	48.374	76.239
434.051	277.284	48.886	73.100
425.911	298.083	43.153	65.495
424.524	304.861	43.634	63.622
424.775	303.240	42.804	56.229
427.873	304.062	50.466	52.004
424.699	305.506	47.627	53.531
429.993	304.175	53.148	47.818
438.853	302.549	55.394	54.066
452.787	298.194	51.653	62.441
449.431	302.042	50.430	62.937
444.305	299.677	50.914	59.689
459.883	297.115	47.305	61.009
469.845	294.268	53.867	59.061
469.494	298.496	49.714	59.157
480.351	294.063	50.508	58.813
491.792	297.377	48.247	55.751
509.770	296.357	47.296	53.579
515.479	296.206	44.205	52.823
439.877	302.732	30.684	53.924
438.915	303.145	30.760	51.983
439.269	302.856	32.742	51.873
441.906	303.735	32.839	51.288
445.454	302.682	31.562	51.902
447.782	301.891	33.999	50.990
448.241	301.667	35.834	50.749
449.168	302.173	36.019	50.180
450.661	302.512	35.066	49.901
450.870	303.101	34.889	50.525
452.497	303.190	32.499	52.375
453.250	303.649	30.818	52.563
451.457	303.961	30.421	51.890
448.656	304.000	31.429	51.736
446.322	304.059	32.515	51.725
445.556	304.374	32.013	51.554
444.961	303.139	31.848	51.651
444.603	303.431	31.486	51.192
444.484	303.369	31.231	51.209
443.822	303.443	32.636	50.566
444.127	303.689	34.537	50.809
444.184	305.119	34.573	50.222
443.027	307.208	34.852	49.257
439.218	308.659	32.841	45.903
430.407	308.093	31.162	45.924
410.813	307.476	32.416	44.016
399.858	307.401	32.750	44.742
386.328	309.750	32.059	44.238
371.568	310.998	30.611	42.131
361.497	312.966	28.680	40.578
354.530	314.182	27.850	41.512
352.706	321.397	31.966	44.511
357.177	323.377	32.367	43.859
364.632	322.512	28.809	45.107
370.362	313.719	29.136	49.551
385.571	295.616	33.398	52.810
390.083	294.513	32.104	50.141
392.622	295.786	30.426	46.200
394.073	297.384	29.029	43.739
397.709	297.727	27.304	42.620
405.702	288.401	27.839	41.206
429.968	279.764	27.759	42.585
430.382	277.003	32.070	42.094
420.934	277.970	35.218	45.575
440.097	274.476	31.606	47.673
444.516	282.003	33.525	47.095
443.213	286.676	32.947	48.039
441.967	288.257	36.547	46.719
442.420	286.520	36.527	48.776
445.053	285.087	34.906	51.171
436.963	284.372	40.949	55.448
437.012	294.150	38.409	50.797
440.840	296.170	33.427	49.396
442.803	297.329	31.815	49.941
444.165	296.435	32.076	48.588
444.821	296.462	33.921	48.812
445.641	300.017	36.263	46.790
452.083	303.762	34.720	47.235
459.424	305.014	34.733	48.084
464.256	307.184	33.684	47.742
467.691	308.681	36.239	44.307
468.932	308.288	35.102	44.716
469.426	309.170	34.057	44.720
469.693	312.104	34.257	44.442
470.116	313.971	33.572	44.146
471.097	313.921	31.685	44.942
464.726	311.089	32.119	45.248
462.119	311.004	29.536	42.918
460.037	310.475	27.880	43.338
457.638	310.926	28.231	43.569
456.578	311.097	28.751	43.988
452.164	310.349	30.926	43.717
450.975	307.519	31.590	44.290
449.042	304.202	32.996	44.578
448.218	302.305	31.034	43.756
445.078	300.665	31.272	44.432
440.906	298.962	29.419	42.782
438.295	298.950	31.009	43.176
435.783	298.979	32.292	43.104
427.447	298.631	36.134	43.721
427.401	298.631	33.521	43.085
425.283	298.660	33.744	43.704
424.631	298.004	32.057	44.433
423.199	298.116	34.637	45.594
422.966	301.342	38.861	42.017
427.826	303.411	36.771	42.333
432.807	303.882	34.229	41.808
434.917	303.195	32.718	42.866
435.169	302.896	31.429	43.083
434.768	302.742	32.139	43.738
440.254	302.905	28.293	43.285
441.231	305.586	30.902	41.946
437.615	306.372	32.976	41.738
443.180	306.696	33.450	41.969
442.338	306.834	32.398	42.270
448.278	307.028	36.799	42.090
448.959	307.802	33.129	40.551
456.346	307.640	34.337	42.327
460.277	307.900	30.794	41.830
464.406	307.884	27.232	42.828
461.880	306.694	28.290	43.648
457.770	307.613	26.272	41.870
456.552	304.938	24.131	40.451
453.329	305.742	25.995	51.445
447.962	309.375	34.026	52.908
449.241	313.102	37.305	52.303
448.572	303.251	27.556	47.903
450.939	302.113	25.487	42.782
455.173	304.189	24.393	43.286
457.247	303.713	26.369	43.226
459.926	303.250	26.906	43.387
462.384	300.025	28.248	43.091
466.028	299.162	25.517	41.996
463.802	296.696	25.636	43.243
459.043	295.391	25.592	44.448
456.301	294.910	28.307	45.547
456.157	294.541	27.084	45.441
456.387	295.213	26.454	44.008
456.745	295.401	26.073	42.962
458.887	294.817	26.626	43.207
430.593	296.806	23.278	34.913
435.000	298.687	23.252	34.895
435.112	298.211	25.126	35.756
434.866	298.616	25.283	35.899
433.557	298.467	26.481	36.771
470.466	298.386	26.199	40.607
469.368	298.217	26.103	40.340
469.870	298.132	25.481	40.845
470.129	298.544	25.367	40.452
469.544	298.111	25.953	40.960
470.869	297.655	26.357	41.234
472.343	298.595	27.522	40.283
473.593	298.044	26.517	41.142
473.446	297.226	25.982	41.532
474.361	296.958	25.007	40.936
474.673	296.351	25.191	41.371
474.368	296.632	26.322	41.058
474.392	296.733	26.992	41.467
474.700	296.202	25.608	42.049
474.198	296.158	25.422	41.303
473.794	295.852	25.563	40.979
473.645	294.823	25.642	41.552
