266.000	161.000	137.000	252.000
268.311	159.217	138.944	251.012
273.059	159.993	137.727	250.914
270.215	159.131	137.819	252.040
274.101	160.591	135.286	247.537
277.324	162.220	131.376	249.358
277.741	162.181	134.876	250.352
280.489	159.075	134.140	253.295
282.385	158.177	131.071	254.772
282.157	156.245	135.401	251.480
279.760	154.828	138.941	254.090
281.209	152.790	136.958	254.282
282.974	150.805	134.026	255.455
282.364	149.904	134.436	256.769
284.071	149.459	133.642	257.282
285.619	148.494	132.094	259.577
284.383	147.700	134.298	259.766
285.169	147.424	135.093	260.209
286.888	145.443	130.483	262.992
287.506	143.466	128.306	263.878
286.689	146.439	130.390	259.278
288.116	145.585	129.976	261.996
287.382	145.477	132.152	262.637
287.197	147.320	133.551	259.612
287.694	146.721	133.486	259.778
288.624	147.345	131.764	259.275
288.005	146.005	134.224	261.097
288.170	147.495	135.328	258.101
288.182	147.056	131.336	260.364
288.624	146.184	132.876	260.797
288.655	147.583	132.278	259.593
287.850	145.735	132.775	261.246
287.228	147.495	132.070	259.072
285.967	147.700	133.721	257.479
285.332	146.989	132.173	258.669
284.247	148.142	131.936	258.117
283.288	147.965	132.702	257.693
284.693	149.021	129.713	257.237
284.567	151.949	129.058	254.224
283.673	153.179	129.043	252.559
281.351	153.487	132.375	253.733
282.234	152.498	132.398	254.973
282.429	154.161	130.759	252.093
280.719	154.133	132.084	252.297
280.793	153.089	130.836	254.821
284.266	153.297	125.948	257.369
288.141	153.433	125.353	256.535
290.106	156.890	130.052	251.892
289.491	158.052	136.698	248.667
290.896	154.345	134.987	253.559
289.954	151.387	134.108	252.032
288.694	146.902	131.495	254.647
285.948	140.343	130.259	251.454
282.884	133.663	126.486	245.749
276.867	130.954	129.787	248.780
274.907	129.163	129.416	244.372
274.582	124.883	128.414	244.752
271.614	117.472	124.229	244.436
271.003	109.694	123.194	243.597
270.658	108.857	118.266	242.016
263.291	102.415	117.325	245.077
260.706	96.917	113.446	244.217
254.396	92.134	119.846	236.564
252.408	90.411	117.333	237.622
250.844	91.359	115.118	234.944
246.871	91.102	117.385	232.449
240.551	81.124	119.816	235.667
237.823	77.475	113.653	228.382
230.827	76.994	114.575	230.669
229.534	73.712	110.043	224.958
220.262	68.379	117.526	225.443
218.321	64.033	113.742	220.413
217.750	64.961	111.236	216.159
215.191	60.401	110.389	219.526
212.149	59.376	110.602	215.802
207.326	51.445	111.383	215.305
203.615	49.817	107.677	213.058
196.502	48.856	106.116	210.501
192.113	46.545	106.929	210.405
183.885	40.797	108.609	210.328
181.939	41.105	108.293	204.057
179.639	40.521	107.294	201.827
180.409	39.228	103.212	203.056
177.224	32.939	103.806	199.323
171.818	29.382	102.959	196.677
170.026	27.728	98.523	197.004
163.911	27.671	96.949	192.648
158.575	25.229	95.554	192.024
152.243	23.439	98.350	190.663
148.758	22.690	99.739	191.776
146.318	22.854	101.291	189.959
149.406	24.960	99.593	190.215
154.669	70.339	96.077	196.887
156.642	110.638	95.230	199.805
152.869	142.935	91.636	194.937
143.797	147.442	98.630	187.918
140.035	143.910	94.447	194.478
129.787	143.558	95.338	187.637
125.766	134.869	92.121	192.787
120.234	133.326	93.829	182.885
115.989	133.701	94.401	179.307
110.613	132.278	91.846	183.518
101.548	125.109	93.862	178.946
87.574	121.919	97.510	179.118
76.553	119.777	100.109	182.416
70.673	118.815	95.180	178.328
64.095	117.044	92.441	173.412
58.450	116.237	91.501	173.499
49.565	116.399	91.792	173.125
42.325	115.750	91.943	172.942
34.673	111.998	89.442	168.422
25.242	112.035	86.039	169.251
36.793	109.864	92.198	168.425
60.781	109.784	89.833	165.812
89.602	101.525	92.693	166.505
115.781	102.240	90.019	165.275
135.126	100.876	101.950	159.200
161.399	99.383	92.064	156.597
183.867	96.135	92.919	147.289
216.694	95.549	85.121	151.927
242.659	97.610	82.257	146.108
269.556	96.549	83.550	144.476
292.899	85.312	79.577	130.980
296.158	77.816	84.753	155.044
290.039	82.723	80.225	148.984
283.363	72.030	73.066	156.843
273.584	70.194	75.134	155.218
261.736	69.811	85.132	153.514
254.573	69.644	81.130	152.392
243.449	62.932	76.862	154.963
231.537	59.777	81.521	156.219
224.984	62.919	81.798	150.462
216.577	62.824	81.406	145.759
200.666	58.712	83.046	147.042
188.838	58.375	82.220	146.386
176.685	58.407	81.656	138.317
167.761	58.098	77.786	133.692
162.242	56.718	73.681	126.046
159.385	56.208	83.641	125.405
185.759	51.747	88.184	131.429
211.378	48.104	89.991	133.464
234.398	44.777	84.474	132.778
259.903	41.932	92.585	130.684
283.178	45.646	90.832	120.955
313.237	44.012	87.753	125.984
346.527	39.208	79.092	125.988
364.102	35.574	84.719	129.539
389.360	29.181	86.344	127.086
393.095	34.245	73.808	123.744
384.040	36.020	64.537	110.093
375.003	33.544	67.881	114.289
364.575	33.006	67.980	114.505
356.093	31.792	67.644	119.023
344.875	28.948	68.819	123.132
334.339	27.065	70.834	125.672
324.273	25.426	71.062	128.619
315.408	25.916	72.199	125.069
304.582	24.633	72.962	125.305
297.051	23.421	69.650	124.117
287.016	23.194	71.109	130.925
278.499	23.740	68.701	133.885
270.526	19.530	68.837	139.000
263.154	18.951	67.133	139.350
256.561	19.164	69.676	136.196
249.880	21.729	66.018	130.848
241.986	20.089	70.964	128.721
235.232	21.105	65.997	127.023
221.766	17.165	69.005	129.823
213.659	15.832	68.407	129.235
211.073	13.449	63.405	129.101
204.965	11.283	60.432	130.116
199.147	11.340	59.429	128.720
194.205	14.019	58.706	124.304
187.473	10.913	62.624	123.397
180.276	10.796	64.130	121.675
173.026	10.415	61.498	122.154
166.212	9.440	63.691	124.418
159.031	10.342	63.253	119.636
152.775	9.959	59.364	119.443
148.239	7.101	60.927	123.866
143.286	9.837	60.725	118.856
137.993	6.476	61.342	120.988
132.466	7.736	62.176	117.768
129.009	5.675	61.464	118.390
120.934	6.630	61.120	118.636
115.677	6.863	64.317	114.530
109.074	6.375	59.148	113.359
104.778	4.975	65.090	114.911
99.405	6.182	63.839	113.904
96.644	6.908	63.410	111.981
93.362	6.910	62.725	112.069
90.216	5.652	60.820	111.161
