397.000	276.000	120.000	107.000
391.301	269.943	125.847	102.389
389.011	251.999	128.698	99.688
386.977	243.785	128.300	96.374
384.121	228.570	129.173	100.744
379.518	219.190	131.726	101.748
377.496	209.796	132.266	105.831
378.188	206.257	128.847	105.609
374.097	204.567	130.371	108.197
370.502	199.993	136.701	114.767
360.210	196.695	156.238	130.677
347.839	186.937	175.654	149.163
312.354	189.091	208.512	165.664
312.623	192.638	262.017	174.072
286.250	169.435	269.223	203.259
279.386	170.906	296.972	217.734
276.626	186.784	309.641	221.711
275.420	199.127	308.336	223.312
269.769	210.803	319.640	227.609
268.141	213.079	321.297	233.240
265.968	216.149	321.612	238.730
264.633	220.351	322.765	240.654
264.106	224.917	322.496	243.289
264.139	227.706	321.568	246.872
263.505	224.904	323.503	253.320
261.308	221.981	327.540	257.831
262.355	222.822	327.446	257.310
263.870	216.553	324.318	258.965
264.741	200.654	324.415	263.179
266.524	182.753	324.043	267.697
263.630	174.453	331.965	259.828
266.524	168.582	331.761	243.433
268.382	158.393	326.851	242.353
266.286	144.834	332.585	214.360
272.503	133.919	330.254	204.298
279.444	124.936	321.838	198.824
281.595	115.129	324.496	196.434
288.286	106.514	319.974	181.316
289.443	97.829	319.409	162.206
293.700	88.993	315.466	147.832
297.712	80.428	307.204	138.001
298.108	73.781	310.798	124.128
303.363	67.256	303.850	108.628
304.308	55.514	303.902	102.480
307.531	48.007	307.930	90.716
322.058	45.159	307.196	79.704
339.548	43.362	304.136	74.214
348.104	40.653	309.768	77.950
350.319	35.437	313.789	86.526
353.912	33.671	312.845	89.218
360.727	32.119	310.684	87.900
376.226	32.497	302.245	95.832
393.701	31.133	296.254	101.124
411.073	29.612	288.795	112.120
419.768	34.267	282.399	111.897
421.990	36.399	281.402	119.302
427.605	38.457	275.944	121.195
430.876	41.901	271.836	122.055
440.364	46.471	263.352	120.603
445.260	49.055	265.999	123.189
452.446	51.885	263.627	129.689
459.102	55.462	256.953	124.513
464.244	63.919	257.076	127.068
466.074	70.869	258.896	126.802
468.499	77.073	255.657	124.603
471.970	82.174	248.885	124.257
476.997	89.079	248.844	131.999
479.002	91.204	249.568	135.709
484.346	96.974	245.673	145.640
489.459	98.014	243.721	138.111
492.285	99.896	236.799	137.949
497.673	100.288	228.748	137.929
508.235	100.326	214.986	127.223
513.688	100.692	210.113	113.137
448.177	103.835	208.939	130.403
432.748	118.487	227.728	181.729
391.574	108.588	277.194	180.023
422.387	97.052	263.355	197.065
433.124	103.627	289.593	200.753
476.100	133.745	266.652	174.511
633.996	216.356	118.547	95.137
630.336	231.711	108.402	80.304
628.859	231.076	108.787	82.678
632.398	229.075	108.709	87.409
632.069	227.894	111.191	89.798
631.910	227.147	111.934	92.058
628.425	228.380	115.132	89.978
628.396	231.971	115.722	83.242
616.468	236.068	125.817	68.930
604.763	245.236	148.373	54.704
584.333	246.197	160.752	67.226
553.864	214.603	183.197	108.868
424.876	167.365	102.139	137.260
463.656	82.725	208.453	80.640
455.239	79.028	223.329	90.188
459.880	74.624	219.232	111.607
452.230	74.180	229.218	119.099
431.147	73.189	251.963	121.958
410.364	71.154	268.720	119.063
402.823	71.767	274.498	115.179
404.729	69.683	270.331	112.222
403.000	71.639	270.232	104.318
397.687	75.831	277.418	97.151
393.618	79.291	284.489	85.020
391.923	84.828	288.657	74.480
396.649	89.186	286.914	70.520
407.779	93.599	286.311	73.303
412.267	96.910	287.788	78.144
414.862	104.764	289.827	82.769
416.514	108.795	290.662	87.796
412.977	114.877	300.771	90.178
418.467	117.542	304.344	97.716
428.584	118.450	306.451	110.758
438.006	121.042	306.741	134.773
453.716	121.806	297.697	154.273
465.970	123.973	294.523	184.473
464.771	123.428	304.887	185.690
467.878	122.116	311.002	200.136
521.602	131.321	272.173	216.587
537.637	148.183	261.650	211.510
564.015	162.238	242.452	217.598
599.233	164.530	210.591	233.530
618.914	170.146	191.469	241.640
648.679	194.840	159.396	232.109
671.972	207.502	132.247	223.083
689.753	224.509	113.629	212.638
692.753	234.828	110.205	204.624
675.764	240.844	125.998	201.966
654.442	249.571	146.665	196.944
636.515	253.089	159.720	194.213
614.662	248.093	174.779	199.858
593.221	248.420	193.711	195.518
586.105	245.523	196.050	196.248
580.515	240.353	193.352	198.104
573.041	236.049	191.105	194.551
571.010	230.737	183.276	193.203
568.263	226.700	176.590	192.032
571.043	222.114	163.733	187.853
571.107	220.353	153.891	180.127
571.812	212.883	149.266	175.369
584.448	211.804	133.823	167.038
578.212	210.296	138.791	164.014
587.754	208.587	129.897	159.125
519.853	205.782	193.045	156.314
495.447	188.569	205.005	173.155
495.066	194.268	175.307	161.095
503.859	180.547	175.536	166.923
504.573	179.485	175.303	164.840
518.932	174.680	202.655	160.785
548.505	173.280	180.037	154.692
540.573	166.509	192.477	153.622
535.819	164.819	202.774	151.769
525.375	165.180	207.796	147.710
536.611	160.728	211.466	146.148
552.923	159.799	201.779	141.362
547.449	159.070	216.036	143.853
546.939	158.604	223.239	143.821
552.564	155.227	227.082	145.464
555.992	152.155	230.976	146.699
564.523	150.076	228.875	137.391
573.799	145.004	228.477	128.086
576.905	141.973	227.960	122.898
586.266	138.058	222.753	117.901
591.574	134.674	215.623	111.473
595.876	130.960	210.972	99.753
588.122	129.932	214.587	90.902
584.226	128.844	219.212	87.440
578.818	130.263	224.323	83.312
577.833	131.135	223.724	78.161
578.815	129.930	224.335	79.829
575.398	128.598	230.222	78.805
576.807	128.913	229.139	73.181
576.238	129.875	229.344	69.738
574.381	131.712	228.841	60.788
572.499	131.092	227.505	57.537
574.808	130.048	226.391	56.550
572.012	129.677	230.173	55.889
571.384	130.031	231.804	55.241
574.990	131.342	230.462	53.718
578.171	131.429	229.187	53.902
583.238	132.393	226.594	54.040
585.092	129.766	230.525	59.635
588.498	129.321	228.133	61.360
590.379	130.973	226.462	58.727
591.321	130.901	225.135	60.495
591.710	129.011	225.057	63.311
591.348	129.069	225.239	63.342
590.564	129.251	225.789	64.705
590.622	129.021	225.112	66.569
590.437	130.229	223.569	67.724
589.224	131.899	223.398	68.700
587.672	132.943	221.444	68.865
585.479	134.199	220.232	70.118
585.742	134.410	219.221	70.639
583.462	132.431	219.059	77.905
582.663	133.577	218.328	81.770
584.195	134.566	214.372	82.703
584.911	136.065	212.043	81.236
586.487	137.769	209.739	78.045
586.275	139.401	209.032	74.030
586.318	140.615	211.153	71.219
589.963	140.786	208.987	70.305
592.924	144.148	207.052	65.566
595.497	147.938	204.525	55.642
598.512	151.407	204.741	53.483
600.448	153.847	203.288	53.063
602.495	157.051	201.998	52.648
604.669	159.415	202.903	52.367
606.800	161.229	203.193	52.325
612.685	163.293	200.969	51.637
617.206	163.955	202.082	52.952
622.541	163.052	202.962	51.963
626.919	161.880	203.593	52.942
631.681	160.254	202.365	52.746
635.838	159.931	200.017	55.310
641.605	160.799	198.546	56.035
647.203	161.845	195.078	59.717
650.546	163.740	192.459	62.185
660.284	164.156	182.295	68.723
666.379	167.424	177.809	70.684
674.507	172.053	171.856	75.884
681.028	176.144	167.860	76.865
685.445	179.041	165.642	79.729
692.867	182.886	161.528	83.540
702.371	187.336	155.914	85.686
713.023	191.136	151.522	97.665
727.337	193.413	142.243	105.719
738.904	197.294	135.167	113.034
753.394	203.844	113.765	116.559
766.594	210.504	101.618	119.339
771.885	213.752	97.822	123.217
774.994	220.360	95.101	125.437
787.642	231.304	83.043	124.472
794.816	234.286	76.523	132.306
800.464	249.766	71.623	129.027
797.546	258.886	76.129	126.304
790.719	267.017	86.348	128.582
782.964	273.029	97.513	130.572
775.588	277.044	104.653	132.455
762.598	281.871	114.605	131.919
750.314	284.182	121.479	131.576
740.635	288.625	126.334	128.933
733.735	291.332	130.149	126.774
729.911	295.046	132.283	124.245
730.608	297.744	129.624	123.029
731.494	300.630	128.134	122.383
733.845	300.458	127.652	121.372
735.320	300.460	127.290	120.854
736.690	299.438	125.705	121.126
738.263	299.581	124.348	118.200
738.631	300.418	124.420	115.621
740.109	301.294	123.639	114.503
744.569	302.813	120.866	113.613
745.435	302.768	123.377	114.840
745.790	304.294	120.754	116.095
736.665	305.315	123.417	114.058
728.835	307.225	120.908	110.259
721.345	309.632	115.949	101.746
718.198	309.431	116.470	98.946
716.541	312.073	107.762	89.758
713.159	320.874	110.460	78.122
709.469	323.614	110.253	72.131
705.629	326.122	107.947	68.605
712.228	333.309	99.615	58.784
706.453	333.400	91.029	52.883
702.921	333.531	80.939	50.679
702.510	335.375	85.633	47.472
705.291	333.237	84.843	50.379
702.712	330.023	88.057	55.375
685.217	328.630	95.984	54.708
676.299	320.950	112.167	60.886
670.388	314.983	120.790	66.577
657.289	304.562	126.738	75.981
647.202	282.880	131.399	96.459
644.859	283.376	123.045	91.627
628.808	279.554	132.213	94.109
625.169	274.699	127.383	98.506
623.398	273.024	122.901	100.583
613.960	270.509	126.933	101.470
615.920	270.876	120.683	101.174
616.020	276.081	117.309	97.285
608.671	278.245	122.090	95.372
619.272	280.714	112.170	93.447
614.678	282.866	116.285	90.273
612.028	278.048	116.786	96.699
613.019	280.566	115.701	93.088
613.308	281.006	112.187	93.337
611.112	280.747	112.986	94.716
609.832	280.598	111.671	95.683
607.708	280.278	111.464	96.590
609.261	280.798	108.098	95.640
608.360	278.272	106.364	97.321
607.820	274.469	104.745	100.754
607.702	270.700	101.440	103.769
606.675	267.063	99.073	106.174
605.508	263.245	100.026	107.614
602.301	262.475	102.550	106.626
600.264	262.313	104.483	105.987
598.460	263.043	106.217	105.081
592.652	265.505	112.614	101.567
589.238	268.310	116.047	98.720
587.475	268.004	117.031	100.102
585.163	267.799	118.911	99.163
585.319	266.522	117.310	101.215
584.028	270.027	117.690	98.835
583.397	269.353	118.826	100.336
583.878	268.821	121.091	101.953
585.528	266.945	120.882	104.434
586.729	265.367	123.503	106.426
587.425	260.585	126.297	111.482
591.146	256.328	125.714	115.381
594.869	249.953	123.772	121.327
597.196	246.700	123.231	122.988
599.706	244.331	122.001	123.930
606.254	241.273	116.245	126.464
607.800	240.326	116.186	127.069
608.642	238.825	116.418	129.101
609.415	238.254	115.965	130.711
609.929	238.096	114.939	132.171
608.581	239.096	114.812	132.238
608.111	242.415	112.208	130.795
604.755	247.062	112.647	128.796
602.541	251.240	112.198	126.328
599.810	254.443	111.854	125.399
596.194	260.147	115.227	119.651
596.552	263.194	114.251	117.567
598.094	263.879	112.355	117.619
597.356	267.366	115.120	114.732
595.168	271.212	119.643	110.787
591.299	273.317	124.826	110.127
589.523	274.480	127.905	110.671
581.296	272.151	137.745	113.855
574.393	269.395	147.131	118.098
566.875	265.676	156.215	122.588
557.269	255.661	170.098	131.308
546.246	252.904	180.791	132.370
540.429	247.067	187.498	138.655
537.509	239.850	190.028	143.346
527.777	232.092	199.497	151.537
525.257	220.801	198.634	157.380
517.371	211.259	204.234	163.661
514.606	200.644	204.900	168.447
513.200	192.774	206.490	172.053
510.719	187.205	208.709	171.157
512.898	181.423	206.080	170.503
507.988	172.472	211.107	168.309
510.987	167.873	210.015	161.387
507.721	162.226	213.629	158.832
508.486	158.574	214.726	153.761
507.679	153.136	216.879	151.524
508.022	151.566	214.551	151.186
506.444	149.320	215.122	150.427
505.357	146.864	214.547	148.907
504.249	145.419	213.955	149.526
500.056	144.360	218.644	149.087
500.195	143.403	219.193	149.531
501.867	143.690	218.929	147.780
507.806	142.210	217.565	149.396
514.394	142.593	215.761	149.914
512.991	143.539	223.898	148.639
517.690	144.581	221.164	149.827
524.716	146.585	217.343	148.518
527.879	147.816	217.983	151.285
526.814	149.938	223.035	155.638
529.954	152.491	221.086	160.645
534.082	154.842	218.869	169.474
544.106	158.784	211.911	172.726
558.119	160.738	199.902	179.098
559.155	166.331	202.729	184.655
562.803	171.829	202.376	183.630
565.748	182.056	204.172	179.223
567.817	187.785	203.633	179.708
571.317	191.599	197.118	184.392
564.234	197.269	203.000	185.893
557.316	201.230	207.074	186.557
545.101	210.489	217.211	186.902
538.619	216.372	220.852	188.819
533.023	223.737	221.879	186.215
537.216	228.698	215.551	187.580
534.038	235.932	217.586	186.113
521.822	244.826	230.380	186.451
519.099	246.456	232.749	188.730
516.573	251.989	234.217	185.611
511.440	253.651	237.455	185.127
508.891	254.982	238.988	184.961
503.558	259.298	238.584	184.411
498.996	257.226	243.160	186.148
496.553	257.162	245.271	186.888
492.793	255.521	248.502	188.055
492.762	251.897	249.140	192.953
490.045	243.208	252.395	201.895
488.820	241.938	255.493	203.505
489.825	240.491	255.390	203.669
485.455	237.734	261.080	207.563
480.911	234.304	264.683	210.179
474.939	230.405	269.961	211.230
471.745	226.592	270.177	214.170
468.495	220.725	269.693	217.576
464.941	219.460	267.231	215.737
460.689	216.465	267.714	222.543
458.524	215.025	266.509	216.408
453.492	208.738	268.791	221.392
452.014	205.132	267.460	226.467
449.352	208.074	269.811	225.998
446.773	209.068	272.651	225.758
444.145	213.021	276.400	217.734
444.961	213.021	275.345	218.797
443.465	215.632	275.717	220.121
443.868	221.748	276.942	217.212
438.912	224.278	283.482	215.035
437.422	235.823	283.144	202.661
434.254	241.910	287.603	196.829
434.412	246.208	289.230	195.709
434.964	245.509	288.778	198.400
435.322	242.656	288.426	202.918
432.805	231.044	291.647	215.356
429.997	224.708	297.889	221.803
429.054	211.063	297.341	233.509
428.086	197.643	295.500	241.800
428.274	192.582	292.183	241.679
429.138	182.802	292.835	238.533
426.413	170.257	293.094	244.605
424.056	161.185	290.728	252.131
417.650	158.405	292.825	252.590
413.057	155.577	290.769	253.228
408.106	155.087	292.821	257.383
397.104	159.409	301.278	253.966
388.899	161.965	307.239	258.451
386.663	166.256	307.542	257.202
384.031	167.218	309.631	260.380
381.378	173.036	311.254	260.250
377.123	177.979	320.155	259.189
378.947	183.271	321.232	252.740
375.368	183.669	332.833	255.628
375.298	177.515	333.389	268.172
377.349	182.865	338.080	260.284
382.649	182.201	337.360	261.797
382.519	176.196	337.002	274.568
381.915	177.296	336.623	272.816
383.871	179.199	337.222	268.003
385.438	179.883	341.191	262.183
386.644	175.654	340.576	268.412
389.534	170.265	338.243	275.068
395.950	165.914	332.721	280.200
400.597	154.820	328.349	289.267
404.614	146.737	331.195	284.694
412.018	140.830	328.262	283.548
415.675	132.308	329.604	285.233
420.165	119.933	329.010	285.592
428.081	107.757	325.235	291.231
428.711	92.201	323.121	284.809
420.296	81.763	332.426	276.635
400.856	73.238	348.919	263.831
397.376	71.516	345.578	244.040
386.516	68.913	346.025	226.798
374.527	63.569	346.327	215.566
357.984	60.410	349.009	211.782
355.046	56.719	338.332	206.107
346.072	51.943	331.663	203.484
329.171	47.725	328.004	201.530
323.138	43.058	314.632	202.209
311.239	41.109	315.266	210.489
301.836	41.502	314.795	210.768
291.168	42.041	317.432	214.918
279.529	42.594	324.828	217.014
268.018	43.582	338.130	215.434
261.112	43.161	347.963	213.689
257.272	41.635	353.483	213.592
256.021	42.662	360.741	212.975
257.753	44.886	360.862	213.357
263.719	43.417	368.753	225.513
267.529	45.016	376.093	229.933
271.085	46.270	378.309	235.649
273.073	49.527	378.114	239.504
275.035	51.628	383.581	253.927
275.815	52.085	395.968	276.207
276.672	57.620	397.933	274.853
274.127	62.561	404.944	277.872
279.728	67.168	400.179	291.010
293.508	75.076	386.677	290.584
295.101	83.432	387.410	291.440
304.244	90.650	378.310	290.548
316.197	96.504	367.642	298.023
326.917	102.734	357.903	298.708
335.975	107.562	347.096	299.775
334.009	116.971	347.826	299.490
334.125	125.280	349.111	300.782
342.635	129.879	334.714	305.245
348.746	137.245	326.620	303.345
339.157	147.368	335.631	297.935
