432.000	64.000	19.000	50.000
425.987	67.733	22.747	48.580
422.569	65.788	21.648	52.533
420.134	65.446	22.086	51.961
415.856	66.091	23.688	52.012
406.164	66.074	23.032	52.277
400.379	70.271	26.551	50.378
378.254	71.071	36.105	52.684
368.647	73.690	24.525	51.660
382.947	73.211	22.355	50.048
376.481	71.704	21.317	43.821
371.791	73.148	21.516	45.944
362.175	73.743	21.725	49.696
353.297	72.790	22.084	49.432
347.194	74.715	22.253	49.515
339.151	74.913	23.642	47.826
333.936	73.661	23.527	49.018
327.765	75.380	22.143	50.993
324.557	73.077	22.049	51.694
320.811	74.912	21.473	51.801
319.018	76.575	21.526	51.183
317.515	76.776	23.344	51.552
316.885	76.996	23.656	52.586
316.870	76.590	22.584	50.965
316.762	77.829	21.231	50.142
318.667	78.742	22.313	51.305
319.773	76.997	22.454	54.907
319.164	79.887	23.198	52.514
320.254	79.955	23.538	51.330
322.156	81.079	22.587	52.635
324.783	80.370	23.288	53.870
326.301	79.728	24.305	54.675
326.320	83.486	24.533	52.290
324.393	82.426	24.713	51.971
324.663	82.623	23.755	53.918
325.230	83.518	22.734	52.468
323.865	82.127	22.778	54.578
324.604	84.618	21.882	56.478
323.605	85.764	22.910	54.895
322.461	86.177	23.236	52.677
322.277	87.168	24.267	52.973
322.428	85.785	23.464	53.188
325.847	88.188	22.795	55.128
325.376	92.465	22.671	49.341
324.511	88.421	22.518	53.482
323.267	91.777	22.787	52.594
319.470	88.201	25.279	53.882
318.323	91.614	23.101	56.548
312.349	88.108	23.879	59.383
311.764	88.984	22.510	59.907
323.940	92.326	21.959	56.812
375.226	90.885	23.704	56.594
389.078	88.812	28.002	63.015
407.748	88.405	29.467	66.996
458.821	83.064	24.333	59.971
434.666	86.066	28.161	58.984
433.511	88.479	21.935	57.062
432.858	89.058	21.866	57.634
431.594	88.238	23.455	59.999
429.882	86.164	27.838	61.749
429.225	87.583	24.551	58.861
450.180	86.260	26.986	58.149
449.502	85.569	25.875	61.131
430.233	86.349	29.896	63.714
437.269	86.723	29.519	60.919
448.356	86.782	24.875	59.229
447.434	85.969	25.533	61.560
447.823	87.409	24.748	60.601
448.066	89.477	24.340	58.887
447.015	89.804	23.581	60.087
419.554	90.921	21.640	61.100
420.254	91.395	23.894	61.425
417.487	91.935	22.973	59.275
420.899	91.151	25.757	62.320
421.336	90.205	27.792	64.410
441.883	90.251	25.179	61.640
440.995	90.270	26.205	61.735
439.965	91.284	24.993	61.229
413.298	91.095	30.728	63.891
439.488	90.950	23.221	61.953
438.458	90.215	23.565	60.807
438.340	92.093	24.541	58.581
439.282	93.139	24.168	58.178
439.982	92.096	23.239	59.127
439.598	91.692	23.735	59.514
439.460	93.797	23.698	61.837
439.263	94.107	23.026	61.137
403.286	98.213	25.968	64.529
406.108	98.380	27.145	62.821
399.780	101.043	24.925	63.510
398.337	100.081	24.578	63.000
396.369	101.390	24.768	63.614
396.050	102.068	25.389	63.466
397.799	101.909	25.444	62.704
398.301	99.513	25.773	65.745
428.613	97.465	27.567	62.233
393.522	100.196	27.125	66.266
393.683	102.422	26.899	65.188
394.703	103.666	26.596	61.971
389.248	104.031	26.938	63.178
386.892	103.840	27.555	63.307
388.101	102.742	28.728	67.613
390.387	102.135	28.604	68.521
385.593	103.301	27.335	67.922
385.273	104.980	25.652	67.156
386.936	105.380	26.520	66.382
387.311	105.625	26.613	65.074
383.520	107.392	25.093	63.918
382.514	110.793	26.359	63.965
382.080	109.394	26.039	63.075
382.128	107.758	25.218	66.568
378.998	108.829	26.585	68.044
380.575	109.906	27.850	68.126
379.788	110.122	26.447	67.508
378.756	113.318	26.775	63.673
378.847	112.779	26.710	63.908
378.950	113.950	27.037	64.684
381.994	112.049	26.669	67.243
381.776	112.006	26.551	66.385
381.209	111.911	25.484	67.865
374.154	113.031	28.661	67.817
376.096	111.602	27.139	70.934
375.884	112.974	27.625	71.319
377.803	110.684	28.167	72.536
370.108	114.266	27.366	68.507
371.526	116.252	25.272	69.640
371.219	118.203	23.779	68.714
369.044	119.887	23.808	66.707
366.646	118.788	26.415	67.087
364.068	119.925	26.257	66.541
362.641	120.657	26.693	66.834
360.912	122.655	25.973	66.799
359.593	121.651	26.613	68.255
358.557	122.004	25.441	67.735
357.256	123.931	24.306	64.620
356.075	124.499	24.800	66.276
354.134	126.555	26.528	66.880
357.316	124.500	26.979	68.409
392.600	123.203	35.001	71.253
429.589	122.648	31.699	76.956
458.651	122.965	32.662	71.721
456.961	124.014	29.448	70.167
457.502	123.938	27.871	69.991
458.197	124.542	26.071	70.111
457.980	126.806	27.865	67.381
458.545	126.066	27.299	67.921
458.052	124.427	28.018	70.271
457.150	125.883	28.153	67.529
456.917	126.365	28.018	66.256
456.567	126.869	28.969	66.867
456.162	125.975	28.863	66.502
457.769	126.274	26.754	66.499
459.542	125.367	27.692	68.560
461.161	127.391	28.696	67.960
459.370	129.170	27.090	67.702
490.697	119.724	32.303	71.422
491.654	123.712	30.883	67.782
464.240	138.769	35.456	66.297
496.162	137.355	33.544	68.046
494.412	131.596	33.978	77.579
541.913	134.155	31.197	72.720
541.741	137.039	30.071	72.015
540.727	138.260	28.400	71.130
535.851	136.901	28.693	73.202
531.305	134.782	29.971	79.216
527.647	138.029	34.384	75.925
523.836	139.599	36.835	78.408
524.340	138.797	34.458	78.321
524.799	138.712	30.940	78.478
523.892	137.741	32.766	78.340
521.972	141.964	29.145	78.103
519.421	142.919	30.819	80.108
515.696	140.629	32.572	80.974
511.841	142.174	31.673	82.022
508.385	144.763	32.921	79.820
572.999	135.397	34.339	77.925
574.054	135.760	30.608	77.578
502.286	143.374	31.670	84.078
502.458	147.038	29.855	82.340
499.297	149.192	30.598	81.914
497.693	149.716	31.255	81.199
494.709	146.543	30.953	82.016
489.605	149.157	32.394	81.533
487.850	150.283	33.533	82.259
484.653	149.883	43.159	78.735
507.943	148.295	43.677	83.797
530.226	150.421	38.142	86.396
587.790	151.303	36.990	85.069
594.636	154.386	31.471	79.848
591.382	156.453	32.108	78.601
587.316	153.673	32.124	81.234
585.051	154.305	32.826	81.451
583.936	157.764	32.337	80.925
580.049	159.907	32.971	77.752
578.769	160.527	31.779	76.967
574.441	158.380	32.463	77.631
570.889	159.612	32.642	79.470
568.279	163.333	31.724	73.909
562.689	164.096	32.430	74.248
560.569	162.916	30.830	79.405
555.708	163.337	32.721	78.623
553.173	165.930	31.097	77.147
549.015	168.175	32.250	77.068
