325.000	113.000	24.000	57.000
322.624	114.208	25.916	55.804
320.537	113.724	24.091	58.064
318.710	113.798	25.663	57.284
313.164	114.352	25.145	56.292
310.913	115.662	23.614	54.012
306.109	115.629	22.684	53.923
301.706	115.405	21.538	53.619
298.160	116.557	23.518	53.220
293.400	117.256	25.373	51.987
309.634	118.342	26.368	51.523
341.015	118.242	26.393	50.957
374.672	117.819	24.189	50.004
399.581	118.677	26.666	49.756
405.104	115.764	24.714	53.069
399.945	117.681	24.735	51.920
395.632	118.392	23.519	51.324
392.261	118.456	23.014	52.302
388.656	119.430	21.852	52.349
384.727	119.922	23.006	51.516
378.889	121.612	24.693	51.221
374.401	122.090	24.998	50.689
370.573	122.344	22.758	50.462
365.127	122.079	22.198	52.290
360.456	123.074	22.828	51.052
356.846	123.617	21.319	48.502
351.886	123.326	21.682	49.898
345.576	124.611	24.624	47.324
341.782	125.506	23.165	45.939
338.090	127.126	21.429	45.324
332.269	126.383	22.509	44.425
329.814	126.064	21.579	45.553
325.217	127.383	21.492	52.921
320.157	129.099	22.638	54.255
314.098	128.445	23.074	52.722
308.837	127.896	24.217	54.638
304.517	130.403	26.277	50.758
299.975	130.548	23.981	49.648
292.260	129.716	22.873	46.153
285.832	129.305	22.493	48.468
278.709	130.867	27.393	48.734
279.903	131.124	22.664	49.313
276.559	130.983	21.534	48.810
273.288	131.027	22.441	50.818
262.889	133.585	23.274	47.658
259.810	133.557	19.935	49.390
254.565	131.714	20.078	48.890
249.816	133.555	21.379	50.288
246.480	133.193	22.315	52.227
243.136	132.582	22.186	51.018
239.860	132.862	21.701	52.258
237.538	133.744	20.524	52.186
233.492	135.069	20.844	57.595
230.972	135.524	20.175	56.084
228.154	135.910	20.023	55.652
222.139	136.575	21.972	57.102
220.843	138.150	22.716	56.594
219.180	138.129	21.359	57.200
216.514	138.943	21.393	55.436
213.019	139.198	22.065	55.850
210.816	140.760	22.100	56.080
210.220	140.290	22.098	56.462
209.526	139.492	21.879	57.410
209.145	140.815	22.174	57.837
209.216	140.695	22.010	58.472
209.182	140.314	22.358	58.693
209.168	139.732	22.694	60.441
209.661	140.764	22.086	60.182
210.127	140.563	20.268	61.502
209.731	140.923	22.205	61.136
210.216	141.081	23.184	59.592
211.022	140.491	23.255	60.960
212.671	143.298	22.516	60.236
253.927	140.187	25.869	59.009
282.937	141.542	25.803	58.590
321.357	143.107	24.788	57.540
331.633	143.110	21.471	59.562
333.416	142.481	21.294	59.155
332.603	142.351	20.441	60.335
332.378	140.770	20.688	59.930
333.713	139.898	20.636	60.429
333.465	139.187	20.461	61.013
333.013	138.219	20.262	61.075
334.215	136.449	20.238	61.083
334.969	137.083	20.452	60.686
334.668	137.145	22.493	59.653
334.661	137.719	24.112	59.052
334.477	136.533	26.019	59.491
336.740	138.763	26.137	56.401
337.923	137.870	26.046	57.830
338.759	137.168	25.868	57.629
339.302	135.485	26.012	59.026
339.274	135.655	25.902	59.163
342.742	135.629	23.599	58.688
345.640	135.474	20.743	58.490
