159.000	253.000	22.000	42.000
163.196	251.640	23.470	42.685
167.270	250.465	23.665	42.341
172.113	250.708	24.727	42.409
177.307	250.795	23.841	43.444
182.478	250.971	23.175	42.733
188.265	249.437	23.132	43.599
193.475	247.656	23.204	44.680
198.450	247.461	22.806	44.418
203.971	247.513	22.281	44.444
208.854	248.469	22.773	43.748
214.855	247.427	22.967	43.944
221.246	246.160	22.902	45.012
225.583	245.943	23.151	44.764
232.538	246.760	23.703	44.297
237.512	246.271	23.312	46.420
242.482	245.624	23.463	45.975
249.160	243.366	22.409	48.054
253.267	241.843	24.230	46.943
260.891	243.024	21.074	46.597
267.038	244.658	22.085	46.962
271.701	244.915	24.103	45.933
276.023	245.779	22.925	43.028
280.052	246.866	24.857	43.005
289.665	243.210	26.326	46.896
295.902	241.956	24.841	49.085
303.699	241.875	22.071	49.619
307.870	242.075	23.913	49.381
313.831	243.322	23.002	50.362
319.792	245.212	24.461	48.253
326.719	243.613	23.765	50.943
328.671	240.194	24.441	56.323
333.773	240.699	27.172	52.624
338.716	247.995	24.361	54.304
342.420	246.865	24.288	54.345
349.692	252.731	29.671	58.317
355.602	255.316	29.145	62.683
351.267	253.729	33.845	64.072
362.042	245.024	29.276	65.121
357.088	251.050	35.272	63.172
362.526	250.935	37.452	63.782
385.834	250.004	29.438	64.555
390.692	262.473	25.440	56.105
394.270	250.652	25.598	52.698
395.946	244.205	24.348	63.097
395.990	233.232	28.010	68.851
402.863	228.662	27.943	70.380
407.849	248.132	30.252	67.288
415.295	238.163	30.126	71.426
419.189	237.501	26.930	69.237
423.236	245.421	26.443	66.911
426.990	237.560	26.245	71.817
431.602	245.004	24.685	68.682
436.712	242.421	28.788	68.447
439.081	239.461	31.596	69.357
441.778	237.782	31.897	71.279
447.063	235.846	28.478	71.992
449.673	236.317	31.128	72.753
452.526	233.410	34.554	73.614
457.633	231.774	33.159	73.393
462.238	232.237	29.921	67.576
466.549	230.785	29.652	69.861
474.447	231.777	29.966	67.357
478.999	238.565	31.683	68.316
481.703	232.869	33.839	71.755
484.392	232.444	35.760	72.612
490.097	231.111	30.742	73.048
483.129	234.707	33.082	66.415
455.158	235.254	25.959	70.579
420.956	237.884	27.771	67.363
389.245	245.681	28.363	60.731
360.786	253.152	28.082	55.472
345.187	228.025	26.132	66.124
350.978	230.929	27.426	63.763
356.634	240.183	30.516	72.815
371.557	237.154	37.277	70.099
380.035	239.664	36.936	73.817
390.987	240.283	40.493	77.195
391.022	233.178	30.090	70.389
391.891	227.640	31.987	66.163
390.141	227.883	29.613	61.154
389.546	227.845	27.935	55.611
390.015	227.925	28.207	56.640
390.147	224.519	27.320	57.955
388.957	224.973	29.830	56.238
383.293	236.698	31.819	63.275
387.389	229.003	34.067	65.779
391.680	238.331	36.177	74.295
395.482	236.817	39.430	75.037
390.972	237.962	37.388	74.349
390.573	241.137	36.719	67.077
386.892	233.292	33.564	63.839
395.327	232.240	41.109	73.336
410.348	235.422	38.160	78.450
419.765	246.115	41.148	72.914
446.567	249.101	35.076	67.666
515.819	255.685	30.464	65.804
513.856	255.399	27.231	65.833
512.971	256.217	29.225	63.918
514.132	261.711	29.435	59.348
513.826	250.540	28.274	68.155
514.260	255.631	26.671	64.707
513.919	258.072	27.015	63.195
498.915	237.727	34.108	72.602
487.876	240.736	42.352	64.553
490.700	234.305	41.817	70.587
493.632	226.157	40.862	82.296
490.655	213.560	35.104	75.346
492.668	217.400	34.114	71.172
493.841	220.752	35.612	68.865
499.600	223.273	33.974	68.138
510.879	235.330	31.096	80.770
507.250	238.577	33.326	77.767
506.851	244.209	37.976	73.816
518.632	258.039	30.859	62.494
502.014	241.567	36.573	66.267
516.335	257.673	30.774	61.887
514.049	250.362	30.838	69.362
